	chr5:145823498-145823647	chr5:145823648-145823797	chr5:145823798-145823947	chr5:145823948-145824097	chr5:145824098-145824247	chr5:145824248-145824397	chr5:145824398-145824547	chr5:145824548-145824697	chr5:145824698-145824847	chr5:145824848-145824997	chr5:145824998-145825147	chr5:145825148-145825297	chr5:145825298-145825447	chr5:145825448-145825597	chr5:145825598-145825747	chr5:145825748-145825897	chr5:145825898-145826047	chr5:145826048-145826197	chr5:145826198-145826347	chr5:145826348-145826497	chr5:145826498-145826647	chr5:145826648-145826797	chr5:145826798-145826947	chr5:145826948-145827097	chr5:145827098-145827247	chr5:145827248-145827397	chr5:145827398-145827547	chr5:145827548-145827697	chr5:145827698-145827847	chr5:145827848-145827997	chr5:145827998-145828147	chr5:145828148-145828297	chr5:145828298-145828447	chr5:145828448-145828597	chr5:145828598-145828700	Expression
ihec.chipseq.ihec-chipseq-containerv1.1.4.IHECRE00003818.1.d9959e98-a5a9-490f-a9f0-358a1a711d27.fc.signal	0.540845	0.321941	0	0.678236	1.52713	0.924328	0.772739	0.966752	0.364084	0	0	0	0	0	0	0.289736	0.340964	0.0318185	0.253927	0.120974	0.247434	0	0.177464	0.671249	1.20455	0.454304	0.987349	1.64073	0.449433	0.16165	0	0.219016	0.102274	0.0707018	0.496825	0.602046
ihec.chipseq.ihec-chipseq-containerv1.1.4.IHECRE00001961.2.993ec17f-4277-433d-a284-3906706ac1fe.fc.signal	0.742368	0.849008	0.654491	0.431054	1.37905	0.851486	0.226856	0.683975	0.729894	0.113579	0	0.282295	0.350856	0	0	0	0.395668	0.916188	0.854453	1.39796	2.38821	0.648594	0	0.37313	0.520978	0.319898	0.549989	0.769446	0.403776	1.32691	0.723947	0.170046	0	0.578244	0.145138	0.295359
ihec.chipseq.ihec-chipseq-containerv1.1.4.IHECRE00003816.1.4569d4d8-c896-418a-b870-e7afcf72b7d3.fc.signal	1.88201	0.875233	0.666323	0.275713	0.3659	1.07404	0.662751	0.763989	0.916025	0.328769	0.168258	0.306901	0.500784	0.0729017	0.471224	0.229813	0.944463	1.82888	0.638113	0.3806	0.316937	0.728597	0.951908	0.857515	0.75849	0.854314	0.799118	0.724358	2.01205	0.992924	0.492513	0.493116	0.368677	0.411466	0.693337	0
ihec.chipseq.ihec-chipseq-containerv1.1.4.IHECRE00000242.3.009dbb10-d8f5-4bd5-9bc6-e0cf283ece54.fc.signal	0	0	0	0	0.229456	0.327798	0.0857299	0	0	0	0.303844	0.339146	0	0	0	0	0	0	0	0	0	0	0	0	0	0	0	0	0	0	0	0	0	0	0	0.156479
ihec.chipseq.ihec-chipseq-containerv1.1.4.IHECRE00001546.1.9b1c722f-92a9-4c08-873d-1b0b5f7b7e5c.fc.signal	0.264234	0.333266	0	0	0	0	0.410904	0.3701	0.191322	1.15557	0.925782	1.2537	0.0046738	0	0.10966	1.41355	0.541523	0.372343	0.356377	0.32996	0.630182	0	0.34928	0.742541	1.93768	1.12212	0.92312	0.954565	0.822929	0.623899	1.02872	0.609675	0	0	0	0.335878
ihec.chipseq.ihec-chipseq-containerv1.1.4.IHECRE00000949.6.4e9958ba-8dfc-4908-9654-b8c3286ec999.fc.signal	0.24995	0.694739	0.612955	0.626675	0.56241	0.78753	0.279979	0.864463	0	0	0	0.0998343	0.700183	0.3562	0.414917	0.24368	0	0.651289	0.172256	0	0.220586	0.247846	0.710852	2.17114	0.492824	0.0605047	2.15301	0.958892	0.441212	0.447014	0	0	0	0.507989	0.67763	0.321774
ihec.chipseq.ihec-chipseq-containerv1.1.4.IHECRE00001008.4.aa01f6f8-93b0-4f0b-8191-bde89d903aa4.fc.signal	0.158845	0.431298	0.555082	0.449112	0.620423	0.934992	0.0722895	0.187204	0.218802	0.494272	0.539633	0.413257	0.459823	0.163794	0.209466	0.539057	0.60434	0.361058	0.203343	0.742286	0.248031	0.17876	0.242292	0.352436	0.819208	0.131491	0.479058	0.345013	0.469086	0.385814	0.184554	0	0.0740517	0.264315	0.0667616	0.690141
ihec.chipseq.ihec-chipseq-containerv1.1.4.IHECRE00000053.3.6cb1979d-a688-443a-a34f-9028034c29a9.fc.signal	0.501492	0.420514	0.642913	1.05756	0.0439416	0	0	0	0	0	0.236022	0.763167	0.0109355	0	0.13776	0.358071	0.327212	0.154121	0	0	0	0	0.273739	0.405814	0.243808	0.418087	0.407865	0.0524501	0	0	0.504103	0.398183	0.228219	0	0	0.161004
ihec.chipseq.ihec-chipseq-containerv1.1.4.IHECRE00000195.3.5458814b-5fa1-4409-81d6-3110fe5029f7.fc.signal	0.706134	0.391518	0.0912019	0.983174	0.353647	0.617676	0.673539	1.77389	0.208499	0	0	0	0.465608	0.170705	0	0	0	0	0	0.290354	0.863787	0.783964	0.646322	1.57167	1.12332	0.00325153	1.21595	0.668661	0.580113	0.0459096	0	0.0804738	0.599967	1.06251	1.27344	0.231481
ihec.chipseq.ihec-chipseq-containerv1.1.4.IHECRE00000239.3.318c4637-d1c5-4ab4-ab79-239ce2440f41.fc.signal	0.487909	0.437861	0.192176	0.692625	0.845021	0.660779	0.876858	0.52659	0.286585	0.570941	0.627434	0.212657	0	0	0	0	0.406011	0.88709	0.895051	0.600508	0.20241	0.0227413	0	0	0	0.975798	1.93684	0.945101	0.609609	0.348011	0.0068224	0	0	0	0	0
ihec.chipseq.ihec-chipseq-containerv1.1.4.IHECRE00000943.7.b97e43e6-4dfc-4f07-88bb-76ebefe1ddac.fc.signal	0.536527	0.580284	0.444938	0.744983	1.16148	0.831976	0.298876	0.909519	1.10202	0.527351	0.0804245	0.307521	1.09009	0.0671503	0	0.16859	0.380495	1.01984	0.811161	0.567355	0.00112887	0.198495	0.166879	0.543708	0.510657	0.215065	0.767254	0.957999	0.843506	0.511398	0.134788	0.0446535	0.229208	0.42795	0.489856	0.290749
ihec.chipseq.ihec-chipseq-containerv1.1.4.IHECRE00001959.2.50a44db1-655c-4546-8036-e7b247f25f5a.fc.signal	1.02028	0.557577	0.567088	0.497889	1.02651	0.824391	0.789493	1.16566	1.13383	0.703891	0.45434	0.357127	0.305783	0.0266001	0.0419232	0.655141	1.0035	0.70941	1.10512	1.26873	0.561682	0.390155	0.251024	0.708462	0.298476	0.240808	0.3559	0.813658	1.45661	0.688913	0.33833	0.360235	0.930758	0.8361	0.393087	0.465517
ihec.chipseq.ihec-chipseq-containerv1.1.4.IHECRE00003803.1.8e45d3eb-43c4-4932-8fdd-020c9df5cc1a.fc.signal	1.43498	0.694558	0.777451	0.425879	1.46398	0.870593	0.70946	0.683096	0.533888	0.0864335	0	0.0824859	0.317959	0.125406	0.433488	0.635358	0.5309	0.166872	0.237076	0.129718	0.377607	0.598094	0.228662	0.615169	0.600414	0.522247	1.42139	0.628819	0.84994	0.366785	0.834343	0.668465	0.431172	1.17779	0.882436	0.612479
ihec.chipseq.ihec-chipseq-containerv1.1.4.IHECRE00000315.2.cbd9af2b-c3c4-4f68-a646-ded8b3575bf4.fc.signal	0.347669	0	0	0.0307287	0.458158	1.1105	1.0974	0.916534	0.828227	1.27738	0.244664	0.0294467	0.416449	0.168331	0.209042	0.876433	0.455083	0.626674	0.283466	0.516343	0.470735	0.0895444	0.224566	0.309139	0.902692	0.448473	0.0680576	0	0	0	0.258849	0.487517	0.291071	0.129133	0	0.15342
ihec.chipseq.ihec-chipseq-containerv1.1.4.IHECRE00000221.3.c3b55191-0fbe-42ec-a1e0-0d7c8c410fde.fc.signal	0	0	0	0	0	0	0	0	0	0	0	0	0	0	0	0	1.10577	2.96374	0.982279	0	0	0	0	0	0	0	0	0	0	0	0	0	0	0	0	0.614108
ihec.chipseq.ihec-chipseq-containerv1.1.4.IHECRE00000237.3.206f09d2-76dd-4938-b45e-439de4017881.fc.signal	0	0	0	0	0.410307	0.659044	0.19315	0	0	0.248824	0.905018	0.434889	0	0	0	0	0	0	0	0	0	0	0	0	0	0.19567	1.74859	1.61979	0.65522	0.199457	0	0	0	0	0.0790407	0.224888
ihec.chipseq.ihec-chipseq-containerv1.1.4.IHECRE00002076.1.d82f15eb-8d9c-43cf-9741-0ee88b2ded27.fc.signal	0.139876	0.00685973	0.426794	0.420996	0.625785	1.16066	0.457645	0.666152	0.69831	0.42133	0.745306	1.02547	0.639309	0.262909	0.0159493	0.289609	0.605061	0.4798	0.789946	0.310896	0.199706	0.10447	0.0659225	0.611186	1.18657	1.18832	0.739573	0.442058	0.137981	0.237927	0.0191384	0.00318973	0.257484	0.143598	0.374637	0.7
ihec.chipseq.ihec-chipseq-containerv1.1.4.IHECRE00003730.1.57414e10-6fd1-425a-bd2a-eb610647bcb3.fc.signal	1.34747	0.923349	1.18784	1.95716	0.931064	1.84666	1.92366	0.978827	0.802746	0.743678	0	0	0	0.448569	0.292728	0.499153	0.659406	0.234291	0.381555	0	0.600939	0.293028	0.441605	0.543879	0.772836	0.981918	2.00504	2.24892	2.02029	1.46647	0.319003	1.2553	2.48967	0.610167	0	0.381082
ihec.chipseq.ihec-chipseq-containerv1.1.4.IHECRE00004664.3.3e0c3e5b-0b04-413e-8945-15e328b75c75.fc.signal	0.449178	0.724977	1.16686	1.24628	1.58343	1.03993	0.26023	0.347758	0.199228	0.192732	0.481394	0.518648	0.898845	0.521024	0.507797	0.229122	0.35355	0.474043	0.473254	0.142409	0.293783	0.482606	0.388549	0.279247	0.332675	0.789781	1.51165	0.631604	0.842026	1.71389	1.27168	0.71037	0.922958	0.683143	0.451948	0.946154
ihec.chipseq.ihec-chipseq-containerv1.1.4.IHECRE00000193.3.d5bec9f7-e2d1-494c-bb1b-19e47c2e4764.fc.signal	0.358623	0.505217	0.133502	0.42418	0.481428	0.458828	0.182948	0.35816	0	0.461827	0.272407	0.566488	0.0605461	0	0.247241	0.191734	0.165492	0.450803	0.245736	0.475372	0.54153	0.77781	0.112346	0.159519	0.769032	0.604213	0.924853	0.455744	0.165037	0	0	0.20599	0.497699	0.0698561	0	0.150188
ihec.chipseq.ihec-chipseq-containerv1.1.4.IHECRE00001014.4.ad84b327-82d2-4d7b-a9a1-d84b21c47553.fc.signal	0.297304	0.401051	0.561057	0.755242	0.659145	0.383487	0	0.351111	0.54734	0.408745	0.836703	0.259021	0.418876	0.087008	0.0121472	0.354111	0.588827	0.862681	0.741434	0.766242	0.592467	0.283269	0.166972	0.668777	0.525133	0.316621	1.32644	0.387128	1.0833	0.788669	0.343983	0.308575	0.725413	0.357185	0	0.800771
ihec.chipseq.ihec-chipseq-containerv1.1.4.IHECRE00001965.2.ef4e5ad4-caa2-424f-9bf2-7145353fa420.fc.signal	2.04236	0.389175	0.4202	0.948265	0.621335	0.419832	0.53274	0.400303	0.421126	0.4668	0.65953	0.421782	0.758036	0.571986	0.264611	0.145976	0.505689	1.20161	1.44675	0.858544	0.349115	0.583702	0.988435	1.86679	1.11198	1.0879	1.40667	1.48096	1.51688	1.23378	0.626106	0.255956	0.450207	0.915629	1.11503	0.373333
ihec.chipseq.ihec-chipseq-containerv1.1.4.IHECRE00003404.1.4a84d1a8-94ea-4ca8-9f07-6c2b2d20f0f2.fc.signal	1.48379	0.116187	0.456463	1.53387	1.08121	1.09793	0.415289	0.381295	0.758503	0.942532	0.118073	0.944398	0.821276	0	0.592629	1.46864	0.733106	0.841698	0.986008	1.41809	1.02975	0.551109	0.441284	1.13471	1.10562	1.65631	1.27913	0.390778	1.21138	0.246313	0.444664	0.0501744	0.303319	0.126103	0.155672	0.39172
ihec.chipseq.ihec-chipseq-containerv1.1.4.IHECRE00001997.1.9ddbde16-a8c7-4357-85a1-25b734b0a68e.fc.signal	0.173356	0.0593807	0.329333	1.3156	0.529179	0.571166	0.776518	1.23598	0.396535	0.595368	1.60403	0.609897	0.68551	0.328887	0.527011	0.418376	0.466068	0.641907	0.416942	0.444878	0.547138	0.709616	0.603971	1.42914	0.804861	0.0688991	0.127757	0.332648	1.25911	0.99249	0.28827	0.611319	0.333912	0.940295	0.917335	0.568465
ihec.chipseq.ihec-chipseq-containerv1.1.4.IHECRE00003806.1.047c2416-3a22-4cd4-965c-493225f5ed12.fc.signal	0.201965	0.117143	0.373708	0.285311	0.112032	0	0	0	0	0	0	0.237608	0.21976	0	0	0	0	0	0.289026	0.631596	0.112935	0	0.164398	0.307392	0.313512	0.604334	0.304565	0.0290143	0	0.185191	0.2722	0.133081	0.393463	0.543619	0.676081	0.345912
ihec.chipseq.ihec-chipseq-containerv1.1.4.IHECRE00003826.4.87afad01-d436-4b9f-ad87-b00cd4a79273.fc.signal	0.412116	0.228914	0.20985	0.239184	0.335603	0.181835	0.126943	0.341251	0.355468	0.230803	0	0	0	0	0.316905	0.320766	0.293774	0.188737	0.151383	0.249732	1.14514	1.14533	0.137589	0	0	0.1125	0.365039	0.189715	0.000901267	0.241711	0.323599	0.674081	0.611163	0.719231	0.0455456	0.216763
ihec.chipseq.ihec-chipseq-containerv1.1.4.IHECRE00001235.5.85b1d8ad-328c-45c6-9e3b-50e5e5e241e1.fc.signal	0.445347	0.0659338	0.219403	0.168066	0.416131	0.253823	0.0419316	0.340424	0.572291	0.390982	1.13532	0.235651	0.392883	0	0	0	0.192183	0.450907	0.187546	0.908422	0.29776	0.0161075	0	0.838718	0.395702	0.0162947	1.02079	0.588353	0.894971	0.381703	0.18387	0.177842	0	0.287773	0.0465901	0.402439
ihec.chipseq.ihec-chipseq-containerv1.1.4.IHECRE00000112.3.ba9a9ae4-301c-4765-b993-8cd1b73402f2.fc.signal	0.316292	0.401362	1.25546	1.54885	0.645876	0.521313	0.691675	0.729311	0.531222	0.103683	0	0	0	0.3	0.438651	0	0.158966	0.350742	0.545787	0.233331	0.204432	0	0.26021	0.531008	0.291377	0.456024	0.205755	0.341816	0.994302	1.11743	0.8161	0.494815	0.138779	0	0	0.174342
ihec.chipseq.ihec-chipseq-containerv1.1.4.IHECRE00000121.3.4a5cfc14-4daf-4d77-9a82-2b790575203a.fc.signal	0	0	0.0254313	0.855156	0.758327	0.393454	0.116136	0.321439	0.152937	0.288347	0.642256	0.091548	1.12463	0.277417	0	0	0.276193	0.668717	0.628615	0.271691	0.126797	0.586762	0.0689615	0.676087	1.03117	0.244469	0.387454	1.32946	0.572387	0.683623	0.616386	0.657838	0.599274	0	0	0.297753
ihec.chipseq.ihec-chipseq-containerv1.1.4.IHECRE00000775.1.45140bd1-90fe-4a64-8e67-977bea385e45.fc.signal	0.900778	0.612797	0.648636	1.50566	0.926845	1.14616	0.329503	0.397294	0.763659	0.665112	0.799505	0.5265	0.232889	0.122463	0.263947	0.418986	0.709517	0.492163	0.373854	0.220502	0.198218	0.353379	0.408163	0.789451	0.603893	0.184342	0.5438	0.807767	1.04245	0.927716	0.286789	0.370191	0.366477	0.53445	0.712483	0.329114
ihec.chipseq.ihec-chipseq-containerv1.1.4.IHECRE00000188.3.aa79dbf5-f75e-4ba3-9aec-59cbc9a2028b.fc.signal	0.067788	0.23458	0	0.245367	0.642521	0.350309	0.281274	0.0292915	0.773985	0.525241	0.0545451	0	0	0.0479352	0.292137	0.459643	0.711248	0.249398	1.08224	0.852964	0.2169	0.081936	0.222002	0.195253	0.156313	0.330852	0.419138	0.243933	0.283135	0.0340626	0.287691	0	0.319779	0.573794	0.00430893	0.36755
ihec.chipseq.ihec-chipseq-containerv1.1.4.IHECRE00002005.1.3f273eb1-d109-4260-952a-5ac2e044448b.fc.signal	1.27957	0.207265	0.612653	0.63194	0.137506	0.547986	0.0390108	0.441223	0.768581	1.12085	0.726976	0.308288	0.17601	0.0382147	0.097331	0.255411	0.609498	0.678737	1.06451	0.612779	0.716458	0.514213	0.10148	0.333043	0.0092512	0.34692	0.255729	0.167047	0.830193	0.0169841	0	0.122575	0.219762	0.481147	0.293355	0.583607
ihec.chipseq.ihec-chipseq-containerv1.1.4.IHECRE00000953.7.b00cf993-6f93-4003-a85a-97af1e0480be.fc.signal	2.61697	1.59698	0	0	0.692294	1.14338	2.4048	1.27676	0.641277	0.196184	0	0.0540497	1.17373	0.840993	0	0	0	1.09854	2.24812	1.22168	0.192612	0	0	0.341474	0.701333	0.418645	1.65824	0.779402	1.331	1.05411	0.172113	0	0.089978	0.967831	0.246116	0.47343
ihec.chipseq.ihec-chipseq-containerv1.1.4.IHECRE00001017.4.ee61f45f-7dde-4017-8f76-95a89e2d408d.fc.signal	0.925065	1.09043	0.238817	0.304795	0.248756	0.0344059	0.0431988	0.490104	0.24771	0.387951	0.334329	0.0876093	0.334228	0.504443	0.53116	0.758443	0.717775	0.331802	0.709829	0.347311	0.100942	0.199961	0.442459	0.895489	0.486264	0.238071	0.571258	0.544018	0.832127	0.231105	0.167761	0.13365	0.241283	0.101339	0.34938	0.655666
ihec.chipseq.ihec-chipseq-containerv1.1.4.IHECRE00001050.8.8c536fb3-0ded-452e-bfa9-602b72d66c00.fc.signal	0.775299	0.531042	0	0.343189	0.59231	0.600289	0.826669	0.0747596	1.02608	0.0987883	0	0.214942	0.533508	0.175682	0.0669846	0.47365	1.12541	0.472855	0.378066	1.01765	0.291439	0.19079	0.549444	0.85152	0.626686	0.497503	0.813335	0.648619	0.921299	0.695865	0.14056	0.298707	0.181864	0.649148	0.254081	0.284133
ihec.chipseq.ihec-chipseq-containerv1.1.4.IHECRE00000014.2.9c3ec4b2-7073-4306-8028-2374ba66f5d2.fc.signal	0.975748	0.453991	0.865586	0.618108	0.612845	1.60624	0.053958	0	0.441828	0.264002	0	0.192173	0.347778	0	0	0	0.220561	0.169129	0.217536	0.133616	0	0	0	0.706946	1.11162	0.0504659	0.377265	0.0275087	0	0	0.251303	0.210051	0	0.523307	0.184503	0.183777
ihec.chipseq.ihec-chipseq-containerv1.1.4.IHECRE00000260.2.8cb3e2ca-fcd2-47cb-9b65-cd786fdfabca.fc.signal	0.324217	1.06308	0.191481	0	0.130046	0.938342	0.311224	0.853002	0.920622	0.281075	0	0.0235803	0.400945	0.180589	0.711414	0.216491	0.217859	0.778455	0.878991	0.778634	0.128822	0.457142	0.36142	0.0776248	0	0	0.942991	1.12353	0.316063	0.320976	0.561573	0.452897	0.185498	0.306062	0.332934	0.222656
ihec.chipseq.ihec-chipseq-containerv1.1.4.IHECRE00001888.4.445e6e0a-1317-4ac0-8603-79bdacbbaeb7.fc.signal	0	0	0	0.718927	1.40969	1.65927	0.402731	0.532587	0	0	0	0	0	0	1.25602	0.781731	0	0.682254	0.200311	0	0	0	1.52012	1.86868	0.563579	0	0	0	0	0	0	0	0	0	0	0.405542
ihec.chipseq.ihec-chipseq-containerv1.1.4.IHECRE00003812.1.63a55c7d-51f0-4637-84b6-522ad46573ec.fc.signal	0.452713	0.248765	0.0745947	0.390964	0.776654	0.753615	0.642243	1.28001	0.741777	0	0	0	0.150693	0.199184	0.203454	0.512073	1.34605	0.384101	0.46796	1.05817	0.648544	0.354557	0.352032	0.407263	0.66045	0.126981	0.514506	0.73824	0.55707	0.494407	0.0779392	0.404705	0.333317	0.468092	0.37601	0.669676
ihec.chipseq.ihec-chipseq-containerv1.1.4.IHECRE00003835.4.223aa04f-e316-48e4-abf6-e6d88a4e9390.fc.signal	0.339695	0.562676	1.24212	0.622748	0.911159	0.212319	0.111102	0.0854211	0.624917	0.158484	0.561236	0.0248667	0	0	0	0	0.32338	0.0427105	0.399895	1.60517	1.05702	0.278887	0.591322	0.592239	0.73998	0.00204773	0.49157	0.673018	0.189231	0.294094	0.043932	0.189147	0.176944	0.60048	0.68431	0.262953
ihec.chipseq.ihec-chipseq-containerv1.1.4.IHECRE00001878.2.2adb5a51-51a2-4ead-ae64-2462116858bf.fc.signal	0.485018	0.160443	0.120508	0.515984	0.900096	0.189382	0.50069	0.555389	0.320859	0	0	0	0	0.234334	0.451266	0.461808	0.78042	0.102588	0	0	0	0.462881	0.351447	0	0.46983	1.53692	0.385932	0.455762	0.576436	0.447327	0.6038	0.170649	0.130767	0.582911	0	0.236641
ihec.chipseq.ihec-chipseq-containerv1.1.4.IHECRE00004681.3.e25da2b0-3beb-48b5-b4cb-d2ae704a33b2.fc.signal	1.0761	0.818414	0.575578	1.02575	0.802522	0.751647	0.848532	1.23856	0.957412	0.612029	0.28614	0.332447	0.549494	0.465764	0.682368	0.636595	0.417421	0.472574	0.47303	0.81023	0.767537	0.664477	0.797623	0.730549	0.991941	0.876584	0.976125	0.61385	0.651519	0.771747	0.405658	0.583439	1.53115	1.48135	0.996831	0.579618
ihec.chipseq.ihec-chipseq-containerv1.1.4.IHECRE00001012.4.853b1d33-1744-4990-baf4-0f508c154dec.fc.signal	0.154548	0.82252	0.250706	0.389656	1.02366	1.12133	0.34882	0.993879	0.912208	0.0605365	0.19452	0.192169	0	0.497416	0.499303	0.228255	0.545644	0.771237	0.32825	0.361263	0.665678	0.834435	0.834411	1.10067	0.872419	1.74267	1.00306	0.562044	1.17177	0.784466	0.587185	0.292393	0.853057	0.796441	0.491678	0.624094
ihec.chipseq.ihec-chipseq-containerv1.1.4.IHECRE00001009.4.f4ce93fa-a218-429a-bf06-fd30f370975a.fc.signal	0.377961	0.0548789	0.298724	0.225627	0.469465	0.933144	0.16606	0	0	0.0844989	0.369068	0.125943	0.222479	0	0	0	0.00968367	0.229266	0.492283	1.00548	0.324272	0.201676	0.306329	0.0513844	0.237438	0.0603524	0.822911	0.60957	0.411335	0.0344973	0	0	0.188867	0.0785012	0.0779033	0.679656
ihec.chipseq.ihec-chipseq-containerv1.1.4.IHECRE00003828.3.7fe9234c-b18e-418e-a5fa-41324c8b4b69.fc.signal	0.634147	0.432662	0.55485	0.120229	0.49903	0.498711	0.41515	0.158652	0.939398	1.11516	0.815375	0.1603	0.332711	0.502892	0.802358	0.456574	0.770065	0.462286	0.496263	1.10406	1.9725	1.30374	1.82238	1.96445	2.34384	1.08858	1.37367	1.0902	1.43828	1.81133	1.26323	0.992843	1.38402	1.0024	1.60499	0.266667
ihec.chipseq.ihec-chipseq-containerv1.1.4.IHECRE00003686.3.05f731d1-35d3-4327-ad52-34ab22707910.fc.signal	0.185188	0.0929083	0.280276	0.430814	0.626042	0.251683	0.143616	0.245099	0.3785	0.197544	0.21472	0.123106	0	0	0	0	0	0	0	0.0641164	0.429208	0.660981	0.591881	0.152919	0.135141	0.230508	0.115593	0.0193522	0.101477	0.944743	0.514739	0.759968	0.54045	0.443373	0.00398505	0.472973
ihec.chipseq.ihec-chipseq-containerv1.1.4.IHECRE00001022.4.dc7b5661-43e6-4e06-8a03-ce4fe6a31079.fc.signal	0.482498	0.244454	0.131881	0.702011	0.734388	0.645434	0.41168	0.50944	0.208873	0.0433041	0.572575	0.200907	0.444835	0.0070444	0	0.0612183	0.161707	0.0951907	0.0973495	0.555709	0.0160841	0	0.239484	0.953468	0.305029	0.228211	0.46801	0.390508	0.508218	0.301266	0.17274	0.06731	0.0244037	0.0977301	0	0.702374
ihec.chipseq.ihec-chipseq-containerv1.1.4.IHECRE00003398.1.32ebedf9-9cee-45d9-904b-83df75dfe3b1.fc.signal	2.18945	1.27202	0.453068	0.937265	0.247618	0.368846	0.507608	0.309373	1.01545	0.234103	0.090522	0.748966	1.07373	0.675975	1.03383	0.734817	1.36646	0.714718	0.581818	0.797401	0.267098	0.382476	0.780922	0.732536	0.71936	0.900155	0.354867	0.186902	1.18426	1.57075	1.07455	1.4707	0.571087	0.634153	0.691712	0.272362
ihec.chipseq.ihec-chipseq-containerv1.1.4.IHECRE00003829.4.503bd71c-74cb-4096-8a07-526831cc1c01.fc.signal	0.657053	0.182718	0.0750763	0.698795	0.554309	0.777379	0.67374	0.661309	0.351797	0.0174673	0.252757	0.0240937	0	0.289279	0.340613	0.403919	0.273499	0.941939	0.407607	0.5828	0.720621	1.09597	0.370557	0.531506	0.290296	0.267756	0.745581	0.670081	1.48166	1.23894	0.615692	0.414225	0.692458	1.43953	0.494306	0.338875
ihec.chipseq.ihec-chipseq-containerv1.1.4.IHECRE00000665.1.c28d3943-9234-4917-b4a0-88d70eac42fc.fc.signal	0.364212	0.373549	0.253029	0.423624	0.363762	0.366142	0.135527	0.0522333	0.60044	0.724667	1.04803	0.438292	0.285348	0.106196	0.16921	0.302036	0.422296	0.562202	0.470622	0.324396	0.0324824	0.0507005	0.16121	0.103654	0.198544	0.0869832	0.16659	0.226476	0.596386	0.474821	0.216446	0.45809	0.293513	0.223176	0.325836	0.564577
ihec.chipseq.ihec-chipseq-containerv1.1.4.IHECRE00001891.4.285674ca-2d37-4ac8-859e-29db1bf824d3.fc.signal	0	0	0	0.0898248	1.07294	2.05442	0.429702	1.10054	1.36623	0.115716	0	0	0.585391	1.70493	0.50205	0	0	0	0	0	1.96966	0.809874	0	0.0469691	1.38399	1.19792	1.02947	0.38592	0.0687871	0.229361	0.394697	0.142321	0	0.365589	0.665287	0.362319
ihec.chipseq.ihec-chipseq-containerv1.1.4.IHECRE00000099.3.ee9d747c-d2cf-48da-a02d-0b93659fe659.fc.signal	1.24348	0.083552	0	0	0.520839	0.655552	0	0	0	0	0	0	0	0	0	0	0	0	0.143234	1.11324	0.262171	0.601451	0.616004	0.773928	1.86844	0.731166	0	0	0.392064	0.690385	0	0	0	0	0	0.185829
ihec.chipseq.ihec-chipseq-containerv1.1.4.IHECRE00000303.2.7eef4baf-7091-4578-bd6a-25890cdd47cd.fc.signal	0.342587	0.756875	0.434609	0.0277828	0.361703	0.320795	0.243592	0.3405	0.155174	0.217936	0	0	0	0	0	0.130161	0.232445	0	0.23378	0.210699	0.199092	0.329337	0.633633	0.528487	0.596185	0.969915	0.40577	0.170258	0.0507608	0.150061	0.0975567	0.211753	0.379759	0.195502	0.0664625	0.223301
ihec.chipseq.ihec-chipseq-containerv1.1.4.IHECRE00003401.1.b076b762-9a1c-49ad-94fb-112d4580999d.fc.signal	2.12388	0.736788	0	0.551067	1.86146	1.03814	0.535102	0.639688	1.34425	0.0436663	0.0280014	0.603134	0.114362	0.481119	0.8408	0.238691	0.807094	1.62673	0.965456	2.51527	0.457737	0.835393	0.961393	0.794358	0.908551	0.464022	0.368827	0.456782	0.580283	0.170101	0.332882	0.556499	1.1222	1.47626	1.75554	0.320251
ihec.chipseq.ihec-chipseq-containerv1.1.4.IHECRE00003402.2.0fdc34e0-537d-401e-add6-faec819eca23.fc.signal	0.253501	0.416227	0.816538	0.877852	0.413025	0.105652	0.173589	0.331982	0.273843	0.918045	0.355514	0	0.122246	0.119686	0	0.203781	1.07617	1.55172	0.586545	0.488163	1.42431	1.60911	0.940207	0.824165	0.10549	0.135523	0.407298	0.857474	1.95896	1.24317	1.3794	1.17833	0.908396	0.384724	0.275703	0.41153
ihec.chipseq.ihec-chipseq-containerv1.1.4.IHECRE00001013.4.02d83500-1eee-47fb-928a-288e119fb2d5.fc.signal	0.970022	0.726243	0.534106	0.169094	0.227793	0.79776	0.117074	0.447385	0.595334	0.716365	0	0.359371	1.2781	0.29189	0	0.0206954	0.439879	1.04949	0.238159	0.36806	0.996194	1.93766	0.0456393	1.23597	0.0177403	0	0	0.337328	1.0639	0.204336	0.241974	0.256553	0.334845	1.11205	0.749079	0.676072
ihec.chipseq.ihec-chipseq-containerv1.1.4.IHECRE00003696.3.56ed3fdb-46a9-4765-a249-372860e042b1.fc.signal	0.265866	0.12502	0	0.287528	0	0	0	0	0.0734736	0.350029	0.168381	0.0357163	0.274107	0.369334	0.185377	0.015307	0.132661	0.102311	0.0306394	0	0.184709	0.15001	0.362411	0.181087	0	0	0	0	0.229283	0.0315969	0	0.0561271	0.537796	0.293902	0	0.43553
ihec.chipseq.ihec-chipseq-containerv1.1.4.IHECRE00000229.3.85a03a8e-2650-44c0-bf53-1db912cf1fd2.fc.signal	0	0	0	0	0.0110181	0.668829	1.17396	0.842487	0.383261	0.139361	1.24376	1.27302	1.01168	0.333195	0.0189904	0.45899	0.593095	0.472825	0.209021	0	0	0	0.245149	0.742354	1.1308	0.905807	1.26926	1.66196	2.04885	1.12389	0.100131	0	0	0	0	0.174757
ihec.chipseq.ihec-chipseq-containerv1.1.4.IHECRE00001851.4.88e0b9dc-6b08-443f-bb12-a02db4d96a2b.fc.signal	0.752491	0.371766	0	0.391271	0.260911	0.181443	0.298164	0	0	0	0	0.411721	0.345563	0.100823	0.111577	0.232048	0.524132	0.439195	0.309112	0.412463	0.444779	0.633393	0.681508	1.01319	1.80475	0.825577	0.740846	1.23709	0.593847	0.626741	0.406619	0.583645	1.01011	0.721991	0.350905	0.247104
ihec.chipseq.ihec-chipseq-containerv1.1.4.IHECRE00000270.2.61da4f23-1b17-4140-818d-1866ebdfc324.fc.signal	0.065194	0	0.0597583	0.43135	0.692011	0.4859	0.436915	0.149583	0.589148	0.285418	0.0927906	0.33682	0	0	0	0.251042	0.517639	0.40821	0.0863382	0.53534	0.292488	0.581305	0.901368	0.188358	0	0.239201	0.401949	0.0334647	0	0.379184	0.381624	0.337775	0.640181	0.462005	0	0.264346
ihec.chipseq.ihec-chipseq-containerv1.1.4.IHECRE00003694.3.c78458e5-ee0b-451a-90f1-dbb574d13e13.fc.signal	0.344285	0.260781	0.0878494	0.195296	0.0981594	0.0502687	0.131006	0.162394	0.221189	0.256182	0.250304	0.0810711	0.121521	0.182627	0.12003	0.160265	0.136552	0.0382045	0.166201	0.285596	0.120695	0.0970016	0.277146	0.37087	0.138662	0.1378	0.242725	0.331986	0.322006	0.34558	0.417217	0.483681	0.393414	0.284042	0.135577	0.420655
ihec.chipseq.ihec-chipseq-containerv1.1.4.IHECRE00003689.3.beff36be-023d-4a6e-8a49-a553932bd6ce.fc.signal	0.753416	0.165679	0.103133	0.346299	0.712883	1.36459	0.328159	0.585019	0.309489	0.269921	1.18298	0.520462	0.748295	0.286975	0.226291	0.271522	0.859388	1.18868	0.858648	1.41229	0.353103	0.312305	0.0661139	0.315001	0.38908	0.251213	1.0102	0.926781	1.70477	1.14874	0.492315	0.0576952	0	0.116759	0.301123	0.145631
ihec.chipseq.ihec-chipseq-containerv1.1.4.IHECRE00001935.1.53d89d9f-5949-4fc0-a0f7-bbac9f0fea51.fc.signal	0.321248	0.189243	0.081474	0.347512	0.136746	0.265515	0.20888	0.154534	0.600772	0.538409	0.21261	0.43641	0.293427	0.326997	0.200177	0	0.03357	0.295297	0.44932	0.396833	0.611734	0.831292	0.292821	0.518683	0.246556	0.133863	0.734955	0.791111	0.881225	0.383021	0	0.0366463	0.203573	0.201464	0.494742	0.127119
ihec.chipseq.ihec-chipseq-containerv1.1.4.IHECRE00003836.3.e37d93da-dc33-42a2-aab6-afc4ccdb4a46.fc.signal	0.84539	0.847099	0.879415	0.860226	0.594493	0.388884	0.545124	0.59439	0.313721	0.457629	0.344914	0.170709	0.431199	0.679037	1.02159	0.566867	0.946262	0.471648	0.539134	0.700432	0.741969	0.881538	1.06464	0.87194	1.02896	0.970987	1.07118	1.0124	1.16476	0.960059	0.86518	1.47231	1.71321	1.27692	0.879219	0.251908
ihec.chipseq.ihec-chipseq-containerv1.1.4.IHECRE00003690.3.6941f4c2-9444-41d7-82bb-38a8112f3f75.fc.signal	0.630903	0.388044	0.307393	0.567686	0.299717	0.153002	0.148333	0.564291	0.620111	0.132821	0.0264061	0.128978	0.0868045	0.130914	0.445566	0.484427	0.537142	0.498956	0.500066	0.811962	0.896609	0.615058	0.398437	0.189862	0.27048	0.600717	0.51486	0.264822	0.28839	0.483491	0.385327	0.174243	0.395902	0.660632	0.520109	0.225322
ihec.chipseq.ihec-chipseq-containerv1.1.4.IHECRE00000310.2.f1afbde9-c6ee-47cd-b96e-f15f6acd44a4.fc.signal	0	2.16697	4.93233	1.41963	0	0	0	0.548098	2.45367	0.755322	0	0.425435	2.38089	0.846261	0	0	0	0	0.99334	2.25382	0.0934204	0	0	0	0	3.53855	2.55467	0	0	0	0	0	0	0	0	0.136364
ihec.chipseq.ihec-chipseq-containerv1.1.4.IHECRE00001508.1.3e28aa2d-b7e5-4918-a0af-419b0cf0b2b0.fc.signal	0.374746	0	0.0161205	0.969632	0.657341	0.960999	0.767641	0.546439	0.286438	0.402423	0.599305	0.930286	0.866858	0.674941	0.663108	0.206826	0.520149	0.506674	0.326418	0.355359	0	0.172995	0.309015	0.984472	0.547526	0.276521	0.561883	0.297615	0.609565	0.301498	0.0213968	0.877132	1.17874	0.597695	0.837656	0.161512
ihec.chipseq.ihec-chipseq-containerv1.1.4.IHECRE00003693.3.c56a1926-3d2b-458d-9800-4140f38e79d1.fc.signal	0.246079	0.263233	0.271239	0.18414	0.171844	0.0746171	0.114105	0.218912	0.242196	0.284383	0.117421	0.177598	0.389975	0.305366	0.110847	0.0470113	0.273874	0.40928	0.258718	0.296052	0.334065	0.285527	0.42269	0.315878	0.156863	0.0632588	0.170356	0.191021	0.161414	0.377959	0.302886	0.100454	0.0227639	0.197442	0.262312	0.379747
ihec.chipseq.ihec-chipseq-containerv1.1.4.IHECRE00001852.4.51e98f97-6119-4df6-b770-df4f0c759ed4.fc.signal	0.424249	0.538677	0.336133	0.439919	0.570111	0.366086	0.597345	0.685292	0.589874	0.20252	0.067976	0.345707	0.75058	0.582256	0.639638	0.57487	0.445181	0.700162	0.896366	0.886273	0.989226	0.895453	0.803524	0.730458	0.489096	0.669943	0.664905	0.719533	0.681081	0.802772	0.56368	0.60559	0.568775	0.672149	0.534215	0.299801
ihec.chipseq.ihec-chipseq-containerv1.1.4.IHECRE00000709.3.5c2b1045-c5b9-4ce2-a975-1bba53717c39.fc.signal	0.421347	0.733124	0.477701	0.677073	0.68389	0.715741	0.231324	0.281504	0.261581	0.27216	0.196858	0.028978	0.407535	0.188842	0.649886	0.417609	0.381575	0.853888	0.310165	0.702274	0.304872	0.420079	0.457112	0.719124	0.554145	0.0605557	0.208948	0.557723	0.396951	0.569433	0.192144	0.0444365	0.262141	0.293731	0.407645	0.386935
ihec.chipseq.ihec-chipseq-containerv1.1.4.IHECRE00001973.1.eb6b8116-681b-4ebd-8a3a-5c8e0b38a2a8.fc.signal	0.623162	0.11295	0.432804	0.370583	1.47512	2.0685	0.339181	0.00552	0.676909	0.635081	0.322396	0.0902803	0.790777	0.225802	0	0.0546926	0.218941	1.30312	1.09841	0.777607	0.395292	0.226328	0.356217	0.104858	0.175861	0.152201	0	0	0	0	0.322274	0.721596	0.800292	0.469005	0.543419	0.68
ihec.chipseq.ihec-chipseq-containerv1.1.4.IHECRE00001326.1.ea9f910f-27d4-430f-b7ec-94b0e29d22ee.fc.signal	0.469708	0.592212	0.52937	0.0943876	0.169621	0.110525	0.362138	1.10964	0.316602	0.304616	0.0756504	0.817686	0.763853	0.553863	0.206779	0.18078	0	0.127367	0.247049	0.232273	0.556637	0.385054	1.39974	0.992076	0.191302	0	0.24192	0.192942	1.17862	1.00358	0.278691	0.0937397	0	0.246292	0.292364	0.247768
ihec.chipseq.ihec-chipseq-containerv1.1.4.IHECRE00000321.2.958c3b4f-844d-4f79-97b0-c208d576e212.fc.signal	0.443402	0.0512499	0.906178	0.189618	0.967297	0.496455	0	0.652234	1.35326	0.494225	0.132903	0.495119	0.463504	0.0614668	0.306008	0.292847	0.0352709	0.137162	0.161539	0.0346671	0.704316	0.17285	1.98348	0.521996	0.258847	0.208985	1.29413	0.297294	1.72408	0.0929105	0.270303	0.653013	0.843153	1.04434	0.383559	0.201001
ihec.chipseq.ihec-chipseq-containerv1.1.4.IHECRE00001020.4.35556ffc-f017-4274-85bd-1310cd0fe68d.fc.signal	0.707342	0.969408	0.237264	0.844089	1.77563	0.820264	0.347237	0.47612	0.384731	0.503604	0.261435	0.0312794	0.354757	0.263162	0.538041	0.236142	0.0776592	0.443786	1.04706	0.958977	0.618943	0.375249	0.875854	1.00716	1.45892	0.698195	0.833015	0.528798	0.779869	0.535108	0.290143	0.0959954	0.229241	0.697671	0.422515	0.658279
ihec.chipseq.ihec-chipseq-containerv1.1.4.IHECRE00003685.2.c2e20b49-142e-4797-9eba-5be0eab06323.fc.signal	0.187183	0.158329	0	0.0153758	0.420572	0.0157667	0	0	0	0	0	0	0.03784	0.433583	0.712656	1.18093	0	0	0.168896	0.323953	0.278014	0	0	0.543319	0.308603	0	0	0	0.211273	0.261727	0.630669	1.07883	0.255727	0.359855	0.340684	0.282258
ihec.chipseq.ihec-chipseq-containerv1.1.4.IHECRE00003838.5.b61c4709-ddec-4f74-8351-f61eb4c7615d.fc.signal	0.777836	0.266963	0.415244	1.01076	0.383746	0.566581	0.219656	0.0339005	0.147709	0.147706	0.410422	0.294202	0.697223	0.935704	0.412807	0.368892	0	0	0.136531	0.359005	0.141641	0.300255	0.458858	0.427381	0.118649	0.105332	0.965964	0.451546	0.242143	0.0508508	0.694829	0.968449	0.581084	0.589307	1.20582	0.238827
ihec.chipseq.ihec-chipseq-containerv1.1.4.IHECRE00003809.1.1724086a-5e6f-40e4-8774-8e9b5ce9aa91.fc.signal	0.344634	0.0771067	0	0	0.145752	0.0916628	0.259749	0.21085	0.224434	0	0	0	0	0.0477581	0.446835	0	0	0	0	0	0	0	0	0	0	0	0	0	0	0	0	0.141335	0.0885486	0.128133	0	0.47619
ihec.chipseq.ihec-chipseq-containerv1.1.4.IHECRE00001854.4.06d474fe-8a5b-49c2-81ef-b754d64a93d0.fc.signal	0.569966	0.575088	0.651905	0.616473	0.198576	0.464616	0.395803	0.711836	0.662281	0.258677	0.483812	0.508404	0.620184	0.666862	1.18348	0.504206	0.344646	0.796235	0.690445	0.569859	0.895894	1.16602	0.695215	0.406139	0.28518	0.820282	0.700426	0.589864	1.00043	1.32931	1.13684	0.646345	0.954311	1.3098	1.00391	0.342271
ihec.chipseq.ihec-chipseq-containerv1.1.4.IHECRE00000228.3.733171c1-b776-4277-a4e8-9b25e6d08804.fc.signal	0	0	0	0.345087	0.291606	0	0	0	0	0	0.0451533	0.293537	0.142609	0	0	0	0	0	0	0	0	0	0	0	0.100625	0.215247	0.528482	0.429155	0	0	0	0	0	0	0	0.300699
ihec.chipseq.ihec-chipseq-containerv1.1.4.IHECRE00000332.2.10f5266d-441b-4d93-a883-d970677b92f6.fc.signal	0.247937	0.167455	0.22887	0	0	0.011956	0.950396	0.56548	0.288501	0.612735	0.0083456	0	0.18447	0.633432	0.0068318	0	0.831859	1.04498	1.07388	0.49419	0.30088	0.594182	0.764778	1.63348	1.18376	1.35583	0.684933	0.934572	2.27184	1.36112	0.907445	0.437765	0.826304	1.09911	1.08845	0.0972222
ihec.chipseq.ihec-chipseq-containerv1.1.4.IHECRE00002063.1.43d53f41-e4a2-4421-b86f-0d0bce6de71d.fc.signal	0.457099	0.574977	0.553392	0.56524	0.443929	0.749409	1.03815	1.1297	0.767299	0.420539	0.255517	0.437777	0.576487	0.638433	0.468264	0.23461	0.53843	0.887331	0.753058	0.603259	0.385759	0.516102	0.525915	0.389567	0.567292	0.662714	0.155425	0.232582	0.243649	0.310051	0.304674	0.214661	0.295007	0.466231	0.532934	0.614118
ihec.chipseq.ihec-chipseq-containerv1.1.4.IHECRE00000974.7.795c5285-fcfe-49fc-86bb-822787a24420.fc.signal	0	0	0	0.277249	0.977789	0.6627	0.111983	0.977857	0.970465	0.73763	0.35269	0.38144	2.14993	0.0171323	0	0.413882	1.09696	0.438059	0.564937	0.617306	0	0	0.0353873	0.282957	1.5332	0.423754	1.33387	0.419208	0.27529	0.130274	0	0	0	0.670553	0.387808	0.261438
ihec.chipseq.ihec-chipseq-containerv1.1.4.IHECRE00000001.4.7fa161be-cf7b-4429-a672-c1d72473e2c1.fc.signal	0.262637	0.198072	0.0364764	0	0.1398	0.484326	0.189108	0.177678	0.399349	0.140789	0.205577	0.407155	0.130768	0	0	0	0	0	0	0	0	0	0	0	0	0.0784705	0.5945	0.719144	0.417008	0.0583344	0	0	0	0	0	0.349593
ihec.chipseq.ihec-chipseq-containerv1.1.4.IHECRE00001005.4.eaae55a7-76d3-4c5f-8e82-3f3f6f93f567.fc.signal	1.07653	0.662342	0.585278	0.332334	0.856935	0.519879	0.0280652	0.217384	0.438637	0.560146	0.837633	0.435489	0.198449	0.0913638	0.0812557	0.542516	0.446918	0.411585	0.0335149	0.255961	1.30286	0.55919	0.410353	1.13564	0.255881	0.138501	0.153307	0.202525	0.476205	0.196004	0.340024	0.166719	0.532288	0.129737	0	0.690186
ihec.chipseq.ihec-chipseq-containerv1.1.4.IHECRE00001966.2.281a1552-ba2f-4513-8d72-0e1cf5c2b6ab.fc.signal	0.317137	0.104479	0.03358	0.329119	0.338704	0.105511	0.32977	0.218844	0	0	0	0	0	0	0	0	0	0.139023	0.0839012	0	0.0203488	0.225591	0.042409	0.376557	0.173581	0.230357	0.401297	0.483924	0.753028	0.69411	0.352488	0	0	0	0.0112513	0.456647
ihec.chipseq.ihec-chipseq-containerv1.1.4.IHECRE00002067.1.41844a41-a9d8-47e3-9699-651cca6131a4.fc.signal	0.525093	0.110871	0.0625991	1.06493	0.447494	0.94652	0.639641	1.38885	0.530324	1.12103	0.80038	0.192113	0	0.0104267	0.57856	0.286694	0.391072	0.396226	0.419295	0.398557	0.0460307	0.743334	0.133489	0.245235	0.0192201	0.138779	0.385621	0.399606	0.38605	0.0637316	0.207446	0.293466	0.455895	0.450546	0.506221	0.677778
ihec.chipseq.ihec-chipseq-containerv1.1.4.IHECRE00001016.4.1d4895d1-fc6f-4299-b288-fac0f6f34000.fc.signal	0.505057	0.130449	0.0251661	0.154503	0.488536	0.485156	0.204185	0.188174	0	0	0.176882	0.231388	0	0	0.0098142	0.490825	0.366485	1.04192	0.167892	0	0	0	0.101533	0.248488	0.110363	0.656336	0.225854	0.689366	1.02788	0.555699	0.470159	0.238254	0.111117	0.0765321	0	0.811941
ihec.chipseq.ihec-chipseq-containerv1.1.4.IHECRE00000184.3.95e35930-b188-462f-a2e3-786fb18c7d02.fc.signal	0.50759	0.61111	0.49353	0.604829	0.084161	0	0	0	0.217491	0.521966	0	0.229783	0.526055	0	0	0	0	0	0	0.479522	0.696255	0.423165	0.971429	0.718224	0.0924381	0.55558	0.142896	0.343436	0.879987	0.192711	0	0	0	0	0	0.24077
ihec.chipseq.ihec-chipseq-containerv1.1.4.IHECRE00001015.4.f20ced91-030b-432e-b792-c809b0185614.fc.signal	0.573396	0.0694902	0.384949	0.186039	0.213138	0.306074	0.017667	0	0	0	0	0.116534	0.324921	0.294323	0.26256	0.494474	0.403832	0.163623	0	0.115637	0.171951	0.0742014	0.309116	0.598288	0.873908	0.362196	0.821657	1.39209	1.64407	0.734662	0.270768	0.130677	0.117321	0.0449177	0.19561	0.735082
ihec.chipseq.ihec-chipseq-containerv1.1.4.IHECRE00003811.1.34e1eb06-bd04-44e7-b752-6e248f54239d.fc.signal	0.158417	0.158556	0.210988	0.335856	0.379405	0.164265	0.297421	0.587441	0.416665	0.263728	0.0619443	0.165863	0.164025	0.0246878	0.140028	0.31149	0.565001	0.314106	0.307267	0.173472	0	0.0352874	0.158994	0.0508973	0.189215	0.190027	0.0277783	0.0680911	0.104528	0.164615	0.0925233	0.0222846	0.117473	0.320271	0.0788272	0.539394
ihec.chipseq.ihec-chipseq-containerv1.1.4.IHECRE00001233.5.9e3b4885-f5bc-4ff7-9713-139148fa3034.fc.signal	0.615477	0.983598	0.264795	1.1208	2.28563	1.04027	0.182902	0.61395	0.804532	0.964914	2.191	0.736718	0.714066	0.200353	0	0.303008	0.227013	0.506485	0.121476	0.343138	0.0574926	0.627006	0.174164	0	0.154908	0.195817	0.489119	1.01148	1.10581	0.214784	0	0.0766568	0.308326	0.536452	0.408368	0.657121
ihec.chipseq.ihec-chipseq-containerv1.1.4.IHECRE00001018.4.37fbee98-9629-4bc8-bd64-c5ae6243c65d.fc.signal	1.82454	0.577738	0.191875	0.283619	0.273389	0.440591	0.457609	0.38119	0.0842283	0.19024	1.38518	0.210541	0.0930944	0.139642	0.447187	0.945656	0.620439	1.25412	1.39573	1.55808	0.382056	0.446913	0.0598429	1.05251	0.737157	1.28174	0.959692	1.09109	1.40936	0.522968	0.328037	0.398924	0.32583	0.00886613	0	0.695497
ihec.chipseq.ihec-chipseq-containerv1.1.4.IHECRE00000343.2.5a78c0ce-4eae-417e-ab07-38cf2f39807a.fc.signal	0.712936	0.326013	0.120041	0.657063	0.822638	0.402898	0.592385	0.683674	0.687907	0.473124	0	0	0.268649	0.471666	0.250196	0.179303	0.624862	1.44301	1.04254	1.18897	1.21234	1.34499	1.16403	2.2331	2.15578	0.761061	1.35462	1.82315	0.793625	0.611883	0.53241	0.507357	0.432881	0.577349	0.711926	0.201754
ihec.chipseq.ihec-chipseq-containerv1.1.4.IHECRE00000233.3.2ce6c7a2-1501-4bf0-9209-c55a1327303d.fc.signal	0.359976	0.321816	0	0.22895	1.3991	1.38257	0.398136	0.02544	0	0.235881	0.632495	0.379362	0.119959	0.00855413	0	0	0	0	0	0.230232	0.3816	0.075048	0	0	0	0.301457	1.89006	1.76162	0.167893	0	0	0	0	0	0.108752	0.257669
ihec.chipseq.ihec-chipseq-containerv1.1.4.IHECRE00000992.7.269c7bdb-5224-43fa-a5d5-7860eaac019c.fc.signal	1.78407	0.856056	0.3606	0.779485	0.65188	1.05454	0.523238	0.528788	0.759339	0.375859	0.0962047	0.133	0.652564	0.0811678	0.0971245	0.237694	1.20367	0.739749	0.848009	2.03199	0.209595	0	0.0930785	1.40827	1.09501	0.719255	0.862485	0.541957	0.913539	0.711197	0.0140103	0.040524	0.0791459	0.44721	0.262915	0.159757
ihec.chipseq.ihec-chipseq-containerv1.1.4.IHECRE00004609.2.0c69eda8-716f-44e4-bc94-dce057d4c5a3.fc.signal	0.266732	0.515025	0.475396	0.495095	0.454575	0.0648687	0.452099	0.796218	0.167341	0.257384	0.0888525	0.0370129	0.513145	0.393872	0.33875	0.196235	0.268782	0.209456	0.188178	0.238097	0.15756	0.0229184	0.308489	0.316243	0.265719	0.195686	0.148459	0.121808	0.0088134	0.223385	0.12532	0.225133	0.169012	0.311619	0.00126204	0.357527
ihec.chipseq.ihec-chipseq-containerv1.1.4.IHECRE00000224.3.2f10d695-5b3b-470a-a2e2-55996404a85c.fc.signal	0.66345	0.265413	0	0.855882	1.15448	0.568371	0.66345	0.25878	0.442337	1.19242	1.41796	0.792382	0	0	0	0	0.544047	0.579427	0.0265424	0	0	0	0	0	0	0	0	0	0	0	0	0	0	0	0	0.355346
ihec.chipseq.ihec-chipseq-containerv1.1.4.IHECRE00000250.2.662b80be-c09d-4154-bc9d-1e0602218f9c.fc.signal	0	0	0	0	0	0	0.306602	0.64866	0.460548	0.0274213	0	0	0	0	0	0	0.413724	0.356175	0.665344	0.539414	0	0.368575	0.674872	0.77996	0.24935	0	0	0.119651	0.276849	0.0388873	0	0	0.0491375	0.533662	0.200443	0.328612
ihec.chipseq.ihec-chipseq-containerv1.1.4.IHECRE00001990.1.db376d3b-ae63-4e49-80d2-dc3c632957a3.fc.signal	1.04519	0.319259	0.405094	0.840666	0.431101	1.02949	0.574763	2.02019	1.94684	0.953837	0.778313	0.0485002	0.558907	0.318475	0.765942	0.63274	1.12548	0.884331	0.941117	0.541916	0.355112	0.459998	0.282168	0.338106	0.477911	0.910937	0.845165	0.436028	0.72862	0.117694	0.13086	0.721306	0.684131	1.63832	1.25788	0.521739
ihec.chipseq.ihec-chipseq-containerv1.1.4.IHECRE00001518.1.d72e83d5-d350-417f-b1bf-3eef4f93cc47.fc.signal	0.383751	0.420678	0.0566899	0.12543	0.519963	0.402778	0.0956091	0.204046	0.28675	0.295083	0	0	0	0.151912	0.276032	0.266781	0.081144	0.125731	0.238783	0.356237	0.29512	0.162916	0.244019	0.312965	0.0068328	0	0.249295	0.602056	0.193219	0	0.0102696	0.256067	0.12725	0.0651047	0.24884	0.126492
ihec.chipseq.ihec-chipseq-containerv1.1.4.IHECRE00003683.3.0997810a-4867-4ba8-9534-ea6e95022077.fc.signal	0.872263	0.76184	0.0844966	0.311104	0.486607	0.200286	0.606275	0.643146	1.24262	0.738198	1.19792	0.261196	0.218952	0.327734	0.50131	0.247443	0.660691	1.19393	0.178725	0.258102	0.803494	1.11178	0.388113	0.655593	0.790347	0.607072	0.187869	0.137488	0.822015	0.955149	0.205619	0.895934	0.778182	0.686013	0.642703	0.543071
ihec.chipseq.ihec-chipseq-containerv1.1.4.IHECRE00003834.5.cdae4f48-f2b3-40fb-b6f6-af323d3c96ae.fc.signal	1.05753	0.54428	1.58032	1.19904	0.391224	0	0	0	0	0.495256	0.40792	0.320532	0.23215	0.608195	1.91038	1.14677	0.157171	0	0.498798	0.318175	1.28585	0.492962	0.635869	0.746134	1.15375	0.310788	0.243054	0.180213	0.297965	1.24049	0.957467	0.650318	0.41219	0.59296	0.498174	0.596774
ihec.chipseq.ihec-chipseq-containerv1.1.4.IHECRE00001936.1.73056630-65cd-44da-94ab-6886ae9d01cc.fc.signal	0.686625	0.5577	0.351955	0.390322	0.468641	0.462431	0.122614	0.671511	0.715497	0.505439	0.140401	0.0322923	0.731674	0.477269	0.447117	0.212683	0.279594	0.331059	0.229041	0.475217	0.0780936	0.463035	0.32516	1.11623	0.701486	0.927902	0.677911	0.611159	0.59225	0.473951	0.301622	0.319832	0.594784	0.239736	0.326477	0.669643
ihec.chipseq.ihec-chipseq-containerv1.1.4.IHECRE00001887.4.59a9b7d0-5484-46d1-b8f0-117dbd401378.fc.signal	0.165214	0.0972408	0	0.166064	0.148902	0.286116	0.330219	0.0121817	0	0	0	0	0	0	0	0.0832746	0.120624	0.159477	0.127587	0.0146586	0	0.0172283	0.133385	0.193181	0.162237	0.212896	0.248686	0.139081	0.123018	0.0866657	0.081216	0.144907	0.214336	0.23651	0.0625194	0.296774
ihec.chipseq.ihec-chipseq-containerv1.1.4.IHECRE00000126.3.2846e92d-580c-47b7-a067-576dcdf07383.fc.signal	0.0837158	0.271213	0	0.106362	0.290804	0.162697	0.372717	1.17286	0.456401	0.509211	0.0064498	0.191216	0.881084	0.0398893	0	0	0.278373	0.0519126	0	0	0.726707	0.426308	0.131795	0.219082	0.286731	0	0	0	0.168213	0.136325	0.0565334	0.257561	0.264492	0.504301	0.172269	0.264916
ihec.chipseq.ihec-chipseq-containerv1.1.4.IHECRE00004618.1.72623753-44fb-49f2-a9eb-e1a5603547b0.fc.signal	2.66351	0.575325	0.0614857	1.15494	0.68726	0.543904	0.928614	1.09949	0.726772	1.05211	0.977116	0.111394	0.126833	0.922272	0.3712	0.358007	0.272296	0.420942	0.258457	0.876575	0.417782	0.604167	0.233587	0.754377	1.4468	0.574414	1.03847	0.423653	0.471325	0.188471	0.569869	0.871216	0.503026	0.54513	0.232302	0.309735
ihec.chipseq.ihec-chipseq-containerv1.1.4.IHECRE00003848.5.a76c9ec7-a103-4b17-9625-01cbf3f2cce7.fc.signal	0	0	0.0147625	0.322569	0.198787	0.029887	1.10813	0.806954	0.402325	0.066671	0	0	0	0	0.462099	0.754077	0.508083	0.191004	0.382306	0.285076	0.537968	1.01617	0.202312	1.78874	1.60249	0.025289	0.416119	1.17681	0.802355	0.694302	0	0	0	0	0	0.820896
ihec.chipseq.ihec-chipseq-containerv1.1.4.IHECRE00003833.4.78bd51d0-e8cc-413f-86cc-b957d9057e5e.fc.signal	1.00523	0.504531	0.432364	1.15529	0.740571	0.394428	0.860553	0.788816	0.257981	0.387578	0.468122	0.27297	0.514749	0.254422	0.723047	1.18844	0.331365	0.189599	0.815476	1.26821	0.681186	0.0345687	0.20045	0.766304	1.07808	0.438196	0.619877	0.567927	1.20311	0.822014	0.578086	0.286413	0.321616	0.90209	0.770809	0.27621
ihec.chipseq.ihec-chipseq-containerv1.1.4.IHECRE00001236.5.89a447bb-7116-45ed-914d-ea08ca13224b.fc.signal	0.673579	0.731817	0.192161	0.720122	0.806571	0.670872	0	0	0.321754	0.102392	0.526162	0.125704	0	0.298181	0.0790475	0.294581	0.626566	0.515165	0.243766	0	0	0	0.206516	0.816659	1.05757	0.545937	1.47702	1.04126	1.13162	0.283838	0.0503029	0	0	0.253242	0.180515	0.573718
ihec.chipseq.ihec-chipseq-containerv1.1.4.IHECRE00001007.4.cf39648d-c62d-43ff-9d7d-22e416d4ed26.fc.signal	0.758412	0.590631	0.1482	0.656634	1.49784	1.09035	0.34088	0.21148	0.21435	0.415265	0.590041	0.507835	0.831522	0.433172	0.570479	0.643361	0.866096	0.564652	0.804473	0.998974	0.383931	0.29539	0.404433	0.764554	0.21472	0.275054	1.04712	0.967365	0.352541	0.300451	0.105648	0	0	0	0	0.625754
ihec.chipseq.ihec-chipseq-containerv1.1.4.IHECRE00000222.3.bc3c5401-2679-4e6a-8d23-b4052eee1a8e.fc.signal	0.691067	0.427441	0.162799	0.525325	0.549251	0.351826	1.30373	1.15285	0.258977	0.101308	0.184956	0.129162	0	0	0	0.00845813	0.261938	0.29297	0.34291	0.399549	0.0527707	0	0	0.663397	1.00494	1.08423	1.82102	1.14935	0.440055	0.107049	0	0	0	0.0165851	0.202229	0.568584
ihec.chipseq.ihec-chipseq-containerv1.1.4.IHECRE00001021.4.42815287-0f19-4aa3-960b-90c95fa6839b.fc.signal	0.603626	0.134721	0.107651	0.00519433	0.260893	0.359975	0.120312	0.186262	0.0749219	0.271573	0.792964	0.0413261	0.21352	0.0887343	0.18005	0.101423	0	0.0204744	0.386561	0.728015	0.22605	0.008965	0.226469	0.315649	0.546427	0.861557	0.783244	0.463023	1.2751	0.327309	0.0982086	0.220964	0.339092	0.934815	0.297994	0.657801
ihec.chipseq.ihec-chipseq-containerv1.1.4.IHECRE00000316.2.f50990c6-cbfa-49d2-9e86-f5cb8d52e800.fc.signal	0.140126	0.324748	0.43727	0.955623	0.0938065	0.677176	0.595272	1.12846	1.26409	0.794139	0.333163	0.217117	0.89226	0.472909	0.879095	0.512908	0.332725	0	0.351725	1.23941	0.0506453	0.213948	0.600065	0	0	0.312709	1.79252	0.89768	0.348504	0.248153	0.834054	0.266108	0.626924	0.30948	0.149974	0.254134
ihec.chipseq.ihec-chipseq-containerv1.1.4.IHECRE00002065.1.86df225b-3e1d-4a7a-bbec-4e5619ad713f.fc.signal	0.483624	0.405468	0	0.348687	0.46263	1.22159	1.26805	1.09684	0.9523	0.831434	0.703343	1.15961	0.101061	0	0	0.0167253	0.216485	0.314877	0.493957	0.635049	0.366783	1.22695	1.04935	0.441077	0.363415	0.48953	0.639596	0.900298	0.823906	0.100465	0.0861509	0.27158	0.006533	0.43149	0.591933	0.615702
ihec.chipseq.ihec-chipseq-containerv1.1.4.IHECRE00003846.4.da6810f6-9895-4595-a0d7-9cc3f7019bd2.fc.signal	0.493677	0.065627	0.249073	0	0	0	0.0320923	0.296897	0	0.2181	0.0868353	0.0187765	0.323875	0	0	0	0.0186388	0.162013	0.112289	0.122904	0.129644	0.791801	0.298976	0.944062	0.98198	0.727041	0.2561	0.840166	0.435076	0.590613	0.0437716	0.530465	0.568823	0.0410789	0.288728	0.502849
ihec.chipseq.ihec-chipseq-containerv1.1.4.IHECRE00001378.1.66aa71ea-1d07-4b0c-8fa8-a30c9d97fadb.fc.signal	1.04859	0.61441	0.23466	0.409988	0.408129	0.512815	0.689434	0.506774	0.649472	0.295111	0.084686	0.250375	0.324116	0.030245	0.219674	0.504353	0.501903	0.722052	0.68456	0.322123	0.0782301	0.377318	0.55152	1.03649	0.281827	0.35197	0.693115	0.399895	0.078637	0.261168	0.326035	0.25628	0.249475	0.388206	0.201313	0.366667
ihec.chipseq.ihec-chipseq-containerv1.1.4.IHECRE00003684.3.227d235e-5d49-4e40-8c2e-3e1ec3df47e3.fc.signal	0.290799	0.228072	0.182544	0.0686558	0.30737	0.222482	0.138941	0.694842	0.509417	0.0768341	0.410739	0.0244047	0.648346	0.915619	0.199273	0.205562	0.246719	0.289768	0.341565	0.195161	0	0.226727	0.840467	0.696901	0.183646	0.325588	0.193226	0.211089	0.309329	0.542465	0.424407	0.136592	0.15705	0.180875	0.0209446	0.345238
ihec.chipseq.ihec-chipseq-containerv1.1.4.IHECRE00004635.3.ac3d233b-983d-44f1-b32e-ea45048d4db5.fc.signal	1.14228	0.907651	0.54161	0.65727	1.10641	0.986331	0.496762	0.627176	0.820545	0.404741	0.263296	0.302161	0.52385	0.93161	1.38753	0.67321	0.902826	0.820599	0.678116	0.694787	1.03822	1.31303	1.3588	1.59471	1.43372	0.869195	1.694	1.23783	1.24994	1.61172	1.42264	1.61457	1.33472	1.02898	0.81163	0.267943
ihec.chipseq.ihec-chipseq-containerv1.1.4.IHECRE00004603.3.f7f63af7-a252-4e53-93e7-699016d35fa0.fc.signal	0.325376	0.219779	0	0.166064	0.260759	0.220937	0.064121	0.378702	0.473558	0.415576	0.611827	0.211929	0.532207	0.646317	0.486774	0.492569	0.702683	0.0412846	0.114747	0.508505	0.233978	0	0.0239651	1.21293	0.532442	0.337287	0.712796	0.534371	0.767264	0.442444	0.0118555	0.366007	0.155729	0.483212	0.0180253	0.840909
ihec.chipseq.ihec-chipseq-containerv1.1.4.IHECRE00004617.2.2b835b35-0d4f-4266-a8c6-b8c45974f7ec.fc.signal	1.11293	1.63369	0.917167	0.985745	0.267005	0	0.192257	0.395356	0.229503	0.289965	0.204851	0.165895	0.268247	0.170567	0.317865	0.882259	0.98116	0.584261	0.487197	0.652329	0.432057	0.403455	0.256983	0.355666	0.16241	0	0	0.224746	1.11637	0.761971	0.650601	0.565572	0.261629	0.165842	0.462843	0.447368
ihec.chipseq.ihec-chipseq-containerv1.1.4.IHECRE00004615.1.ca9877c7-1f2b-4062-b2b9-e0444e14d297.fc.signal	1.14425	0.45147	0.0779433	0.772093	1.05139	0.664753	0.122131	0.644208	0.68037	0.494298	0.51566	0.0612937	0.27785	0.469657	0.950216	0.809808	1.06789	1.56715	0.841452	0.363069	0.288799	0.30402	0.393053	0.893604	0.508976	0.106674	0.497308	0.681791	0.390895	0.224463	0.473775	0.530777	0.506146	0.34448	0.250989	0.407143
ihec.chipseq.ihec-chipseq-containerv1.1.4.IHECRE00000279.2.28ae29ac-1a24-485d-8beb-7ac244647483.fc.signal	0	0	0.428199	0.814622	0.13181	0.667379	0.0365484	0.0882535	0.274339	0	0	0	0	0	0	0.306581	0.0809286	0	0	0	0	0	0	0.0650293	0.220091	0	0	0	0.0557028	0.351871	0	0	0	0	0	0.12426
ihec.chipseq.ihec-chipseq-containerv1.1.4.IHECRE00004605.1.09fb5d7a-926c-40ff-ac15-0bd2ff31967d.fc.signal	0.24183	0.504695	0.323528	1.0782	1.14184	0.947552	0.767775	0.690134	0.635061	0.472574	0.558065	0.0903649	0.562666	0.407032	1.01447	1.86326	0.582173	0.538658	0.347086	0.667164	0.752252	0.108082	0.0334009	0.17926	0.347989	0.288096	0.448283	0.160223	0.729097	0.210217	0	0.0967115	0.187896	0.450353	0.281176	0.304202
ihec.chipseq.ihec-chipseq-containerv1.1.4.IHECRE00001921.1.0999ab49-22be-4f40-a74d-5a4868d07690.fc.signal	0.327448	0.409979	0.543309	0.860482	0.456259	0.386865	0.312417	0.460238	0.524958	0.596886	0.444262	0.32977	0.389506	0.435413	0.507263	0.216634	0.152954	0.398924	0.365169	0.314284	0.112841	0.0320985	0.290837	0.456533	0.205991	0.112166	0.148732	0.421149	0.636909	0.483535	0.485983	0.319815	0.316488	0.159869	0.254658	0.130952
ihec.chipseq.ihec-chipseq-containerv1.1.4.IHECRE00001234.5.f0ec07bd-7acb-4f94-999c-ee11e0eda161.fc.signal	0.771622	0.522123	0.237632	0.642137	1.22128	0.910508	0.467391	0.619617	0	0.225907	0.867367	0.380629	0.274618	0.01164	0.203613	0.319072	0.73463	1.64474	0.411474	0.48189	0.306389	0.0862899	0	0.259879	0.774106	0.218724	0.560744	0.863182	0.738701	0.654215	0.149364	0.239499	0.01746	0	0	0.632148
ihec.chipseq.ihec-chipseq-containerv1.1.4.IHECRE00003847.4.4f8cce6d-4994-48d9-b94c-e0d12d1ce300.fc.signal	0	0	0	0	0	0.369849	0.988956	0.0517132	0	0	0	0.0266401	0.372962	0.473254	0.0646244	0	0	0	0	0	0	0	0	0	0	0	0.349411	0.471188	0.194399	0.465564	0.825749	0.333291	0.173772	0.159974	0.169258	0.324841
ihec.chipseq.ihec-chipseq-containerv1.1.4.IHECRE00000784.3.f2286a0c-dba6-4a30-897c-ba6f1fff3167.fc.signal	0.569185	0.578792	0.435302	0.674259	1.40869	0.882	0.700633	1.14662	0.525272	0.36017	0.931149	0.402542	0.146607	0.584581	0.119331	0.326513	0.43219	1.09092	0.380155	0.354776	0.374575	0.64647	0.603159	0.40864	0.888096	0	0.288977	0.610627	0.835672	0.646871	0	0	0	0.406661	0.323789	0.575163
ihec.chipseq.ihec-chipseq-containerv1.1.4.IHECRE00001025.7.e0707b51-da3d-4db9-b667-fa81699b438f.fc.signal	0.650153	0.935313	0.234216	1.05973	1.48927	0.73207	1.47807	0.618191	0.399774	0.0228718	0	0.768393	0.90352	0	0	0.0711109	0.823651	0.530269	0.801751	1.14867	0.0470517	0	0.270962	0.867776	1.00466	0.265557	1.27687	0.958818	2.81996	0.147895	0	0	0.048494	1.001	0.0978078	0.455708
ihec.chipseq.ihec-chipseq-containerv1.1.4.IHECRE00001914.1.e1cff7ed-c2ef-4b6d-8184-ab7441cefe26.fc.signal	0.915237	0.61374	0.667622	1.02106	1.45003	1.3998	1.23763	0.575634	0.319029	0.68275	0.0452321	0.0438786	0.299807	0.0797708	0.269994	0.70118	0.270461	0.60804	1.09564	0.834016	0.372171	0.0377017	1.15906	1.79651	0.284983	0.337373	0.0262463	0.298388	0.56178	1.10272	0.618989	0.631259	1.03104	0.966784	1.18853	0.375
ihec.chipseq.ihec-chipseq-containerv1.1.4.IHECRE00004728.1.2ec80afa-2336-413b-8bd9-49d8ccaa2370.fc.signal	0.559536	0.723128	0.142745	0.309134	0.179112	0.153757	0	0.0168255	0.281098	0.385619	0.329559	0.172243	0.738677	0.49256	0.545478	0.970454	0.699059	0.481281	0.38317	0.630085	0.577242	0.321798	0.0634967	0.386769	0.558507	0.0357789	0.0453402	0.58837	0.586518	0.109719	0.616912	0.630604	0.589563	0.336912	0	0.624
ihec.chipseq.ihec-chipseq-containerv1.1.4.IHECRE00000348.2.199c7007-224d-4e2c-9f9c-6b9a53277081.fc.signal	0.16118	0.108483	0.686038	1.21895	0.382711	0	0.0334299	0.519803	0.369671	0.434091	0.211363	0.309489	0.143027	0.421087	0.518666	0.151309	0.975522	0.877485	0.583193	0.609314	0.669913	0.311421	0	0.126641	0.490509	0.819447	1.47162	0.998511	1.00129	1.06893	1.03397	1.1699	0.821199	0.570055	0	0.162447
ihec.chipseq.ihec-chipseq-containerv1.1.4.IHECRE00001010.4.d1e0006a-c7d9-4c7e-995a-f2b8963a524b.fc.signal	0.672228	0.0372523	0.0190694	0.81757	0.827552	0.464206	0.408794	0.614113	0.231666	0.830574	0.611683	0.245881	0.128078	0	0.0081726	0.360673	1.24452	0.698573	0.265265	0.238912	0	0.0499437	0.174397	0.553219	0.665863	0.464229	1.05008	0.290679	0.559553	0.134461	0	0	0.0172533	0.451478	0.137602	0.735253
ihec.chipseq.ihec-chipseq-containerv1.1.4.IHECRE00000969.7.22142533-566c-427b-ba85-c5bd39fb7b54.fc.signal	1.47218	1.40769	0.439085	1.13279	1.5544	0.593811	0.971063	0.21168	0.487466	0.684631	0.345807	0.506083	0.470752	0.21793	0.271077	0.299483	0.415515	0.310981	1.18371	0.611862	0.249548	0.0334464	0	0.87675	2.49053	0.995512	0.49096	0.983039	2.46156	1.12126	0	0.171157	0.845312	0.747506	0.90801	0.482456
ihec.chipseq.ihec-chipseq-containerv1.1.4.IHECRE00000235.3.e718e383-8624-4fbc-ae80-8a013cf8e0a0.fc.signal	0	0	0.106806	0.74925	1.32218	1.54594	0.845861	0.00678133	0	0.362752	0.884825	1.09491	0.403449	0	0	0	0	0	0	0	0	0	0	0	0	0.14069	1.3154	1.19844	0.0915427	0	0	0	0	0	0	0.414234
ihec.chipseq.ihec-chipseq-containerv1.1.4.IHECRE00003830.4.503c1ba4-200d-41eb-8eb4-ce5fab1bd87d.fc.signal	1.66957	0.702328	0.782532	1.116	0	0.270701	0.180872	0.478623	0.489094	0.634171	0.40671	0.0859939	0.72103	0.960966	0.858954	0.434198	0.147614	0.132344	0.478263	0.842838	1.47041	0.516774	0.493413	1.32642	1.2873	0.844575	0.348477	0.590838	0.343758	1.00633	1.11848	0.708711	1.04709	0.980665	1.15014	0.213636
ihec.chipseq.ihec-chipseq-containerv1.1.4.IHECRE00003824.4.3393cdeb-e872-46c4-bde0-73b65c9b81ab.fc.signal	0.528152	0.394223	0.0190797	0.0125121	0.558333	0.533053	0.315926	0.504558	0.498786	0	0	0.0506947	0.444471	0.358983	0.202132	0.576418	0.213212	0.35798	0.307748	0.131656	0	0.234584	0.0884615	0.208325	0.367588	0.112281	0.21061	0.0951199	0.184328	0	0.253424	0.0937169	0.202483	0.144618	0	0.415294
ihec.chipseq.ihec-chipseq-containerv1.1.4.IHECRE00000339.2.7c73acf1-f35f-4974-9a58-4e35890cb8d9.fc.signal	0.46645	0.208222	0.271014	0.576145	1.06626	0.282065	0.427408	0.698984	0.5466	0.0994263	0	0	0.0494163	0.367432	0.22435	0.108811	0.879758	0.706925	0.625523	0.0916655	0.417409	1.00857	0.0234976	0.6053	0.703569	0.404106	0.913596	0.187904	0.373625	0.61263	0.0477141	0.575973	0.698248	0.659292	0.204288	0.247344
ihec.chipseq.ihec-chipseq-containerv1.1.4.IHECRE00003716.2.82ebcb5f-2b06-40e6-9298-a18d7df57bef.fc.signal	1.05291	0.86009	0.655127	1.75831	1.11451	0.328489	0.796109	0.89567	1.23696	1.76483	0.7013	0.274497	0.304411	1.04106	0.242033	0.00191567	0.4125	1.02563	0.902118	1.17288	1.05817	1.72893	1.69394	0.699875	0.293818	0.0250743	0.278051	0.840556	1.12068	1.13548	0.38969	0.810087	0.983349	1.93503	1.44362	0.135135
ihec.chipseq.ihec-chipseq-containerv1.1.4.IHECRE00003843.4.4195ed0b-af56-4a96-a3b0-ca28cc05743c.fc.signal	0	0	0	0	0	0	0.173602	0.229048	0	0.142436	0.0997232	0.0220095	0.33249	0	0	0	0	0	0	0.120175	0.261232	0.296708	0.0343373	0	0	0.0939265	0.567812	0.301007	0.838762	0.0245693	0.0218985	0.715957	0.0562297	0	0	0.336872
ihec.chipseq.ihec-chipseq-containerv1.1.4.IHECRE00004610.2.a09fe774-2340-4b95-8e12-12f615ed6e0b.fc.signal	0.522189	0.415157	0.458292	0.524735	0.381509	0.659003	0.794261	1.15989	0.702984	0.353492	0.775895	0.0948391	0	0	0.271053	0.46542	0.0538111	0.484143	0.458607	0.471332	0.0509339	0.238702	0.15851	0.960722	0.709501	0.0858443	0.216114	0.048904	0.372673	0.636066	0.66307	0.206706	0.204734	0.316598	0.239957	0.555556
ihec.chipseq.ihec-chipseq-containerv1.1.4.IHECRE00001232.5.2011f077-50b7-4adb-842b-523c5e6e134c.fc.signal	0.448794	0.440002	0.211717	0.242765	0.0655023	0.158146	0.283599	0.122686	0.515583	0.182685	0.225837	0	0	0	0	0.273302	0.478936	0.584197	0	0	0	0	0	0.0911818	0.506674	0.0712393	1.29116	0.995045	1.60631	0.517429	0.287688	0.0719233	0.0185976	0.326734	0.0144363	0.727148
ihec.chipseq.ihec-chipseq-containerv1.1.4.IHECRE00001004.4.543a1493-290b-4269-abbe-6f5be0724415.fc.signal	0	0	0	0	0	0	0	0	0	0	0	0	0	0	0	0	0	0	0	0	0	0	0	0	0	0	0	0	0	0	0	0	0	0	0	0.293738
ihec.chipseq.ihec-chipseq-containerv1.1.4.IHECRE00003396.1.0101c129-8d25-4833-adbc-872c2164040d.fc.signal	1.87641	2.22802	2.51479	2.18205	2.44934	1.08185	0.0547095	0.176592	0.92228	1.41635	0	0	0.40042	0.171274	0.256557	0.620014	1.79438	0	1.38255	0.372461	0.545409	0	0	0.61346	1.08588	1.63148	1.72609	0.932459	1.30957	0.534134	0.017368	0.71856	0.654859	0.138513	0.00790466	0.45936
ihec.chipseq.ihec-chipseq-containerv1.1.4.IHECRE00004608.1.51923222-e72a-4522-b89e-61752ad6e164.fc.signal	1.30013	0.937487	0.613684	0.173474	0.183734	0.525221	0.451852	1.593	0.405601	0.213569	0.404943	0.107886	0	0.0801725	0.501446	1.28629	0.646703	1.07869	0.391102	1.44993	0.581977	0.0909915	0	0	0.200977	0.301163	0.309871	0.313154	0.382067	0.0850125	0	0	0.360512	0.562164	0.149474	0.4
ihec.chipseq.ihec-chipseq-containerv1.1.4.IHECRE00003691.3.d84b63c8-b66b-45e3-807a-f78312228ee9.fc.signal	0.131255	0.880479	0.375159	0.966199	0.328589	0.156545	0.0461967	0.489975	0.756197	0.467803	0.575935	0.215376	0.276922	0.40919	0.40839	0.301402	0.800017	0.708462	0.38029	0.341866	0.50569	0.382745	0.393037	0.372129	0.136981	0.509138	0.166837	0.274709	0.355541	0.431847	0.424333	0.0517451	0.0961515	0.344848	0.351403	0.270386
ihec.chipseq.ihec-chipseq-containerv1.1.4.IHECRE00002086.1.e94dc50d-5d07-421e-95e0-6d1d792d2f56.fc.signal	0.108851	1.28287	1.36839	0.194377	0	0	0	0.71592	0.329245	0.0777507	1.60939	1.26731	0	0.132579	0.968623	0.812829	0.319473	0	0	0	0	0	0	0	0	0	0.0931073	1.16626	0.194377	0	0	0.223819	0.836176	0.0119325	0	0.662393
ihec.chipseq.ihec-chipseq-containerv1.1.4.IHECRE00000236.3.a73b7d7a-72c8-4781-91d5-38a6f8ee33c5.fc.signal	0.362011	0.407463	0.424109	0.743721	0.945186	0.449852	0	0.0121169	0.75587	1.6738	1.6438	0.856993	0.192252	0	0	0	0	0.310514	0.724024	0.530152	0.162048	0	0	0	0	0	0.674051	0.966426	0.611945	0.33779	0	0	0	0	0	0.389972
ihec.chipseq.ihec-chipseq-containerv1.1.4.IHECRE00001039.6.36c88d13-9712-4dd8-b993-ed15aa2b6721.fc.signal	0.358677	0.638889	0.587545	0.690279	0.664354	0.422755	0.380641	0.479601	0.530472	0.602315	0.333776	0	0	0.0212602	0.480164	0.546205	0.443312	0.658665	0.51263	0.119516	0.173266	0.532405	1.00856	1.42815	1.42297	0.833867	0.635823	0.907077	1.05627	0.580736	0.246973	0.36806	1.12704	1.70783	1.38478	0.37619
ihec.chipseq.ihec-chipseq-containerv1.1.4.IHECRE00003660.4.e1eb7bb8-867a-4feb-b462-21fef6641a20.fc.signal	0.484644	0.450137	0.330103	0.771904	0.885046	0.88637	0.698707	0.700381	0.732333	0.166171	1.41489	0.436729	0.146781	0.324335	0.473024	0.712205	0.405407	0.941586	0.368998	0.19168	0.450057	0.287386	0.154861	1.65681	1.13201	0.427773	1.10653	2.35483	1.66262	0.543258	0.0586567	0.174797	0.106484	0	0	0.169231
ihec.chipseq.ihec-chipseq-containerv1.1.4.IHECRE00000983.7.fbd8e9ac-18c2-44af-965b-f56cc82f5aa5.fc.signal	1.45901	0.340622	0.0422268	0.527164	1.04057	0.628763	0.432626	1.37517	0.251439	0	0	0	0.619246	0.0550033	0	0	0.968638	0.724949	0.112605	0.243124	0	0	0	0.607982	2.13396	0.71497	3.58458	0.565241	2.66771	0.940481	0	0	0.659252	0	0	0.405063
ihec.chipseq.ihec-chipseq-containerv1.1.4.IHECRE00001246.1.b67b431c-53af-4652-ab8a-679d18f8a1da.fc.signal	0.0926295	1.02569	0.0511122	0	0	0.645952	0.714231	0.204114	0.631138	0	0.183869	1.23218	1.46028	0.129163	1.16273	0.2221	0.874169	0.765922	0.136295	0	0	0	0	0.0165875	0.640089	0.381616	0.385986	0	0.378232	1.67419	0.195931	0.505519	0.178671	0.351143	0.35071	0.310044
ihec.chipseq.ihec-chipseq-containerv1.1.4.IHECRE00003837.4.2decf229-d57c-4c34-87d3-51ccee560986.fc.signal	0.29666	0.608043	0.319019	0.507562	0.214541	0.016648	0.113532	0.5201	1.13919	0.461217	0.229292	0.0993317	0.432385	0.267532	0.631904	0.759275	0.382278	0.82828	0.279888	0.51247	0.607564	0.298625	0.236662	0.320749	0.390239	0.0609094	0.334038	0.537142	0.533084	0.707408	0.185191	0.928706	0.839301	0.279168	0.265622	0.171429
ihec.chipseq.ihec-chipseq-containerv1.1.4.IHECRE00003808.1.37b1756b-c2c1-491f-92a9-59d886eac908.fc.signal	0.272883	0.1551	0.204959	0.215869	0.273176	0.313107	0.221412	0.016831	0	0.0887695	0.170525	0.301651	0.147688	0.0543515	0.0796559	0.0593469	0.119747	0.0322794	0.0772455	0.119422	0.0851995	0.203954	0.329281	0.241042	0.293241	0.211132	0.0721128	0.113387	0.230302	0.226319	0.24917	0.20882	0.197502	0.357635	0.496276	0.216981
ihec.chipseq.ihec-chipseq-containerv1.1.4.IHECRE00003400.1.2cc21aab-5f40-403e-8a83-d216d8e577c3.fc.signal	0.0867691	0.237602	0.273206	0.96469	1.50303	0.532782	2.24732	0.159411	1.77763	0.219699	0	0.15661	0.373814	0	0.876916	0.263538	0.167976	1.69107	0.417309	0.390408	0.944203	0.451063	0	0.908029	0.167544	1.5797	0.775631	0.181161	0.567219	0.721162	1.03424	0	0	0.640594	0	0.540453
ihec.chipseq.ihec-chipseq-containerv1.1.4.IHECRE00000055.3.c103ff2c-a6eb-4f1b-a426-7944eb0db1a5.fc.signal	1.34168	2.52058	1.09715	0.236553	0.0947496	0.523046	0	0	0	0	0	0.0474214	0.533856	0.0255346	0.455975	0.190885	0.947727	0.532582	0.372076	0.266289	0.999505	0.758745	0.666762	1.33688	0.749836	0.321105	0.0074102	0.407557	2.50048	0.984914	1.419	0.359091	0.672446	0.406447	1.64152	0.166667
ihec.chipseq.ihec-chipseq-containerv1.1.4.IHECRE00001956.2.e92029f9-8392-4a2c-a025-c83250d53808.fc.signal	0.304627	0.242124	0.34496	0.4266	0.845786	0.287845	0.0507251	0.159795	0.46558	0.315467	0.5511	0.0658756	0	0	0	0	0	0.156619	0.462328	0.390586	0.116608	0	0	0.227911	0.51423	0.486631	0.809686	0.683474	0.559527	0.289913	0	0.396961	0.338457	0.521234	0.0381697	0.427828
ihec.chipseq.ihec-chipseq-containerv1.1.4.IHECRE00001019.4.2ddcc9ae-acae-4c28-a3c9-fb754675b0bb.fc.signal	0.766928	0.970833	0.518659	0.451782	0.427509	0.538806	0.588783	0.474245	0.552812	0.279734	1.0085	0.551562	0.0253093	0.459567	0.752902	0.597586	0.863427	0.715149	0.388861	1.08404	0.33041	0.732533	0.329974	0.537922	0.800073	1.01129	1.10277	1.18714	1.00375	0.26417	0.298896	0.11662	0.0905805	0	0	0.597104
ihec.chipseq.ihec-chipseq-containerv1.1.4.IHECRE00000153.3.0c1e9fd4-f9cb-4533-81b3-9169355f9ccf.fc.signal	0.222288	0.211667	0.0939849	0.167019	0	0.299569	0.736736	0.841579	1.72594	0.446109	0.0453572	0.099176	0.404447	0.0107993	0	0	0.2401	0.0890427	0.110145	0.327212	0.356617	0.354308	0.261633	1.74891	2.43752	1.1908	0.824486	0.574382	0.110434	0	0.129657	0.399261	0.344734	0.237444	0.354733	0.22695
ihec.chipseq.ihec-chipseq-containerv1.1.4.IHECRE00004888.1.f9db8d06-2630-4975-9e52-9172ce2a1bd6.fc.signal	1.03937	1.49794	1.69144	2.49646	0.56253	0.468979	0.308066	0.316985	0.744852	0.704773	0.0817833	0	0	0.744728	0.422718	0.425189	0.380815	0.215782	1.58374	0.360381	0.612232	1.01585	0.0269723	0.655463	0.771254	0.476439	0.0561786	0.312033	0.714144	0.362944	0.247623	0.26166	0	0.35079	0.283316	0.382075
ihec.chipseq.ihec-chipseq-containerv1.1.4.IHECRE00001557.1.c3fce130-d988-43bb-91b1-0b9519861a75.fc.signal	0	0.190292	0.271401	0	0	0	0.277712	0.411747	0	0	0	0	0.111748	0.509087	0.191346	0.118696	0.233709	0	0	0	0	0	0.00789627	0.549215	0.314076	0.197161	0.110182	0.589637	0.438643	0	0.12648	0.207822	0.732395	0.574256	0.167579	0.272246
ihec.chipseq.ihec-chipseq-containerv1.1.4.IHECRE00000105.3.588fa6c4-23b9-45c2-be86-1680218ab6da.fc.signal	0.575207	0.126886	0.207796	0.299559	0.00770047	0.876499	0.924238	0.487109	1.23522	0.181968	0	0.180951	0.680114	1.2666	0.596401	0.290095	0.103385	0.151087	0.446416	0.228793	0.483019	1.17148	0.477547	0.555796	0.635854	0.259445	0.375893	0.540175	1.67529	2.30338	0.716575	1.27995	1.62694	0.57952	0.272902	0.196774
ihec.chipseq.ihec-chipseq-containerv1.1.4.IHECRE00001003.4.aae53ae7-440e-46f4-918f-03a4a678eccd.fc.signal	0.895029	0.902931	0.324281	0.268237	0.296611	0.0205333	0.680509	1.26099	0.603969	0.261603	0.634308	0.636362	0.365434	0.141684	0.0748873	0.0818942	0.692283	1.3384	0.757497	1.47391	0.392123	0.523452	0.464976	1.02023	0.699998	0.380586	0.999343	1.67507	1.82802	0.245317	0.235056	0.207689	0.658483	0.621985	0.455945	0.722271
ihec.chipseq.ihec-chipseq-containerv1.1.4.IHECRE00004604.3.b5ebcf48-be4a-49da-a893-8701e4421bd8.fc.signal	0.718762	0.861098	0.0401515	0	0	0.256598	0.2358	0.754954	0.474761	0.177408	0.36612	0	0	0.529269	0.717295	0.91806	0.206233	0.79201	0.2359	0.767818	0.349314	0.315737	0.921004	0.142355	0.426874	0.794918	1.07972	0.617651	0.719295	0.811018	0.58402	0.330337	0.0693525	0	0.105728	0.774194
ihec.chipseq.ihec-chipseq-containerv1.1.4.IHECRE00001335.1.7f84d3cf-3693-41bf-993f-b100bfa2fe24.fc.signal	0.121833	0.763998	0.584084	0.920545	0.749434	0.670913	0.431555	0.602901	0.617786	0.275677	0	0	0	0	0	0	0.357054	0.853413	0.233245	0	0	0.119717	0.406467	0.444142	0.392978	0.568246	0.917522	0.832938	0.73662	0.613136	0.407085	0.392331	0.374265	0.513517	0.198124	0.434389
ihec.chipseq.ihec-chipseq-containerv1.1.4.IHECRE00003821.3.43827613-54ef-409d-9a0a-96bb52b3ce7f.fc.signal	1.07747	0.0504281	0.140218	0.679777	0.733989	0.860629	0.432956	0.687282	0.562455	0.12611	0.340529	0.302115	0.283604	0.713837	0.128358	0.24264	0.517818	0.417982	1.24915	0.940985	1.23128	1.68705	1.02247	2.06236	1.51505	0.987234	1.14547	1.61423	2.33813	1.43478	1.11087	2.21328	1.57249	1.04581	1.57698	0.185185
ihec.chipseq.ihec-chipseq-containerv1.1.4.IHECRE00003805.1.24603684-f63d-4625-bec9-0424e8b7f4ba.fc.signal	0.78297	0.816161	0.727576	0.692044	0.669722	1.0281	0.415259	1.02737	1.06698	0.162222	0.167845	0.175412	0.547505	0.772581	0.162703	0.284143	0.301353	0.474316	0.540113	0.389362	0.360787	1.0151	0.664155	0.263879	0.264531	0.49272	0.576431	0.3746	0.336132	0.345288	0	0.291613	0.512477	0.300829	0.526244	0.422018
ihec.chipseq.ihec-chipseq-containerv1.1.4.IHECRE00000230.3.ca8ee125-6019-4b2e-8f95-2ea50380d6a6.fc.signal	0.883495	0.5718	0	0.753236	1.45238	0.704702	0.566329	0.542192	0.520576	0.745223	1.201	0.293528	0	0	0	0.154229	0.554847	0.994125	1.76664	1.10163	0.0712822	0.116644	0.540017	0.423373	0.032401	0.453614	0.432911	0.333059	1.13064	0.594516	0	0	0	0	0	0.568475
ihec.chipseq.ihec-chipseq-containerv1.1.4.IHECRE00000987.6.8acf33db-7deb-4ee2-849a-9a31ff1a6d2b.fc.signal	0.387966	0.348402	0.173005	0.0158048	0.476271	0.382791	0.187172	0.425114	0.362806	0.13827	0.171287	0.187451	0.873367	0.0011562	0.234152	0.281721	0.529235	0.773261	0.104423	0.140619	0	0.0800378	0.148755	0.214535	0.538203	0.686907	0.416477	0.180519	0.350964	0.127249	0	0	0	0.489117	0.596048	0.346611
ihec.chipseq.ihec-chipseq-containerv1.1.4.IHECRE00001011.4.50c7a119-8134-450c-ae37-3f0d0147e0d6.fc.signal	1.58224	0.463013	0.19978	0.533208	1.07463	0.884257	0.303726	0.6601	0.541306	0.228806	0.877998	0.970952	0.729006	0.0134987	0.126887	0.49005	1.5971	1.68483	1.34463	1.18397	0.0526456	0	0	0.405004	1.69564	1.2578	1.45671	0.706729	0.314526	0.110691	0	0	0	0.349624	0.285047	0.62123
ihec.chipseq.ihec-chipseq-containerv1.1.4.IHECRE00001006.4.6c99108e-d358-47f5-ae9f-66cd74c47173.fc.signal	0.616012	0.24086	0.17385	0.260664	0.136205	0.55058	0.759018	0.73308	0.526253	0.0694437	0.308077	0.151803	0.842721	0.650687	0.397917	0.190531	1.80067	0.763644	0.432731	0.282567	0.187301	0.503776	0.406896	0.359602	1.02602	0.534972	0.688096	0.182156	1.70329	0.405225	0.226778	0.347602	0.252922	0.0186245	0.157701	0.782152
ihec.chipseq.ihec-chipseq-containerv1.1.4.IHECRE00004713.2.dc7d36a0-32c9-47d0-9c59-4029c2bb7b08.fc.signal	0.1839	0.408128	0.981313	0.378251	0.678772	0.160616	0.167451	0.400687	0.358824	0	0	0	0.0388726	0.77489	0.605176	0.8517	0.497679	0	0	0.0311485	0.37435	0.271597	0.730592	0.310476	0.355282	0.19332	0.78864	0.322868	1.08221	0.491493	0.574138	1.01004	0.304696	1.71039	1.12785	0.420382
ihec.chipseq.ihec-chipseq-containerv1.1.4.IHECRE00004614.1.f70f08d5-c239-488a-9fd2-9ee11b8ea04b.fc.signal	0.303396	0.108681	0.0133582	0.2446	0.110072	0.301166	0.0637594	0.0778917	0.2083	0.0370691	0	0	0	0	0.0952145	0.194861	0.540956	0.589609	0.177272	0	0.440341	0.399058	0.10858	0.175058	0.287653	0.148333	0.104194	0.264603	0.0602552	0.25177	0.0070674	0	0.226616	0.222795	0.27723	0.470149
ihec.chipseq.ihec-chipseq-containerv1.1.4.IHECRE00000718.3.5e75e9ad-e9d2-4508-9566-bf664ca87cc0.fc.signal	0.664415	1.22335	0.255318	0.448189	0.391319	0.429736	0.470605	0.0041334	0	0	0	0	0	0	0	0	0.0964099	0.405441	0.430998	0.0314107	0	0	0.0704779	0.224357	0.18661	0.18174	0.381842	0.34306	0.379292	0.319036	0	0	0.126776	0.33033	0	0.364486
ihec.chipseq.ihec-chipseq-containerv1.1.4.IHECRE00001044.7.e0ba87df-93d1-418d-8f45-e1c64bd56fa6.fc.signal	0.473555	0.187379	0.0243308	0.421677	0.287367	0.295055	0.0749404	0.282079	0.46029	0.0770235	0	0.13822	0.153554	0	0.0121286	0.260469	0.0887238	0.275343	0.465304	0.473545	0.385531	0.0712583	0.140623	0.544881	0.814903	0.654867	0.453835	0.291453	0.302492	0.666559	0.113206	0.257401	0.634711	0.357539	0.57161	0.136298
ihec.chipseq.ihec-chipseq-containerv1.1.4.IHECRE00001893.4.4164b172-b072-474a-8b05-6452f6b50d11.fc.signal	0	0.113131	0.492629	0.0914263	0.332486	0.212737	0.476361	0	0	0.301196	0.44206	0.554614	0.11031	0.266879	0.220307	0.404388	0.14059	0.69862	0.501173	1.16639	0.581204	0	0.0122677	0.412208	0.113563	0	0	0.0551345	0.349957	0.0285073	0	0	0	0	0.161487	0.713415
ihec.chipseq.ihec-chipseq-containerv1.1.4.IHECRE00001306.1.5b385507-1210-4ce0-bdfa-47de98de2809.fc.signal	0.317408	0.259651	0.282314	0.115635	0	0.229541	0.232964	0	0	0	0	0	0	0	0	0	0	0	0.22799	0.123761	0	0	0	0	0	0	0.101736	0.49731	0.750964	0.36359	0	0.238185	0.442551	0.325366	0.295962	0.190332
ihec.chipseq.ihec-chipseq-containerv1.1.4.IHECRE00000964.7.d2d5e859-5f7e-4ba2-9ab4-45b7bd789552.fc.signal	0.199196	0.74185	0.243942	0	0.465064	0.925387	0.654948	1.7506	1.08255	0	0.685038	1.24972	0.502846	0.0776347	0	0.172477	0.414449	0.784922	0.71332	0.517032	0.090225	0	0.658846	0.681636	0.0064736	0	0.137282	0.309177	0.0640807	0.302816	0.396793	0.112118	0	0.339577	0.45745	0.830986
ihec.chipseq.ihec-chipseq-containerv1.1.4.IHECRE00000225.3.dc192ce6-d2cc-4825-bd44-c239ac36948f.fc.signal	0.270402	0.210313	0	0	0	0	0	0.021208	0.50369	0.235055	0	0	0	0.42416	0.335793	0	0.082954	0.5302	0.136085	0	0	0	0.387046	0.372907	0.236823	0.489551	0.0335793	0	0.281006	0.475413	0.068926	0.5302	0.164362	0.146689	0.471003	0.525
ihec.chipseq.ihec-chipseq-containerv1.1.4.IHECRE00001904.1.0acd5931-0b73-476b-8e24-3d3f33e51c4f.fc.signal	0.937903	0.435662	0.0828516	0.165239	0.124129	0.292855	0.0874035	0.0647628	0.14422	0	0	0	0	0	0.477531	0.225061	0.0149556	0	0.133957	0.230701	0.661094	0.268006	0.49581	1.30976	0.909217	0.0600284	0.643732	0.443618	0.908281	0.503139	0.737087	0.0818835	0.972962	0.67531	0.104005	0.548077
ihec.chipseq.ihec-chipseq-containerv1.1.4.IHECRE00003715.2.77d0951a-133c-4686-8405-aa8093c5992e.fc.signal	1.39792	0.381459	0.32121	1.50524	1.95986	0.751839	0.790341	0.913271	0.497757	0.773509	0.207159	0.80915	2.13535	0.806347	0.741098	0.61724	0.913732	2.2612	2.24256	3.15768	2.56958	0.950404	0.803642	0.447724	0.748104	0.627483	0.781306	0.631884	0.0083406	0	0	0.116091	0.480943	0.741513	0.930243	0.397163
ihec.chipseq.ihec-chipseq-containerv1.1.4.IHECRE00004641.3.6bdfceff-da00-46c6-af8d-4738c1100d68.fc.signal	1.2119	1.60613	1.41129	1.00161	1.33248	1.70069	1.08516	1.0963	0.285525	0.197762	0.833941	0.434743	0.721221	0.949247	0.780775	0.279149	0.283361	0.895126	0.838232	1.84395	1.65618	1.73063	1.74932	1.26701	0.7698	1.22058	1.15445	1.48773	1.10005	0.63425	0.298167	0.259353	0.133818	0.214101	0.92466	0.589404
ihec.chipseq.ihec-chipseq-containerv1.1.4.IHECRE00004607.2.e413ffcf-e079-4615-8c2e-2d70941b24fa.fc.signal	0	0.229114	0.134189	0.880392	0.171406	0.536328	0.479397	0.287922	0.159395	0.245029	0.514204	0.0174139	0	0	0.139434	0.31376	0.641307	1.07882	0.643885	0.201146	0.0107163	0	0	0.449261	0.684784	0.283534	0.480926	0.432449	0.613996	0.119177	0.791661	0.559308	0.733508	0.178099	0	0.407821
ihec.chipseq.ihec-chipseq-containerv1.1.4.IHECRE00002058.1.1ab14ae8-0dbb-450f-8b35-57be9ec93c65.fc.signal	0.964868	0.407044	0.522859	0.378965	0.942343	0.430265	0.235857	0.461338	0.0805295	0.119184	0.438082	0.0607543	0	0.116861	0.432046	0.37623	0.622826	0.744046	0.518958	0.227291	0.324962	0.49584	0.537736	0.840048	1.05226	0.472876	1.46507	0.782144	0.253183	0.158497	0.139735	0.798641	0.41625	0.159028	0.265383	0.690476
ihec.chipseq.ihec-chipseq-containerv1.1.4.IHECRE00000231.3.884166bc-f176-439f-ae9a-24aaf283ecaf.fc.signal	0	0	0	0	0	0.485445	1.23754	0.266703	0	0.304501	0.27651	0	0	0	0	0	0.153784	0.386668	0.122745	0	0	0	0	0	0	0	0	0	0	0	0	0	0	0	0	0.430189
ihec.chipseq.ihec-chipseq-containerv1.1.4.IHECRE00003695.3.bdb135f7-e7e7-45ee-919a-f8d9bc37c43a.fc.signal	0.176273	0.106299	0.114085	0.264191	0.0875802	0.133658	0.447065	0.0196735	0.10738	0.413752	0.0699445	0	0	0.0659488	0.613673	0.428582	0.0190567	0	0.0964391	0.299368	0.437214	0.541969	0.493192	0.249282	0.231726	0.0901184	0	0	0	0.00475867	0.257023	0.0225516	0.00469293	0.325664	0.419787	0.228571
ihec.chipseq.ihec-chipseq-containerv1.1.4.IHECRE00001471.1.ec8a676e-9e5b-4b67-aeab-fd46162c4925.fc.signal	1.8986	0.267458	0.330811	0.461964	1.44462	1.84113	2.02622	0.682585	0.224061	2.76104	1.5147	1.13333	0.115101	1.48396	0.896533	0	0	1.28315	1.96415	0.949445	0.37469	0	0.355869	0.144619	0.66334	0	0.975999	2.27323	1.0948	0.0989449	1.38981	0.923928	0.0704688	0.260805	1.7368	0.229814
ihec.chipseq.ihec-chipseq-containerv1.1.4.IHECRE00003825.5.da4bf662-fef1-4043-a7b2-c71c32b5538b.fc.signal	0.0720194	0.476357	0.442171	0.696005	0.454205	0.628075	0.27544	0.105059	0.368942	0.0101078	0.214795	0.164255	0.466275	0.291882	0.237569	0.899757	0.236826	0.633281	0.355081	0.512977	0.559801	1.2801	0.0551319	0.260472	1.10342	0.356651	0.798661	1.09942	0.516787	0.193311	1.12089	1.27379	0.534468	1.16007	0.774793	0.385694
ihec.chipseq.ihec-chipseq-containerv1.1.4.IHECRE00001482.1.8c4244d0-5361-46da-a0c9-f79a1df913da.fc.signal	0.605463	0.277717	0.60743	0.154287	0.422291	0.464818	0	0.125442	0.228929	0	0	0.041468	0.481033	0.171477	0.182174	0.124274	0.12625	0.651482	0.251824	0.332815	0.0246216	0.0378391	0.364259	0.494944	0.440188	0.394223	0.231268	0.029157	0.765078	0.454614	0.205307	0.889813	0.694885	0.0171057	0.679446	0.232653
ihec.chipseq.ihec-chipseq-containerv1.1.4.IHECRE00000277.2.3a939b8c-d3c6-4c38-aca2-ff9bdbaa645d.fc.signal	0.249545	0.224328	0.0721932	0	0.0566533	0.121808	0	0.374303	1.01892	0	0	0	0	0	0	0	0.269638	0.473426	0.267851	0.424241	0.320467	0	0	0	0.152785	0.329382	0	0	0.239799	0.266055	0	0	0	0.289528	0.299007	0.274092
ihec.chipseq.ihec-chipseq-containerv1.1.4.IHECRE00000330.2.99988f24-e828-40c1-95dd-f8807babb062.fc.signal	0.392271	0.0305056	0.0360265	1.10041	0.828287	0.225622	0.214213	0.219963	0.399937	0.351002	0.692709	0.433309	0.376136	0.0273617	0.00684033	0.209515	0.308498	0.525133	0.226632	0.581711	0.814895	0.326535	0.00957647	0	0.543776	0.745508	0.35665	1.30389	0.745626	0.293587	0.0862781	0.179123	0.183579	0.042148	0	0.149038
