	chr17:55044589-55044738	chr17:55044739-55044888	chr17:55044889-55045038	chr17:55045039-55045188	chr17:55045189-55045338	chr17:55045339-55045488	chr17:55045489-55045638	chr17:55045639-55045788	chr17:55045789-55045938	chr17:55045939-55046088	chr17:55046089-55046238	chr17:55046239-55046388	chr17:55046389-55046538	chr17:55046539-55046688	chr17:55046689-55046838	chr17:55046839-55046988	chr17:55046989-55047138	chr17:55047139-55047288	chr17:55047289-55047438	chr17:55047439-55047588	chr17:55047589-55047738	chr17:55047739-55047888	chr17:55047889-55048038	chr17:55048039-55048188	chr17:55048189-55048338	chr17:55048339-55048488	chr17:55048489-55048638	chr17:55048639-55048788	chr17:55048789-55048938	chr17:55048939-55049088	chr17:55049089-55049238	chr17:55049239-55049388	chr17:55049389-55049538	chr17:55049539-55049654	Expression
ihec.chipseq.ihec-chipseq-containerv1.1.4.IHECRE00001375.1.3bc522e1-a1c6-492a-9fb9-e63c8afd2709.fc.signal	0.0715349	0.158543	0.242183	0.00707	0	0	0	0	0	0.139701	0.188912	0	0	0.0053732	0.25818	0.0703867	0.0371154	0.250105	0.394937	0.280551	0.0065762	0.33004	0.268418	0.368384	0.554979	0.255389	0.203855	0.386661	0.147475	0.361855	0.682347	0.391798	0.0300888	0.00347397	0.313725
ihec.chipseq.ihec-chipseq-containerv1.1.4.IHECRE00001961.2.993ec17f-4277-433d-a284-3906706ac1fe.fc.signal	0.435823	0.107589	0	0	0	0	0	0	0	0	0	0	0	0	0	0	0.336215	0.448287	0	0	0	0.206212	1.01763	1.30003	0.614153	0	0.587256	0.197246	0	0.941395	0.627597	0	0	0	0.281081
ihec.chipseq.ihec-chipseq-containerv1.1.4.IHECRE00003816.1.4569d4d8-c896-418a-b870-e7afcf72b7d3.fc.signal	0.207605	0.382958	0.535637	0.380638	0.332209	0.122509	0.223997	0.687395	0.763048	0.715178	0.58107	0.534273	0.225291	0.512031	0.512509	0.409854	0.186046	0.0730075	0.631703	0.652323	0.135966	0.652595	0.93998	0.813448	0.605614	0.639555	0.124859	0.188527	0	0.538416	0.408087	0.143916	0.268517	0.403851	0.114035
ihec.chipseq.ihec-chipseq-containerv1.1.4.IHECRE00000242.3.009dbb10-d8f5-4bd5-9bc6-e0cf283ece54.fc.signal	0	0	0	0	0	0	0	0	0	0	0	0	0	0	0	0	0	0	0	0	0	0	0	0	0	0	0	0	0	0	0	0	0	0	0.462312
ihec.chipseq.ihec-chipseq-containerv1.1.4.IHECRE00000949.6.4e9958ba-8dfc-4908-9654-b8c3286ec999.fc.signal	0	0	0	0	0	0	0.0754634	0.427294	0	0	0	0	0.377034	0.393555	0	0.057504	0.816938	0	0	0	0	0.137211	0.189766	0.309071	0.33807	0.103774	0.456142	0.09584	0.0453392	0.795848	0.0335454	0	0	0	0.745527
ihec.chipseq.ihec-chipseq-containerv1.1.4.IHECRE00003680.3.ef220820-5419-4b81-b030-ce292c6089b7.fc.signal	1.15063	1.24025	0.686194	1.53141	1.45753	0.770636	1.07561	1.59198	1.28983	0.511153	0.369317	0.687241	0.656627	0.11395	0.998635	0.556277	0.504705	0.346415	0.878387	0.753086	0.892415	0.471904	0.258301	0.161705	0.522197	0.821299	0.91751	0.683864	1.24996	1.48317	0.703802	1.33133	1.5004	1.54206	0.357143
ihec.chipseq.ihec-chipseq-containerv1.1.4.IHECRE00000053.3.6cb1979d-a688-443a-a34f-9028034c29a9.fc.signal	0.460341	0	0	0	0.139032	0.905193	0.342306	0.371036	0.697359	1.09679	0.867518	0.175286	0	0.79804	1.39365	0.809206	0.475108	0.270564	1.15561	0.747274	0.421722	0.504372	0.520241	0.790466	0.587474	0.118891	0.0572284	0.495757	0.488137	0.448109	0.163781	0.151636	0.834965	0.91659	0.208696
ihec.chipseq.ihec-chipseq-containerv1.1.4.IHECRE00000943.7.b97e43e6-4dfc-4f07-88bb-76ebefe1ddac.fc.signal	0.469537	0	0.152819	0	0.216299	0.044807	0.238959	0.360456	0.22024	0.0246605	0.875053	0.354031	0.0850379	0	0.104195	0.277857	0.375498	0.138929	0.416764	0.162983	0.058032	0.251461	0.297298	0.789408	0.305954	0.0180605	0.134759	0.152819	0.083356	0.41397	0.113922	0	0	0	0.401747
ihec.chipseq.ihec-chipseq-containerv1.1.4.IHECRE00001959.2.50a44db1-655c-4546-8036-e7b247f25f5a.fc.signal	0.427225	0	0	0.0737599	0.134266	0	0	0.779576	0.331789	0.133463	0.212301	0.184544	0	0.0311372	0.246444	0.167578	0.211301	0.160186	0	0	0	0.4674	0.670297	0.368088	0.486288	0.368706	0.0459356	0.251947	0	0.142147	0.0186923	0	0	0	0.272152
ihec.chipseq.ihec-chipseq-containerv1.1.4.IHECRE00000315.2.cbd9af2b-c3c4-4f68-a646-ded8b3575bf4.fc.signal	0.246486	0.981901	1.19495	0.227788	0.0145511	0.293743	0.44976	0.580274	0.551566	0.67411	0.611387	0.358501	0.005963	0.417282	0.821733	0.917373	0.484169	0.268504	0.299217	0.636868	0.121781	0	0.0707203	0.566443	0.696229	0.952825	0.267923	0.991455	2.00505	1.48275	0.854055	0.663701	0.227361	0.494463	0.64557
ihec.chipseq.ihec-chipseq-containerv1.1.4.IHECRE00002076.1.d82f15eb-8d9c-43cf-9741-0ee88b2ded27.fc.signal	0.757915	0.466194	0.261448	0.251603	0.159228	0	0	0.249496	0.56055	0.128959	0.640131	0.542856	0.574825	0.312144	0.745544	0.366146	0.964109	0.497497	0.314302	0.261328	0.0968325	0.67393	0.916139	0.666725	0.531817	0.259706	0.159019	0.236969	0.131737	1.1047	0.461728	0.255835	0.354971	0.377161	0.343137
ihec.chipseq.ihec-chipseq-containerv1.1.4.IHECRE00001997.1.9ddbde16-a8c7-4357-85a1-25b734b0a68e.fc.signal	0.547779	0.951174	0.713757	1.07468	0.460119	0.558099	0.747834	0.571701	0.518971	0.824036	0.937824	0.40905	0.392388	0.473902	0.335537	0.562277	0.598481	0.413141	0.725765	0.8284	1.23906	1.29387	0.592306	0.452664	0.531296	0.615019	0.889121	0.579815	0.664579	1.14197	0.832905	0.251589	0.287343	0.402284	0.295238
ihec.chipseq.ihec-chipseq-containerv1.1.4.IHECRE00003806.1.047c2416-3a22-4cd4-965c-493225f5ed12.fc.signal	0.38845	0.44704	0.252995	0.874324	0.198853	0.0207429	0.511536	0.66994	0.439171	0.378793	0.526338	0.164331	0.387173	0.598474	0.37382	0.322425	0.0032432	0	0	0.0500015	0.264414	0.114722	0.612787	0.75356	0.0512653	0.128713	0.245161	0.720044	0.686445	0.592413	0.559018	0.59309	0.633567	1.22471	0.559524
ihec.chipseq.ihec-chipseq-containerv1.1.4.IHECRE00001002.4.9865a077-d036-4354-ba4b-3498c98e7bc1.fc.signal	0.397515	0	0	0	0	0	0	0	0.277324	0.11886	0.185387	0.196889	0.0140639	0	0	0.131689	0.09589	0.168766	0	0	0.0920172	0.407703	0.244149	0.823134	0.215994	0.0664837	0.131689	0	0	0	0	0	0	0	0.443243
ihec.chipseq.ihec-chipseq-containerv1.1.4.IHECRE00003826.4.87afad01-d436-4b9f-ad87-b00cd4a79273.fc.signal	0.702333	0.23958	0.604148	0.553409	0.478052	0.52509	0.856527	1.06889	0.511933	0.456147	0.428349	0.686384	0.3425	0.862005	0.872931	0.70778	0.459488	0.146793	0.200751	0.969364	1.42421	0.660671	0.813879	1.54568	1.04686	1.03952	0.343517	0.368629	0.698201	0.432421	0.2891	0.143662	0.437056	1.37042	0.916201
ihec.chipseq.ihec-chipseq-containerv1.1.4.IHECRE00000194.3.1917ab06-c482-4280-95d3-df299df1fb8d.fc.signal	0.332011	0.282142	0.335077	1.17375	1.05532	0.69205	0.589737	0.141444	1.48351	2.32752	1.39436	0.682349	1.00872	0.25021	0	0	0.212318	0.523997	0.447638	0.255733	0.0317568	0.531099	0.126661	0	0.396972	0.152402	0	0	0.687542	1.10168	0.539749	1.16868	1.67314	0	0.644628
ihec.chipseq.ihec-chipseq-containerv1.1.4.IHECRE00000240.3.9179d535-0d76-4d04-b0d0-678ad03f04b2.fc.signal	0	0.0258973	0.694041	0.44543	0	0	0.0958201	0.717348	0.352201	0	0	0	0	0	0	0	0	0	0	0	0	0	0	0	0	0	0	0	0	0	0	0	0	0	0.542105
ihec.chipseq.ihec-chipseq-containerv1.1.4.IHECRE00001235.5.85b1d8ad-328c-45c6-9e3b-50e5e5e241e1.fc.signal	0.0753567	0	0.045214	0.265255	0.0210999	0	0.170306	0.161263	0	0	0	0	0	0	0	0	0.165785	0.165785	0	0	0	0	0	0.165785	0.165785	0	0	0	0	0	0	0	0	0	0.504065
ihec.chipseq.ihec-chipseq-containerv1.1.4.IHECRE00000188.3.aa79dbf5-f75e-4ba3-9aec-59cbc9a2028b.fc.signal	0.266952	0.52171	0.139685	0.0479316	0.465753	0.740995	0.526682	0	0.533393	0.357804	0.756318	0.223027	0	0	0	0.348597	0.325601	0.448217	0.374651	0.27872	0.622173	0.562993	0.664801	1.54905	0.731534	0.0545451	0.11149	0.859161	0.344837	0.361309	0.36985	0.102449	0.685785	0.209755	0.466216
ihec.chipseq.ihec-chipseq-containerv1.1.4.IHECRE00002005.1.3f273eb1-d109-4260-952a-5ac2e044448b.fc.signal	0.0489917	0.347094	1.00227	0.258741	0.287684	0.715351	0.289568	0.213709	0.564864	0.607158	0.352652	0.716418	0.25565	0	0.023516	1.17339	0.980973	0.238154	1.40054	0.703386	0.078388	0.704395	0.352657	0.403639	0.528249	0.496545	0.30666	0.499014	0.420734	0.669166	0.763861	0.104517	0	0	0.354545
ihec.chipseq.ihec-chipseq-containerv1.1.4.IHECRE00001050.8.8c536fb3-0ded-452e-bfa9-602b72d66c00.fc.signal	0.270353	0	0.601505	0.635301	0	0.042425	0.602896	0.69575	0	0	0.264492	0	0	0	0	0.169419	0.188373	0.358387	0.396114	0.296915	0.894729	0.889244	0	0.691551	0.129523	0.192226	0.166161	0	0	0.855098	0.210323	1.07498	0.336473	0.0884734	0.536842
ihec.chipseq.ihec-chipseq-containerv1.1.4.IHECRE00000014.2.9c3ec4b2-7073-4306-8028-2374ba66f5d2.fc.signal	0	0	0	0.334363	0.185499	0.190948	0.290674	0	0.0918316	0.483226	0	0	0	0.348518	0.600021	0.377321	0.267312	0.863785	0.45469	0.120805	0.59368	0.883052	0.628373	0.256989	1.79298	0.636909	1.03864	1.29238	0.347974	0.450725	0	1.80241	1.3471	0	0.581921
ihec.chipseq.ihec-chipseq-containerv1.1.4.IHECRE00001888.4.445e6e0a-1317-4ac0-8603-79bdacbbaeb7.fc.signal	0	0	0	0	0	0	0	0	0	0.196983	1.03792	0	0	0	0	0.989013	0.571414	0.812529	0	0	0	0	0.791028	0.573359	0	0	0	0.2432	1.0944	0.879255	0.39945	0	0	0.0524138	0.26699
ihec.chipseq.ihec-chipseq-containerv1.1.4.IHECRE00003835.4.223aa04f-e316-48e4-abf6-e6d88a4e9390.fc.signal	0.412535	0.401525	0.281189	0.113024	0.248942	0	0.142775	0.247722	0.445661	0.421031	0.40331	0.12107	0.207366	0.00351067	0.313244	0.0158643	0.280669	0.339244	0.756756	0.0878668	0.32587	0.626112	0.425901	0.384995	0.615226	1.22685	1.05081	0.136541	1.89906	0.901889	0.607177	0.933651	0.374683	0.634442	0.567123
ihec.chipseq.ihec-chipseq-containerv1.1.4.IHECRE00004681.3.e25da2b0-3beb-48b5-b4cb-d2ae704a33b2.fc.signal	0.659588	0.347	0.917047	0.700664	0.842303	0.530165	0.315485	0.510976	0.806532	0.938005	0.767204	0.823804	0.935012	1.61344	1.95754	0.967338	0.794635	0.153315	1.19611	1.25459	0.889959	0.556694	0.87572	1.24682	0.925969	1.51287	1.11027	1.05589	2.03612	1.95783	1.70629	1.42036	1.45695	1.40591	0.413265
ihec.chipseq.ihec-chipseq-containerv1.1.4.IHECRE00003828.3.7fe9234c-b18e-418e-a5fa-41324c8b4b69.fc.signal	0.56549	0.369745	0.376941	0.72667	0.00143867	0.0143867	0.39233	0.0157387	0.309519	0.105918	0.198019	0.2757	0.25033	0.126603	0	0	0	0.211489	0.389887	0.587072	0.221559	0.309801	0.535483	1.08097	1.13773	0.693367	0.258965	0.0733729	0.597141	0.192786	0	0.355417	0.292098	0.0465086	0.419048
ihec.chipseq.ihec-chipseq-containerv1.1.4.IHECRE00003686.3.05f731d1-35d3-4327-ad52-34ab22707910.fc.signal	0.0830251	0	0	0.715878	0.572657	0	0.274848	0.154602	0	0.0615531	0.339263	0.425161	0.220446	0.178933	0.0629845	0	0	0.110838	0.288773	0.0128832	0.400819	0.223314	0.562656	0.363	0.455165	0.0143149	0	0.380778	0.685807	0.493942	0.478224	0.108791	0	0.255447	0.46875
ihec.chipseq.ihec-chipseq-containerv1.1.4.IHECRE00003829.4.503bd71c-74cb-4096-8a07-526831cc1c01.fc.signal	0.585156	0.0536497	0	0.145977	0.254524	0.323146	0.250781	0.475361	0.571431	0.337832	0.600061	0.102573	0	0	0.150968	0.153463	0.287916	0.377464	0.348288	0.454151	0.580165	0.492828	0.288212	0.591394	0.832194	0.495325	0.0249533	1.21399	0.88959	1.33252	1.60451	0.72365	0	0	0.35022
ihec.chipseq.ihec-chipseq-containerv1.1.4.IHECRE00000665.1.c28d3943-9234-4917-b4a0-88d70eac42fc.fc.signal	0.0865295	0.137405	0.234122	0.217635	0.336864	0.3692	0.396065	0.414996	0.259106	0.566377	0.731769	0.696189	0.342194	0.411364	0.6292	0.600823	0.193079	0	0.0520989	0.261828	0.342888	0.36188	0.304181	0.256435	0.65651	0.772842	0.78881	0.671523	0.424192	0.634303	0.519199	0.553453	0.330624	0.366893	0.504373
ihec.chipseq.ihec-chipseq-containerv1.1.4.IHECRE00001891.4.285674ca-2d37-4ac8-859e-29db1bf824d3.fc.signal	0.967276	0.60856	0.541767	0	0.686809	0.294461	0.0309373	0.83246	0.553414	0.754058	0	0.492375	0.194382	0.818894	0.501294	0.192188	0.319377	0.674399	0.114059	0	0	0	0.838626	1.37301	1.52893	1.81015	0	0	0	0.909347	2.10989	0.192958	1.4992	0.786931	0.338374
ihec.chipseq.ihec-chipseq-containerv1.1.4.IHECRE00000099.3.ee9d747c-d2cf-48da-a02d-0b93659fe659.fc.signal	0	0.267258	0.778635	0	0	0	0	0	0	0	0	1.07697	0.88399	0	0	0	0	0.413661	0.927309	0.126995	0	0.285557	0.674609	0.26533	0.668394	2.05042	1.35921	0.91444	0.585426	0.487069	0.480088	0.437343	0.525716	0	0.40991
ihec.chipseq.ihec-chipseq-containerv1.1.4.IHECRE00003696.3.56ed3fdb-46a9-4765-a249-372860e042b1.fc.signal	0.216342	0	0.0510242	0.23469	0	0.279616	0.148403	0.098036	0.0620651	0	0	0	0	0	0	0	0.0505551	0.170465	0.0663303	0.123479	0.467381	0.00102047	0.0619808	0.468234	0.0526545	0.146525	0.395453	0.254548	0.0229278	0	0.0439721	0.117093	0.619065	0.323287	0.591463
ihec.chipseq.ihec-chipseq-containerv1.1.4.IHECRE00000229.3.85a03a8e-2650-44c0-bf53-1db912cf1fd2.fc.signal	0	0	0	0	0	0	0	0	0	0	0	0	0	0	0	0	0	0	0	0	0	0	0	0	0	0	0	0	0	0	0	0	0	0	0.775701
ihec.chipseq.ihec-chipseq-containerv1.1.4.IHECRE00001851.4.88e0b9dc-6b08-443f-bb12-a02db4d96a2b.fc.signal	0.477306	0.419222	0.343981	0.401597	1.05687	0.239194	0.442068	0.215187	0.176023	0	0.00488333	0.331212	0.219195	0.266045	0.748702	0.406425	0.357218	0.251697	0	0.171991	0.0531345	0.655347	0.531543	0.34583	0.62819	0.538849	0.104276	0.0772791	0.363523	0.337777	0.711667	0.883644	0.275966	0.383672	0.435443
ihec.chipseq.ihec-chipseq-containerv1.1.4.IHECRE00000270.2.61da4f23-1b17-4140-818d-1866ebdfc324.fc.signal	0.678688	0.481832	0.525595	0.670713	1.37174	0.44842	0.321265	0.0582827	1.11754	0.457711	0	0.176884	1.39748	0.924653	0	0.389277	1.21429	1.41059	0.927546	0.856195	1.29499	1.06939	0.423703	0.812426	0.477274	1.28825	0.601358	0.840801	0.279187	1.05278	0.932356	0.536079	0.656166	0.515172	0.457447
ihec.chipseq.ihec-chipseq-containerv1.1.4.IHECRE00003694.3.c78458e5-ee0b-451a-90f1-dbb574d13e13.fc.signal	0.349835	0.323192	0.448652	0.268456	0.165743	0.24231	0.148293	0.0450678	0.12794	0.197242	0.110711	0.0249856	0.141024	0.353682	0.202556	0.009692	0.0101766	0.34063	0.597916	0.4787	0.677879	0.729108	0.457443	0.365677	0.404668	0.296067	0.254898	0.494209	0.334325	0.273793	0.224363	0.347244	0.580853	0.429802	0.469534
ihec.chipseq.ihec-chipseq-containerv1.1.4.IHECRE00001955.3.409dbfeb-ff68-4d68-8254-ea0d0437a94c.fc.signal	0.244799	0.00297833	0.0366019	0.188831	0.210759	0.420091	0.134031	0.216448	0.264616	0.0412267	0.0973171	0.292109	0.41166	0.309283	0.186995	0.217028	0.0830671	0.26957	0.357542	0.0674001	0	0.0556761	0.457799	0.108838	0.216255	0.281125	0.43051	0.773354	0.497606	0.300875	0.364567	0.61897	0.367887	0.607493	0.396226
ihec.chipseq.ihec-chipseq-containerv1.1.4.IHECRE00003836.3.e37d93da-dc33-42a2-aab6-afc4ccdb4a46.fc.signal	0.124575	0	0	0.237333	0.487392	0.221585	0.327293	0.708236	1.19755	0.784865	0.430439	0.818476	0.813582	0.639561	0.649812	0.507892	0.36594	0.575853	0.676455	0.312435	0.242765	0.347072	0.389678	0.172887	0.382059	0.888445	0.320948	0.111174	0.116693	0.123789	0.476879	0.638607	0.315269	0.330275	0.369748
ihec.chipseq.ihec-chipseq-containerv1.1.4.IHECRE00003690.3.6941f4c2-9444-41d7-82bb-38a8112f3f75.fc.signal	0.568954	0.392212	0.334333	0.295305	0.545332	0.653187	0.650063	0.660385	0.742009	1.00682	0.619088	0.565857	0.40515	0.140079	0.291448	0.411173	0.366343	0.516773	0.576961	0.263657	0.176235	0.342085	0.266108	0.184493	0.47854	0.46095	0.298324	0.409786	0.445114	0.533878	0.699462	1.2108	0.901754	0.500488	0.363344
ihec.chipseq.ihec-chipseq-containerv1.1.4.IHECRE00003693.3.c56a1926-3d2b-458d-9800-4140f38e79d1.fc.signal	0.0014846	0.167752	0.272654	0.0880844	0.156371	0.285523	0.225287	0.0818639	0.371593	0.287547	0.0113819	0.18804	0.272654	0.0361246	0	0	0	0.0707637	0.266236	0.388039	0.420717	0.322687	0.348279	0.304882	0.411414	0.504841	0.479606	0.51177	0.504347	0.633501	0.49445	0.564716	0.891309	0.572152	0.422078
ihec.chipseq.ihec-chipseq-containerv1.1.4.IHECRE00001852.4.51e98f97-6119-4df6-b770-df4f0c759ed4.fc.signal	0.340694	0.526793	0.85328	0.66721	0.592428	0.385293	0.383587	0.566674	0.930003	0.751407	0.891341	0.838895	0.634094	0.426842	0.676911	0.701495	0.611438	0.468154	0.550138	0.650076	0.544987	0.634378	0.677021	1.02322	0.668868	0.610846	0.535791	0.707242	0.823326	0.642521	0.579838	0.745	0.661487	0.41599	0.182952
ihec.chipseq.ihec-chipseq-containerv1.1.4.IHECRE00001315.1.dd7c5865-ee3d-478d-bdf1-8e360085ebad.fc.signal	0	0	0.0715651	0.228776	0.229225	0.152996	0.153816	0.529803	0.205636	0	0.285503	0.133442	0.0202421	0.537243	0.149704	0.118616	0.442717	0	0	0.298966	0.419092	0.746374	0.845896	0.139812	1.75467	1.03574	0.209348	0	0	0.133694	0.671957	0.390951	0.90924	0.423483	0.463576
ihec.chipseq.ihec-chipseq-containerv1.1.4.IHECRE00000709.3.5c2b1045-c5b9-4ce2-a975-1bba53717c39.fc.signal	0.441521	0.873341	0.337123	0.510027	0.429056	0.418376	0.0265536	0	0.301405	0.3537	0.700483	0.701772	0.189668	0.0906757	0.121923	0.230192	0.154795	0.411693	0.852103	0.681351	0.110022	0.747363	0.672905	0.528406	0.525431	0.449956	0.391851	0.387904	0.0529792	0	0.296048	0.259781	0.512562	0.842734	0.557994
ihec.chipseq.ihec-chipseq-containerv1.1.4.IHECRE00001973.1.eb6b8116-681b-4ebd-8a3a-5c8e0b38a2a8.fc.signal	0.736849	0.680844	0.573801	0.437343	0.454641	0.208894	0	0	0	0.265943	0.831522	0.212004	0.450229	0.106099	0	0.435721	0.690166	0	0	0.376697	1.07212	0.855629	0.390513	0.778983	0.887269	0.866114	0.752676	1.08734	1.22331	1.89604	0.202808	0.0179964	1.18432	0.570616	0.330508
ihec.chipseq.ihec-chipseq-containerv1.1.4.IHECRE00000321.2.958c3b4f-844d-4f79-97b0-c208d576e212.fc.signal	0.302455	1.40127	0.417836	0.559826	0.972948	3.32267	1.45578	0.337599	0.729533	0.606579	0.252616	0	0.338702	0.164682	0.438837	0	0	0	0	0.725054	1.55795	1.74559	1.68748	0.51611	0	0.0429572	0.931335	0.836189	0.326642	0.545792	0.566268	1.25007	1.57019	0.0597902	0.474576
ihec.chipseq.ihec-chipseq-containerv1.1.4.IHECRE00003685.2.c2e20b49-142e-4797-9eba-5be0eab06323.fc.signal	0	0	0	0	0	0	0.394167	0.632243	0.526607	0.338983	0	0	0	0	0	0	0	0.149313	0.215986	0	0.0126133	0.409933	0.09933	0.953889	1.15728	0.271524	0.434266	0.687644	0.632243	0.460387	0.138747	0.294837	1.07687	1.28445	0.394649
ihec.chipseq.ihec-chipseq-containerv1.1.4.IHECRE00003838.5.b61c4709-ddec-4f74-8351-f61eb4c7615d.fc.signal	0.558077	0.631937	1.03501	0.926009	0.50486	0.431013	0.612578	0.820708	0.347933	0.48258	1.1367	1.21052	0.729936	0.588321	0.878792	0.670628	0.0411647	0.253039	0.100491	0.388733	0.27957	0.729431	1.45449	0.866204	1.30132	1.04491	0.965344	0.352045	0.169242	0.305428	1.0158	0.769838	0.726278	0.640236	0.585034
ihec.chipseq.ihec-chipseq-containerv1.1.4.IHECRE00001854.4.06d474fe-8a5b-49c2-81ef-b754d64a93d0.fc.signal	0.53384	0.575995	1.01111	0.726878	1.08858	0.787611	0.381546	0.556334	0.632898	0.414267	1.02348	0.635118	0.427338	0.731534	0.559586	0.549727	0.784737	0.449593	0.635911	0.815047	1.12234	1.10001	1.24785	0.887202	0.62045	0.917181	0.795502	0.375598	0.876168	0.574959	0.706128	0.655101	0.851545	0.789613	0.131944
ihec.chipseq.ihec-chipseq-containerv1.1.4.IHECRE00000228.3.733171c1-b776-4277-a4e8-9b25e6d08804.fc.signal	0	0	0	0	0	0	0	0.132468	0.264894	0.19106	0.0484019	0	0	0	0	0	0	0	0	0	0	0	0	0	0	0	0	0	0	0	0	0	0	0	0.536765
ihec.chipseq.ihec-chipseq-containerv1.1.4.IHECRE00000332.2.10f5266d-441b-4d93-a883-d970677b92f6.fc.signal	0.265592	0.358358	0	0	0	0.268467	0.119718	0.227985	0.173328	0.320255	0.393111	0.264541	0.155596	0	0.153101	0.0345926	0	0	0	0.188124	0.235503	0	0.145593	0.413385	0.385679	0.0921158	0.116666	0.673299	0.0714695	0.366336	0.486644	0.28439	0.16624	0.967164	0.38843
ihec.chipseq.ihec-chipseq-containerv1.1.4.IHECRE00002063.1.43d53f41-e4a2-4421-b86f-0d0bce6de71d.fc.signal	0.548622	0.476823	0.473147	0.286807	0.485084	0.3753	0.351175	0.510677	0.577694	0.754532	0.653232	0.635122	0.163665	0.142931	0.181178	0.319771	0.576375	0.427113	0.338262	0.10578	0.178574	0.508487	1.03549	1.14248	0.298586	0.22576	0.411692	0.412822	0.663411	1.06622	0.46586	0.747618	0.751942	0.433306	0.327586
ihec.chipseq.ihec-chipseq-containerv1.1.4.IHECRE00000974.7.795c5285-fcfe-49fc-86bb-822787a24420.fc.signal	0.261077	0	0	0	0	0	0.137352	0.913739	0.0757305	0.214923	0.979003	0	0	0.100297	0.93127	0.162386	0	1.10318	1.767	0.114626	0	0.382085	0.760318	1.20726	0.205926	0	0	0	0	0.444174	0.568308	1.04044	0.329549	0	0.335404
ihec.chipseq.ihec-chipseq-containerv1.1.4.IHECRE00000001.4.7fa161be-cf7b-4429-a672-c1d72473e2c1.fc.signal	0	0	0	0	0	0	0	0	0	0	0	0	0	0	0	0	0	0	0	0	0	0	0	0	0	0	0	0	0	0.204093	0.5945	0.231837	0	0.484297	0.465278
ihec.chipseq.ihec-chipseq-containerv1.1.4.IHECRE00001966.2.281a1552-ba2f-4513-8d72-0e1cf5c2b6ab.fc.signal	0	0	0	0	0	0	0	0.151359	0.120307	0	0	0	0	0	0	0	0	0	0	0	0.216796	0.0081192	0.112302	0.394302	0.025374	0	0	0	0	0	0	0.326723	0.290586	0	0.287197
ihec.chipseq.ihec-chipseq-containerv1.1.4.IHECRE00002067.1.41844a41-a9d8-47e3-9699-651cca6131a4.fc.signal	0.497324	0.40682	0.0389248	0.738746	0.719726	0.185826	0.426967	0.308475	0.420683	0.326117	0.913358	0.938877	0.105211	0.21133	0.147921	0.143688	0.29345	0.382913	0.321589	0	0	0	0.635584	1.28637	1.27491	0.349954	0.698927	0.978179	0.623183	0.60959	0.510753	0.0532048	0.626231	0.340104	0.372549
ihec.chipseq.ihec-chipseq-containerv1.1.4.IHECRE00000184.3.95e35930-b188-462f-a2e3-786fb18c7d02.fc.signal	0	0.199796	0.130665	0	0	0.250367	0.305384	0.169322	0.59813	0.745968	0.590557	0.154133	0.51144	0.0868857	0	0	0	0	0	0.0537023	0.768287	0.41572	0.458266	0.335633	0.290113	0.171345	0	0	0	0.315902	0.221559	0	0.671264	0.330881	0.450292
ihec.chipseq.ihec-chipseq-containerv1.1.4.IHECRE00000233.3.2ce6c7a2-1501-4bf0-9209-c55a1327303d.fc.signal	0	0	0	0	0	0	0	0	0	0	0	0	0	0	0	0	0	0.078864	0.380328	0.227688	0	0	0	0	0	0	0	0	0	0	0	0	0	0	0.518325
ihec.chipseq.ihec-chipseq-containerv1.1.4.IHECRE00000992.7.269c7bdb-5224-43fa-a5d5-7860eaac019c.fc.signal	0.371858	0.114559	0.189854	0.141974	0.150781	0.150756	0.100851	0.164415	0.0802728	0.264844	0.797401	0.279448	0.0871429	0.0352488	0	0	0.392411	1.22806	0.336603	0	0.22041	0.387379	0.258235	0.69381	0.822599	0.0743687	0	0	0	0.115538	0.121377	0.197709	0.0548315	0.140539	0.503067
ihec.chipseq.ihec-chipseq-containerv1.1.4.IHECRE00004609.2.0c69eda8-716f-44e4-bc94-dce057d4c5a3.fc.signal	0.142848	0.131046	0.423255	0.398175	0.65768	0.453825	0.096852	0.424309	0.0519029	0.0691513	0.469647	0.317733	0.165418	0.203533	0.543151	0.428206	0.422725	0.910418	0.458203	0.0885504	0.326127	0.408215	0.50456	0.0483577	0.333006	0.325738	0.754645	0.651067	0.902932	0.45567	0.641077	0.380954	0.24997	0.242192	0.396825
ihec.chipseq.ihec-chipseq-containerv1.1.4.IHECRE00000224.3.2f10d695-5b3b-470a-a2e2-55996404a85c.fc.signal	0	0	0	0	0	0	0	0	0	0	0	0	0	0	0	0	0	0	0	0	0	0	0	0	0	0	0	0	0	0	0	0	0	0	0.469388
ihec.chipseq.ihec-chipseq-containerv1.1.4.IHECRE00001990.1.db376d3b-ae63-4e49-80d2-dc3c632957a3.fc.signal	0.863304	0.776017	0.281102	0.257714	0.756646	0.87796	0.114128	0.642847	0.946261	0.556398	0.887253	0.652696	0.010685	0.0198864	0.329026	0.39003	0.320964	0.266962	0.367533	0.309502	0.558435	0.590592	1.0321	0.299014	0.418109	0.435037	0.749726	1.5372	1.98438	1.21662	0.444709	0.309731	0.40026	0.56676	0.438596
ihec.chipseq.ihec-chipseq-containerv1.1.4.IHECRE00003683.3.0997810a-4867-4ba8-9534-ea6e95022077.fc.signal	0.0615066	0.273984	0	0	0	0	0.388482	0.569133	0	0	0	0	0	0	0.0145379	0.950432	0.619473	0.560056	0.0849914	0.271813	0.762831	0.313128	0.635291	0.377998	0.842262	0.389171	0.140907	0.450731	0.565928	0.910423	0.244909	0.652134	0.386933	0.131595	0.444444
ihec.chipseq.ihec-chipseq-containerv1.1.4.IHECRE00001887.4.59a9b7d0-5484-46d1-b8f0-117dbd401378.fc.signal	0	0	0.121043	0.214851	0.198524	0.102934	0	0	0	0	0.0917409	0.181387	0.0713197	0	0.0315679	0.136328	0.207817	0.124333	0	0	0	0	0.285122	0.502959	0.559441	0.38792	0.280888	0.315966	0.175361	0.022438	0	0	0.0457197	0.140148	0.371875
ihec.chipseq.ihec-chipseq-containerv1.1.4.IHECRE00004618.1.72623753-44fb-49f2-a9eb-e1a5603547b0.fc.signal	0.352881	0.326741	0.79279	0.715297	0.274632	0.822699	0.926373	0.489625	0.360632	0.7731	0.955046	0.584822	0.12638	0.233799	0	0.218148	0.143372	0.573482	0.949517	0.417975	1.26989	0.529156	0.487452	0.898916	1.15246	0.584483	0.178604	0.190729	0.243867	0.577902	0.249637	0.429966	0.401116	0.256698	0.453704
ihec.chipseq.ihec-chipseq-containerv1.1.4.IHECRE00003833.4.78bd51d0-e8cc-413f-86cc-b957d9057e5e.fc.signal	0.634564	0	0	0.121758	0.379357	0.27773	0.699042	1.1139	0.637388	0.926761	1.67321	1.22634	0.40128	0.87846	1.66949	0.732296	0.296821	0.252873	0.364657	0.198235	0.400489	0.831166	1.11694	1.15073	0.950301	0.40552	0.509163	0.931931	0.388174	0.292824	0.15061	0.278201	0.367283	0.391657	0.224138
ihec.chipseq.ihec-chipseq-containerv1.1.4.IHECRE00001236.5.89a447bb-7116-45ed-914d-ea08ca13224b.fc.signal	0.120311	0	0	0	0	0	0	0	0	0	0	0	0	0	0	0	0	0	0	0	0	0	0	0	0	0	0	0	0	0.170671	0.204758	0.296379	0.0826405	0	0.573913
ihec.chipseq.ihec-chipseq-containerv1.1.4.IHECRE00003677.3.c8f6239b-cb62-4435-8e19-0a148079f3ba.fc.signal	0.722843	0.782177	0.954454	1.35777	0.834975	0.546925	0.678832	0.997678	0.993343	0.936109	0.931008	0.994151	1.24327	0.480102	0.655866	0.332437	0.559834	0.16503	0.504702	0.242597	0.614943	0.907773	1.28762	0.66855	0.839823	0.759592	0.677422	0.263058	0.287369	0.718184	0.897104	0.340868	0.613922	0.934731	0.247148
ihec.chipseq.ihec-chipseq-containerv1.1.4.IHECRE00000222.3.bc3c5401-2679-4e6a-8d23-b4052eee1a8e.fc.signal	0.188467	0	0	0	0	0	0	0	0	0	0	0	0	0	0	0	0	0	0	0	0	0	0	0	0	0	0	0	0	0	0	0	0	0	0.518072
ihec.chipseq.ihec-chipseq-containerv1.1.4.IHECRE00002065.1.86df225b-3e1d-4a7a-bbec-4e5619ad713f.fc.signal	0.687216	0.482213	0.611459	0.183015	0.344351	0.767581	0.595978	0.552834	0.537711	0.344407	0.196779	0	0.0217775	0.169325	0.0452981	0	0.0489477	0.577613	0.191784	0.0236938	0.303784	0.0870119	0	0.326232	0.467134	0.0961741	0.496526	1.22269	0.525737	0.338082	0.616102	0.491573	0.356621	0.25981	0.384615
ihec.chipseq.ihec-chipseq-containerv1.1.4.IHECRE00003846.4.da6810f6-9895-4595-a0d7-9cc3f7019bd2.fc.signal	0	0	0	0	0	0	0.418983	0.691787	0.159638	0.213708	0.197354	0.283514	0	0.217604	0.0891334	0.101353	0.269437	0.963427	0.71387	0.385672	0.243319	0.712054	0.687684	0.411729	0.249428	0.40514	0.237002	0.505328	0.899733	1.25923	1.46209	0.360849	0.558803	0.722632	0.457237
ihec.chipseq.ihec-chipseq-containerv1.1.4.IHECRE00003845.2.f6030e61-e9c0-4b19-9d0e-f1e53212e793.fc.signal	0.734816	0.767851	0.265293	0.334188	0.270922	0.634135	0.410564	0.700448	1.32697	0.940194	0.916626	0.865286	0.394762	0.740705	0.841714	1.44438	0.555031	0.187701	0.367826	0.795418	0.939352	1.07823	1.30802	1.12878	0.860573	0.991651	1.1463	1.04625	1.71878	0.744915	0.589158	0.510653	0.358493	0.943616	0.954128
ihec.chipseq.ihec-chipseq-containerv1.1.4.IHECRE00003684.3.227d235e-5d49-4e40-8c2e-3e1ec3df47e3.fc.signal	0.0473183	0.295126	0.706524	0.405241	0.286491	0.0860333	0.468941	0.455163	0.716542	0.155531	0.15486	0.0636647	0	0.015486	0.479301	0.665174	0.326103	0.178196	0.31527	0.273586	0.266094	0.141589	0.082592	0.39398	0.215971	0.307999	0.332089	0.511962	0.745149	1.11948	0.663192	0.732324	0.495619	0.829003	0.38403
ihec.chipseq.ihec-chipseq-containerv1.1.4.IHECRE00004635.3.ac3d233b-983d-44f1-b32e-ea45048d4db5.fc.signal	0.663426	0.333721	0.643158	1.00556	0.779842	0.747591	0.666541	0.687316	0.884926	0.741303	0.602927	0.711701	0.528432	0.817017	1.21298	0.598617	0.366997	0.676024	0.584522	0.599605	0.526327	0.494771	0.824694	1.60357	1.00312	0.651906	1.0826	1.13933	0.503854	0.536749	0.563313	0.494301	0.755133	0.883542	0.198895
ihec.chipseq.ihec-chipseq-containerv1.1.4.IHECRE00001958.3.8880c654-a0c9-41d0-997c-100c289384a4.fc.signal	0.267475	0.362601	0.41323	0.493226	0.402115	0.339454	0.835333	0.468021	0.896901	0.652115	0.46815	0.284784	0.140964	0.007022	0.103767	0.0990142	0.133958	0.150486	0.332869	0.384964	0.362179	0.79944	1.23478	0.322074	0.138444	0.469849	0.597208	0.500896	0.103347	0.34398	0.519408	0.0837843	0	0	0.3
ihec.chipseq.ihec-chipseq-containerv1.1.4.IHECRE00004603.3.f7f63af7-a252-4e53-93e7-699016d35fa0.fc.signal	0.877769	0.213771	1.11439	1.00481	0.275874	0.25219	0	0	0.484121	1.10524	0	0.721598	1.24409	0.241183	0.442124	0.418347	0.694203	0.849502	0.862311	0.354441	0.0310669	0.449429	0.226275	0.107753	1.6419	1.42074	0.456716	0	0	0.687795	0.944632	1.2441	0.80749	0.382697	0.35119
ihec.chipseq.ihec-chipseq-containerv1.1.4.IHECRE00004617.2.2b835b35-0d4f-4266-a8c6-b8c45974f7ec.fc.signal	1.02759	0.61016	0.904729	0.504647	0.0585818	0.396953	0.563836	1.22916	1.03814	0.554107	0.413224	0.535406	0.576005	0.20216	0.169583	0.274888	0.738055	0.940998	0.556138	0.345043	0.758394	0.488045	0.252714	0.376658	0.487068	0.485044	0.281099	0.323613	0.49142	0.605	0.665438	0.57002	0.626984	0.669693	0.40107
ihec.chipseq.ihec-chipseq-containerv1.1.4.IHECRE00004615.1.ca9877c7-1f2b-4062-b2b9-e0444e14d297.fc.signal	0.497357	0.0079056	0.281559	0.286716	0	0.281803	0.620404	0.364659	0.365768	0.680262	0.29629	0.209879	0.283779	0.21428	0.135613	0.235049	0.973988	1.09604	0.957125	0.280746	0.427571	0.598203	0.47932	0.552415	0.472911	0.400843	0.443965	0.0553607	0.785096	0.956137	0.634645	0.562392	0.23808	0.135506	0.37037
ihec.chipseq.ihec-chipseq-containerv1.1.4.IHECRE00004605.1.09fb5d7a-926c-40ff-ac15-0bd2ff31967d.fc.signal	0.628697	0.357713	0.382821	0.359131	0.682831	0.588218	0.249132	0.115074	0.421443	0.295933	0.0126988	0.37417	0.33174	0.227981	0.32892	1.03686	0.849698	1.34644	0.512201	0.140299	0.0216001	0.133594	0.538184	0.341664	1.15239	0.895314	0.779049	0.135843	0.654707	0.705369	0.640579	1.19239	0.703794	0.727205	0.367893
ihec.chipseq.ihec-chipseq-containerv1.1.4.IHECRE00004900.1.67d0b7ff-4124-4e95-8c9b-1a369432b72d.fc.signal	0.254897	0.318594	0.246414	0.501187	0.699062	0.24894	0	0.0971985	0.667473	0.258422	0.791169	0.330618	0	0.946772	0.635869	0.672186	0.46587	0.431746	1.02793	0.70031	0.312582	0.483677	0.383106	0.0637847	0.770862	0.34443	0.991711	1.31947	0.0541008	0	0	0.340311	0.141263	0	0.807407
ihec.chipseq.ihec-chipseq-containerv1.1.4.IHECRE00001921.1.0999ab49-22be-4f40-a74d-5a4868d07690.fc.signal	0.733598	0.691866	0.667506	0.748351	0.592501	0.724227	0.568178	0.57425	0.343291	0.562515	0.555665	0.468097	0.443156	0.301008	0.293267	0.851429	1.07938	0.613535	0.582876	0.49854	0.135561	0.606248	1.06059	1.00597	0.981761	1.3162	0.979529	0.772324	0.580361	1.0712	0.645949	0.533311	0.448128	0.402793	0.78
ihec.chipseq.ihec-chipseq-containerv1.1.4.IHECRE00003676.3.fb569507-616e-4ddb-bce1-2cdd793c15be.fc.signal	1.28575	0.313315	0.509096	0.283515	0.575137	0.889344	0.823159	1.18201	0.455376	0.67365	0.800878	0.924564	0.23204	0.0532495	0.162494	0.122996	0.174401	0.445519	0.416572	0.308853	0.55823	0.247734	0.752759	0.445079	1.25358	0.98687	0.948662	0.831546	1.37245	0.620267	0.71333	1.14823	1.21803	1.28197	0.583333
ihec.chipseq.ihec-chipseq-containerv1.1.4.IHECRE00003692.4.40ad2b6a-7c5b-4fe0-8afa-f12886fb0c69.fc.signal	0.334911	0.117277	0.11098	0	0	0.173161	0.203145	0.0650527	0	0.114129	0.181819	0.343104	0.262886	0.0110189	0	0	0	0.0716259	0.156633	0.125933	0.167649	0.189446	0.406046	0.841129	0.734294	0.269129	0.428844	0.653101	0.465902	0.535977	0.32138	0.293037	0.291954	0.0651297	0.306931
ihec.chipseq.ihec-chipseq-containerv1.1.4.IHECRE00003847.4.4f8cce6d-4994-48d9-b94c-e0d12d1ce300.fc.signal	0	0.5501	0.860446	0.269535	0.200585	0	0	0.319682	0.150438	0	0.351023	0.233161	0.806606	0.720945	0.238194	0.500959	0.590826	0.767926	0.847901	0.398035	0.467017	1.46698	0.784542	0.896157	1.28816	1.05791	0.69739	0.966482	1.36055	0.634689	0.189893	1.60408	0.891796	0.413217	0.579151
ihec.chipseq.ihec-chipseq-containerv1.1.4.IHECRE00001914.1.e1cff7ed-c2ef-4b6d-8184-ab7441cefe26.fc.signal	0	0.0911911	0.420979	0.259734	0.00857433	0	0	0	0	0.140396	0.260923	0.195126	0.0492486	0.192273	0.284377	0.128959	0.350809	0.632775	0.335093	0.0164522	0.206377	0.667686	1.10157	0.407882	0.263319	0.570742	0.264393	0.0161468	0	0.22701	0.446056	1.46435	1.23795	0.666982	0.873786
ihec.chipseq.ihec-chipseq-containerv1.1.4.IHECRE00004728.1.2ec80afa-2336-413b-8bd9-49d8ccaa2370.fc.signal	0.148743	0.569805	0.354565	0.0959141	0.19372	0.531094	0.169958	1.34829	0.378667	0.224145	0.175936	0.365964	0.148727	0.477347	0.4836	0.319907	0.461118	0.418629	0.376129	0	0.363646	1.03379	0.0512315	0	0.462699	0.908595	0.706321	0.567611	0.724751	1.6969	0.233678	0	0	0	0.6
ihec.chipseq.ihec-chipseq-containerv1.1.4.IHECRE00000348.2.199c7007-224d-4e2c-9f9c-6b9a53277081.fc.signal	0.256523	0.863983	0.402765	0.163735	0.435259	0.049758	0	0.144838	0.774624	0.908012	0.253484	0.385908	0.37962	0.749347	1.02591	0.445604	0.383959	0.00359327	1.20382	1.67343	1.00516	0.245457	0.554241	0.520753	0.337767	0.855501	1.05619	0.702381	1.42382	0.3983	0.55209	0.323873	0.430818	0.316987	0.66242
ihec.chipseq.ihec-chipseq-containerv1.1.4.IHECRE00001915.1.157a80ac-2af3-454a-beb9-f93ae4d749f1.fc.signal	0.539115	0.417567	0.403125	0.667789	0.767612	0.505392	0.652179	0.903593	0.238262	0.949336	1.07568	1.03115	0.661771	0.10469	0	0	0.0241168	0.219771	0.176892	0.262332	0.244281	0.520989	1.06484	1.31272	2.19828	0.788121	1.05884	1.23331	0.838609	0.99625	0.936094	0.689433	0.696623	0.581906	0.910891
ihec.chipseq.ihec-chipseq-containerv1.1.4.IHECRE00000235.3.e718e383-8624-4fbc-ae80-8a013cf8e0a0.fc.signal	0	0	0	0	0	0	0	0	0	0	0	0	0	0	0	0	0	0	0	0	0	0	0	0	0	0	0	0	0	0	0	0	0	0	0.513514
ihec.chipseq.ihec-chipseq-containerv1.1.4.IHECRE00003830.4.503c1ba4-200d-41eb-8eb4-ce5fab1bd87d.fc.signal	0.0868853	0.18947	1.14925	0.479855	0.386346	0.00983947	0	0.63197	0.474942	0.0590368	0.521164	0.166663	0.663365	0.291579	0.00983947	0.472453	0.61151	0.450341	0.337113	0.540147	0.16229	0.0873298	0.548767	0.491717	0.937198	0.519104	0.385105	0.868692	0.604142	0.866239	0.727194	0.177187	0.584177	0.477324	0.316384
ihec.chipseq.ihec-chipseq-containerv1.1.4.IHECRE00003824.4.3393cdeb-e872-46c4-bde0-73b65c9b81ab.fc.signal	0.490694	0.297399	0.616776	0.469818	0.00462693	0.164331	0.172533	0.245524	0.561281	0.480255	0.256523	0.39825	0.465294	0.467525	0.936222	0.449017	0.684667	0.59252	1.02392	0.769568	0.55082	0.502366	0.94086	0.430483	0.714037	1.15493	1.08342	0.558929	1.67038	1.46258	1.81194	0.812364	0.562312	0.290295	0.532895
ihec.chipseq.ihec-chipseq-containerv1.1.4.IHECRE00000339.2.7c73acf1-f35f-4974-9a58-4e35890cb8d9.fc.signal	1.1865	0.85018	0.340809	0	0	0.477009	0.437351	1.55679	1.29283	0.157978	0.178933	0.298845	0.288118	0.140586	0.322619	0.0170655	0	0	0.16062	0.690478	1.44649	2.3719	1.43958	0.635635	0.663585	0.104485	0.325865	0.109125	0.526268	1.29043	1.02046	1.08855	0.977239	0.872479	0.546053
ihec.chipseq.ihec-chipseq-containerv1.1.4.IHECRE00003675.3.c89e7674-ad0a-4af9-b8e6-347f54ee25d4.fc.signal	0.82844	0.925707	0.554179	0.911443	0.390986	0.243293	0.67399	0.698781	0.475963	0.852346	0.695041	0.890372	0.173767	0.449429	1.22185	0.821417	0.966731	0.806423	0.551304	0.442314	0.73845	0.776734	0.610539	0.774822	0.936303	0.963977	0.637214	0.683869	0.68934	1.04992	0.37889	0.0712488	0.389048	0.562926	0.487179
ihec.chipseq.ihec-chipseq-containerv1.1.4.IHECRE00003716.2.82ebcb5f-2b06-40e6-9298-a18d7df57bef.fc.signal	0	0.486967	0.889456	0.33805	0.291644	0.0535736	0	0	0	0.1355	0.569245	0.303972	0.0084712	0.615119	0.141348	0	0.122279	0.348677	0.262391	0	0.986068	1.73242	0.521065	0.229276	0	0.180771	0.734285	0.661271	0.108242	0.12699	0.462905	0.275151	0.172489	0.247598	0.245283
ihec.chipseq.ihec-chipseq-containerv1.1.4.IHECRE00003843.4.4195ed0b-af56-4a96-a3b0-ca28cc05743c.fc.signal	0.221296	0	0	0	0	0	0	0.275532	0.149496	0	0	0	0	0.170003	0.255004	0	0	0.0437483	0.212383	0.149488	0.363458	0.337074	0.899318	0.87105	0.604105	0.472922	0.256526	0.425007	0.662593	0.52274	1.00404	0.628811	0.203715	1.52955	0.454427
ihec.chipseq.ihec-chipseq-containerv1.1.4.IHECRE00004610.2.a09fe774-2340-4b95-8e12-12f615ed6e0b.fc.signal	0.387438	0.65306	0.901699	0.576186	0.197691	0.469313	0.362474	1.05747	1.32705	0.79384	0.655055	0.4444	0.193735	0.75876	0.321562	0.0988697	0.265653	0.557152	0.243664	0.421402	0.461632	0.670949	0.348484	0.143771	0.540938	0.788917	1.35832	0.703382	0.282121	0.200534	0.29798	0.315751	0.883506	0.706332	0.441558
ihec.chipseq.ihec-chipseq-containerv1.1.4.IHECRE00003679.3.5e5b25af-d97d-461f-8d8a-fbde27405ef2.fc.signal	0.473408	0.280349	0.744583	0.979877	0.832822	1.07363	0.421927	0.674837	0.715668	1.05222	0.954145	0.943107	0.615895	0.299665	0.784135	0.762073	0.608111	0.329359	0.599708	0.338778	0.580707	0.840432	0.108462	0	0.363091	0.676562	0.365839	1.27404	0.899905	0.698744	0.672467	1.19037	1.07639	0.903394	0.462264
ihec.chipseq.ihec-chipseq-containerv1.1.4.IHECRE00004608.1.51923222-e72a-4522-b89e-61752ad6e164.fc.signal	0.55875	0.125269	1.01962	0.505982	0.292614	1.3635	0.404187	0.0619631	0.804706	1.02867	0.44699	0.223465	0.235157	0.62241	0.531465	0.558368	0.667139	1.4099	0.793908	0.84331	0.702179	0.892666	0.384626	1.13569	0.295383	0.699718	0.945624	0.16969	0.463612	1.38181	0.569577	1.13866	0.318629	0.41849	0.377863
ihec.chipseq.ihec-chipseq-containerv1.1.4.IHECRE00003691.3.d84b63c8-b66b-45e3-807a-f78312228ee9.fc.signal	0.357777	0.0110872	0.373427	0.223684	0.19409	0.415966	0.34296	0.790437	0.328182	0.418746	0.224497	0.189482	0.299474	0.163569	0.0886976	0.289339	0.220933	0.553735	0.975728	0.234939	0.317059	0.752506	0.620307	0.339244	0.816321	0.683163	0.40949	0.352172	0.132122	0.325374	0.425295	0.578775	0.546341	0.194836	0.396774
ihec.chipseq.ihec-chipseq-containerv1.1.4.IHECRE00002086.1.e94dc50d-5d07-421e-95e0-6d1d792d2f56.fc.signal	0.561052	0.318192	0	0.416768	1.65343	0.0760834	0.545334	0.294358	0.179732	0.719504	0.441934	0.367915	0	0	0	0	0	1.8012	0.547962	0.019887	0.809499	2.68906	1.83929	1.20071	1.32505	1.657	0.636157	0.266422	0.654788	0.357479	0.829179	0.939383	0.112145	0.770788	0.412281
ihec.chipseq.ihec-chipseq-containerv1.1.4.IHECRE00000236.3.a73b7d7a-72c8-4781-91d5-38a6f8ee33c5.fc.signal	0.342315	0.090868	0	0	0	0	0	0	0	0	0	0	0	0	0	0	0	0	0	0	0	0	0	0	0	0	0	0	0	0	0	0	0	0	0.512456
ihec.chipseq.ihec-chipseq-containerv1.1.4.IHECRE00001039.6.36c88d13-9712-4dd8-b993-ed15aa2b6721.fc.signal	0.200022	0.553839	0.725422	0.416958	0.377556	0.503068	0.541565	0.312746	0.200637	0.251191	0.300028	0.501326	0.0928252	0.0521007	0.327522	0.345771	0.485935	0.41949	0.44234	0.550315	0.526243	0.219723	0.295345	0.534474	0.432538	0.372432	0.658701	0.828159	0.617223	0.206087	0.227162	1.27217	1.0942	0.345043	0.465649
ihec.chipseq.ihec-chipseq-containerv1.1.4.IHECRE00003837.4.2decf229-d57c-4c34-87d3-51ccee560986.fc.signal	0.671393	0.400482	0.084304	0.465084	0.859968	0.780215	0.586471	0.0738967	0.581759	0.975074	0.611014	0.334217	0.545089	0.73686	1.08217	0.0492038	0.344213	0.294164	0.313336	0.376563	1.03424	1.2137	0.239798	0.306478	0.228604	0.311929	0.720766	0.758668	1.63289	1.41089	1.06941	1.09466	0.80347	1.46638	0.483146
ihec.chipseq.ihec-chipseq-containerv1.1.4.IHECRE00001956.2.e92029f9-8392-4a2c-a025-c83250d53808.fc.signal	0	0	0	0	0	0	0.0736019	0.138454	0	0	0.074116	0.13398	0	0	0	0	0	0	0	0	0	0.208849	0.100572	0.243388	0.0139248	0.124654	0.203871	0.173569	0	0.0818498	0.311927	0.0677689	0	0	0.285326
ihec.chipseq.ihec-chipseq-containerv1.1.4.IHECRE00000153.3.0c1e9fd4-f9cb-4533-81b3-9169355f9ccf.fc.signal	0.155473	0	0.1041	0.132829	0.14271	0	0	0	0	0.0921472	0.540775	0.1944	0.186327	0.436843	0.340498	0.853446	0.567036	0.407084	0.188978	0.530095	0.660675	1.01103	0.573827	0.774094	1.19878	0.950813	0.368686	0.373471	0.255341	0.474247	1.22833	1.35648	0.680726	0.73327	0.3125
ihec.chipseq.ihec-chipseq-containerv1.1.4.IHECRE00004888.1.f9db8d06-2630-4975-9e52-9172ce2a1bd6.fc.signal	0	0	0.0927709	0.408727	0.0260815	0.55889	0.0111778	0	0	0.130408	1.09602	0.331988	0.486066	0.125358	0.678122	0.43966	0.979928	0.78245	0.599879	0	0.21983	0.540561	1.12524	2.09831	1.15222	0	0	0.175119	0.65242	0.426637	0.363644	0	0	0.0833165	0.427215
ihec.chipseq.ihec-chipseq-containerv1.1.4.IHECRE00004604.3.b5ebcf48-be4a-49da-a893-8701e4421bd8.fc.signal	1.57885	1.08237	0.290186	0.465683	0.366838	0.381439	0.718604	0.311059	0.0820769	0.129579	1.37809	0.938148	0.292011	0	0.113154	0.695345	1.18087	1.63159	0.759335	0	0.272944	0.547372	0.255509	0.0182507	0	0	0	0.315011	1.47845	0.752776	0	0.374172	0.38007	0	0.322876
ihec.chipseq.ihec-chipseq-containerv1.1.4.IHECRE00003821.3.43827613-54ef-409d-9a0a-96bb52b3ce7f.fc.signal	0.184752	0.126354	0.515368	0.368514	0.0456691	0.367518	0.539855	0.0267793	0.687814	0.739179	0.572045	0.106907	0.0487829	0.262597	0.157799	0.750399	0.385208	0.288615	1.05895	0.540879	1.4306	1.36884	0.561169	0.944903	0.353094	0.571691	0.574727	0.309312	0.359986	0.387201	0.673739	0.453715	0.321023	0.219876	0.352941
ihec.chipseq.ihec-chipseq-containerv1.1.4.IHECRE00000987.6.8acf33db-7deb-4ee2-849a-9a31ff1a6d2b.fc.signal	0.531316	0.140451	0.297641	0	0	0.0660944	0.495779	0.733669	0.303904	0.0578326	1.17678	0.412296	0.708987	0.180072	1.42485	0.115769	0	0.247066	0.0184992	0.256583	0.193938	0.36923	0.478199	1.04033	0.687178	0	0.597498	0.28361	0	0.508851	0.405982	0.157234	0	0	0.836272
ihec.chipseq.ihec-chipseq-containerv1.1.4.IHECRE00000243.3.c65b12e4-a68a-4f3c-aa42-e82ee56c7feb.fc.signal	0	0	0	0	0	0	0	0	0	0	0	0	0	0	0	0	0	0	0	0	0	0	0	0	0	0	0	0.0128713	0.38616	0.308927	0	0	0	0	0.455357
ihec.chipseq.ihec-chipseq-containerv1.1.4.IHECRE00004713.2.dc7d36a0-32c9-47d0-9c59-4029c2bb7b08.fc.signal	0.180527	0.0920637	0	0.0606288	0.331737	0.353802	0.0808554	0.182545	0.114244	0.144174	0	0.143159	0.195803	0.330421	0.523671	0.37526	0.786936	0.0775817	0.745435	0.293831	0.172616	0.0754923	0.225659	0.0442583	0.339404	0.959947	0.691683	0.197763	0.112899	0.369644	0.451331	0.697434	0.446619	0.617811	0.522727
ihec.chipseq.ihec-chipseq-containerv1.1.4.IHECRE00004614.1.f70f08d5-c239-488a-9fd2-9ee11b8ea04b.fc.signal	0.384953	0.0880002	0.221886	0.177287	0.107165	0.126661	0.21211	0.0785502	0	0.0657541	0.313745	0.341932	0.205702	0.312881	0.756995	0.673607	0.26663	0.0120224	0.00701307	0.266636	0.0170317	0.181429	0.669877	0.393511	0.112827	0.0858237	0.254251	0.228927	0.28269	0.873117	0.254135	0.201011	0.239584	0.356475	0.318584
ihec.chipseq.ihec-chipseq-containerv1.1.4.IHECRE00001044.7.e0ba87df-93d1-418d-8f45-e1c64bd56fa6.fc.signal	0.433608	0.656263	0.313857	0.498555	0.258652	0	0.153025	0.170696	0.430119	0.126202	0.0709664	0.323729	0.253819	0.11382	0.546434	0.370999	0.342107	0.818934	0.824574	0.381399	0.482579	0.279433	0.682935	1.89098	1.60174	1.19002	0.697506	0.365781	0.272268	0.648819	0.403967	0.671728	0.240693	0.216391	0.449735
ihec.chipseq.ihec-chipseq-containerv1.1.4.IHECRE00000247.3.96896d79-5432-47b0-a6c8-5120fe89ada5.fc.signal	0	0	0.180105	0.219601	0.0189584	0	0	0	0	0	0	0	0	0	0	0	0	0	0	0	0	0.0213282	0.184054	0.188004	0.0252779	0	0	0	0	0	0	0	0	0	0.691667
ihec.chipseq.ihec-chipseq-containerv1.1.4.IHECRE00001893.4.4164b172-b072-474a-8b05-6452f6b50d11.fc.signal	0	0.0154028	0.386858	0.0817741	0	0	0	0	0	0	0	0	0	0	0.271107	0.586491	1.09146	0.558304	0.59601	0.269941	0.631831	0.467905	0.0460811	0	0.132492	0.246679	0	0	0	0	0.0043296	0.519234	0.241838	0	0.4687
ihec.chipseq.ihec-chipseq-containerv1.1.4.IHECRE00004884.1.4a1d8421-a3b2-4222-98f9-a6a8de88d6d4.fc.signal	0	0	0	0	0	0	0	0.684593	0.152993	0.625531	0.0917955	0	0	0	0	0.74421	0.342469	0.375398	1.79796	0	0	0	0	0.0165898	0.589857	0.0442392	0	0	0	0	0	0	0	0	0.79
ihec.chipseq.ihec-chipseq-containerv1.1.4.IHECRE00004602.2.8c1b88ed-9dd7-47b3-9254-5ee4e7dfb879.fc.signal	0.574566	0.449493	0.149748	0	0.162535	0.476328	0.719522	0.546279	0.163821	0.0615033	0.00566313	0.174704	0.424939	0.387564	0.507865	0.264828	0.156862	0.38428	0.30572	0.282688	0.973351	1.62692	0.414257	0.410263	0.891095	0.321214	0.28199	0.820433	0.826291	0.810726	1.39744	1.20842	0.557742	0.433127	0.623529
ihec.chipseq.ihec-chipseq-containerv1.1.4.IHECRE00000152.3.0906ba9e-a21c-4f9c-ad41-4d1d8cef3196.fc.signal	0.066248	0	0	0	0.221644	0.348286	0.25377	0.315677	0.178504	0.352223	0.295412	0.308933	0.393714	0.262654	0.359459	0.351345	0.573292	0.349181	0.0440491	0.115335	0.159219	0.203345	0.074022	0.0221	0.212553	0.034138	0.827756	0.984717	0.219324	0	0.182829	0.148845	0.222959	0.627983	0.411765
ihec.chipseq.ihec-chipseq-containerv1.1.4.IHECRE00004641.3.6bdfceff-da00-46c6-af8d-4738c1100d68.fc.signal	0.261095	0.755594	1.01737	0.481244	0.267209	0.427596	0.783503	1.18843	0.873486	1.00664	0.766471	0.711458	0.321877	0.32043	0.625085	0.754407	0.399839	0.407943	0.973714	0.516028	0.387044	0.942229	0.973541	1.17794	1.11691	1.21199	1.10456	0.371822	0.346205	0.365025	0.735229	1.19981	0.931478	0.689407	0.679537
ihec.chipseq.ihec-chipseq-containerv1.1.4.IHECRE00004607.2.e413ffcf-e079-4615-8c2e-2d70941b24fa.fc.signal	0.379009	0.158065	0.814237	0.840688	0.120538	0.419144	0.625377	0.775978	0.886738	1.08471	0.927371	0.861426	0.669383	0.0442046	0.549346	0.276207	0.296316	0.156518	0.844611	0.416622	0.368697	0.180889	0.334719	1.30305	0.49403	0.0623187	0.223706	0.277401	0.184017	0.428513	0.721654	0.159338	0.605308	0.221674	0.342629
ihec.chipseq.ihec-chipseq-containerv1.1.4.IHECRE00002058.1.1ab14ae8-0dbb-450f-8b35-57be9ec93c65.fc.signal	0.578332	0.120689	0.0821943	0.563884	0.10471	0.175548	0.350216	0.379826	0.26965	0.500884	0.184407	0	0	0.264167	0.473525	0.366395	0.600825	0.561943	0.2748	0.720281	0.903587	0.378746	0.41168	2.39586	2.65522	1.21129	0.539897	0.931947	0.790436	0.732794	0.835717	0.491143	0.695742	1.1965	0.346535
ihec.chipseq.ihec-chipseq-containerv1.1.4.IHECRE00000231.3.884166bc-f176-439f-ae9a-24aaf283ecaf.fc.signal	0	0	0	0	0	0	0	0	0	0	0	0	0	0	0	0	0	0	0	0	0	0	0	0	0	0	0	0	0	0	0	0	0	0	0.337017
ihec.chipseq.ihec-chipseq-containerv1.1.4.IHECRE00001889.4.7866bc38-19c8-460a-b9f2-0b2f5c3d0dca.fc.signal	0	0	0.877594	0.472916	0	0.638061	0.713127	0	0	0.273485	0.835249	0	0	0	0	0.388761	0.960845	0	0	0	1.08095	0.270238	0	0	0	0	0	0	0.758167	1.10288	1.15833	0.964189	1.07372	0.461305	0.548673
ihec.chipseq.ihec-chipseq-containerv1.1.4.IHECRE00003695.3.bdb135f7-e7e7-45ee-919a-f8d9bc37c43a.fc.signal	0.236432	0.692461	0.669806	0.181463	0.483061	0.356615	0.556732	0.0756601	0.295302	0.110107	0.320163	0.389121	0.292583	0.408822	0.299479	0.210818	0.0279602	0.118965	0.438378	0.4039	0.333433	0.247356	0.280052	0.0850983	0.0873109	0.0799578	0.257411	0.197471	0.632777	0.0382175	0.0287228	0.173557	0.266065	0.127388	0.384615
ihec.chipseq.ihec-chipseq-containerv1.1.4.IHECRE00003825.5.da4bf662-fef1-4043-a7b2-c71c32b5538b.fc.signal	0.073472	0.290603	0.547119	0.272913	0.457385	0.571337	0.502713	0.537033	0.514184	0.746286	0.572818	0.269358	0.299447	0.243934	1.07217	0.789809	1.72242	1.47565	0.905491	0.344935	0.473835	1.64027	1.46338	1.17344	1.9778	1.34708	0.344931	1.14109	0.427097	0.949029	1.52649	0.710146	0.525649	0.864478	0.333333
ihec.chipseq.ihec-chipseq-containerv1.1.4.IHECRE00003682.3.7f811740-bea6-414e-8ffe-06e6eae70d47.fc.signal	0.987549	0.915187	1.06788	1.34961	1.01937	1.13754	0.767766	0.788485	0.737874	0.57267	0.494185	0.446327	0.554983	0.323656	0.502257	0.849236	0.659053	0.674017	0.923704	1.00303	1.13501	1.19117	0.961815	0.979897	0.998689	0.928685	0.625271	0.889965	1.26721	1.27895	1.33759	1.20378	1.04784	1.22697	0.357513
