	chr2:215378311-215378460	chr2:215378461-215378610	chr2:215378611-215378760	chr2:215378761-215378910	chr2:215378911-215379060	chr2:215379061-215379210	chr2:215379211-215379360	chr2:215379361-215379510	chr2:215379511-215379660	chr2:215379661-215379810	chr2:215379811-215379960	chr2:215379961-215380110	chr2:215380111-215380260	chr2:215380261-215380410	chr2:215380411-215380560	chr2:215380561-215380710	chr2:215380711-215380860	chr2:215380861-215381010	chr2:215381011-215381160	chr2:215381161-215381310	chr2:215381311-215381460	chr2:215381461-215381610	chr2:215381611-215381760	chr2:215381761-215381910	chr2:215381911-215382060	chr2:215382061-215382210	chr2:215382211-215382360	chr2:215382361-215382510	chr2:215382511-215382660	chr2:215382661-215382810	chr2:215382811-215382960	chr2:215382961-215383110	chr2:215383111-215383260	chr2:215383261-215383410	chr2:215383411-215383560	chr2:215383561-215383580	Expression
ihec.chipseq.ihec-chipseq-containerv1.1.4.IHECRE00001457.1.b29ef53b-7262-43e2-ab26-84dcd5c07165.fc.signal	0.518122	1.50671	1.50518	0.728823	0.991586	0.335216	0.660656	0.85032	0.501224	0.563458	0.324401	0.953502	0.264462	0.0325639	0.348018	0.458618	0.374982	0.294845	0.848294	2.25029	1.91775	0.866743	0.635855	1.91379	2.85446	1.26952	0.774635	0.8367	0.771359	0.348068	0.366569	0.517595	0	0.23672	0.180492	0.270056	0.458434
ihec.chipseq.ihec-chipseq-containerv1.1.4.IHECRE00000980.8.368c97f7-f82d-4e9f-a521-00182447a421.fc.signal	0.444814	0.127989	1.04156	0.488848	0.285912	0.520684	0	0	0	0.452287	1.26444	1.30231	1.86602	0.889015	0.940566	0.427378	0.913704	0.463155	0.532262	0.0037144	0	0	0.586982	1.24047	0.874306	0.540454	0.933666	1.1927	0.569325	0	0.525195	0.335418	0.044134	1.04597	1.0524	0.54323	0.17437
ihec.chipseq.ihec-chipseq-containerv1.1.4.IHECRE00003818.1.d9959e98-a5a9-490f-a9f0-358a1a711d27.fc.signal	1.10013	0.195706	0.175791	0.148165	0.46097	0.388218	0.533363	0.673818	0.171458	0.513627	0.0806956	0.875707	0.731102	0.174999	0.213811	0.401376	1.55645	0.95227	0.702433	0.0754767	0.344168	0.51204	0.526346	1.45973	0.982359	1.2527	0.63067	0.0957241	0.601753	0.841531	0.128912	1.00291	0.705157	0.415035	0.888862	0.708562	0.208369
ihec.chipseq.ihec-chipseq-containerv1.1.4.IHECRE00001961.2.993ec17f-4277-433d-a284-3906706ac1fe.fc.signal	0.528978	0	0	0	0.416919	2.02973	0.817933	0.286477	0.193776	0.200148	0.788209	0.95793	0.774055	0.589104	0.841532	0.169813	0.481761	1.05972	0.209998	0.95179	1.49608	1.89651	1.06563	0.574408	2.04405	2.59769	1.30658	0.961098	1.12433	0.0850959	0.671835	1.15891	0.97554	0	0.176526	0.416647	0.697598
ihec.chipseq.ihec-chipseq-containerv1.1.4.IHECRE00000174.3.ad699f10-b9f0-4846-a1ea-444cf5fe468b.fc.signal	1.23971	0.861231	0	0	0.108547	0.381571	0.0084066	0.261516	0.845396	0.58915	0.826465	0.385684	1.04129	0.258239	0.944788	0.596563	0.251894	0.612744	0.909331	1.67535	1.24688	1.26097	1.02391	0.736146	1.34727	1.16842	1.5446	0.22121	0	0.067551	0.672081	0.663978	0.355636	0.498958	1.35723	1.08805	0.525
ihec.chipseq.ihec-chipseq-containerv1.1.4.IHECRE00003816.1.4569d4d8-c896-418a-b870-e7afcf72b7d3.fc.signal	1.03594	0.322985	0.358001	0.502595	0.959396	0.661721	0.314086	0.506312	1.01191	0.566835	0.383061	0.245321	0.908786	0.571336	0.50536	0.849011	0.803748	0.813343	0.348323	0.756269	0.954988	0.730176	0.649535	0.632569	1.12922	0.922634	0.947197	0.755771	0.0492498	0.277405	0.0774353	0.582394	0.821574	1.16671	1.28759	1.14775	0.404692
ihec.chipseq.ihec-chipseq-containerv1.1.4.IHECRE00000242.3.009dbb10-d8f5-4bd5-9bc6-e0cf283ece54.fc.signal	0	0	0	0	0.157595	1.38432	1.41711	0.255932	0.355534	1.67939	2.29344	1.14352	0.284929	0.0302576	0	0.142167	0.909161	1.12879	0.211095	0	0.314911	1.20285	1.93831	0.45439	0.002238	0	0	0.105902	0.37823	0.158854	0.0604224	1.85729	3.4572	1.75719	0.4842	0	0.439166
ihec.chipseq.ihec-chipseq-containerv1.1.4.IHECRE00001546.1.9b1c722f-92a9-4c08-873d-1b0b5f7b7e5c.fc.signal	0.174503	0.207118	0.361037	0.711204	0.548869	0	0	0	0	0.370842	0.158388	0.738711	1.32523	0.895458	0.930477	1.26813	0.647768	0.0593956	0.587904	0.684943	0	0	0.08959	1.00032	0.132989	0.543281	1.05101	0.117446	1.06342	1.10667	0.347466	1.70076	0.714062	2.3763	0.603448	0	0.39012
ihec.chipseq.ihec-chipseq-containerv1.1.4.IHECRE00000949.6.4e9958ba-8dfc-4908-9654-b8c3286ec999.fc.signal	0	0	0.562067	0.0471231	0	0	0.304679	0.420405	0.0608484	0.808387	0.859001	1.05113	0.543471	0.539742	0.359524	0.0452377	0.685361	0.023049	0	0.0606987	0.34759	0	1.49439	1.3636	1.26328	0.13178	1.21235	0.522832	0.46925	0.895613	0	0	0	0	0.240088	0.35942	0.69265
ihec.chipseq.ihec-chipseq-containerv1.1.4.IHECRE00003680.3.ef220820-5419-4b81-b030-ce292c6089b7.fc.signal	0.829981	0.846405	0.542292	0.759508	0.678439	0.512793	0.428385	0.14205	0.101603	0.361984	0.577487	0.229635	0.42233	0.182421	0.136826	0.00748127	0.450021	0.859099	0.378788	0.309663	0.375667	0.38166	0.384397	0.39111	0.384953	0.270998	0.167035	0.26726	0.389558	0.375516	0.249139	0	0.168202	0.546109	0.790834	0.782402	0.37
ihec.chipseq.ihec-chipseq-containerv1.1.4.IHECRE00001008.4.aa01f6f8-93b0-4f0b-8191-bde89d903aa4.fc.signal	0.292207	0.116189	0	0	0.099296	0.764522	0.766269	1.09116	0	0.373138	0.556228	0.324984	0.266799	0.467742	0.848874	0.369519	1.2009	0.601542	0.62426	0.450752	0.115169	0.797688	1.03393	0.808306	0.40318	0.522781	0.848898	0.882412	0.275972	1.16076	0.704583	0.165249	0.774348	0.540793	1.04931	0.951612	0.403267
ihec.chipseq.ihec-chipseq-containerv1.1.4.IHECRE00001954.2.c4a67634-cf89-4945-bb82-26e2fddb3f3f.fc.signal	0.293965	0.466043	0.303226	0.161071	0.217244	0.531817	0.877184	1.12316	0.386814	0.378044	0.861513	0.97129	0.833834	0.322525	0.835056	1.00759	0.412754	0.432908	0.490145	0.444166	0.78099	0.670246	0.382396	0.531525	0.71429	0.564279	1.09613	0.537022	0.682566	0.217138	0.453019	0.578729	0.642031	0.674783	0.531367	0.585016	0.424001
ihec.chipseq.ihec-chipseq-containerv1.1.4.IHECRE00000195.3.5458814b-5fa1-4409-81d6-3110fe5029f7.fc.signal	0.269052	1.19239	0.741202	0	0	0.472309	0.278471	0.837474	0.473908	0.540881	0.118125	0.363356	1.30517	1.42747	0.489587	0.40416	0.604035	1.31812	1.45586	0.765223	0.516906	0.0414562	0.118689	0.491759	0.192882	1.2551	0.664943	0.149729	0.548928	1.4928	0.242717	0	0	0.617924	0.817252	0.478293	0.34825
ihec.chipseq.ihec-chipseq-containerv1.1.4.IHECRE00000943.7.b97e43e6-4dfc-4f07-88bb-76ebefe1ddac.fc.signal	0.30216	0.0259813	0	0	0	0.260482	0.714924	0.187358	0.0260377	0.177534	0.388612	0.439472	0.772645	0.263226	0.39624	0.275433	0.95493	0.460417	0.592186	0.240233	0.304611	0.0734004	0.0923302	0.23322	0.387028	1.13208	1.7358	0.720227	0.321969	0.161639	0.655186	0.371605	0.0101417	0.194422	0.324557	0.412117	0.698799
ihec.chipseq.ihec-chipseq-containerv1.1.4.IHECRE00000227.3.782837e5-53f4-4f13-8ca3-175155d9e819.fc.signal	0.148504	0.918029	0.519772	0	0	0	0	0	0	0.388173	0.40505	0	0	0	0	0	0	0	0	0	0	0	0	0	0.131929	0.763619	1.21459	0.604668	1.12284	0.40912	0	0	0	0	0.0913305	0.48929	0.669442
ihec.chipseq.ihec-chipseq-containerv1.1.4.IHECRE00001959.2.50a44db1-655c-4546-8036-e7b247f25f5a.fc.signal	0.648907	0.294838	0.102423	0.509496	0.182675	0.389918	0.63326	0.644372	0.103386	1.52316	2.02822	0.476538	0.49145	0.609966	0.626411	1.14622	2.4239	2.16329	0.897225	0.747292	1.29244	1.10179	1.0869	2.12094	1.45921	0.797093	0.607911	1.10264	1.00599	0.104323	0.597567	0.095355	1.11341	1.34686	2.39545	2.39567	0.736585
ihec.chipseq.ihec-chipseq-containerv1.1.4.IHECRE00003803.1.8e45d3eb-43c4-4932-8fdd-020c9df5cc1a.fc.signal	0.193077	0.279228	0.366237	0.17576	0	0.357302	1.15726	0.564504	0.322742	0.719731	0.434156	0.235343	0.413059	0.832892	1.03686	0.263141	1.25245	0.794298	0.0135216	0.100347	0.195811	0.353315	0.399192	1.25671	2.2698	0.832976	1.13868	0.888636	0.0306637	0.6494	0.960686	0.381011	0.307675	0.27358	1.03361	1.12685	0.267229
ihec.chipseq.ihec-chipseq-containerv1.1.4.IHECRE00000147.3.31a4c841-3d2e-437c-b7e3-cec67ef766c3.fc.signal	0.890574	0.612774	1.27172	0.461047	0.649845	0.563278	0.297729	0.531921	0.175511	0	0	0.292871	0.390816	0.224285	0.581042	0.29059	0.22635	0.289951	0.22659	0.695873	0.237241	0.128037	0	0	0.426014	0.65681	0.645395	0.0532114	0	0.355766	0.450416	0.443044	0.295477	0.305218	0.0128037	0.48014	0.491686
ihec.chipseq.ihec-chipseq-containerv1.1.4.IHECRE00000221.3.c3b55191-0fbe-42ec-a1e0-0d7c8c410fde.fc.signal	0	0	0	0	0	0	0	0	0	0	0	0	0	0	0	0	0.0323946	1.39433	0.573863	0	0	0	0	0	0	0	0	0	0	0	0.44904	0.993503	0.738504	0.241359	0	0	0.229916
ihec.chipseq.ihec-chipseq-containerv1.1.4.IHECRE00000177.3.83b0b921-e0bc-4aa4-a2f0-7efee9bf544b.fc.signal	0.510136	1.11469	0.439803	0.374563	0	0.535889	0.610555	0	0.185307	0.399445	0.585129	0.701418	0.473663	0.719122	1.84035	0.967997	1.52832	0.548286	0	0.165028	0.589065	0	0	0	0.662353	0.68268	1.18125	1.34932	0.563196	0.536581	2.50672	0.278762	0.256528	0.986656	0.769009	0.89205	0.340322
ihec.chipseq.ihec-chipseq-containerv1.1.4.IHECRE00001906.1.165f7781-9b32-4127-9b7e-a3c22e1d8bc5.fc.signal	0.321744	0.527227	0.466343	0.875851	0.821095	0.72624	0.785955	0.632996	0.656996	1.1776	1.03013	0.396768	0.594081	0.757269	0.688513	0.506204	0.623	0.77116	0.610184	0.495714	0.360407	0.390777	0.205757	0.743187	0.4292	0.65591	0.752589	0.564998	0.730608	0.781106	0.688677	1.15454	0.519648	0.407022	0.664882	0.59855	0.19282
ihec.chipseq.ihec-chipseq-containerv1.1.4.IHECRE00000237.3.206f09d2-76dd-4938-b45e-439de4017881.fc.signal	0.141366	0	0	0	0.174895	0.582903	0.444018	0.152511	0.0922052	0.449608	0.344466	0.186956	0.113368	0	0	0	0.476388	1.60556	1.28025	0.115406	0.327587	0.600608	0.868615	0.335751	0	0	0	0	0	0.0197579	0.450078	1.04538	1.11544	1.47809	0.928998	0.16751	0.28655
ihec.chipseq.ihec-chipseq-containerv1.1.4.IHECRE00002076.1.d82f15eb-8d9c-43cf-9741-0ee88b2ded27.fc.signal	0.773962	0.348129	0.242373	0.434029	0.522452	0.478475	0.514257	1.17654	0.418806	0.299238	0.93935	0	0	0.411409	0.651904	0.344643	1.24845	0.731579	0.265113	0.145812	0.565663	0.736722	1.04975	1.1787	0.396464	0.695929	0.366605	0.197701	0.369484	0.0720235	0.587285	1.13158	0.458965	0.331136	0.52641	0.23923	0.175
ihec.chipseq.ihec-chipseq-containerv1.1.4.IHECRE00003730.1.57414e10-6fd1-425a-bd2a-eb610647bcb3.fc.signal	0.388664	0.860004	0	0	0.960037	0.551566	0	0.172747	1.16376	1.2091	0.500584	1.07032	0.383602	1.75474	0.587524	0.451104	0.57705	0.340933	1.10557	0.0225528	1.01715	2.90023	0.722867	0.62165	0.349726	0.382374	0.675758	0.518524	0.859177	1.09167	1.31824	0	0	0	0.454448	0.580847	0.68974
ihec.chipseq.ihec-chipseq-containerv1.1.4.IHECRE00004664.3.3e0c3e5b-0b04-413e-8945-15e328b75c75.fc.signal	0.577539	0.179558	0.355069	0.59749	0.266588	0.442313	0.430595	0.673171	0.567128	0.71054	1.08084	1.43092	1.39923	1.0624	0.452552	1.0049	1.53527	1.31874	0.645386	0.519891	0.559204	0.587904	0.731173	0.830382	0.960718	0.548447	0.126223	0.662204	1.26582	0.976592	0.892099	0.821026	0.567236	0.614409	0.412791	0.201898	0.295159
ihec.chipseq.ihec-chipseq-containerv1.1.4.IHECRE00001014.4.ad84b327-82d2-4d7b-a9a1-d84b21c47553.fc.signal	0.087652	0	0.196627	0.0599115	0.403352	0.719582	0.451858	0.655891	0.702046	0.67956	0.368677	0.361713	0.98465	0.454098	0.213829	0.267846	0.19496	0.176351	0.167737	0.101065	0.211912	0.405645	0.34659	0.418084	0.331675	0.402046	0.907696	0.769798	0.374319	0.681936	0.528971	0.697685	0.558025	0.68726	0.329604	0.09488	0.476661
ihec.chipseq.ihec-chipseq-containerv1.1.4.IHECRE00001965.2.ef4e5ad4-caa2-424f-9bf2-7145353fa420.fc.signal	0.382686	0.281796	0.370564	0.346696	0.22301	0.261075	0.701646	0.336972	0.184253	0.408516	0.362984	0.159497	0.438018	0.565217	0.130452	0	0.0300165	0.300694	0.190384	0	0.284593	0.78003	0.688714	0.977305	0.227582	0.182563	0.189579	0.215643	0.563106	0.515452	0.221322	0	0.129209	0.154036	0.477505	0.673052	0.349573
ihec.chipseq.ihec-chipseq-containerv1.1.4.IHECRE00000084.3.d70df12a-56c6-409a-9efd-6ac48fef39f8.fc.signal	0	0	0	1.69759	1.46829	1.76863	1.0502	0.716383	0	0	0.170629	0.988482	0.29355	0	0	0	0	0	0.704586	0.449165	0	0	0	1.85194	1.72736	0	0.189981	0.646626	0.569952	0.379731	1.09744	1.12043	0.0276648	0	1.00285	2.07487	0.365691
ihec.chipseq.ihec-chipseq-containerv1.1.4.IHECRE00003404.1.4a84d1a8-94ea-4ca8-9f07-6c2b2d20f0f2.fc.signal	1.50631	1.44423	1.1606	1.25649	0.0996666	1.53465	2.34907	0.172397	0.326671	0.843927	0.291934	0.591237	0.775377	1.02643	1.35377	0.416948	1.1143	0.759746	0.712495	0.325682	0.647145	0.28174	0.45099	0.176573	0.055469	1.29846	1.20805	0.748622	0.616106	0.318469	0.411193	0.110234	0.216058	2.17866	0.884656	0	0.647149
ihec.chipseq.ihec-chipseq-containerv1.1.4.IHECRE00004616.1.bed78e40-f7b3-4ebb-ad62-e7d9c6963ec8.fc.signal	0.720639	0.761801	1.11035	0.835883	0.679655	0.399084	0.56414	0.787968	0.567147	1.37881	1.18996	0.615675	1.40965	1.84753	1.25679	1.06532	1.19471	1.19789	0.779592	0.490852	0.921006	1.05331	2.07043	1.65251	1.20711	0.753995	1.38174	0.878098	0.849414	0.73371	0.491504	0.331586	0.508104	0.57839	1.61459	1.82757	0.417266
ihec.chipseq.ihec-chipseq-containerv1.1.4.IHECRE00001997.1.9ddbde16-a8c7-4357-85a1-25b734b0a68e.fc.signal	0.403617	0.146704	0.451813	0.500931	0.211393	0.2284	0.318472	0.20727	0.49196	0.387074	0.706031	0.509245	0.543338	0.321294	0.294403	0.252227	0.99232	0.45018	0.440418	0.634093	0.377631	0.586004	0.665248	0.278973	0.631662	0.456602	0.750691	0.675389	0.426616	0.336011	0.326386	0.445758	0.569021	0.161098	0.172418	0.373885	0.155367
ihec.chipseq.ihec-chipseq-containerv1.1.4.IHECRE00003806.1.047c2416-3a22-4cd4-965c-493225f5ed12.fc.signal	0.537575	0.409111	0.280524	0.346682	0.186087	0.919081	1.01642	0.461214	0.945	1.23302	1.5339	0.634593	0.126509	0.262246	0.39815	0.489938	0.439632	0.706578	0.828895	0.772206	1.07992	0.575641	0.446229	0.853476	0.865998	1.59168	1.58973	0.732908	0.3377	0.0056298	0.196164	0.659376	1.19287	1.10954	0.819449	0.885495	0.362859
ihec.chipseq.ihec-chipseq-containerv1.1.4.IHECRE00001002.4.9865a077-d036-4354-ba4b-3498c98e7bc1.fc.signal	0	0	0	0	0.0549625	0.930511	2.0144	0.511213	0.265851	0.76685	0.95602	0.590478	1.63605	0.416659	0.177659	0.651847	1.05427	1.50397	0.55768	0	0.0578533	0.282365	0.544506	0.354748	0.348911	0.678665	1.5977	0.85509	0.198167	0.00127853	0.0038356	0.625002	1.42784	1.9435	1.33571	0.8819	0.376501
ihec.chipseq.ihec-chipseq-containerv1.1.4.IHECRE00000864.3.dbe74410-ef9b-4890-bc90-855bf41773d5.fc.signal	0.465387	0.6836	0.204033	0.265573	0.100744	0.679659	0.500559	0.533039	0.354129	0.857567	0.778771	0.489441	0.189951	0.600627	1.06522	0.567907	1.1117	0.804819	0.794313	0.25158	1.20562	0.805516	0.131126	0	0.240488	0.564158	0.463436	1.52873	1.28952	1.58508	1.2038	1.03016	0.864668	0.476701	0	0	0.0412961
ihec.chipseq.ihec-chipseq-containerv1.1.4.IHECRE00000240.3.9179d535-0d76-4d04-b0d0-678ad03f04b2.fc.signal	0	0	0	0.173512	0.760917	1.02214	0.962993	0.620502	0.446946	0.532101	0.248737	0.459422	0.353253	0.0615096	0	0.588031	0.772744	1.36604	1.35228	0.162735	0	0	0	0	0	0	0	0	0	0	0	0.539617	1.68222	1.31809	0.501434	0.362262	0.25091
ihec.chipseq.ihec-chipseq-containerv1.1.4.IHECRE00001235.5.85b1d8ad-328c-45c6-9e3b-50e5e5e241e1.fc.signal	0.0429963	0.0830961	0.367128	0.192986	0	0.639507	0.905859	0.0404187	0	0.631888	0.460501	0.597973	0	0.0753567	0.256213	0.0855434	0.763071	1.47706	0.286906	0	0.130754	1.36826	1.12259	1.59051	0.244214	0.993407	0.655739	0.412532	0.228246	0.0564612	0.254336	0.291374	0.818766	0.4958	0.809542	0.95986	0.317577
ihec.chipseq.ihec-chipseq-containerv1.1.4.IHECRE00000043.3.9cf12c10-316c-45d2-adec-5ea53e80f354.fc.signal	0.0647951	0.271871	0.7588	1.28812	0.011178	0	0	0	0	0.686614	0.899124	0.548448	0.334721	0.245523	0.0757835	0.750235	0.631462	0.515355	0.255882	0.410347	0.349714	0	0.373953	1.13787	0.0745167	0.00596133	0.513464	0.0286423	0.47142	0.177695	0	0	0.777379	2.73201	1.6145	0.67066	0.427046
ihec.chipseq.ihec-chipseq-containerv1.1.4.IHECRE00000121.3.4a5cfc14-4daf-4d77-9a82-2b790575203a.fc.signal	0.413674	0	0	0.375051	0.649286	1.08157	1.78246	0.469539	0.66166	0.453213	1.25242	0.631171	0.0534058	0.549311	0.187245	0.690368	0.854453	0.207464	0	0	0	0	0	0	0.398393	1.22435	0.756851	0.994275	1.32027	1.0423	0.602771	1.42752	0	0.350923	1.04352	0.38147	0.327765
ihec.chipseq.ihec-chipseq-containerv1.1.4.IHECRE00000775.1.45140bd1-90fe-4a64-8e67-977bea385e45.fc.signal	0.686131	0.568301	0.647659	0.963346	0.763668	0.778805	0.948145	0.9264	0.144569	0.245778	1.33711	0.832119	0.295306	0.204899	0.0216905	0.362075	0.681562	1.08092	0.740601	0.384974	0.411382	0.819097	0.414665	0.180551	0.141992	0.435059	0.410283	0.47373	0.38353	0.409206	0.153603	0.683545	0.220353	0.0300956	0.674799	0.898188	0.0976942
ihec.chipseq.ihec-chipseq-containerv1.1.4.IHECRE00001952.2.c1b4ffc0-5671-47c4-baaa-5f1958b2a0b4.fc.signal	0.490452	1.12896	0.312074	0.699727	0.144485	0.178961	0.0731329	0.17467	0.504941	0.583683	0.628986	0.601735	0.0325064	0.457128	1.08646	1.44967	0.97956	0.467397	0.557331	0.438109	0.362978	0.83823	0.808363	0.55212	0.763621	0.724866	0.922089	0.360066	0.393089	0.856256	0.983454	0.191381	0.264778	0.491428	0.817657	0.452211	0.438328
ihec.chipseq.ihec-chipseq-containerv1.1.4.IHECRE00000957.7.dd1317db-7d1b-41c7-a204-2df8f91c596d.fc.signal	0.292048	0	0	0.505914	0.0417072	0.40139	1.17014	0.371497	0	0.668853	0.501951	0.622152	0.135626	0	0	0.415286	1.18872	0.6873	1.2644	1.6188	0.310573	0	0.150241	0.33119	1.26408	0.343153	1.69411	0.838248	0	0	0	0.201882	0.312719	0.809216	1.05523	1.37845	0.331483
ihec.chipseq.ihec-chipseq-containerv1.1.4.IHECRE00002005.1.3f273eb1-d109-4260-952a-5ac2e044448b.fc.signal	0.444363	0.813746	0.73905	0.0104183	0.47029	0.834664	0.291828	0.14441	0.513828	1.37826	1.19061	0.364727	0.243977	0.9369	0.145665	0	0.278014	0.419373	0.429273	0.502177	0.130553	0.502082	0.578472	0.327769	0.682645	0.170739	0.0235164	0.239439	0.311517	0.464331	0.149212	0.637008	0.478964	0.532387	0.738261	0.749228	0.166359
ihec.chipseq.ihec-chipseq-containerv1.1.4.IHECRE00000953.7.b00cf993-6f93-4003-a85a-97af1e0480be.fc.signal	0.591716	1.71671	1.36135	0.467688	0.186561	2.45905	1.67582	0.334406	0.246062	1.08229	1.163	0.862538	2.22472	1.48049	0.513044	0.561196	2.48972	1.21626	1.63042	0.136991	0	0	0	0.780001	1.66141	0.757523	0.293031	1.26379	0.052062	0	0	0	0	0	1.0494	1.41975	0.409639
ihec.chipseq.ihec-chipseq-containerv1.1.4.IHECRE00001050.8.8c536fb3-0ded-452e-bfa9-602b72d66c00.fc.signal	0.29258	0	0.227666	0	0.32747	0.634624	1.17424	1.02768	0.339424	0.571014	1.00692	0.118684	0.649652	0.782075	0.201612	0.263155	1.14782	1.90823	0.737014	0.293226	0.609327	0.0948538	0.302985	0.499155	0.962262	1.19474	1.26347	0.357589	0.280614	0.101	0.793003	0.465956	0.179167	0.718466	1.36024	0.973246	0.76519
ihec.chipseq.ihec-chipseq-containerv1.1.4.IHECRE00000060.3.87d6d4cc-d709-448c-855d-51ab38c2c5f0.fc.signal	0.346395	1.29747	1.63545	0.336062	1.64726	1.28654	1.23259	1.14953	0.638254	2.01049	1.37621	1.13345	1.40294	0.432371	1.20998	1.05562	0.969547	0.636756	2.70489	1.87143	0.459701	0.158638	1.82935	0.81007	0.846555	1.21169	0.76896	0.156857	0.916247	1.57027	2.58371	1.11375	0.365819	0.585643	0.474537	0.472087	0.254179
ihec.chipseq.ihec-chipseq-containerv1.1.4.IHECRE00001888.4.445e6e0a-1317-4ac0-8603-79bdacbbaeb7.fc.signal	0.183071	0	0.510149	0.18097	0	0	0.87789	1.05345	0.331685	0.645011	0	0	0.416019	1.48783	1.42528	0.782155	0.479227	0.213571	0.926502	0.534742	0.762156	0.183076	0	0.732307	0.433416	0	0.423912	0.790553	0.0260876	0	0	0	0	0	0.202021	0.788249	0.632109
ihec.chipseq.ihec-chipseq-containerv1.1.4.IHECRE00003812.1.63a55c7d-51f0-4637-84b6-522ad46573ec.fc.signal	0.199702	0	0.110489	0.276804	0.299917	0.104994	0.262675	0.286999	0.465116	0.38657	0.510551	0.158705	0.181136	0.295887	0.149801	0.251337	0.508796	0.791991	0.266155	0.442349	0.229326	0.360017	0.140554	0.525231	1.34884	0.607836	0.79027	0.342872	0.939184	0.865519	0.332892	0.149666	0.554025	0.41105	0.311898	0.293422	0.161597
ihec.chipseq.ihec-chipseq-containerv1.1.4.IHECRE00001878.2.2adb5a51-51a2-4ead-ae64-2462116858bf.fc.signal	0	0	0.361145	0.215171	0.0973871	0.355408	0	0	0	0.286074	0.122121	0.228391	0.27781	0.422459	0.312513	0	0	0.347317	1.39797	0.192915	0	0	0	0	0.256625	0.279144	0.446831	0.0107456	0.342698	0.536332	0.497886	0.110526	0	0	0.752797	0.91857	0.00903724
ihec.chipseq.ihec-chipseq-containerv1.1.4.IHECRE00004681.3.e25da2b0-3beb-48b5-b4cb-d2ae704a33b2.fc.signal	0.449936	0.500754	1.13554	1.21209	1.36403	0.620748	1.25476	0.823515	1.10184	1.01437	0.485502	0.537023	1.17905	0.807873	0.345925	0.557608	0.226199	0.386616	0.60939	0.705304	0.465828	0.615749	0.342366	1.01851	1.7257	0.835463	0.59991	0.781394	0.677277	0.726139	0.714985	1.12885	1.15157	0.443999	0.739233	1.12569	0.571241
ihec.chipseq.ihec-chipseq-containerv1.1.4.IHECRE00001012.4.853b1d33-1744-4990-baf4-0f508c154dec.fc.signal	0.0332873	0.216368	0.397066	0.641957	0.45888	0.741387	1.32382	1.21247	0.165003	0.157586	0.484117	0.797624	0.600858	1.09423	0.826719	0.207242	0.816475	0.706556	0.2897	0	0.0517134	1.35855	0.396929	0.315687	0	0.916193	1.49559	0.536775	0.480285	0.446999	1.07214	0.749416	0.740908	1.18635	0.397362	0.611858	0.218788
ihec.chipseq.ihec-chipseq-containerv1.1.4.IHECRE00001009.4.f4ce93fa-a218-429a-bf06-fd30f370975a.fc.signal	0.46988	0.173165	0.151471	0.384896	0.0743353	0.345067	0.844936	0.587163	0.709492	0.3602	0.441526	0.176903	0.158604	0.390482	0.0824788	0.161444	0.301167	1.11054	1.01544	0.326182	0.248983	0.180449	0.530236	0.367882	0.296918	0.330962	0.309895	0.349029	0.249577	0.355517	0.238922	0.125754	0.265789	0.337918	0.655656	0.639974	0.422785
ihec.chipseq.ihec-chipseq-containerv1.1.4.IHECRE00003686.3.05f731d1-35d3-4327-ad52-34ab22707910.fc.signal	0.226621	0.667986	0.618516	0.628449	0.318665	0	0	0	0.324165	0.0623221	0	0.112588	0.0613139	0.120351	0.586246	0.215027	0.284791	0.0051146	0.231622	0.822986	0.0736061	0.377348	0.181723	0.19943	0.105729	0.0662942	0.0503209	0.0143967	0.255414	1.20398	0.102482	0	0	0	0.0337464	0.31638	0.292223
ihec.chipseq.ihec-chipseq-containerv1.1.4.IHECRE00001022.4.dc7b5661-43e6-4e06-8a03-ce4fe6a31079.fc.signal	0.0489793	0.0136892	0.317206	0.32056	0.204493	0.789499	0.352771	0.338572	0.295584	0.354019	0.337396	0.528499	0.846949	0.591391	0.272935	0.170365	0.483103	0.787738	0.564033	0.295152	0.450776	0.653595	0.571897	0.663196	0.802016	0.734383	1.26589	0.497573	0.441673	0.365466	0.366085	0.568864	0.563174	0.833371	0.536529	0.19745	0.478518
ihec.chipseq.ihec-chipseq-containerv1.1.4.IHECRE00003398.1.32ebedf9-9cee-45d9-904b-83df75dfe3b1.fc.signal	0.736507	1.04384	1.05106	0.408142	0.0505661	0.3784	0.0541968	0.228043	1.16998	0.887029	0	0.0496819	1.23153	1.10399	0.321431	0.283891	1.81701	0.675966	0.932251	0.527657	0.74202	0.728754	0.802693	0.643505	0.0124197	0.392242	0.384394	0.0225817	0.480604	0.64034	0.711572	0.816287	1.5495	1.77344	1.07635	1.08357	0.542096
ihec.chipseq.ihec-chipseq-containerv1.1.4.IHECRE00000665.1.c28d3943-9234-4917-b4a0-88d70eac42fc.fc.signal	0.0964375	0.168745	0.250404	0.0828721	0.0565374	0.762699	1.2763	0.492216	0.310604	0.398226	0.912163	0.459786	0.542939	0.515556	0.54606	0.524468	0.499757	0.915487	0.544971	0.515858	0.855916	0.654209	0.335971	0.271534	0.494209	0.633138	1.14257	0.527021	0.258657	0.0836176	0.435431	0.378384	0.534555	0.445707	0.366608	0.558072	0.289491
ihec.chipseq.ihec-chipseq-containerv1.1.4.IHECRE00001891.4.285674ca-2d37-4ac8-859e-29db1bf824d3.fc.signal	0.0319352	0.806625	0	0	0	0.431681	1.00996	0.262647	0.551558	0	0.0107892	0.778469	0.449793	0.607198	0	0	0.4378	0.979668	0.745965	0	0	0	0.153022	1.09863	0.77063	0.399136	0.563724	0.221731	0.371369	0.334246	0	0	0	1.6232	1.37466	0.89372	0.696957
ihec.chipseq.ihec-chipseq-containerv1.1.4.IHECRE00000099.3.ee9d747c-d2cf-48da-a02d-0b93659fe659.fc.signal	0	0	0.468497	0.386257	0	0.28438	0.800963	0.853136	0.772855	0	0	0.563175	0.517786	0	0	0	1.71219	2.39016	0.580803	0	0	0	0	0	0	0	0.299842	0.73618	0	0.924665	1.29109	0.867401	0.045378	0	0	0	0.673749
ihec.chipseq.ihec-chipseq-containerv1.1.4.IHECRE00000303.2.7eef4baf-7091-4578-bd6a-25890cdd47cd.fc.signal	0.29402	0.314207	0.140321	0	0.437022	0.452525	0.146647	0.00931367	0.429657	1.05168	0.620025	0	0	0.416353	0.519468	0.231205	0.0347107	0.2567	0.767729	0.342001	0	0	0	0.24054	0.093553	0.388806	1.0274	0.841286	0.273257	0.337802	0.479812	0.507783	0.453992	0.169527	0.387446	0.506546	0.614587
ihec.chipseq.ihec-chipseq-containerv1.1.4.IHECRE00004703.3.48627801-dc8a-4642-8d3a-844213fa1ec6.fc.signal	0.476165	0.961296	1.2397	1.1269	1.02391	1.08814	1.07161	0.990508	0.622163	0.51137	0.945411	1.43588	0.788484	0.657082	0.544956	0.278655	0.56801	1.1959	1.48537	0.88244	0.745664	0.578402	0.538912	0.40711	0.992798	1.27607	0.488208	0.653011	0.272461	0.623925	0.756296	1.68113	1.41181	1.4573	1.3673	0.702303	0.420152
ihec.chipseq.ihec-chipseq-containerv1.1.4.IHECRE00001013.4.02d83500-1eee-47fb-928a-288e119fb2d5.fc.signal	0.489466	0.367868	0	0	0.0241658	1.21925	0.687804	0.142283	0	0	0.296952	0.72978	0.716122	0.383398	1.09455	0.11602	0.355498	0.346993	0.745201	0.264591	0	0.277213	0.313616	0.871635	0.398892	1.78599	0.915786	0.27861	0.0617289	0.656705	0.792892	0.34258	0.133539	0.0712449	0	0	0.298658
ihec.chipseq.ihec-chipseq-containerv1.1.4.IHECRE00003696.3.56ed3fdb-46a9-4765-a249-372860e042b1.fc.signal	0.753355	0.195157	0.524816	0.629954	0.390275	0.136743	0.0306831	0.335684	0.335749	0.236304	0.534244	0.57412	0.494613	0.243873	0.104541	0.213521	0.584226	0.456503	0.125512	0.252886	0.617338	0.545951	0.23063	0.128581	0.240923	0.430655	0.141125	0	0	0	0	0.279002	0.190438	0.252497	0.102438	0.187032	0.276995
ihec.chipseq.ihec-chipseq-containerv1.1.4.IHECRE00003694.3.c78458e5-ee0b-451a-90f1-dbb574d13e13.fc.signal	0.715436	0.544032	0.388471	0.558331	0.95442	0.71663	0.274201	0.112003	0.360282	0.570074	0.509234	0.448689	0.421835	0.13581	0.288931	0.31961	0.165177	0.286927	0.411439	0.375257	0.417057	0.319806	0.277762	0.260773	0.287906	0.537474	0.671713	0.528888	0.459268	0.289195	0.45496	0.655238	0.494372	0.250863	0.237339	0.273451	0.363229
ihec.chipseq.ihec-chipseq-containerv1.1.4.IHECRE00000318.2.10501a10-327b-4601-8d8d-0d0bc776bb15.fc.signal	0.81071	1.18079	0.95473	0.195928	1.00491	1.37124	0.384674	0.838806	0.356512	0.833498	0.957971	0.664006	0.215869	0.280797	0.291379	0.651401	0.326572	0	0	0.655259	0.301253	0.41456	0.43641	1.47779	0.68438	0.539341	0.16381	0.0909797	0.52735	0.476101	0.277953	0.478033	0.2419	0	0.459504	1.53393	0.627376
ihec.chipseq.ihec-chipseq-containerv1.1.4.IHECRE00001955.3.409dbfeb-ff68-4d68-8254-ea0d0437a94c.fc.signal	0	0	0	0.0698355	0.0788251	0.114186	0.0444583	0.191446	0.0624572	0.0546866	0.197663	0.376083	0.317428	0.0533996	0	0	0.0120228	0.177194	0.0761478	0.327568	0.137832	0.0790711	0	0.0446618	0.192986	0.186582	0.192239	0.242251	0.0732582	0.0039526	0.204637	0.293454	0.228782	0.163372	0.132896	0.198143	0.367922
ihec.chipseq.ihec-chipseq-containerv1.1.4.IHECRE00003804.1.20346d72-f6d0-41f6-979d-2e29fa33f68f.fc.signal	0.444586	0.283638	0.214172	0.177286	0.406245	0.113254	0.219269	0.188424	0.288372	0.0988958	0.0810798	0.28374	0.101788	0.205491	0.11832	0.0972718	0.165037	0.499522	0.396182	0.126922	0.707142	0.499485	0.110666	0.186598	0.0989873	0.407275	0.311822	0.070133	0.176873	0.21927	0.0963121	0.328677	0.289898	0.204927	0.109765	0.075883	0.0366509
ihec.chipseq.ihec-chipseq-containerv1.1.4.IHECRE00001935.1.53d89d9f-5949-4fc0-a0f7-bbac9f0fea51.fc.signal	0.518521	0.334598	0.349242	0.623643	0.545856	0.171875	0.770965	0.56826	1.59112	1.82271	1.66878	0.337092	0.615604	0.864429	0.604839	0.390866	0.580642	0.967793	0.47625	0.205173	0.289939	0.187543	0.39911	0.62352	0.708787	1.43806	1.08775	0.694217	1.06741	0.700113	0.585681	1.62628	1.4487	1.41733	1.38666	1.40827	0.290624
ihec.chipseq.ihec-chipseq-containerv1.1.4.IHECRE00003836.3.e37d93da-dc33-42a2-aab6-afc4ccdb4a46.fc.signal	0.33815	0.621809	0.325446	0.457419	0.385134	0.616763	0.45024	0.203255	0.219774	0.245614	0.324089	0.526478	0.598799	0.190819	0.197893	0.100961	0.264753	0.298884	0.1908	0.383695	0.407245	0.91497	0.61903	0.286828	0.149658	0.475954	0.515563	0.511944	0.31945	0.368038	0.593543	0.546697	0.260542	0.406704	0.243582	0.412938	0.522222
ihec.chipseq.ihec-chipseq-containerv1.1.4.IHECRE00000938.7.c3ad0c1d-7484-4ce6-b047-2ee6f2376f26.fc.signal	0	0	0.252158	0.548195	0	0.447972	0.175017	0.409015	0	0	0	0	0	0	0	0	0	0	0	0	0	0.924252	1.43285	0	0	0.613287	3.57972	0.0913639	0	0	0	0	0	0	0.597668	0.146838	0.143379
ihec.chipseq.ihec-chipseq-containerv1.1.4.IHECRE00003690.3.6941f4c2-9444-41d7-82bb-38a8112f3f75.fc.signal	0.118893	0.514388	0.537277	0.344259	0.277647	0.406565	0.363038	0.232576	0.347641	0.45347	0.36036	0.247823	0.242439	0.243313	0.533405	0.677998	0.373996	0.261754	0.369361	0.326905	0.486001	0.385497	0.209378	0.285536	0.43776	0.422497	0.589051	0.670832	0.474655	0.507808	0.528298	0.348453	0.341354	0.266801	0.168428	0.20157	0.279412
ihec.chipseq.ihec-chipseq-containerv1.1.4.IHECRE00003693.3.c56a1926-3d2b-458d-9800-4140f38e79d1.fc.signal	0.0913735	0.32328	0.378183	0.298334	0.508973	0.317087	0.257325	0.147295	0.236541	0.210923	0.373438	0.670704	0.627791	0.553669	0.358852	0.0435539	0.0657516	0.154566	0.25917	0.164518	0.26212	0.418949	0.257723	0.0661096	0.0864633	0.465857	0.726905	0.607767	0.503355	0.303368	0.439522	0.469213	0.366012	0.0943863	0.20589	0.387776	0.210072
ihec.chipseq.ihec-chipseq-containerv1.1.4.IHECRE00001852.4.51e98f97-6119-4df6-b770-df4f0c759ed4.fc.signal	0.483858	0.697259	0.938441	0.852957	0.650961	1.00535	0.897822	0.597445	0.457745	0.286526	0.425749	0.721043	0.901846	1.08468	1.36014	0.818883	0.656449	0.583028	0.661032	0.790061	0.63167	0.560127	0.602336	0.746675	0.95541	0.883408	0.558792	0.591133	0.943531	0.504441	0.41746	0.355343	0.425145	0.391334	0.372247	0.535886	0.727143
ihec.chipseq.ihec-chipseq-containerv1.1.4.IHECRE00004643.3.e9f8c757-0331-4bff-b052-7d8c2cd4c7aa.fc.signal	1.13309	1.26983	0.636001	0.811877	0.485913	0.363594	0.541582	0.0605526	0.16352	0.61204	1.05112	0.875366	0.789224	1.51389	1.48997	1.11326	1.30355	1.47954	1.12093	0.908147	0.438129	0.268489	0.659807	1.25717	0.729167	1.81886	0.490418	0.200931	0.401475	0.459815	0.322802	0.336043	0.554643	1.3471	1.02844	0.681843	0.522559
ihec.chipseq.ihec-chipseq-containerv1.1.4.IHECRE00004647.3.d64b3583-2ef0-4033-af25-2e355c9dc564.fc.signal	0.455814	0.500729	0.629408	0.414714	0.398053	0.433827	0.392717	0.387224	0.592833	0.508834	0.57945	0.772477	0.445776	0.200779	0.383495	0.304607	0.172798	0.855398	0.811533	0.488998	0.543362	0.41417	0.540224	0.449861	0.343879	0.460015	0.664487	0.791504	0.839847	0.631291	0.373844	0.71835	0.88431	0.663498	0.745392	1.00702	0.293243
ihec.chipseq.ihec-chipseq-containerv1.1.4.IHECRE00000709.3.5c2b1045-c5b9-4ce2-a975-1bba53717c39.fc.signal	0.499406	0.498673	0.278276	0.658679	0.399656	0.928353	0.731476	1.21159	0.587047	0.498649	1.02167	1.24311	0.65265	0.657817	0.231941	0.129023	1.23848	1.80626	1.57946	0.352162	0.707476	1.07861	1.13136	1.56229	0.43453	0.542198	0.819149	0.253624	0	0.183268	0.411316	0.592379	1.39431	0.358784	0.13166	1.01922	0.269625
ihec.chipseq.ihec-chipseq-containerv1.1.4.IHECRE00001973.1.eb6b8116-681b-4ebd-8a3a-5c8e0b38a2a8.fc.signal	1.5778	0.807546	0.379717	0.231439	0	0	0	0	0.108902	0.775501	0.977121	1.05194	0.687378	0.404354	0	0	0.0878358	0.633839	0.320593	0.524796	1.1179	0.684306	0.416359	0.31982	0	0.166903	0.802266	0.942851	0.353195	0	0	0.649423	0.630162	0.585511	1.02517	0.44512	0.274411
ihec.chipseq.ihec-chipseq-containerv1.1.4.IHECRE00001957.2.e6bec3c5-fcb0-48f1-bb2d-dd0add2596dc.fc.signal	0.506737	0.454664	0.138219	0.351843	0.541772	0.148312	0.560466	0.244416	0.460821	1.33904	0.994465	0.950505	0.950213	0.538405	0.926338	0.581727	0.720328	0.982444	0.210229	0.50508	0.846242	0.760255	0.711227	1.21874	0.87724	1.14373	1.22388	1.29494	0.411252	0.295173	0.51642	0.771231	0.86631	0.999868	2.4661	1.19358	0.405485
ihec.chipseq.ihec-chipseq-containerv1.1.4.IHECRE00000972.6.c46cb165-d796-4481-af20-c4979e6e803f.fc.signal	0	0.461258	0.6603	0	0	0	0.978316	1.60022	0.713879	0.470497	0.270751	0.387816	0.0899162	1.03762	1.07402	0.761755	0.313437	0	0	0	0	0	0	0	0.0439192	0.404299	0.0779	0	0.406688	0.761937	0	0	0	0	0.596109	1.24644	0.119403
ihec.chipseq.ihec-chipseq-containerv1.1.4.IHECRE00003685.2.c2e20b49-142e-4797-9eba-5be0eab06323.fc.signal	0.21185	0	0.135104	0.31152	0.575188	0.334613	0.454702	0.307138	0.0849456	0.176437	0.200136	0.247073	0.136316	0.354455	0.205796	0.495122	0.450229	0	0.122349	0.708387	0.208709	1.21082	0.416102	0.122314	0.243587	0.540577	0.887321	0.308364	0.150933	1.01784	0.269023	0.298983	0.626004	0.626353	0.228799	0	0.226115
ihec.chipseq.ihec-chipseq-containerv1.1.4.IHECRE00003809.1.1724086a-5e6f-40e4-8774-8e9b5ce9aa91.fc.signal	0	0.265706	0.260317	0.209313	0.0720513	0.31386	0.461278	0.151653	0	0.28974	0.183861	0.0995077	0	0	0.123845	0.05888	0	0	0.0111568	0.555209	0.0625468	0.187817	0.0408307	0.0420723	0.201258	0.0431829	0	0	0	0	0.41594	0.0755872	0	0	0	0.179919	0.0424608
ihec.chipseq.ihec-chipseq-containerv1.1.4.IHECRE00001854.4.06d474fe-8a5b-49c2-81ef-b754d64a93d0.fc.signal	0.674279	0.893451	1.49836	1.5879	0.906097	0.71227	0.401583	0.586824	0.363523	0.167247	0.480494	1.16364	0.813713	0.206799	0.550036	0.609074	0.769781	0.683377	0.72831	0.920945	0.533519	0.384619	0.432233	0.387722	0.323329	0.227827	0.477151	0.908593	1.32298	1.43849	0.852453	0.369325	0.410451	1.13627	0.916514	0.704466	0.475784
ihec.chipseq.ihec-chipseq-containerv1.1.4.IHECRE00001900.1.6f34fcaf-f939-42d9-9208-522a5ad9c032.fc.signal	0.228846	0.451455	0.369965	0.0799205	0.0965706	0.235691	0.480195	0.149666	0.432965	0.798568	0.491649	0.299459	0.809136	0.882502	0.376609	0.174009	0.246143	0.33079	0.144315	0.410378	0.347726	0.0970973	0.169197	0.359715	0.260354	0.212324	0.366464	0.309857	0.13091	0.234892	0.281486	0.606335	0.319107	0.563002	0.413875	0.115958	0.0209846
ihec.chipseq.ihec-chipseq-containerv1.1.4.IHECRE00003678.3.8266b146-518b-415f-b011-597d6aa5064e.fc.signal	1.26225	0.489837	0.813158	1.10593	0.849497	0.427556	0.617485	0.736932	0.417484	0.324499	0.269364	0.259362	0.288426	0.89103	0.586097	0.344385	0.28334	0.161296	0.27037	0.429761	0.193601	0.212636	0.242289	0.161489	0.430438	0.551241	0.500464	0.258657	0.51871	1.06186	0.504571	0.422311	0.219419	0.250692	0.402262	0.542108	0.134146
ihec.chipseq.ihec-chipseq-containerv1.1.4.IHECRE00000228.3.733171c1-b776-4277-a4e8-9b25e6d08804.fc.signal	0	0	0	0	0.139959	0.289535	0.108167	0	0.107575	0.288865	0.432605	0.151671	0	0	0.0700877	0.340961	0.536409	0.652029	0.269274	0	0	0.0305088	0.228241	0.206889	0.0132255	0	0	0	0	0.0661117	0.251831	0.35421	0.379557	0.405681	0.142339	0	0.53218
ihec.chipseq.ihec-chipseq-containerv1.1.4.IHECRE00002063.1.43d53f41-e4a2-4421-b86f-0d0bce6de71d.fc.signal	0.554559	1.26405	1.11194	1.19247	0.777619	0.387466	0.881243	0.540586	0.252415	0.498081	0.412942	0.307736	0.177004	0.0890353	0.231801	0.183865	0.308785	0.832258	0.628724	0.0724041	0	0.0200468	0.180222	0.0647853	0.40676	0.796719	0.630284	0.570847	0.791583	0.281733	0.338877	0.351416	0.458495	0.378325	1.00357	1.33993	0.201923
ihec.chipseq.ihec-chipseq-containerv1.1.4.IHECRE00000974.7.795c5285-fcfe-49fc-86bb-822787a24420.fc.signal	0.121201	0.571334	2.50705	0.848591	0.748513	0.494571	0.757604	2.1447	0.471226	1.87063	0.580679	0.976606	2.523	0.313717	0.35101	0.753117	0.450675	0.234019	0.705647	0.131831	1.2918	0.443051	0	0.990979	0.213062	1.15675	0.948273	1.77203	0	0.191043	0.405966	0	0	0.163141	0.969026	1.08157	0.723438
ihec.chipseq.ihec-chipseq-containerv1.1.4.IHECRE00000001.4.7fa161be-cf7b-4429-a672-c1d72473e2c1.fc.signal	0	0	0	0	0	0	0	0	0.272095	1.46641	1.75968	0.596463	0.0198133	0	0	0.461708	1.65069	1.49215	0.517191	0	0	0	0.996753	0.863494	0.0167371	0	0	0	0	0	0	0.324882	1.19157	0.844729	0.150636	0	0.495553
ihec.chipseq.ihec-chipseq-containerv1.1.4.IHECRE00001005.4.eaae55a7-76d3-4c5f-8e82-3f3f6f93f567.fc.signal	0.373385	0.31993	0.648152	0.146433	0.312366	1.18539	1.49979	0.413956	0.466098	0.542833	0.721353	1.26618	1.21474	1.05997	1.1162	0.480837	1.42705	1.03597	0.974117	0.553855	0.827827	0.597901	0.225574	0.207572	0.510812	1.02646	1.5598	0.852865	0.524317	0.608656	0.771991	0.910796	0.459728	0.669379	0.424914	0.196027	0.0940171
ihec.chipseq.ihec-chipseq-containerv1.1.4.IHECRE00001966.2.281a1552-ba2f-4513-8d72-0e1cf5c2b6ab.fc.signal	0	0	0	0.209407	0.0380519	0.155968	0.158277	0	0	0	0	0	0	0	0	0	0.215864	0.289795	0.0125412	0	0	0	0.094059	0.200829	0	0	0.0874053	0.0199233	0	0	0	0	0.0125412	0.31144	0	0	0.60161
ihec.chipseq.ihec-chipseq-containerv1.1.4.IHECRE00002067.1.41844a41-a9d8-47e3-9699-651cca6131a4.fc.signal	0.525319	0.602957	0.597358	0.550322	0.144687	0.0262469	0.172951	0.443125	0.34262	0.307256	0.177798	0.237277	0	0.295617	0.644182	0.167244	0.213826	0.0978305	0.14858	0.399691	0.240182	0.789237	0.726853	0.212771	0.335439	0.268785	0.384728	0.217286	0.144933	0.149409	1.06729	0.71615	0.235578	0.631765	1.10403	0.54315	0.136286
ihec.chipseq.ihec-chipseq-containerv1.1.4.IHECRE00001016.4.1d4895d1-fc6f-4299-b288-fac0f6f34000.fc.signal	0	0	0.0934278	0.646221	0.122867	0.42028	0.468668	1.23683	0.287239	1.19698	1.05557	0.448183	1.28696	0.562317	0.81348	0.128137	0.344199	1.10644	0.246041	0.315143	0.0966226	1.15875	1.57224	0.45827	0.479035	0.653429	0.362553	0.129344	0.458364	0.2449	0.328799	1.33706	1.31551	1.31241	1.53225	1.41218	0.272059
ihec.chipseq.ihec-chipseq-containerv1.1.4.IHECRE00000184.3.95e35930-b188-462f-a2e3-786fb18c7d02.fc.signal	0.959799	0.65628	0	0	0	0	0	0	0.543922	0.23059	0	0.48917	0.162924	0.492338	1.48781	0.626516	1.18658	0.193273	0.294191	1.04369	0.559511	0.139543	0.77708	1.015	0.430177	0.42891	1.417	0.455349	0.705472	0.78142	0.158384	0.68477	0.930288	0	0	0	0.678799
ihec.chipseq.ihec-chipseq-containerv1.1.4.IHECRE00001015.4.f20ced91-030b-432e-b792-c809b0185614.fc.signal	0.596894	0.360973	0.574294	0.149936	0	0.339866	0.925092	0.203833	0.249181	0.587936	0.237682	0.218985	0.280812	0.434288	0.286373	0.209091	0.482823	0.453017	0.96179	0.627663	0.169578	0.191481	0.657182	0.693808	0.179991	0.302536	0.499162	0.228217	0.103249	0.459273	0.797827	0.0799856	0.620417	0.623301	0.787145	0.695303	0.304136
ihec.chipseq.ihec-chipseq-containerv1.1.4.IHECRE00003811.1.34e1eb06-bd04-44e7-b752-6e248f54239d.fc.signal	0.251009	0.41969	0.692584	0.236552	0.10227	0.0466752	0.073866	0.101386	0.16813	0.0585862	0.213055	0.477631	0.52729	0.233724	0.299592	0.197945	0.270856	0.130908	0.156598	0.0861337	0.178089	0.11588	0.118979	0.0681633	0.174552	0.381312	0.319977	0.251287	0.225227	0.0087814	0.0680657	0.187455	0.138672	0.351044	0.15302	0.102246	0.034664
ihec.chipseq.ihec-chipseq-containerv1.1.4.IHECRE00001233.5.9e3b4885-f5bc-4ff7-9713-139148fa3034.fc.signal	0.145023	0.159246	0.845256	0	0	0.89442	1.80825	1.39741	0.210752	1.28397	0.30954	0	0	0	0	0.119064	0.596883	0.760387	0.988746	0.200014	0.156585	1.29849	0.917997	1.54768	0.914399	0.295421	2.03036	0.855192	0	0.0487816	0.362254	1.1373	0.898542	0.633095	0.441405	0.497071	0.222061
ihec.chipseq.ihec-chipseq-containerv1.1.4.IHECRE00000343.2.5a78c0ce-4eae-417e-ab07-38cf2f39807a.fc.signal	0.351372	0.659406	1.33658	1.10495	0.669791	0.223906	0.340484	0.144073	0	0	0	0.279712	0.829762	0.847029	0.685601	1.03085	0.627881	0.929936	1.04702	1.06549	0.714184	0.679516	0.940711	0.581322	1.07312	0.808776	1.04181	0.613918	0.21702	0.0590416	0.563202	0.882925	0.0739733	0.34675	0.12483	0.398743	0.334842
ihec.chipseq.ihec-chipseq-containerv1.1.4.IHECRE00000233.3.2ce6c7a2-1501-4bf0-9209-c55a1327303d.fc.signal	0	0	0	0	0.0931029	1.033	0.836989	0.244088	0.0736503	0.37117	0.4298	0.224166	0.0057032	0	0	0.13689	0.324198	0.481373	0.333827	0.00316833	0.310191	1.00785	0.871043	0.34236	0.0750193	0	0	0	0.0288733	0.309499	1.35872	2.45791	2.14392	1.36036	0.547219	0.16974	0.217903
ihec.chipseq.ihec-chipseq-containerv1.1.4.IHECRE00001901.1.7cf8ca14-d3f1-48ac-b2ef-eee0ebdb6853.fc.signal	0.144223	0.117752	0.219258	0.155004	0.130714	0.227817	0.325566	0.191672	0.22493	0.373688	0.249889	0.122105	0.0807921	0.0572491	0.544463	0.230275	0.348077	0.445092	0.1151	0.0805834	0.58386	0.511465	0.272656	0.277093	0.340081	0.22881	0.133584	0.0588888	0.238884	0.228498	0.266157	0.260195	0.28534	0.269082	0.439574	0.225641	0.0259373
ihec.chipseq.ihec-chipseq-containerv1.1.4.IHECRE00000992.7.269c7bdb-5224-43fa-a5d5-7860eaac019c.fc.signal	0.586914	0.392819	1.28588	0.472346	0.124296	1.3271	0.96646	0.867822	0.196284	0.534974	0.898	0.960678	0.879225	0.982602	0.786811	0.364083	1.13443	0.916241	0.998863	0.567526	0.248572	0.428602	0.476626	0.918201	0.919291	0.927173	1.15505	0.79369	0.493145	0.107345	0.254784	0.804364	0.188064	0.614355	0.535993	0.673103	0.802616
ihec.chipseq.ihec-chipseq-containerv1.1.4.IHECRE00000129.3.acc389c8-306d-460f-95cb-548ca498e7e9.fc.signal	0.632999	0.360757	0.671678	1.14768	1.25666	1.26894	1.0348	0.483428	0.119859	1.16479	2.5229	0.751046	1.46034	1.68631	1.4413	0.467044	0	0	0.763861	0.345272	0.588836	1.47051	0.154544	0	0.336483	0.306615	0.827894	1.31782	0.467917	3.55356	1.22845	0	0	0.35829	0.371449	0	0.477331
ihec.chipseq.ihec-chipseq-containerv1.1.4.IHECRE00004609.2.0c69eda8-716f-44e4-bc94-dce057d4c5a3.fc.signal	0.691541	0.54525	1.04828	0.626533	0.380442	1.19454	0.573679	0.0152793	0.267331	0.692106	0.642342	0.821217	0.529691	0.22127	0.456155	0.277412	0.280103	0.336299	0.16867	0.352785	0.544403	1.37808	0.528538	0.522851	0.755289	0.501128	0.588406	0.3408	0.514611	0.914108	0.381874	0.145947	0.188314	0.340812	0.258692	0.547544	0.645833
ihec.chipseq.ihec-chipseq-containerv1.1.4.IHECRE00000224.3.2f10d695-5b3b-470a-a2e2-55996404a85c.fc.signal	0	0	0	0	0.066356	0.647972	0.435679	0	0.137279	0.776527	0.972086	0.138352	0	0	0	0	0.254332	0.66345	0.232217	0	0	0	0	0	0.433467	1.02619	0.729804	0.110584	0	0	0	0.0596833	0.448237	0.584547	0.242512	0	0.28723
ihec.chipseq.ihec-chipseq-containerv1.1.4.IHECRE00000250.2.662b80be-c09d-4154-bc9d-1e0602218f9c.fc.signal	0	0	0	0	0	0	0	0	0	0	0	0	0.377597	0.74273	0.339334	0	0	0.250011	0.308025	0	0	0	0	0	0	0.465931	0.763451	0.0541431	0	0	0	0	0.0106404	0.904022	0.644137	0	0.607459
ihec.chipseq.ihec-chipseq-containerv1.1.4.IHECRE00001990.1.db376d3b-ae63-4e49-80d2-dc3c632957a3.fc.signal	0.508667	0.606139	1.05008	1.36461	0.794326	0.583258	0.320671	0.0461765	0.195172	0.63767	0.553087	0.38718	0.591856	0.672563	0.360668	0.0572211	0.326672	0.890997	0.622136	0.790469	0.584781	0.290021	0.229984	1.0105	1.30067	0.513044	0.649079	0.66311	0.575089	0.315855	0.0758272	0.429405	0.615132	0.58823	1.07599	1.06304	0.196591
ihec.chipseq.ihec-chipseq-containerv1.1.4.IHECRE00003683.3.0997810a-4867-4ba8-9534-ea6e95022077.fc.signal	0.788208	0.83582	0.562344	1.2792	0.657932	0.163253	0.111107	0.767467	0.360151	0.93893	0.101269	0.203698	0.18847	0.143349	0.125821	0.230073	0.650911	0.225443	0.287459	0.0503239	0.516738	0.192349	0.614104	0.252583	0.585813	1.47933	0.439434	0.536375	1.01397	1.07719	0.814251	0.902624	0.409302	0.569334	0.424997	0.328146	0.233891
ihec.chipseq.ihec-chipseq-containerv1.1.4.IHECRE00000071.3.c8466bde-130e-4c84-b299-b3eb4c8abdc7.fc.signal	0.915522	1.45266	0.683138	0.639215	0.975718	0.623437	1.59861	0.994003	0.768175	0.495932	0.061122	0.568696	0.655599	0.561715	0.241238	0.342575	0.33066	0.235519	1.20289	0.294549	0	0.0120632	0.336656	1.0203	0.696484	1.64686	2.00441	1.32833	0.774757	0.816974	0.777556	0.138545	0.161236	1.07965	0.868618	0.397296	0.34817
ihec.chipseq.ihec-chipseq-containerv1.1.4.IHECRE00001030.7.1ce7f4a0-1e00-4296-ade7-a069012950ee.fc.signal	0.579704	0.330145	1.45429	0.278826	0.00330473	0.299137	0.548643	0.787016	0.665509	0.716298	0.373803	1.752	1.32465	0	1.22375	0.217674	0.943954	0.815964	0.515678	0	0.0567104	0.586561	0.264645	1.14929	1.13421	0.852993	1.44527	1.99157	0.207722	0	0	0	0.256752	0.765624	1.2024	1.83894	0.339674
ihec.chipseq.ihec-chipseq-containerv1.1.4.IHECRE00001936.1.73056630-65cd-44da-94ab-6886ae9d01cc.fc.signal	0.251744	0.464338	0.811089	0.170073	0.269049	1.17384	0.982996	0.8741	0.885949	0.95458	0.53076	0.520629	0.727843	0.89362	0.903995	1.20523	1.24434	0.855256	1.47296	1.07001	0.99331	0.867061	0.614275	0.560866	0.808906	1.63109	1.84626	0.837883	0.729564	0.602755	0.950935	1.69031	0.591801	0.457253	0.569218	1.29935	0.247358
ihec.chipseq.ihec-chipseq-containerv1.1.4.IHECRE00001887.4.59a9b7d0-5484-46d1-b8f0-117dbd401378.fc.signal	0	0.116333	0.559147	0.39403	0.0288064	0.307267	0.840069	0.661032	0	0	0.381051	0.517886	0.0940151	0	0.236061	0.425446	0.491597	0.625161	0.240979	0	0.105075	0.28145	0.14823	0	0.215285	0.690366	0.421288	0.00963953	0.208616	0.369765	0.556805	0.425928	0.947555	1.16896	0.375086	0	0.509091
ihec.chipseq.ihec-chipseq-containerv1.1.4.IHECRE00000126.3.2846e92d-580c-47b7-a067-576dcdf07383.fc.signal	0.278214	0.315942	0.114935	0.670378	0.0335165	0	0	0	0	0	0	0	0.105148	0.346834	0	0	0	0	0	0	0	0	0	0	0	0	0	0	0	0	0	0	0	0.42002	0.541229	0.25927	0.609409
ihec.chipseq.ihec-chipseq-containerv1.1.4.IHECRE00004618.1.72623753-44fb-49f2-a9eb-e1a5603547b0.fc.signal	0.195339	0.178347	1.12656	1.29142	0.269069	0.402569	0.827119	0.921926	0.0628368	0.465441	0.552489	0.628631	0.856033	0.668885	1.2805	0.80884	0.683421	0.654467	0.278456	0.116469	0.274709	0.49241	0.681546	0.0209532	0.0066144	0.483827	0.195698	0.459826	0.699607	0.458721	0.585426	0.477702	0.45459	0.133712	0.360864	0.600868	0.600085
ihec.chipseq.ihec-chipseq-containerv1.1.4.IHECRE00001236.5.89a447bb-7116-45ed-914d-ea08ca13224b.fc.signal	0.0524635	0.0224908	0.511227	0.426187	0.0958553	0.506401	1.01111	0.29059	0	0	0.173804	0.340422	0.643999	0.287655	0.702018	0.290763	1.07629	1.64788	0.740648	0	0.00851	1.52157	0.363836	0.356154	0.226491	0.522293	0.21986	0.29029	0.00914933	0	0	0.476653	0.542198	0.611131	0.111206	0	0.310894
ihec.chipseq.ihec-chipseq-containerv1.1.4.IHECRE00003677.3.c8f6239b-cb62-4435-8e19-0a148079f3ba.fc.signal	0.280396	0.233611	0.533759	0.382254	0.362574	0.367401	0.361865	0.542802	0.270083	0.860301	0.493123	0.243024	0.723679	0.295005	0.275169	0.336051	0.330157	0.346936	0.263466	0.320749	0.522856	0.302827	0.545079	0.710905	0.272594	0.563968	0.776225	0.690933	0.752033	0.972799	0.534259	0.0908068	0.0456225	0.261152	0.514957	0.2722	0.465292
ihec.chipseq.ihec-chipseq-containerv1.1.4.IHECRE00000222.3.bc3c5401-2679-4e6a-8d23-b4052eee1a8e.fc.signal	0.045985	0	0	0	0	0.223705	0.353436	0.223427	0.123162	0.683643	1.23037	1.80946	0.735765	0	0	0.513596	0.871963	0.738975	0.261331	0.031842	0.346516	0.8911	0.709241	0.476612	0.745219	0.808838	1.12324	0.995687	0.0916125	0.034756	0.632306	1.29997	1.64541	2.13793	2.91578	2.87618	0.33997
ihec.chipseq.ihec-chipseq-containerv1.1.4.IHECRE00001902.1.6122ce53-36ab-4726-899c-4019d21224b2.fc.signal	0	0	0	0.0046352	0.16254	0.148958	0.199355	0.204181	0.155356	0.115276	0.0221647	0	0	0.0182585	0.190533	0.324885	0.330959	0.320755	0.103529	0.0540862	0.225296	0.0435652	0	0	0	0	0	0	0	0.127008	0.176904	0.021168	0	0	0	0	0.02493
ihec.chipseq.ihec-chipseq-containerv1.1.4.IHECRE00001021.4.42815287-0f19-4aa3-960b-90c95fa6839b.fc.signal	0.352174	0.173143	0.931601	0.283777	0.401065	0.544287	0.472602	0.400847	0.152808	0.327342	0.44184	0.558481	0.274864	0.145256	0.0195816	0.242794	0.583403	1.14611	0.524947	0.469743	0.20318	0.779693	0.364083	0.473053	0.248583	0.970908	1.37117	0.463625	0.467063	0.201903	0.0391067	0.361907	0.807632	0.838664	0.726296	0.959956	0.399044
ihec.chipseq.ihec-chipseq-containerv1.1.4.IHECRE00002065.1.86df225b-3e1d-4a7a-bbec-4e5619ad713f.fc.signal	0.286557	0.419411	0.669829	0.958175	0.598684	0.167156	0	0.175084	0.250842	0.337507	0.271035	0.324524	0.413155	0.157576	0.561408	0.337147	0.447794	0.612858	0.458721	0.14527	0	0	0	0	0.305044	0.473097	0.30948	0.481246	0.125201	0.111114	0.607558	0.12453	0	0	0.202452	0.3394	0.252022
ihec.chipseq.ihec-chipseq-containerv1.1.4.IHECRE00003684.3.227d235e-5d49-4e40-8c2e-3e1ec3df47e3.fc.signal	0.4646	0.368245	0.455151	0.609229	0.318323	0.166375	0.12989	0.655801	0.328656	0.997316	0.625239	0.36737	0.302837	0.288212	0.258487	0.357157	0.33361	0.210333	0.182412	0.250159	0.591622	0.381601	0.480297	0.0789499	0.364001	0.125938	0.528529	0.189482	0.425649	0.197957	0.247174	0.488709	0.376856	0.74952	0.356694	0.115367	0.38504
ihec.chipseq.ihec-chipseq-containerv1.1.4.IHECRE00004635.3.ac3d233b-983d-44f1-b32e-ea45048d4db5.fc.signal	1.31201	0.895931	0.478185	0.951179	0.642337	1.18466	0.459192	0.394326	0.527673	0.759225	0.828847	0.813151	0.838045	1.28224	1.37286	0.788326	0.780603	0.629028	0.522687	0.677272	0.926624	0.754298	0.372209	0.427978	0.726429	1.25625	0.774609	0.848214	0.749919	0.451857	0.392665	0.294642	0.196675	0.449661	0.785997	0.689029	0.820178
ihec.chipseq.ihec-chipseq-containerv1.1.4.IHECRE00001958.3.8880c654-a0c9-41d0-997c-100c289384a4.fc.signal	0.248271	0.132427	0	0.0619659	0.132762	0.176587	0.140165	0.0411821	0.375452	0.0653433	0.0967935	0.460872	0.33841	0.440264	0.106803	0.230509	0.686923	0.39706	0.223052	0.14807	0.452547	0.302666	0.259465	0.31767	0.174168	0.315348	0.256532	0.144603	0.242213	0.472184	0.474343	0.306132	0.347251	0.851906	0.274306	0.27981	0.269361
ihec.chipseq.ihec-chipseq-containerv1.1.4.IHECRE00004617.2.2b835b35-0d4f-4266-a8c6-b8c45974f7ec.fc.signal	0.556295	0.753356	0.384449	0.209357	0.33267	0.534537	0.657773	0.560887	0.126252	0.198524	0.211052	0.424349	0.394774	0.362116	0.233371	0.112743	0.502346	0.502555	0.371207	0.618937	0.336675	0.359192	0.536911	0.300955	0.978934	0.71213	0.128303	0.377473	0.198241	0.355044	0.26512	0	0.198969	0.298198	0.0717609	0.166668	0.440397
ihec.chipseq.ihec-chipseq-containerv1.1.4.IHECRE00004615.1.ca9877c7-1f2b-4062-b2b9-e0444e14d297.fc.signal	0.42164	0.332125	0.755754	0.391044	0.254641	0.405295	0.550326	1.0438	0.251419	0.650079	1.00369	0.636027	0.49297	0.486852	0.289281	0.201166	0.372141	0.499946	0.322681	0.0764017	0.279171	0.253246	0.103575	0.0561903	0.072715	0.261493	0.228693	0.263971	0.126225	0.491362	0.966755	0.255452	0.0573724	0.122489	0.377002	0.188632	0.590502
ihec.chipseq.ihec-chipseq-containerv1.1.4.IHECRE00004605.1.09fb5d7a-926c-40ff-ac15-0bd2ff31967d.fc.signal	0.479876	1.03133	0.690293	0.545481	0.36059	0.606365	0.232552	0.94344	0.428549	1.36492	0.72831	0.446019	0.121801	0.602295	0.881189	0.338399	0.936721	1.19073	0.867457	0.367269	1.42046	1.00966	0.430045	0.241386	0.610938	0.49021	1.13311	0.532817	0.655638	0.822558	0.56535	0.763978	0.765267	0.978702	0.542386	0.854191	0.564356
ihec.chipseq.ihec-chipseq-containerv1.1.4.IHECRE00004900.1.67d0b7ff-4124-4e95-8c9b-1a369432b72d.fc.signal	0.105196	0.496484	0.480897	0.0541008	0.0687922	0.620238	0.281309	0.370414	0.522977	1.20826	0.459857	1.58998	1.4397	0.755747	0.780238	0.182771	0.268709	0.866601	0.473109	0.338387	0.0622212	0.1132	0.310899	0.568927	0.258835	0.587655	0.644557	0.835565	0.204381	0.598614	0.65222	1.27138	0.967811	0.243623	0.346523	0.29694	0.238817
ihec.chipseq.ihec-chipseq-containerv1.1.4.IHECRE00001249.1.ce41f8e0-fe75-4136-8ba0-d2535a082fce.fc.signal	0.095914	0.564103	0.626237	0.29317	0.0558587	0.428868	0.807219	0.207317	0.151971	0.681647	0.416328	0.203225	0.0100542	0.282848	1.4169	0.664989	0.622569	0.651388	0.599693	0.426794	0.0517536	0	0	0.24583	0.735119	0.539972	1.10222	0.461744	1.0365	1.14738	1.71002	0.573467	0.0129384	0.790283	1.44061	0.474777	0.527607
ihec.chipseq.ihec-chipseq-containerv1.1.4.IHECRE00003676.3.fb569507-616e-4ddb-bce1-2cdd793c15be.fc.signal	0.404164	0.350242	1.87577	0.470309	0.101328	0.828294	0.467517	0	0	0.323033	0.142201	0.404285	0.782888	0.244561	0.557841	0.633143	1.30104	1.2387	0.414879	0.588748	0.433546	0.276694	0.265353	0.332261	0.0286137	0.398458	0.820991	0.980855	0.750425	0.63241	0.590277	0.683652	0.579351	0.301742	0.663391	0.767204	0.315287
ihec.chipseq.ihec-chipseq-containerv1.1.4.IHECRE00004655.3.2b61d46e-471d-49e9-8be5-799a59949ba5.fc.signal	1.15455	1.51006	1.50242	0.431716	0	0.137746	0.437371	0.267213	1.131	0.759803	0.626355	0.664226	0.853717	0.980418	0.923255	0.761936	0.0985413	0.464552	0.698588	1.05228	1.28657	0.679911	0.525696	0.748387	0.429113	0.371588	0.28383	0.731803	1.20403	1.59074	0.983997	0.154065	0.652475	0.5909	0.068627	0.299334	0.482688
ihec.chipseq.ihec-chipseq-containerv1.1.4.IHECRE00001234.5.f0ec07bd-7acb-4f94-999c-ee11e0eda161.fc.signal	0.420769	1.07427	0.899335	0.190152	0.213078	1.38314	1.27631	0.0554652	0.110546	1.04643	0.568658	0.383543	0.528797	0.505969	0.727899	0.225816	0.587192	0.69523	0.29938	0.313172	0.258888	0.889166	1.23337	0.574519	0.695144	1.16553	1.20891	0.27734	0	0.09215	0.579335	1.02672	1.08621	0.599198	0.0340143	0.0756055	0.193795
ihec.chipseq.ihec-chipseq-containerv1.1.4.IHECRE00003847.4.4f8cce6d-4994-48d9-b94c-e0d12d1ce300.fc.signal	0.371919	1.20838	0.792769	0.670887	0.52717	1.33754	0.898861	1.20984	0.608938	0.214689	0.545739	0.700986	0.998514	0.248347	0.579383	1.03191	0.288501	0.262743	0.766605	0.988855	0.782993	0.72902	0.907043	1.44869	1.40105	0.952025	1.06071	0.831602	1.45466	2.20129	1.42981	0.8557	1.45577	0.689035	1.20569	0.536959	0.819672
ihec.chipseq.ihec-chipseq-containerv1.1.4.IHECRE00000784.3.f2286a0c-dba6-4a30-897c-ba6f1fff3167.fc.signal	0.796314	0.00737053	0.753192	0.602311	1.09898	0.280797	0.557275	0.152096	0	0.0349404	0.401113	0.0117704	0	0	0.792061	1.02468	0.482408	1.57521	0.190046	0.58744	0.176473	0.553676	0.794296	0.224729	0.19602	0.17904	0.75714	0.626619	0.143602	0.343721	0.395852	0.0948044	0.409411	0.333069	0.547195	0.058234	0.116464
ihec.chipseq.ihec-chipseq-containerv1.1.4.IHECRE00001025.7.e0707b51-da3d-4db9-b667-fa81699b438f.fc.signal	0.285348	0	0	0	0	0.518385	0.753128	0.303635	0.267374	0	0.1201	0.638257	0.318588	0	0	0.126025	2.03217	0.995311	1.01599	0.190375	0.625962	0.519242	0.369506	0.0231396	0.220474	0.376451	0.529651	0.109988	0	0.279459	0.0222062	0	0.0541508	1.153	0.839777	0.438465	0.494122
ihec.chipseq.ihec-chipseq-containerv1.1.4.IHECRE00003814.1.04518067-abab-4a89-bf47-1227c4f45354.fc.signal	0.225937	0.334062	0.248989	0.18185	0.132222	0.0617953	0.148457	0.547483	0.265817	0.281271	0.243754	0.124782	0.434821	0.300499	0.401392	0.437051	0.174337	0.0804021	0.348675	0.303015	0.378516	0.446191	0.244968	0.804238	0.156199	0.100194	0.486876	0.526878	0.348738	0.676918	0.386242	0.291991	0.346738	0.248567	0.249313	0.08202	0.0161733
ihec.chipseq.ihec-chipseq-containerv1.1.4.IHECRE00004728.1.2ec80afa-2336-413b-8bd9-49d8ccaa2370.fc.signal	0.458144	0.168909	0.194171	0.300095	0.294736	0.169606	0.405529	0.602167	0.200772	0.21536	0.0875149	0.202823	0.236581	0.275634	0.552959	0.132306	0	0.0980376	0.411865	0.220356	0.547314	1.09039	0.205479	0	0.101419	0.225617	0.235976	0.426172	0.411153	0.727288	0.363088	0.362766	0.139333	0.119672	0	0	0.450471
ihec.chipseq.ihec-chipseq-containerv1.1.4.IHECRE00000969.7.22142533-566c-427b-ba85-c5bd39fb7b54.fc.signal	0.247808	0	0.14767	0.451014	0.403837	0.676623	0.248951	1.31145	0.436877	1.54623	1.32378	0.489341	1.31856	0.451539	0.321391	0.117791	0.454279	0.544992	0.0188144	0.0353767	0.487146	0.924909	0.806888	0.676915	0.906508	1.8202	1.86801	1.1555	0.536203	0.0878005	0.477982	1.16608	0.607326	0.29162	0.851584	0	0.129546
ihec.chipseq.ihec-chipseq-containerv1.1.4.IHECRE00001903.1.416699f9-7423-4550-be49-8f02faa2b0d5.fc.signal	0.429483	0.582079	0.635036	0.532643	0.0789567	0.0313137	0.239373	0.38876	0.448783	0.782098	1.01332	1.05385	0.800096	0.341676	0.385432	0.90437	0.744478	0.318648	0.388007	0.57751	0.645084	0.649924	0.880437	0.800242	0.840248	0.904364	1.00317	0.915721	0.708809	1.06731	1.31387	1.22641	1.3601	1.3926	1.43454	1.37289	0.23093
ihec.chipseq.ihec-chipseq-containerv1.1.4.IHECRE00000223.3.87bd77ec-3829-4467-a200-aa2df0091de8.fc.signal	0	0	0	0.0143052	0.906621	3.68381	3.07563	0.522303	0.62246	2.69334	4.4521	1.97783	0.0449665	0	0.159834	1.0506	2.36326	3.18225	1.28603	0.200441	1.40971	4.06507	5.20025	2.22219	0.975544	2.65819	3.9199	1.4731	0.0374687	0	0.176302	1.17632	1.02822	0.652044	0.631321	0.38645	0.543478
ihec.chipseq.ihec-chipseq-containerv1.1.4.IHECRE00000235.3.e718e383-8624-4fbc-ae80-8a013cf8e0a0.fc.signal	0	0	0	0.00678133	0.488207	2.58334	2.7088	0.620403	0.0525553	0.822285	2.11163	1.47294	0.103403	0	0.000914733	0.62672	1.20163	1.12928	0.722137	0.158401	0.432789	1.05028	1.51415	1.73721	0.861395	0.963784	0.831327	0.227215	0	0	0.178916	0.522267	1.19723	1.83148	0.903875	0.158392	0.260585
ihec.chipseq.ihec-chipseq-containerv1.1.4.IHECRE00003675.3.c89e7674-ad0a-4af9-b8e6-347f54ee25d4.fc.signal	0.334461	0.0922836	0.211806	0.0687476	0.161944	0.504719	0.530944	0.564135	0.315182	0.656344	0.781133	0.24646	0.0655791	0.450597	0.751116	0.176949	0.883799	0.827912	0.962006	0.946209	0.419394	0.387403	0.729812	0.722709	0.602651	0.860464	1.02139	0.824805	0.374908	0.48389	0.369039	0.351889	0.564748	0.409163	0.48182	0.385072	0.323068
ihec.chipseq.ihec-chipseq-containerv1.1.4.IHECRE00003716.2.82ebcb5f-2b06-40e6-9298-a18d7df57bef.fc.signal	0.584038	0.289157	0.302227	0.177141	0.444483	0.925709	0.942543	0.803314	0.392958	0.675251	0.672622	0.767689	1.06954	0.493721	0.573134	0.736077	0.134048	1.40909	0.506563	0.452512	0.26361	0.996789	2.42754	1.27582	0.754013	1.07212	1.09844	0.635802	0.336661	0.00225787	0.652596	1.18102	0.745256	0.819738	2.60116	3.13326	0.73712
ihec.chipseq.ihec-chipseq-containerv1.1.4.IHECRE00004610.2.a09fe774-2340-4b95-8e12-12f615ed6e0b.fc.signal	0.306553	0.230989	0.716126	1.27895	0.503993	0.607448	0.190167	1.34045	0.580222	0.693468	1.1248	1.02226	0.886731	0.677562	0.751203	0.839343	0.454734	0.285031	0.320031	0.557281	0.475554	0.407579	0.524678	0.978592	0.947562	0.87775	0.459833	0.661272	0.150162	1.00353	0.917394	0.623071	0.215948	0.308138	1.08039	0.649319	0.538462
ihec.chipseq.ihec-chipseq-containerv1.1.4.IHECRE00003679.3.5e5b25af-d97d-461f-8d8a-fbde27405ef2.fc.signal	0.273588	0.613888	0.422578	0.981072	0.260895	0.27479	0.311231	0.0167286	0	0.327965	0.358832	0.310834	0.424452	0.414903	0.131372	0.36385	0.53296	0.398077	0.494832	0.861535	0.779521	0.587403	0.250914	0.375934	0.688607	0.371619	0.624297	0.315504	0.455243	0.644104	0.319213	0.165496	0.30338	0.406829	0.27657	0.21152	0.170732
ihec.chipseq.ihec-chipseq-containerv1.1.4.IHECRE00000161.3.b023ec65-be95-4de5-9819-d9f875a6d3d4.fc.signal	1.34871	0.510784	0.543238	0.928641	0.388969	0.301461	0.558438	0.108483	0	1.6085	2.04234	0.0306476	1.08279	2.23569	2.63185	0.169353	0	0	0.221599	0.29993	0.294198	0	0.237778	0.628442	0	0.223135	1.05048	0.0932693	0.604565	0.171333	0.631479	0.407772	1.22125	1.30857	2.21294	0.58513	0.390733
ihec.chipseq.ihec-chipseq-containerv1.1.4.IHECRE00001232.5.2011f077-50b7-4adb-842b-523c5e6e134c.fc.signal	0.51861	0.0805527	0.422809	0.296273	0	0.113643	0.0538945	0.175714	0.0991911	0.714534	1.04066	0.486053	0.132339	0.279629	0.188564	0.351386	1.03983	0.33754	0.277371	0	0.00806733	0.469362	0.284378	0.467787	0.497064	0.435527	0.620251	0.510736	0.862913	0.348103	0.0517848	0.990955	0.963178	0.957923	1.14733	0.589366	0.322344
ihec.chipseq.ihec-chipseq-containerv1.1.4.IHECRE00003396.1.0101c129-8d25-4833-adbc-872c2164040d.fc.signal	0.245379	1.53731	2.71578	0	0	0.167596	2.92614	1.20083	0.765262	0.398854	1.08152	0.978315	1.32239	0.384886	1.25474	0	0.594907	0.950939	0.93593	1.21698	0	0	0	0.812616	0.441879	0.287401	1.44003	1.01929	0.780525	1.99215	2.59158	1.19012	0.497022	1.06095	0.894701	1.99414	0.482568
ihec.chipseq.ihec-chipseq-containerv1.1.4.IHECRE00004608.1.51923222-e72a-4522-b89e-61752ad6e164.fc.signal	0.136747	0.27058	0.185767	0.410876	0.0019884	0.455467	0.576277	0.169068	0.00951307	0.224215	0.478561	0.50677	0.452162	0.456979	0.468892	0.0193291	0.361056	0.296395	0.32547	0.396544	1.08013	0.891533	0.547727	0.291844	0.202375	0.0366693	0.267129	0.447209	0.279058	0.139051	0.450085	0.252108	0.338247	0.307021	0.0114692	0	0.503519
ihec.chipseq.ihec-chipseq-containerv1.1.4.IHECRE00001027.7.f9bfafa6-e51d-4d9e-b808-d0c14acada5d.fc.signal	0	0	0	0	0	0.108635	0.732074	0	0	2.729	1.95675	2.29989	0.944476	0	0	0.329174	1.0581	2.62429	1.21289	0	0	0	0	0	0	0.26537	1.01303	0	0	0	0	0	0	0.14901	1.50304	0	0.160689
ihec.chipseq.ihec-chipseq-containerv1.1.4.IHECRE00003691.3.d84b63c8-b66b-45e3-807a-f78312228ee9.fc.signal	0.14885	0.212504	0.246713	0.592929	0.51834	0.476433	0.395969	0.548482	0.25909	0.442478	0.454271	0.276715	0.61684	0.607047	0.462666	0.792081	0.217194	0.147539	0.402158	0.319582	0.249855	0.0575598	0.1028	0.571001	0.291531	0.424741	0.881933	0.350524	0.292572	0.544371	0.516936	0.233485	0.111442	0.20604	0.871168	1.11708	0.323973
ihec.chipseq.ihec-chipseq-containerv1.1.4.IHECRE00002086.1.e94dc50d-5d07-421e-95e0-6d1d792d2f56.fc.signal	1.02016	1.34375	0.224296	0.449403	0.745225	0	0	0	0	0.640554	0.644376	1.10831	1.55926	0.818659	0.121311	0.281657	0	0	0	1.25815	1.60937	1.12893	1.00307	0	0.515948	0.662844	0.245654	0	0	0	0.168425	3.0111	1.1713	0.870771	0.137216	0	0.279609
ihec.chipseq.ihec-chipseq-containerv1.1.4.IHECRE00000236.3.a73b7d7a-72c8-4781-91d5-38a6f8ee33c5.fc.signal	0	0	0	0	0.0877941	1.35135	1.1274	0.0685469	0.0128312	0.534867	1.29931	1.07691	0.141512	0	0	0.987832	1.15423	1.39192	1.48285	0.452719	0.404472	0.707958	1.14928	0.476766	0.369607	1.13063	0.61486	0	0	0.107401	0.799963	2.03981	1.33059	0.394822	0.415267	0.416435	0.184913
ihec.chipseq.ihec-chipseq-containerv1.1.4.IHECRE00001039.6.36c88d13-9712-4dd8-b993-ed15aa2b6721.fc.signal	0.202258	0.171761	0.27835	0.326732	0.30638	0.244939	0.234257	0.345618	0.383945	0.156973	0.242933	0.382454	0.212495	0.457932	0.78296	0.324494	0.149636	0.475238	0.300278	0.259659	0.202956	0.547098	0.817594	0.830139	0.67433	0.493027	0.581737	0.527846	0.388863	0.109589	0	0	0	0.0335543	0.145873	0.140547	0.878335
ihec.chipseq.ihec-chipseq-containerv1.1.4.IHECRE00000983.7.fbd8e9ac-18c2-44af-965b-f56cc82f5aa5.fc.signal	0.376202	0.119596	0	0	0.00191927	0.665013	0.352032	0.746223	0.0393077	0	0.192451	0.459281	0.696023	0.270962	0.280049	0.0743498	0.860597	2.24804	0.706914	0	0.167011	0.50676	0	0.492338	0.447847	0.291332	0.507866	1.04311	0.281965	0	0.299239	0.356986	0.277208	2.44119	1.05318	0.70872	0.3157
ihec.chipseq.ihec-chipseq-containerv1.1.4.IHECRE00001246.1.b67b431c-53af-4652-ab8a-679d18f8a1da.fc.signal	0	0.1109	0.605077	0.180588	1.04284	0.340016	0.91903	0	0.198958	1.93868	0.658395	1.59018	0.675779	0.211975	0	0.240026	0.545675	0	0.140463	0.485038	0.657345	0.0817792	0	0.316036	0.643981	0.494089	0	0.152484	0.395629	1.28964	0.476393	0.499984	0	0.539189	1.53675	0.74809	0.412923
ihec.chipseq.ihec-chipseq-containerv1.1.4.IHECRE00003808.1.37b1756b-c2c1-491f-92a9-59d886eac908.fc.signal	0.0610694	0.121487	0.0753364	0.31556	0.365888	0.257055	0.140769	0.106138	0.157722	0.139428	0.0792933	0.162593	0.015267	0.0703487	0.0512466	0.031345	0.146757	0.268971	0.240601	0.336485	0.0992572	0.285853	0.10674	0.26398	0.500726	0.385061	0.519763	0.262094	0.169688	0.080828	0.176256	0.0793172	0.0828175	0.154485	0.398281	0.0849995	0.0363351
ihec.chipseq.ihec-chipseq-containerv1.1.4.IHECRE00003400.1.2cc21aab-5f40-403e-8a83-d216d8e577c3.fc.signal	0.08818	0	0.636427	0.781814	0.3947	0.809313	0.751355	1.69164	0.936511	0.893159	1.32798	0.872652	0	0.540734	0.381451	0.0888844	1.12494	0.082891	1.38923	0.772486	0.431115	0	1.25394	1.54789	0	0	0	0	0.594935	0.070544	0.222194	1.31672	0.368451	0.48065	0	0	0.342541
ihec.chipseq.ihec-chipseq-containerv1.1.4.IHECRE00000055.3.c103ff2c-a6eb-4f1b-a426-7944eb0db1a5.fc.signal	0.398772	0.128345	0.283327	0	0.628309	0.436876	0.954165	0.143264	0	0.309159	0.907439	0.457682	0	0.244922	0.456124	0.676752	0	0.346346	0.494883	0.0787651	0.329338	0.219558	0	0	0	0.0123503	0.222149	0.720381	0.53758	0.346633	0.118713	0.470843	0.332605	0.405086	0.768608	1.30757	0.394822
ihec.chipseq.ihec-chipseq-containerv1.1.4.IHECRE00001956.2.e92029f9-8392-4a2c-a025-c83250d53808.fc.signal	0.0882947	0.0511041	0.274429	0.0126773	0	0	0	0	0	0	0	0.18379	0.114492	0	0	0	0	0	0.124571	0.0545505	0	0	0	0	0	0.0705043	0.178405	0	0	0	0	0.0356976	0.298279	0.0337721	0	0	0.599713
ihec.chipseq.ihec-chipseq-containerv1.1.4.IHECRE00003813.1.abfd608c-8f4d-4e8d-82cd-a4e3ac1a7eaa.fc.signal	0.254179	0.336092	0.255225	0.247369	0.171228	0	0.00692187	0.346446	0.338213	0.180888	0	0	0.387386	0.162025	0.113166	0.260696	0.380188	0.0658745	0	0	0	0	0	0	0.10659	0.133378	0	0.0935901	0.0527795	0.256223	0.203084	0.156851	0.0279886	0.230346	0	0	0.0369838
ihec.chipseq.ihec-chipseq-containerv1.1.4.IHECRE00000059.3.fd09db81-b70e-42c7-a7a4-5b21da281b0c.fc.signal	2.63479	1.60025	2.41449	2.01321	0.958881	0.411981	0.723686	0.563231	0.115702	0	0	0.35418	0.501493	0	0.461769	0.158677	0.595686	0.70444	0.877401	0.226099	1.14301	0.00737927	0	0.962573	2.9401	0.681431	0	0.297137	1.02572	0	0	0	0.29615	2.26589	1.6534	0.55786	0.452296
ihec.chipseq.ihec-chipseq-containerv1.1.4.IHECRE00001019.4.2ddcc9ae-acae-4c28-a3c9-fb754675b0bb.fc.signal	0.4936	0.510316	0.933072	0.620328	0.397574	0.792784	1.20485	0.606794	0.184346	0.647887	0.602324	0.615589	1.00548	0.34424	0.652685	0.224602	0.616558	1.33868	1.05998	0.317311	0.24544	1.16613	0.733787	0.445872	0.777794	0.364674	1.10439	0.408945	0.404829	0.918237	0.849152	1.08896	0.970355	0.656745	0.969266	0.822862	0.39446
ihec.chipseq.ihec-chipseq-containerv1.1.4.IHECRE00003819.1.281d6dd1-44ba-4f4d-ae43-b97e5c37ba9e.fc.signal	0.188927	0.184925	0.0597078	0.013644	0.099527	0	0.0854479	0.114872	0.0757596	0.147862	0.0758504	0	0	0	0.0370773	0.132029	0.196296	0.24999	0.191921	0.118804	0.0179079	0.0990492	0	0	0.195676	0.0760807	0.0565171	0.21221	0	0	0	0	0	0	0.0480632	0.122585	0.0287258
ihec.chipseq.ihec-chipseq-containerv1.1.4.IHECRE00000153.3.0c1e9fd4-f9cb-4533-81b3-9169355f9ccf.fc.signal	0.395344	0.830393	0.200136	0.0798857	0.300961	0.443664	0.331641	0.120545	0.261833	0.188238	0.81739	0.812277	0.439902	0.560798	0.265069	0.619635	1.04795	0.520511	0.262046	0	0	0	0.354217	0.377111	0.218731	0.366855	0.398828	0.0241167	0	0.223854	0.31453	0	0.15263	0.973358	0.269979	0	0.372727
ihec.chipseq.ihec-chipseq-containerv1.1.4.IHECRE00004888.1.f9db8d06-2630-4975-9e52-9172ce2a1bd6.fc.signal	0.774972	0.474551	0.590388	0.379538	0	0.688585	0.663923	0.116542	0.199709	0.280199	1.0003	0.277566	0.776866	0.184239	0	0.278968	1.18485	0.428519	0	0.394804	0.529871	0.221291	0.858661	0.549204	0.710224	1.19789	0.332828	0.245457	0	0	0.866116	0.532152	0.335841	0.429041	1.0708	0.966447	0.465936
ihec.chipseq.ihec-chipseq-containerv1.1.4.IHECRE00001003.4.aae53ae7-440e-46f4-918f-03a4a678eccd.fc.signal	0.679463	0.184602	0.363519	0.423139	0.041724	0.438814	0.504363	0.345826	0.36937	0.848415	0.730225	0.288834	0.532113	0.891072	1.33588	0.6509	0.885243	1.19238	1.1588	0.259585	0.416683	1.07261	0.843213	0.499471	0.799898	1.17218	1.02078	0.648902	0.811892	0.553221	0.909353	0.516279	0.50783	1.47292	1.54508	1.84749	0.220513
ihec.chipseq.ihec-chipseq-containerv1.1.4.IHECRE00004604.3.b5ebcf48-be4a-49da-a893-8701e4421bd8.fc.signal	0.295508	0.0709829	0	0	0.375964	0.171556	0	0	0	0.494329	0.743518	0.199038	0.589818	0.119876	0.609608	1.03646	1.16596	0.631504	0.231783	0.124105	0.423415	0	0.570034	0.228517	0.209865	0.173752	0.25003	0.334886	0	0	0	0	0	0	0	0	0.508719
ihec.chipseq.ihec-chipseq-containerv1.1.4.IHECRE00001335.1.7f84d3cf-3693-41bf-993f-b100bfa2fe24.fc.signal	0	0.0977047	0.514289	0.43634	0.0280073	0	0.143068	0.215914	0.409774	0.0136553	0.178768	0.626889	1.0874	0.397853	0	0	0	0	0.0443516	0.194114	0.0146505	0.261099	0.136071	0	0.221417	0.621275	1.0516	0.909794	0.266305	0.484261	0.366251	0	0	0	0	0	0.53381
ihec.chipseq.ihec-chipseq-containerv1.1.4.IHECRE00000016.3.2619468f-904f-46bd-8da3-9c85fdeceff5.fc.signal	1.98616	1.76769	0.490078	0	0	0.671011	1.94239	1.0598	0.510533	1.198	1.33204	0.266048	0.234488	0.198693	0.381814	0.0989995	0.98734	0.247369	0	0	0.0904675	0.611493	0.0315941	0.364924	1.44848	1.53695	0.339808	1.08922	0.789084	1.19931	1.06651	0.663986	0.456541	1.62455	1.29277	1.37666	0.341772
ihec.chipseq.ihec-chipseq-containerv1.1.4.IHECRE00001875.2.51849de7-98ef-4359-93cc-7eaf0ea4d31d.fc.signal	0.3045	0	0.101904	0.295352	0	0.202306	0.988731	0.957059	0.139145	0.452746	0.135768	0.783819	0.104288	0	0	0.52986	0.0108792	0	0	0	0	0	0	0.448416	0.387682	0.355415	0.844489	0.563677	0.0935139	0.127267	0.251609	0.0764256	0.459993	0.529209	0	0	0.0166734
ihec.chipseq.ihec-chipseq-containerv1.1.4.IHECRE00000230.3.ca8ee125-6019-4b2e-8f95-2ea50380d6a6.fc.signal	0	0	0	0	0.155725	1.46428	1.15446	0.0789439	0.457335	1.31962	0.316959	0	0	0	0.082758	0.617141	1.48027	2.08589	0.887703	0.13248	0.845444	2.00888	0.964482	0.309856	0.0333126	0.164287	0.819357	0.359023	0	0	0	0.27543	0.559088	0.788934	1.21226	0.686296	0.2
ihec.chipseq.ihec-chipseq-containerv1.1.4.IHECRE00000987.6.8acf33db-7deb-4ee2-849a-9a31ff1a6d2b.fc.signal	0.115623	0.517957	0.618034	0.472994	0.512372	0.639194	0.362968	0.127429	0.00462467	0.173175	0.131837	0.560225	0.31909	0.623476	1.41065	0.035453	0.270934	0.208952	0.225836	0	0.0714098	0.307705	0	0	0	0.228953	0.228896	0.26763	0.109413	0	0	0	0	0.17034	0.694413	0.270184	0.599784
ihec.chipseq.ihec-chipseq-containerv1.1.4.IHECRE00001011.4.50c7a119-8134-450c-ae37-3f0d0147e0d6.fc.signal	0.739783	0.186283	0.179532	0.0479521	0.159978	0.290783	0.343136	0.341321	0.0130859	0.169936	0.914115	0.172723	0.681057	0.900556	0.587083	0.0887162	0.144006	0.42856	0.419046	0.0773348	0.133847	0.45847	0.308252	0.696442	1.02735	1.86978	1.47426	0.832963	0.0647936	0	0.261886	1.02309	0.543578	0.232091	1.20569	1.98006	0.290909
ihec.chipseq.ihec-chipseq-containerv1.1.4.IHECRE00000243.3.c65b12e4-a68a-4f3c-aa42-e82ee56c7feb.fc.signal	0	0	0	0.0038606	0.212342	1.3039	1.9127	0.780009	0.234983	0.702787	0.713066	0.598502	0.433767	0.181448	0.0514747	0.742641	2.22643	1.99997	0.876554	0.228849	0.079506	0.521136	1.04138	0.34615	0.0334613	0	0	0	0	0	0.787731	3.12777	4.55652	2.9748	1.21553	0.38616	0.187545
ihec.chipseq.ihec-chipseq-containerv1.1.4.IHECRE00001964.2.833a4d12-f55a-4d20-8f65-69bf9d8fbcf1.fc.signal	0.548841	0.387807	0.235509	0.526987	0.600288	1.03888	0.827741	0.538889	0.205173	0.271489	0.52842	0.520425	0.617856	1.18672	0.778057	0.84396	1.26644	1.2072	1.05147	0.73232	1.38801	1.17562	0.911134	0.174458	0.108248	0.481087	0.547818	0.487349	0.321945	0.594122	0.265752	0.255127	0.631244	1.4701	0.851335	0.610441	0.266747
ihec.chipseq.ihec-chipseq-containerv1.1.4.IHECRE00000013.3.7b485c8e-2ba6-4ba4-bb0c-5db4ffb286e5.fc.signal	0	0	0.660155	0.951434	0.533432	0.468526	0.524477	0.321691	0	0	0.568181	0.183823	0	0.497618	0.967275	1.2764	0.374332	1.8342	0.196372	1.08634	1.29105	0.630861	0	0.119816	1.05711	1.71845	0.456002	0	0.564048	1.24512	0.841472	0.225601	0	0	0.691032	2.05939	0.339898
ihec.chipseq.ihec-chipseq-containerv1.1.4.IHECRE00001963.2.01ad782d-8f43-4114-af5f-5d6c1d4f4606.fc.signal	0.589633	0.484	0.763371	0.626141	0.448824	0.905303	0.988644	1.06257	0.701206	0.46443	0.921249	0.956858	1.30553	1.40926	1.08905	0.991174	1.66728	1.77706	1.72302	0.746362	0.396246	0.573448	0.628002	0.290951	1.01012	1.34701	1.18793	0.883856	0.590571	0.254553	0.436166	0.972706	1.00501	0.763551	1.22895	1.03186	0.288253
ihec.chipseq.ihec-chipseq-containerv1.1.4.IHECRE00004713.2.dc7d36a0-32c9-47d0-9c59-4029c2bb7b08.fc.signal	0.291048	0.0963089	0.981318	0.72231	0.522476	0.253052	0.303667	0	0.0926077	0.267141	0	0.108275	0.129732	0.020133	0.393118	0.159472	0.754134	0.294721	0.443005	0.409055	0.142787	0.240359	0.082769	0	0.192962	0.287817	0.344395	0.140929	0.366027	0	0	0.049216	0.431778	0.39436	0.253183	0	0.597531
ihec.chipseq.ihec-chipseq-containerv1.1.4.IHECRE00001962.2.f1bbfa0c-b731-40d3-bbd9-e1d76ee29506.fc.signal	1.33042	1.30822	0.633097	0.174657	0.503578	0.906284	1.12523	0.972921	0.404281	0.838641	1.65443	1.3184	1.22153	0.787996	0.688091	0.551131	1.00188	0.82129	0.355406	0.595491	0.418438	1.60015	2.08031	1.51101	1.02491	0.729845	0.332962	0.318647	0.75854	1.01343	0.847324	1.39256	1.54844	1.57791	1.4723	0.889968	0.340909
ihec.chipseq.ihec-chipseq-containerv1.1.4.IHECRE00004614.1.f70f08d5-c239-488a-9fd2-9ee11b8ea04b.fc.signal	0.229938	0.3798	0.286216	0.281901	0.439067	0.389654	0.457541	0.140102	0.008545	0.401483	0.376402	0.107852	0.194494	0.26846	0.362531	0.583274	0.503435	0.0273459	0	0.0266178	0.272466	0.271513	0.0851779	0.336538	0.046199	0.474704	0.25088	0.1904	0.339309	1.02339	0.253817	0	0.0671613	0.677902	0.0753049	0.093573	0.225806
ihec.chipseq.ihec-chipseq-containerv1.1.4.IHECRE00001893.4.4164b172-b072-474a-8b05-6452f6b50d11.fc.signal	0.032288	0.516808	0.259285	0	0.222843	0.354463	1.0012	0.637492	0.544935	0.430796	0.846151	0.379106	0.0649858	0.495085	0.104115	0.151493	0.655348	0.417056	0.511922	0.116586	0.192581	0.487019	0.0242112	0.293351	0.106063	0.0187293	0.424432	0.218072	0	0	0	0	0	0	0	0.061335	0.672626
ihec.chipseq.ihec-chipseq-containerv1.1.4.IHECRE00004884.1.4a1d8421-a3b2-4222-98f9-a6a8de88d6d4.fc.signal	0	0	0.663249	0.400583	1.59432	0.591857	1.28294	0.143778	0	0	0.729948	1.21531	0	0.895687	1.58062	0.836414	1.74526	0.983015	1.17933	1.07797	0.252637	0.759435	0.560114	2.04888	1.6808	0.572976	0.671765	0.74421	0.757382	0	0.647001	0.212306	0.54836	0.217039	0	0	0.192713
ihec.chipseq.ihec-chipseq-containerv1.1.4.IHECRE00003810.1.54011ce0-e2f9-4c5b-a8cb-91d5a4005b09.fc.signal	0	0.131688	0.266275	0.0312081	0	0	0	0	0.121773	0.27034	0.366665	0.132235	0.0886045	0.282475	0.132998	0.17764	0.233514	0.219116	0.225181	0.0766706	0	0	0	0	0	0	0.00563527	0.141731	0.127001	0	0	0	0	0	0.127282	0.161732	0.0275968
ihec.chipseq.ihec-chipseq-containerv1.1.4.IHECRE00001907.1.b966e498-d9a0-444f-86dc-2c73303063dc.fc.signal	1.20394	0.467312	0.218198	0.0700831	0.208674	0.760077	0.763103	0.917743	0.395365	0.648289	0.712882	0.684035	0.485465	0.827996	1.13368	0.513615	1.16252	0.628999	0.487005	0.0211668	0.147709	0.342926	0.196909	0.450493	0.646693	0.249355	0.776889	0.641623	0.366815	0.146689	0.7321	1.21679	1.15218	1.14513	1.16497	0.867468	0.178124
ihec.chipseq.ihec-chipseq-containerv1.1.4.IHECRE00000964.7.d2d5e859-5f7e-4ba2-9ab4-45b7bd789552.fc.signal	0.348329	0.143296	0.394241	0.268656	0	0.21681	0.959469	0.234952	0.234599	1.04781	1.47963	0.79978	1.22762	1.10427	0.47573	0.260998	0.495706	1.07488	1.27614	0.146504	0.103592	1.29314	0.648333	0	0.478307	0.666723	0.560019	0.191844	0.288312	0.0760835	0.302038	1.1839	0.584865	0	0.542328	1.06256	0.298193
ihec.chipseq.ihec-chipseq-containerv1.1.4.IHECRE00000225.3.dc192ce6-d2cc-4825-bd44-c239ac36948f.fc.signal	0.311051	0	0	0	0	0	0	0	0	0	0	0	0	0	0.332259	0.630995	0.468343	0.29759	0.286904	0.18511	0.0842163	0.539696	0.246666	0.0709084	0	0	0	0	0	0	0.281006	0.329526	0.00184733	0	0	0	0.636337
ihec.chipseq.ihec-chipseq-containerv1.1.4.IHECRE00003817.1.2d7fdd0a-6f8f-476a-bfea-126f0762ae2f.fc.signal	0.0001761	0.0638636	0.0874679	0.00837287	0	0	0.0594461	0.123049	0.028258	0.0502786	0.013635	0	0	0	0	0	0.209006	1.03167	0.670961	0.0283547	0	0.0199092	0.06354	0.0656623	0.141813	0.367625	0.210809	0.0410892	0	0	0	0	0	0	0.013233	0.0440015	0.0362888
ihec.chipseq.ihec-chipseq-containerv1.1.4.IHECRE00001904.1.0acd5931-0b73-476b-8e24-3d3f33e51c4f.fc.signal	0.417251	0.225977	0.559276	1.23318	0.893529	1.579	1.14392	1.24714	0.980029	0.310869	0.234317	0.408398	0.766205	1.04948	1.2737	0.161041	0.206191	0.416904	0.170346	0.934555	0.98975	1.09035	0.248226	0.715911	1.18781	1.02131	0.555818	0.87689	0.82615	0.431794	0.110387	1.77453	0.795343	1.31035	1.40653	1.4511	0.257822
ihec.chipseq.ihec-chipseq-containerv1.1.4.IHECRE00003715.2.77d0951a-133c-4686-8405-aa8093c5992e.fc.signal	0.784783	0.979359	1.93872	0.793747	0	0.179741	0.855163	0.605668	0.387696	1.15505	1.23539	0.726982	0.396293	0.487271	0.587188	1.74693	0.825241	0.751659	0.665241	0.855184	0.742318	1.33411	1.09068	0.73792	0.226573	1.30661	1.07319	1.00727	0.704464	0.972631	0.884603	1.33005	1.02241	0.61936	0.526193	0.669894	0.644109
ihec.chipseq.ihec-chipseq-containerv1.1.4.IHECRE00004641.3.6bdfceff-da00-46c6-af8d-4738c1100d68.fc.signal	0.860845	0.834208	1.13882	0.803576	0.514464	0.263655	0.477091	0.553415	0.492732	0.249903	0.360426	0.855905	0.922265	0.799094	0.689355	0.961817	0.808776	0.901661	0.692483	0.192172	0.27087	0.745411	1.03271	1.00306	0.88961	0.685744	0.633581	0.998467	0.7226	0.334077	0.318379	0.609674	0.707217	1.22999	1.63058	1.88955	0.29882
ihec.chipseq.ihec-chipseq-containerv1.1.4.IHECRE00004607.2.e413ffcf-e079-4615-8c2e-2d70941b24fa.fc.signal	0.163167	0.447567	1.1069	0.588131	0.271259	0.496679	0.418061	0	0.221989	0.384256	0.206851	0.134576	0.487366	0.282736	0.20767	0.10371	0.0722471	0.656284	0.729212	0.0602645	0.109098	0.325191	0.114119	0.0345865	0	0.135547	0.273197	0.187684	0	0.105553	0.0724763	0	0.237283	0.106587	0	0.064202	0.249485
ihec.chipseq.ihec-chipseq-containerv1.1.4.IHECRE00002058.1.1ab14ae8-0dbb-450f-8b35-57be9ec93c65.fc.signal	0.510259	0.811819	0.414298	0.421348	0.471824	0.576214	0.670462	1.05384	0.650421	0.172906	0.452848	0.197606	0	0	0.352509	0.272316	0.304729	0.697781	1.02706	0.0555768	0	0	0.585557	0.49163	0.22912	0.0771937	0.546773	0.583187	0.0396685	0.152776	0.438038	0.72744	0.530522	0.320238	0.333462	0.92629	0.258403
ihec.chipseq.ihec-chipseq-containerv1.1.4.IHECRE00001548.1.c74b881b-15af-4696-825e-ea9cae30401d.fc.signal	1.28264	0.542535	0.0052696	1.03974	0.924024	0.141645	0.37417	0.87636	0.620951	0.433864	1.26532	1.19415	0.61641	0.427541	0.647554	0.514566	1.09477	1.66656	1.08956	0.560166	1.50882	0.532717	0.32375	0.903898	0.820211	1.03011	1.27893	0.100471	0.141229	0.750151	0.765408	0.459611	0.0972759	0	0.321063	0.843136	0.268124
ihec.chipseq.ihec-chipseq-containerv1.1.4.IHECRE00000231.3.884166bc-f176-439f-ae9a-24aaf283ecaf.fc.signal	0	0	0	0.0104749	0.180234	0.173712	0.396768	0.204897	0.0276449	0.208505	0.302835	0.199678	0.101696	0	0	0.0897451	0.273535	0.763724	0.575497	0	0.0814387	0.398864	0.778365	0.597845	0.0132828	0.289679	0.676086	0.154186	0	0	0.0659293	0.241635	0.0749191	0.159756	0.10962	0	0.365798
ihec.chipseq.ihec-chipseq-containerv1.1.4.IHECRE00001889.4.7866bc38-19c8-460a-b9f2-0b2f5c3d0dca.fc.signal	0.431709	0	0	0	0.473477	1.5283	0.574482	0.827299	0.468393	1.43359	1.04438	0	0.652498	0.650366	1.59179	0.373625	0.821132	0.739715	1.48582	1.02185	1.57079	0.787741	1.12599	0.209662	1.05517	0.711285	0.656016	1.44827	0.663892	0	0	0	0.507945	1.28759	0.731989	0	0.789895
ihec.chipseq.ihec-chipseq-containerv1.1.4.IHECRE00003695.3.bdb135f7-e7e7-45ee-919a-f8d9bc37c43a.fc.signal	0.855278	0.195763	0.723369	0.383208	0.293465	0.126978	0.498046	0.473379	0.366546	0.0979761	0.45261	0.247409	0.36701	0.866094	0.217134	0.396304	0.46357	0.185335	0.508261	0.374765	0.392501	0.5355	0.224073	0.114383	0.251311	0.0698678	0.174312	0.370912	0.167312	0.341378	0.534938	0.340645	0.275809	0	0.0129723	0.143085	0.196985
ihec.chipseq.ihec-chipseq-containerv1.1.4.IHECRE00001471.1.ec8a676e-9e5b-4b67-aeab-fd46162c4925.fc.signal	0.697877	0.939339	0.514905	0.0263971	0.156712	0.120894	0.218703	0.0661049	0.0295652	0.787353	0.242174	0.710493	1.01577	1.48835	0.182167	0	0.191872	0.398976	0.634671	0.590678	0.520553	0.481799	0	0.0190062	0.370936	0.342636	1.20687	0.81876	1.00336	0.502603	0	0	0.165893	0.491317	0.758756	1.05813	0.295895
ihec.chipseq.ihec-chipseq-containerv1.1.4.IHECRE00000238.3.86299bdf-bbf6-4373-ba38-f36088dd35b0.fc.signal	0.539414	0.278643	0.825461	0.177321	0	0.671112	1.25005	0.399855	0.771857	1.3992	0.48725	0.49771	0.479831	0.527486	1.17715	0.758411	0.749524	1.51245	0.639232	0.0044706	0.0492752	0.270424	0.45138	0.497405	0.512573	0.51111	0.686909	0.198198	0.44707	0.479836	0.478341	0.87862	0.722255	1.39903	1.008	0.92754	0.235344
ihec.chipseq.ihec-chipseq-containerv1.1.4.IHECRE00003682.3.7f811740-bea6-414e-8ffe-06e6eae70d47.fc.signal	0.120707	0.324249	0.406283	0.27487	0.0121848	0.313303	0.296994	0.402385	0.285421	0.429484	0.525085	0.333078	0.19255	0.505159	0.724287	0.210241	0.40352	0.483024	0.373157	0.687007	0.297407	0.0772293	0.0605819	0	0.141869	0.27808	0.382345	0.132671	0.0430134	0.350699	0.360923	0.326762	0.198556	0.245033	0.425986	0.635443	0.487227
