	chr2:24948894-24949043	chr2:24949044-24949193	chr2:24949194-24949343	chr2:24949344-24949493	chr2:24949494-24949643	chr2:24949644-24949793	chr2:24949794-24949943	chr2:24949944-24950093	chr2:24950094-24950243	chr2:24950244-24950393	chr2:24950394-24950543	chr2:24950544-24950693	chr2:24950694-24950843	chr2:24950844-24950993	chr2:24950994-24951143	chr2:24951144-24951293	chr2:24951294-24951443	chr2:24951444-24951593	chr2:24951594-24951743	chr2:24951744-24951893	chr2:24951894-24952043	chr2:24952044-24952193	chr2:24952194-24952343	chr2:24952344-24952493	chr2:24952494-24952643	chr2:24952644-24952793	chr2:24952794-24952943	chr2:24952944-24953093	chr2:24953094-24953243	chr2:24953244-24953393	chr2:24953394-24953543	chr2:24953544-24953693	chr2:24953694-24953843	chr2:24953844-24953993	chr2:24953994-24954054	Expression
ihec.chipseq.ihec-chipseq-containerv1.1.4.IHECRE00001375.1.3bc522e1-a1c6-492a-9fb9-e63c8afd2709.fc.signal	0	0.134277	0.179979	0.177064	0.21259	0.0887555	0.125555	0.210981	0.167737	0.150005	0	0	0	0	0.0668945	0.280368	0.479948	0.891513	0.179978	0	0	0	0.339788	0.756322	0.380719	0.390048	0.155571	0.181014	0	0.0974972	0.0730714	0.286531	0.758725	0.330032	0.584699	0.662722
ihec.chipseq.ihec-chipseq-containerv1.1.4.IHECRE00000980.8.368c97f7-f82d-4e9f-a521-00182447a421.fc.signal	0.282045	0.678779	0.611803	0.184097	0	0	0	0	0	0.748059	0.645402	0	0	0.022976	0.729488	0.726896	0.0264941	0.608099	0.170276	0.497123	0.244884	0.412751	0.0455008	0.0223078	1.03366	0.558988	0.0656444	0.51361	0.065744	0.583026	0.225941	0.145642	1.51214	1.09926	0.35266	0.542373
ihec.chipseq.ihec-chipseq-containerv1.1.4.IHECRE00003818.1.d9959e98-a5a9-490f-a9f0-358a1a711d27.fc.signal	0	0.474563	0.765828	0	0.448987	0.710259	0.0252384	0	0	0	0.223595	0.930818	1.19086	1.12573	1.05229	0.460044	0.350173	0.414427	0.243544	0.255948	0.331171	0.535131	0.229327	0	0	0	0	0	0	0	0	0	0.0300534	0.298966	0.333387	0.347594
ihec.chipseq.ihec-chipseq-containerv1.1.4.IHECRE00003816.1.4569d4d8-c896-418a-b870-e7afcf72b7d3.fc.signal	0.105358	0.121145	0.0831323	0.0965401	0.0410931	1.00944	0.411317	0.0753107	0.751297	0.447402	0.260196	0.248374	0.0120606	0	0	0	0	0.194333	0.179652	0	0	0	0	0	0	0.601258	0.79965	0.209565	0	0	0	0	0	0.175686	0.693624	0.827922
ihec.chipseq.ihec-chipseq-containerv1.1.4.IHECRE00000242.3.009dbb10-d8f5-4bd5-9bc6-e0cf283ece54.fc.signal	0.213703	0.291549	0.157593	0.37823	0.15129	0	0	0	0	0.0564861	0.528732	1.10197	0.636861	0.0364378	0	0	0	0	0	0.109302	0.349237	0.281068	0.090775	0	0	0	0	0	0	0	0	0	0	0.273586	0.66035	0.915929
ihec.chipseq.ihec-chipseq-containerv1.1.4.IHECRE00000290.2.e8dc7448-dc97-4057-a492-978243fe4033.fc.signal	0	0	0	0	0	0	0.0567401	0.371384	0.375525	0.331468	0.267682	0	0	0.029468	0.277925	0.0976154	0	0.0336441	0.51443	0.498787	0.0025764	0.24803	0.179711	0.236164	0.184918	0.486244	0.367094	0.621329	1.00243	0.212768	0.234521	0	0	0	0	0.238532
ihec.chipseq.ihec-chipseq-containerv1.1.4.IHECRE00001908.1.4025739e-d017-417d-bd1b-2254ef9d0cdc.fc.signal	0	0	0.175941	0.0704198	0.0366179	0.298747	0.184342	0.115841	0	0	0	0.0945459	0.162268	0	0.0181121	0.160098	0.135109	0.157761	0.0384671	0.328123	0.174301	0	0.0274235	0.211721	0.182682	0.0555448	0.0409122	0.185894	0	0	0	0	0.168773	0.0901613	0.0772525	0.179592
ihec.chipseq.ihec-chipseq-containerv1.1.4.IHECRE00000949.6.4e9958ba-8dfc-4908-9654-b8c3286ec999.fc.signal	0.277681	0.386757	0.476377	0.134176	0	0	0	0	0.381374	0.60999	0.301935	0	0	0.09584	0.424849	0	0.16215	0.516963	0	0	0	0	0	0	0.0686867	0.320913	0.321541	0.36583	0	0	0	0	0	0.115697	0.50664	0.816054
ihec.chipseq.ihec-chipseq-containerv1.1.4.IHECRE00000810.3.f937c5a8-f739-4eba-91ed-5c0fce69c73d.fc.signal	0.358932	0.373167	0.155685	0.293628	0	0.147793	0.0608196	0.260192	0.422029	0.121274	0.363718	0.0212591	0.3291	0.0955079	0.0465188	0.480347	0.578339	1.24364	0.295409	0.24811	0.138134	0.07449	0.267886	0	0	0.1081	0.273309	0.204814	0.506495	0.25645	0.466711	0.0371135	0.0487931	0.232162	0	0.457944
ihec.chipseq.ihec-chipseq-containerv1.1.4.IHECRE00001913.1.0691c0e9-6039-4aa9-a294-80d73cee59d2.fc.signal	0.289233	0.200015	0.308194	0.232297	0.120658	0.433237	0.387944	0.288072	0.703868	0.477132	0.148476	0.18181	0.748992	0.142897	0.112244	0.193113	0.254551	0.165712	0	0	0	0	0	0	0.566923	0	0.786231	0.795349	0.038549	0.525602	0.00336127	0.0993309	0.380178	0.695352	1.4495	0.508274
ihec.chipseq.ihec-chipseq-containerv1.1.4.IHECRE00003680.3.ef220820-5419-4b81-b030-ce292c6089b7.fc.signal	0.122885	0.385079	0.444157	0.370121	0.238391	0.55338	0.594543	0.293664	0.230083	0.204114	0.0227747	0.231514	0.329215	0.165017	0.271109	0.343355	0.707322	0.59265	0.612901	0.486215	0.2199	0	0	0.0709098	0.204119	0.395507	0.292275	0.215286	0.301746	0.297067	0.443464	0.57243	0.452096	0.309993	0.341274	0.875
ihec.chipseq.ihec-chipseq-containerv1.1.4.IHECRE00001954.2.c4a67634-cf89-4945-bb82-26e2fddb3f3f.fc.signal	0.195567	0.0851603	0.0909359	0.509572	0.119733	0.285184	0.14677	0	0.00293787	0.294023	0.216009	1.02772	0.457132	0.652826	0.483046	0.0669591	0.537379	0.326929	0.258238	0	0.0960231	0.244382	0.142038	0.11658	0.0645726	0.36023	0.0965777	0.330988	0.432718	0.144149	0.324043	0.334907	0.541499	0.833286	0.358993	0.532967
ihec.chipseq.ihec-chipseq-containerv1.1.4.IHECRE00000239.3.318c4637-d1c5-4ab4-ab79-239ce2440f41.fc.signal	0.392751	0.511644	0.549333	0.29229	0.285464	0.101199	0	0.154641	0.495871	0.54271	0.687696	0.724962	0.346864	0.251045	0.0894689	0.19674	0.800656	0.653118	0.215421	0.207038	0.325117	0.380117	0.123578	0	0.00113707	0.179661	0.400343	0.8996	0.740383	0.188763	0.00113707	0.148956	0.269537	0.231994	0.411116	0.0644068
ihec.chipseq.ihec-chipseq-containerv1.1.4.IHECRE00000943.7.b97e43e6-4dfc-4f07-88bb-76ebefe1ddac.fc.signal	0.951891	0.897955	0.550305	0.878877	0.0451946	0.266107	0.0931353	0.0325323	0.504004	0.728479	0.166136	0.358185	0	0.638691	0.34437	0.548094	0.253461	0.714609	0.0268841	0.341689	1.37027	0.678476	0.676362	0.683871	0.647115	0.85002	0.180588	0.347369	0.0861334	1.37921	0.301408	0.150316	0.33813	0.883851	0.611672	0.822695
ihec.chipseq.ihec-chipseq-containerv1.1.4.IHECRE00000227.3.782837e5-53f4-4f13-8ca3-175155d9e819.fc.signal	0	0.00674933	0.668302	0.789792	0.121507	0.369598	0.423605	0	0	0	0	0.004264	0.139848	0.478548	0.293353	0	0	0	0.0130296	0.21706	0.308684	0.512028	0.307855	0	0.329099	0.464117	0.108015	0.921404	0.556888	0	0	0.337542	0.501934	0.391273	0.485564	0.764706
ihec.chipseq.ihec-chipseq-containerv1.1.4.IHECRE00003803.1.8e45d3eb-43c4-4932-8fdd-020c9df5cc1a.fc.signal	0.254846	0.0532393	0.386982	0.364036	0.2045	0.0221288	0.0214582	0.689113	0.988391	0.691242	0.438211	0.722652	1.14778	0.343383	0	0.193869	0.627677	0.715677	0.244009	0.144807	0.148002	0.171237	0.0913453	0.0950708	0.393066	0.169117	0.416785	0.530876	0.142133	0	0	0	0.0656721	0.712165	0.712859	0.954802
ihec.chipseq.ihec-chipseq-containerv1.1.4.IHECRE00000147.3.31a4c841-3d2e-437c-b7e3-cec67ef766c3.fc.signal	0.414511	0.539024	0.533455	0.169993	0.584611	0.548729	0.663179	0.465253	0.622778	0	0	0	0.0149373	0.592914	0.756483	0.136917	1.51519	1.8568	1.63263	0.369539	0.555412	0.217139	0.256298	0.841839	0.914919	0.33597	1.07764	1.65404	0.844664	0.365444	0.359136	0	0	0.564474	0.468828	0.415385
ihec.chipseq.ihec-chipseq-containerv1.1.4.IHECRE00000315.2.cbd9af2b-c3c4-4f68-a646-ded8b3575bf4.fc.signal	0	0	0	0.287867	0.19962	0	0.321795	0.528304	0.968088	0.689265	0.31001	0	0	0.207307	0.229912	0	0	0.025178	0.396729	0.191403	0.50846	0.704475	0.211733	0.653356	1.21234	0.436523	0.236532	0.394324	0.283578	0.0492962	0	0.136044	0.382849	0.0424053	0.436291	0.277778
ihec.chipseq.ihec-chipseq-containerv1.1.4.IHECRE00000221.3.c3b55191-0fbe-42ec-a1e0-0d7c8c410fde.fc.signal	0	0	0	0	0	0	0	0	0	0	0.00154267	0.353271	0.236523	0.0522128	0.61166	1.03982	0.305944	0	0	0	0	0	0	0	0	0	0	0	0	0	0	0	0	0	0	0.674797
ihec.chipseq.ihec-chipseq-containerv1.1.4.IHECRE00000734.3.517f2632-e6c4-42fa-8f96-3f8b0c26dc19.fc.signal	0	0	0	0	0	0	0	0.0638457	0.725976	0.278113	0.546494	0.324012	0.833896	0.296267	0	0	0.02187	0.573269	0.125469	0.380569	0.590347	0.140135	0	0	0	0.0170107	0.604342	0.468366	0	0	0.679265	0.316672	0.73448	0.367636	0.297146	0.44697
ihec.chipseq.ihec-chipseq-containerv1.1.4.IHECRE00001906.1.165f7781-9b32-4127-9b7e-a3c22e1d8bc5.fc.signal	0.247294	0.129378	0.24807	0.491009	0.22485	0.118567	0.160026	0.293879	0.183681	0.225235	0.0991933	0.0665427	0.231583	0.307941	0.262701	0.247751	0.0560341	0.0574167	0.193279	0.265784	0.283644	0.600927	0.207359	0.0694604	0.258012	0.289227	0.200504	0.219053	0.106487	0.197145	0.174355	0.411844	0.147577	0.481218	0.317	0.516129
ihec.chipseq.ihec-chipseq-containerv1.1.4.IHECRE00000237.3.206f09d2-76dd-4938-b45e-439de4017881.fc.signal	0.130224	0.284484	2.66279	2.48558	0.403977	0.135055	0	0	0	0.0437671	0.36242	0.898851	0.709485	0.087024	0	0.0290387	0.360056	0.174657	0.0019264	0.363366	0.773979	0.651631	0.035357	0	0	0	0.0353475	0.37877	0.217157	0	0	0	0.0467014	0.415205	0.741769	0.0349345
ihec.chipseq.ihec-chipseq-containerv1.1.4.IHECRE00002076.1.d82f15eb-8d9c-43cf-9741-0ee88b2ded27.fc.signal	0	0	0.178389	0.232612	0.430047	0.257533	0.227903	0.0398031	0.49157	0.815911	0.486545	0.55519	0.354474	0	0	0.122274	0.435575	0.29287	0.463511	1.1311	0.124397	0.0606049	0.362796	0.202993	0	0.264722	0.0207339	0.00159487	0.264781	0.00823147	0	0	0	0	0	0.975133
ihec.chipseq.ihec-chipseq-containerv1.1.4.IHECRE00004664.3.3e0c3e5b-0b04-413e-8945-15e328b75c75.fc.signal	0.624186	0.831747	0.64966	0.566007	0.664204	0.753306	0.857413	1.12883	0.904638	0.36649	0.33927	0.716355	1.16526	0.655633	0.73832	0.254752	0.658237	0.825891	0.890964	1.75497	0.913705	0.471938	1.03751	0.398473	0.740697	0.645891	1.04579	1.16525	0.838586	0.275136	0.478887	0.782644	0.657227	0.81867	1.2026	1
ihec.chipseq.ihec-chipseq-containerv1.1.4.IHECRE00003822.3.92277bf1-d852-4798-9042-40cf7998125a.fc.signal	0.349084	0.0769088	0.105042	0.123489	0.683933	0.579686	0.230236	0.220766	0.00705867	0.280088	0.510421	0.267472	0.179587	0.324246	0.407391	0.298014	0.195777	0	0	0.179364	0.245858	0.369575	0.362151	0.124897	0.180737	0.133423	0.0957271	0.0624995	0.0252502	0.410634	0.489286	0.714931	0.638064	0.721096	0.499374	0.242857
ihec.chipseq.ihec-chipseq-containerv1.1.4.IHECRE00001965.2.ef4e5ad4-caa2-424f-9bf2-7145353fa420.fc.signal	0.570522	0.500861	1.06515	1.22004	0.42253	0.215626	0.273829	0.493857	0.398879	0.739766	0.917401	0.790829	0.601043	0.240954	0.258648	0.27062	0.699594	0.417331	0.147365	0.604342	1.04237	0.822943	0.41915	0.3514	0.51843	0.295028	0.308758	0.642656	0.722305	0.376545	0.324856	0.317653	0.256017	0.672348	0.619878	0.664384
ihec.chipseq.ihec-chipseq-containerv1.1.4.IHECRE00003404.1.4a84d1a8-94ea-4ca8-9f07-6c2b2d20f0f2.fc.signal	0.512793	0.243882	1.78192	2.36837	0.259436	0	0.25213	1.04928	1.22275	1.01561	0.790486	1.43988	0.22621	0.0479948	0.518018	0.56048	0.942077	0.202303	0	0.404686	0.242828	0	0.488187	0.298122	0.249421	0.286718	0.433938	2.13586	0.895005	0.273688	0.401144	0.167471	1.17912	0.426597	0	1
ihec.chipseq.ihec-chipseq-containerv1.1.4.IHECRE00004616.1.bed78e40-f7b3-4ebb-ad62-e7d9c6963ec8.fc.signal	0.261377	0.422432	0.77108	0.628023	0.280926	0.861025	0.889299	0.173212	0.329538	0.496502	0.313926	0.113128	0.212035	0.303506	0.46156	0.177322	0.281013	0.673901	0.571306	0.808504	0.731506	0.140009	0.758976	0.992517	0.728254	0.262436	0.210512	0.606608	0.620984	0.55215	0.194162	0.285397	0.476285	0.406949	0.444606	0.792157
ihec.chipseq.ihec-chipseq-containerv1.1.4.IHECRE00001997.1.9ddbde16-a8c7-4357-85a1-25b734b0a68e.fc.signal	0.221973	0.161318	0.354047	0.282268	0	0	0.0814167	0.396197	0.183055	0.198006	0.0101407	0.217557	0.373782	0.214499	0.427159	0.31304	0.222056	0.128489	0.146673	0.268394	0.143803	0	0.0485652	0.192701	0.185489	0.04411	0	0	0.0116262	0.241815	0.106675	0.00665333	0.200557	0.106083	0.199612	1
ihec.chipseq.ihec-chipseq-containerv1.1.4.IHECRE00003806.1.047c2416-3a22-4cd4-965c-493225f5ed12.fc.signal	0.177077	0.234766	0.0136901	0	0.109774	0.157136	0.251928	0.140507	0.0757535	0	0.0240251	0.514673	0.620309	0.697235	0.339977	0	0	0	0	0	0	0	0	0	0	0	0	0.118332	0.157923	0	0	0	0.0040488	0.298723	0.492339	0.468825
ihec.chipseq.ihec-chipseq-containerv1.1.4.IHECRE00001002.4.9865a077-d036-4354-ba4b-3498c98e7bc1.fc.signal	0.112561	0.269015	0.742588	1.1069	0.0677479	0	0	0	0.534279	0.258194	0	0.153717	0.162885	0.14523	0.314225	0.641625	0.426881	0.559804	0.0427743	0.0474909	0.124578	0.153506	0.0113492	0	0.161095	0.161095	0.0741549	0	0.111232	0.264588	0.0204565	0.0230136	0.175159	0.27608	0.748073	0.932271
ihec.chipseq.ihec-chipseq-containerv1.1.4.IHECRE00003826.4.87afad01-d436-4b9f-ad87-b00cd4a79273.fc.signal	0.579804	0.0984723	0	0	0.277565	0.727024	0.975769	0.205641	0	0.615917	0.533805	0.548056	0.609294	0.260326	0.405534	0.758072	0.0448677	0	0	0	0.0171421	0.184789	0.00175247	0.305153	0.184789	0.215783	0.085906	0.281438	0.176765	0.484574	0.5655	0.0321351	0	0.253972	0.192026	0.0591716
ihec.chipseq.ihec-chipseq-containerv1.1.4.IHECRE00000194.3.1917ab06-c482-4280-95d3-df299df1fb8d.fc.signal	0	0	0.262488	0.418258	0	0	0	0	0	0	0.902381	0.929664	0	0.285731	2.35113	0.818569	0.376407	1.09401	0.257898	0.244741	0.910416	0.529129	0	0	0.3571	0.836567	0	0.804958	0.593411	0.305715	1.28372	0.556523	0.0739052	0	0	0.198276
ihec.chipseq.ihec-chipseq-containerv1.1.4.IHECRE00001526.1.d6566dd7-3419-47c8-a71d-319e525a8fea.fc.signal	0	0	0	0.192379	0.319689	0.625545	0.1216	0.37824	0.403465	0.221901	0	0	0	0	0	0	0	0	0	0	0	0	0	0.127252	0.135947	0	0	0	0.114369	0.355859	0.171469	0.123558	0.67342	0.206777	0	0.0588235
ihec.chipseq.ihec-chipseq-containerv1.1.4.IHECRE00000864.3.dbe74410-ef9b-4890-bc90-855bf41773d5.fc.signal	0.0990988	0	0	0	0.128378	0.270091	0.28196	0.147351	0.192995	0.0068998	0.0106331	0.674571	0.685524	1.06531	0.744893	0.103156	0.21466	0.133261	0.0776331	0	0	0.343076	0.127727	0.275906	0	0	0.188361	0.165398	0.104413	0.620031	0.216794	1.01878	0.666058	1.08442	0.616428	0.375758
ihec.chipseq.ihec-chipseq-containerv1.1.4.IHECRE00000240.3.9179d535-0d76-4d04-b0d0-678ad03f04b2.fc.signal	0.188601	0.315009	1.12357	0.377896	0	0	0	0.132394	0.758604	0.246996	0	0	0	0	0	0	0.0543844	0.598903	0.251202	0	0.0128976	0.233843	0.282557	0	0.217535	0.77691	1.07732	1.9863	0.603401	0	0	0.714757	0.450608	0	0	0.617978
ihec.chipseq.ihec-chipseq-containerv1.1.4.IHECRE00001235.5.85b1d8ad-328c-45c6-9e3b-50e5e5e241e1.fc.signal	0.824014	0.23127	0.131816	0.461515	0.0045214	0	0	0.00597413	0.301821	0	0	0.235707	0.360011	0.105499	0.22607	0.25862	0.391044	0.424883	0	0.78861	0.508404	0.561903	0.372259	0.129613	0	0	0.0602853	0.332664	0.216973	0	0	0.449122	0.54271	0.734668	0.802459	0.638796
ihec.chipseq.ihec-chipseq-containerv1.1.4.IHECRE00000775.1.45140bd1-90fe-4a64-8e67-977bea385e45.fc.signal	0.0503316	0.10313	0.219095	0.424146	0.47215	0.604278	0.486076	0.465958	0.456025	0.443746	0.125912	0.103674	0.180634	0.260511	0.511844	0.300895	0.396796	0.271706	0	0.120746	0.242574	0.220157	0.023216	0	0	0	0.199593	0.481674	0.173442	0.180516	0.14691	0	0	0	0	0.822581
ihec.chipseq.ihec-chipseq-containerv1.1.4.IHECRE00001952.2.c1b4ffc0-5671-47c4-baaa-5f1958b2a0b4.fc.signal	0.888735	0.144093	0.39121	0.489323	0.161	0	0.149918	0.363418	1.02786	0.952307	0.224323	0.140405	0	0.0813599	0.19928	0.599417	0.542274	0.196914	0.378807	0.0261065	0.141749	0.139547	0.530258	0.318305	0.445551	0.197738	0.614533	0.816423	0.663454	0.623636	0.112797	0.0049132	0.322171	0.312947	0.158823	0.671569
ihec.chipseq.ihec-chipseq-containerv1.1.4.IHECRE00000241.3.952d10ed-db3c-403d-b33a-97f5002e56ff.fc.signal	0.0593456	0.00512853	0.263545	0.339546	0.0745344	0	0	0	0	0	0	0.174151	0.504771	0.386796	0.0409305	0	0	0	0	0.192318	0.899667	0.447627	0.0980397	0	0	0	0	0	0	0	0	0	0	0	0	0.177515
ihec.chipseq.ihec-chipseq-containerv1.1.4.IHECRE00000188.3.aa79dbf5-f75e-4ba3-9aec-59cbc9a2028b.fc.signal	0	0.0272352	0.412279	0	0.373117	0.255395	0.627511	0.3036	0	0	0.274693	0.488074	0.127131	0.194724	0.0698997	0.387121	0.425368	0.28533	0.182281	0.0039944	0.206162	0.302312	0	0	0.185013	0.333566	0.245329	0.434308	0	0.107862	1.08922	0.00566613	1.53401	0.521585	0	0.26087
ihec.chipseq.ihec-chipseq-containerv1.1.4.IHECRE00000957.7.dd1317db-7d1b-41c7-a204-2df8f91c596d.fc.signal	0	0.0538177	0.131604	0.575025	0.0872637	0	0	0.420213	0	0	0	0	0	0.525488	1.06527	0.154726	0	0	0.0707453	0.702947	0.269886	0.451265	0	0	0.15595	0.692434	0.830351	1.023	0.210253	0	0	0	0.374101	0.416228	0.569434	0.618812
ihec.chipseq.ihec-chipseq-containerv1.1.4.IHECRE00002005.1.3f273eb1-d109-4260-952a-5ac2e044448b.fc.signal	0.137746	0.45273	0.159695	0	0.197647	0.0357555	0	0	0.0614675	0.101294	0	0.269527	1.121	0.205098	0	0.0529888	0.842373	0.578029	0.195949	0.239341	0.867533	0.0561444	0.20922	1.011	0.39581	0.265705	0.4079	0.538143	0.409609	0.317657	0.0210193	0.2336	0.082306	0.304293	0.476688	0.984802
ihec.chipseq.ihec-chipseq-containerv1.1.4.IHECRE00000014.2.9c3ec4b2-7073-4306-8028-2374ba66f5d2.fc.signal	0	0	1.18668	0.920456	0	0	0.198469	0.502718	0.77048	0.225846	0	0	0.111845	0.43045	0	0	0	0.589527	0.167788	0	0	0.125774	0.564763	0.247501	0.316238	0	0	0.35747	1.29306	1.44741	0.8026	0.417841	0	0	0	0.661376
ihec.chipseq.ihec-chipseq-containerv1.1.4.IHECRE00003832.2.e0246cbf-2d49-4bee-a25f-b1967eaad820.fc.signal	0.157249	0	0.000641867	0.180536	0.129054	0.00537473	0	0.0186141	0.161744	0.231706	0.146355	0.128024	0.0281145	0.0728315	0.0879953	0.242582	0.382331	0.084714	0	0.137308	0.343913	0.0759796	0.00662027	0.273749	0.0866634	0.258118	0.105364	0.159536	0.0224647	0.17843	0.46457	0.282744	0.0865446	0.0802939	0	0.277666
ihec.chipseq.ihec-chipseq-containerv1.1.4.IHECRE00000260.2.8cb3e2ca-fcd2-47cb-9b65-cd786fdfabca.fc.signal	0.120719	0.500862	0	0	0	0.652316	0.616436	0.903944	0.53643	0.814232	1.39706	0.577392	0	0	0.0834655	0.822629	0.407673	0.234234	0.224652	0	0	0.45958	0.435332	0.233715	0.177666	1.21357	0.955697	2.04417	1.19089	1.29368	0.562788	0.290967	0.0274389	0	0.392767	0.354839
ihec.chipseq.ihec-chipseq-containerv1.1.4.IHECRE00003812.1.63a55c7d-51f0-4637-84b6-522ad46573ec.fc.signal	0.33507	0.261325	0.142566	0.259398	0.413785	0.180154	0.146747	0.163039	0.331069	0.410795	0.25587	0.0486105	0	0	0.13301	0.185884	0.184594	0.0549119	0	0.174184	0.50323	0.304186	0.111707	0.302249	0.443386	0.200265	0	0	0	0	0.0277779	0.140316	0.00185453	0.134497	0.333738	0.693548
ihec.chipseq.ihec-chipseq-containerv1.1.4.IHECRE00003835.4.223aa04f-e316-48e4-abf6-e6d88a4e9390.fc.signal	0	0	0	0	0	0.015361	0.469494	0.48566	0.0661382	0	0	0	0	0.152902	0.183044	0	0	0.155049	0.586127	0.254145	0	0	0	0	0.0317051	0.260082	0.0268311	0.286114	0.458438	0.761431	0.184898	0.253156	0.534271	0.10595	0.0448098	0.67037
ihec.chipseq.ihec-chipseq-containerv1.1.4.IHECRE00001460.1.40235741-bb90-41ef-92e9-8d550ae72a34.fc.signal	0	0	0	0	0	0	0	0	0	0	0	0	0	0	0	0.0295036	0.311219	0.265972	0.30996	0	0	0	0	0	0	0	0.0419322	0.552975	0.405091	0.286799	0.0134407	0.21525	0.218292	0.0906751	0.179369	0.168605
ihec.chipseq.ihec-chipseq-containerv1.1.4.IHECRE00000886.3.1504c6d0-7de0-4849-abef-bd2552745dd1.fc.signal	0.360371	0.0587452	0.292574	0.0609147	0	0.0569243	0.868107	0.387127	0.0576727	1.09273	1.03254	0.661578	0.348891	0	0	0.315187	0.592414	0.617744	0.23948	0.448986	0.273431	0.325476	0.0410374	0.297192	0.320198	0.0283789	0.462037	0.845643	0.919787	0.223181	0.146639	0.270383	0.384977	0.104534	0.352291	0.0703125
ihec.chipseq.ihec-chipseq-containerv1.1.4.IHECRE00001447.1.06f96530-4397-4a3d-a6d2-ac4ce64f50a2.fc.signal	0.0980092	0.179785	0.137053	0.358666	0.226513	0	0	0	0	0.0037024	0.275865	0.178705	0.0964971	0.213611	0.0316592	0.0279372	0.194632	0.116353	0	0	0.073862	0.268301	0.575675	0.486023	0.192397	0.246038	0.181286	0.245488	0	0.0509264	0.242893	0.10737	0	0	0	0.225352
ihec.chipseq.ihec-chipseq-containerv1.1.4.IHECRE00003828.3.7fe9234c-b18e-418e-a5fa-41324c8b4b69.fc.signal	0.0988845	0	0.0868871	0.237667	0.00551633	0	0.0749177	0.291486	0.34129	0.161022	0.0413766	0	0.00782507	0.40969	0.289738	0.414431	0.205762	0	0.0134056	0.479331	0.149447	0.0260612	0.0917264	0.427772	0.0336883	0.300539	0.274293	0.420686	0.0727755	0.118965	0.275067	0.520844	0.082045	0.403165	0.321965	0.738693
ihec.chipseq.ihec-chipseq-containerv1.1.4.IHECRE00003686.3.05f731d1-35d3-4327-ad52-34ab22707910.fc.signal	0.0383367	0.233534	0.0380553	0	0.562677	0.245562	0	0	0	0	0	0	0	0	0.208701	0.08234	0	0	0	0	0	0	0	0	0	0.0730053	0.515418	0.153167	0.11738	0.0644171	0.365032	0	0	0	0	1
ihec.chipseq.ihec-chipseq-containerv1.1.4.IHECRE00003398.1.32ebedf9-9cee-45d9-904b-83df75dfe3b1.fc.signal	0.271042	0.396246	0.180016	0.610431	0.455413	0.204304	0.0462535	0.783309	1.0624	0.70481	0.15348	0	0.29274	0.261099	0.865698	0.610374	0.102514	0.990703	0.395956	0	0.229112	0.190366	0.185478	0.446099	0.519447	0.0391421	0.888257	1.51661	0.374579	0.440705	0.156337	0.259183	0.846821	0.201352	0.138821	0.809816
ihec.chipseq.ihec-chipseq-containerv1.1.4.IHECRE00003829.4.503bd71c-74cb-4096-8a07-526831cc1c01.fc.signal	0.322484	0.523013	0.10927	0	0	0	0	0	0	0	0	0	0	0	0.296028	0.063631	0.146484	0.202122	0	0	0	0	0	0	0	0	0	0	0.348625	0.581413	0.516534	0	0.2858	0.320984	0	0
ihec.chipseq.ihec-chipseq-containerv1.1.4.IHECRE00000665.1.c28d3943-9234-4917-b4a0-88d70eac42fc.fc.signal	0.257872	0.0759157	0.10202	0.170662	0.110524	0.113001	0.110542	0.15815	0.332904	0.414667	0.192531	0.0589617	0.326404	0.186555	0.205474	0.442223	0.431018	0.0795695	0.204365	0.312416	0.149283	0.146298	0.313152	0.295768	0.243552	0.261625	0.266974	0.248901	0.387543	0.402639	0.230554	0.220435	0.298263	0.157794	0.363945	0.76699
ihec.chipseq.ihec-chipseq-containerv1.1.4.IHECRE00001891.4.285674ca-2d37-4ac8-859e-29db1bf824d3.fc.signal	0.228827	0.551266	0	0	0	0.383666	0.147723	0	0.582837	0.911732	0	0	0	0	0.251162	0.27536	1.78982	1.13862	0.0366114	0	0	0	0.42875	1.17497	0.198322	0.823964	1.07488	0.0587113	1.23669	1.10619	0	0.191616	0.422891	0	0	0.676259
ihec.chipseq.ihec-chipseq-containerv1.1.4.IHECRE00003401.1.b076b762-9a1c-49ad-94fb-112d4580999d.fc.signal	0.50032	0	0.302447	0.293814	0.371596	0.907672	0.452411	0.328267	0.674855	0.645462	1.4459	0.009973	0	0.303736	0.596399	0.40605	0.331129	0	0	0	0	0	0.997006	0.54538	0.299678	0.0440994	0.533804	1.25456	0.527608	0.889408	1.82098	1.8227	1.2732	1.02291	0.918082	0.186992
ihec.chipseq.ihec-chipseq-containerv1.1.4.IHECRE00003696.3.56ed3fdb-46a9-4765-a249-372860e042b1.fc.signal	0.056101	0.239357	0.177883	0.406413	0.00588867	0.0581666	0.494936	0.191852	0.142711	0	0	0	0	0	0	0	0	0	0	0	0.203079	0.0921613	0	0	0	0	0.108169	0.0397982	0.264306	0.179138	0	0	0	0	0	0.752336
ihec.chipseq.ihec-chipseq-containerv1.1.4.IHECRE00000229.3.85a03a8e-2650-44c0-bf53-1db912cf1fd2.fc.signal	0.268709	0.526839	0.692471	0.528468	0.0129678	0	0	0.288726	0.819853	0.706733	0.975801	0.856666	0.123381	0.421188	0.215995	0.209548	0.259168	0.312726	0.105079	0	0.109041	0.220495	0	0	0	0.0525017	0.814103	0.726124	0.00682027	0	0	0	0	0.149083	0.503399	0.412888
ihec.chipseq.ihec-chipseq-containerv1.1.4.IHECRE00001851.4.88e0b9dc-6b08-443f-bb12-a02db4d96a2b.fc.signal	0.219375	0.420855	0.65374	0.897908	0.819505	0.276438	0.322651	0.800283	0.432026	0.500135	0.265087	0.411092	0	0.147767	0.892856	0.324435	0.546233	0.160323	0	0.581783	0.0306633	0.217366	0.57642	0.532346	0.337261	0.404615	0.00494093	0.50435	0.337849	0.245491	0.25524	0.070497	0.175783	0.508474	1.08223	0.483204
ihec.chipseq.ihec-chipseq-containerv1.1.4.IHECRE00000270.2.61da4f23-1b17-4140-818d-1866ebdfc324.fc.signal	1.39158	1.11915	1.28304	0.691239	0.392661	0.328975	0.261224	0.169877	0.184404	0.0442835	0.665171	0.520277	0	0	0.186294	0.628082	0.30959	0	0.573828	0.742346	0.352163	0	1.07588	0.408661	0.334757	0.171485	0	0.233974	0.691804	0.450466	0.505569	1.36942	0.998612	0.411264	0.460444	0.317241
ihec.chipseq.ihec-chipseq-containerv1.1.4.IHECRE00003694.3.c78458e5-ee0b-451a-90f1-dbb574d13e13.fc.signal	0	0	0	0	0	0.0838373	0.207419	0.267509	0.151205	0.161866	0.0857438	0	0	0	0	0	0.0828719	0.14539	0.0465219	0.0881993	0.151205	0.134243	0.281525	0.241818	0.0533068	0.165255	0.357559	0.167195	0.0547598	0.133273	0.110494	0.191912	0.293662	0.165258	0.056892	0.82266
ihec.chipseq.ihec-chipseq-containerv1.1.4.IHECRE00003688.3.224378b1-b9a6-497a-9406-7ce9e052b055.fc.signal	0.437906	0.608142	0.236545	0.0211665	0	0	0	0.0239125	0.656168	0.356706	0	0	0	0.006267	0.677018	0.0375189	0.229694	0.230674	0.269607	0.374538	0.484349	0.125174	0.329892	0.00128867	0.159791	0.351797	0.347931	0.259123	0	0.365972	0.007732	0	0.209875	0.249672	0	0.0209424
ihec.chipseq.ihec-chipseq-containerv1.1.4.IHECRE00003689.3.beff36be-023d-4a6e-8a49-a553932bd6ce.fc.signal	0.726604	0.664266	0.567707	1.13372	0.223803	0	0	0	0.286495	0.509825	0.118987	1.11427	0.556022	0.18516	0.483315	0.152707	0.292333	0.132125	0	0.124307	0.396475	0.267366	0	0.148202	0.381168	0.104133	0	0	0.0576952	0.265869	0	0	0	0.451678	0.766684	0.225581
ihec.chipseq.ihec-chipseq-containerv1.1.4.IHECRE00003836.3.e37d93da-dc33-42a2-aab6-afc4ccdb4a46.fc.signal	0.37032	0.455623	0.432164	0.177592	0.25585	0.520114	0.47089	0.169349	0.318064	0.425003	0.301255	0.269827	0.168871	0.144586	0.510785	0.53994	0.29806	0.329662	0.349449	0.279754	0.155416	0.0326409	0.110589	0.114495	0.278111	0.302452	0.414801	0.901721	0.860789	0.455472	0.810762	0.508717	0.210546	0.0886116	0.0872431	0.807207
ihec.chipseq.ihec-chipseq-containerv1.1.4.IHECRE00003690.3.6941f4c2-9444-41d7-82bb-38a8112f3f75.fc.signal	0.391188	0.154549	0.138528	0.126639	0.291432	0.209784	0.163378	0.24032	0.231461	0.145628	0.202301	0.310866	0.440804	0.67852	0.862494	0.525023	0.133861	0.15507	0.0702955	0.190153	0.236125	0.0875795	0.0679403	0.173874	0.575388	0.654499	0.483604	0.409516	0.203721	0.251096	0.293739	0.312124	0.329398	0.310988	0.249025	0.735537
ihec.chipseq.ihec-chipseq-containerv1.1.4.IHECRE00001508.1.3e28aa2d-b7e5-4918-a0af-419b0cf0b2b0.fc.signal	1.02345	0.995236	0.38049	0.385728	0.13822	0.0064226	0.26373	0.337539	0.267989	0.32301	0.04055	0	0	0	0	0.305673	0.593349	0.354347	0.451293	0.00285407	0.202639	0.368175	0	0.299654	0.586556	0.03778	0	0.0664865	0.850429	0.334766	0.153953	0.27157	0.434002	0.711657	0.768757	0.344538
ihec.chipseq.ihec-chipseq-containerv1.1.4.IHECRE00003693.3.c56a1926-3d2b-458d-9800-4140f38e79d1.fc.signal	0.13534	0.101657	0.0427151	0.00408833	0	0.0054848	0.119716	0.105633	0.0061998	0.124248	0.0910005	0	0	0.112379	0.245039	0.190928	0.145021	0.0405791	0.0796724	0.193978	0.0989677	0.0242485	0.102589	0.1309	0.0490872	0	0	0.0116449	0.103103	0.106769	0.0114437	0	0	0	0	1
ihec.chipseq.ihec-chipseq-containerv1.1.4.IHECRE00001852.4.51e98f97-6119-4df6-b770-df4f0c759ed4.fc.signal	0.685136	0.171845	0.417726	0.72937	0.717807	0.938855	0.61692	0.702052	1.22397	1.26072	1.12445	0.502095	0.537493	0.791811	0.702351	0.869129	0.5152	0.885848	0.967209	0.57875	0.899535	0.832658	0.792591	0.984972	1.2128	0.594488	0.523216	0.529346	0.383085	0.819969	0.932274	0.885843	0.893641	0.521918	0.649772	0.737624
ihec.chipseq.ihec-chipseq-containerv1.1.4.IHECRE00000743.1.49a99802-1bc6-41d8-8363-c1df0e713acd.fc.signal	0.571384	0.0313536	0.13181	0.788273	0.565361	0	0	0.259717	0.186044	0.262925	0.00343947	0.140133	0.360657	0.43335	0.0525117	0.368125	0.100603	0.379489	0.0931917	0.0657945	0.470145	0.363053	0.525711	0.402179	0.886535	0.210879	0.214424	0.187643	0	0	0.628125	0.552715	0	0.0291127	0.281432	0.608333
ihec.chipseq.ihec-chipseq-containerv1.1.4.IHECRE00001315.1.dd7c5865-ee3d-478d-bdf1-8e360085ebad.fc.signal	0	0.204216	0.170904	0	0	0	0.412589	0.197483	0	0	0	0	0	0.0675841	0.274183	0	0.350436	0.127546	0.482106	0.461887	0.240812	0	0	0.218738	0.578259	0.864319	0.814071	0.460874	0.0990385	0.0299208	0.348047	0.0431284	0	0	0	0.102362
ihec.chipseq.ihec-chipseq-containerv1.1.4.IHECRE00000246.3.17e8d437-9912-4182-bfcd-8c63788e1a5b.fc.signal	0	0.0170213	0.825694	0.841017	0.0187235	0	0	0	0	0	0.160647	1.12196	1.27569	0.331415	0	0	0	0	0.0166571	0.38711	0.744533	0.498325	0.129447	0	0	0	0	0	0	0	0	0	0	0.624786	2.24802	0.245989
ihec.chipseq.ihec-chipseq-containerv1.1.4.IHECRE00000709.3.5c2b1045-c5b9-4ce2-a975-1bba53717c39.fc.signal	0.428385	0.478886	0.163757	0.291256	0.36503	0.635499	0.175077	0.0795755	0.392508	0.955205	0.741388	0.547095	0.881624	0.547165	0.520144	0.370806	0.976832	0.744873	0.0202261	0	0	0.601333	0.47058	0.838371	0.975411	0.435853	0.342632	0.458807	0.408332	0.488772	0.14333	0.35111	0.401895	0.307714	0.41829	0.891026
ihec.chipseq.ihec-chipseq-containerv1.1.4.IHECRE00001973.1.eb6b8116-681b-4ebd-8a3a-5c8e0b38a2a8.fc.signal	0	0.231391	0.74802	0.404534	0.489536	0.659736	0.220334	0	0	0	0.390151	0.18988	0	0	0	0.349893	0.364721	0.420475	0.10789	0	0.384647	0.0914685	0	0	0	0	0.202735	0.528074	0.238688	0	0	0	0	0	0	0.948403
ihec.chipseq.ihec-chipseq-containerv1.1.4.IHECRE00001957.2.e6bec3c5-fcb0-48f1-bb2d-dd0add2596dc.fc.signal	1.08162	1.1267	1.58459	0.88842	0.422024	0.154733	0.196039	0.561075	0.462301	0.510335	0.139308	0.0298802	0.52581	0.533736	0.291121	0.409361	0.757663	0.259718	0	0.196959	0.615152	0.678319	0.578127	0.174388	0.425229	0.226399	0.161844	0.39471	0.154625	0.260034	0.589485	0.0717649	0.22583	0.444878	0.639141	0.677054
ihec.chipseq.ihec-chipseq-containerv1.1.4.IHECRE00001892.4.902ae139-ccdf-4a1c-a16a-ec321c33c554.fc.signal	0	0.360753	0.645373	0	0	0	0.396371	0.439437	0	0.776182	0.899254	0.963107	0.432535	0.569347	0.838853	0.344121	0.836819	0.962802	0.0430084	0.117742	0.762854	0.349479	0.395467	0.59436	1.04994	0	0	0	0	0	0	0	0	0.573305	0.561024	0.67027
ihec.chipseq.ihec-chipseq-containerv1.1.4.IHECRE00000321.2.958c3b4f-844d-4f79-97b0-c208d576e212.fc.signal	0.365132	1.04541	1.61082	0.526353	0.2652	0.154247	0	0.0298768	0.337433	0.0383277	0	0	0	0	0.460785	0.260503	1.11577	1.44739	0.66336	1.02987	0	0	0	0	0.27477	0.263966	0.401764	1.10297	0.288118	0	0	0	0.463073	0.355018	0.64108	0.17801
ihec.chipseq.ihec-chipseq-containerv1.1.4.IHECRE00003685.2.c2e20b49-142e-4797-9eba-5be0eab06323.fc.signal	0.0541118	0.195785	0.208831	0.754078	0.112257	0	0	0	0.159502	0.227421	0.106377	0.297736	0.0953719	0	0.579159	0.620484	0.146973	0	0	0.196666	0.62436	0.124557	0	0	0.181907	0.649401	0.02838	0	0	0	0	0	0	0	0	0.8575
ihec.chipseq.ihec-chipseq-containerv1.1.4.IHECRE00003842.2.5d7cb2f3-47cf-4b96-8e52-3efecb6dacae.fc.signal	0	0	0	0.154209	0.252579	0.0453391	0	0	0	0	0	0	0	0	0	0.0397459	0.401922	0.066908	0	0	0	0	0.254856	0.0381552	0.115257	0.298439	0.00718927	0	0	0.223425	0.0735749	0.270845	0.0215474	0	0	0
ihec.chipseq.ihec-chipseq-containerv1.1.4.IHECRE00003838.5.b61c4709-ddec-4f74-8351-f61eb4c7615d.fc.signal	0.328088	0.667651	0.456991	0.233668	0	0	0.636717	0.15739	0.295411	0.131968	0.536298	0.284517	0.136813	0.243351	0.710572	0.502348	0.516885	0.389848	0.238508	1.10641	0.67065	0.430984	0.349888	1.36182	0.780791	0.595486	0.120165	0.241606	0.519992	0.895553	1.026	0.0758526	0.0121073	0.225194	0.226266	0.00381679
ihec.chipseq.ihec-chipseq-containerv1.1.4.IHECRE00003809.1.1724086a-5e6f-40e4-8774-8e9b5ce9aa91.fc.signal	0.268751	0	0	0	0	0	0	0.296918	0.320714	0.0933579	0.102999	0	0	0	0	0	0.156467	0.0906451	0.103395	0.103864	0	0.00118313	0.183689	0.140434	0.0214119	0	0	0	0	0	0	0	0	0	0	0.588235
ihec.chipseq.ihec-chipseq-containerv1.1.4.IHECRE00001918.1.f4eb1507-9e72-4fad-bc11-1462cce349d2.fc.signal	0.206685	0.393049	0.31906	0.139642	0	0.0451221	0.738277	0.65208	0.130058	0	0	0	0.350288	0.128442	0	0	0	0	0	0.348864	0.52027	0.138457	0	0.0552029	0.851968	0.432594	0	0.0320612	0.269691	0.22037	0	0	0	0.106691	0.327707	0.287234
ihec.chipseq.ihec-chipseq-containerv1.1.4.IHECRE00003678.3.8266b146-518b-415f-b011-597d6aa5064e.fc.signal	0.717019	0.160277	0.143566	0.133163	0.0718109	0.425686	0.630927	0.451402	0.152438	0.0985705	0.0566343	0.28681	0.667756	0.368458	0.164483	0.398419	0.38014	0.185225	0.0820557	0.340001	0.360098	0.0967966	0.247721	0.423606	0.276829	0.101426	0.0634603	0.284166	0.28728	0.284438	0.279962	0.303397	0.550096	0.149383	0.119142	0.651261
ihec.chipseq.ihec-chipseq-containerv1.1.4.IHECRE00000228.3.733171c1-b776-4277-a4e8-9b25e6d08804.fc.signal	0.0069574	0.0707576	0.692138	1.30394	0.431684	0	0	0	0	0	0	0	0	0	0	0	0	0	0.0113483	0.27428	0.344441	0.188179	0.0896905	0	0	0.0496756	0.295446	0.268713	0.0229272	0	0	0	0.00891613	0.419098	0.654687	0.837709
ihec.chipseq.ihec-chipseq-containerv1.1.4.IHECRE00001379.1.e8a2327e-2dc7-4105-9610-ec48244249e2.fc.signal	0.0157266	0.286085	0.237451	0.114609	0	0	0	0	0	0	0	0	0	0	0.153924	0.329305	0.0398958	0	0.0888159	0.178899	0.344317	0.453627	0	0.103702	0.152642	0	0.0202297	0.453102	0.314823	0.204933	0.199293	0.253756	0.139037	0.0827544	0.17576	0.0218978
ihec.chipseq.ihec-chipseq-containerv1.1.4.IHECRE00000332.2.10f5266d-441b-4d93-a883-d970677b92f6.fc.signal	0	0	0	0	0.188806	0.113346	0.119102	0.12264	0	0	0	0	0	0	0	0.026916	0.448943	0.38374	0.145661	0	0.225517	0.0796579	0.264074	0.044408	0	0.0290357	0.314655	0	0	0	0	0.17197	0.367728	0.244075	0.17136	0.713615
ihec.chipseq.ihec-chipseq-containerv1.1.4.IHECRE00002063.1.43d53f41-e4a2-4421-b86f-0d0bce6de71d.fc.signal	0.036189	0.436462	0.478508	0.257165	0.171893	0.0556737	0.208428	0.268633	0.370218	0.122535	0.282308	0.293538	0.3753	0.442969	0.325706	0.233221	0.343706	0.264805	0.309622	0.225177	0.171563	0.298041	0.568623	0.501295	0.205824	0.116981	0.383804	0.178563	0.0760111	0.220186	0.205071	0.0388697	0.199497	0.580762	0.340051	0.937716
ihec.chipseq.ihec-chipseq-containerv1.1.4.IHECRE00000974.7.795c5285-fcfe-49fc-86bb-822787a24420.fc.signal	0.406022	0.0892673	1.14584	1.13385	0.557343	0	0	0	0.136312	0.0806994	0	0	0	0	0.833181	1.82383	1.07054	0.607436	0	0.272236	0.324773	0	0.394993	0.954556	0.593287	0.337788	0	0	0	0.419389	0.160638	0.228802	0.241604	0.532728	0.134481	0.709402
ihec.chipseq.ihec-chipseq-containerv1.1.4.IHECRE00001966.2.281a1552-ba2f-4513-8d72-0e1cf5c2b6ab.fc.signal	0.0696638	0.188039	0.261845	0.39313	0.254626	0	0	0	0.172146	0.543358	0.0790106	0.229362	0	0	0	0.0061194	0.288952	0.0040326	0	0	0	0	0.141956	0.0960169	0	0	0	0.144408	0.113471	0.101759	0.270176	0.317999	0.655263	0.344117	0	0.727778
ihec.chipseq.ihec-chipseq-containerv1.1.4.IHECRE00002067.1.41844a41-a9d8-47e3-9699-651cca6131a4.fc.signal	0.186062	0.0640731	0	0.124822	0.23041	0	0	0.0647687	0.293486	0.0748167	0.277961	0.306846	0.279461	0	0	0.0384653	0.200315	0	0	0.308988	0.0426689	0	0.2827	0.312076	0.0766013	0	0	0	0.201103	0.566052	0.303135	0	0.269334	0.0207075	0.17798	0.932458
ihec.chipseq.ihec-chipseq-containerv1.1.4.IHECRE00000244.3.d1a8257b-a783-46cb-9494-1d7cf28c907b.fc.signal	0	0.203898	0.36324	0.316623	0.253712	0.00542	0	0	0	0	0	0.0234537	0.110003	0.0906406	0	0	0	0	0	0.0168691	0.148145	0.158019	0.0456542	0	0	0	0.11382	0.317707	0.153938	0	0	0	0	0.0443398	0.302028	0.278626
ihec.chipseq.ihec-chipseq-containerv1.1.4.IHECRE00000233.3.2ce6c7a2-1501-4bf0-9209-c55a1327303d.fc.signal	0.104055	0.351481	1.23005	1.18075	0.193073	0	0	0	0	0	0.445945	0.794414	0.472035	0.0707283	0	0	0	0	0.172992	0.619646	0.794207	0.581055	0.157381	0	0	0	0	0	0	0	0	0	0.020852	0.210144	0.297964	0.901879
ihec.chipseq.ihec-chipseq-containerv1.1.4.IHECRE00000298.2.174dfbfb-b653-4dbf-a44e-27989de75595.fc.signal	0.349615	0.552272	1.03666	0.0748208	0.639613	0.0288489	0	0	0	0	0	0	1.1941	0.871372	0	0	0.17844	0.302906	0	0	0	0.282087	1.27859	0.405704	0	0.219446	0.50279	0.0865466	0.790565	0	0	0	1.21709	0.853594	0.574273	0
ihec.chipseq.ihec-chipseq-containerv1.1.4.IHECRE00000992.7.269c7bdb-5224-43fa-a5d5-7860eaac019c.fc.signal	0.618402	0.630928	1.06342	1.52038	0.299833	0.151233	0.0146601	0.499979	1.07419	1.55925	0.492485	0.404313	0.195236	0.566052	0.658394	0.883813	1.66889	0.853483	0.259712	0.492193	0.776804	0.806887	0.401469	0.269491	0.532118	0.899508	0.763424	1.09887	0.379919	1.38237	0.748276	0.35446	0.756558	1.15227	1.64045	0.786408
ihec.chipseq.ihec-chipseq-containerv1.1.4.IHECRE00004609.2.0c69eda8-716f-44e4-bc94-dce057d4c5a3.fc.signal	0.474247	0.0819912	0.199238	0.308589	0.027672	0.249818	0.725939	0.330222	0.334717	0.2504	0.222298	0.255505	0	0.102386	0.297408	0.0934735	0.339703	0.317012	0.62973	0	0.139761	0.0706029	0.0282836	0.135431	0	0.14687	0.18008	0.477559	0.239604	0.371718	0.359397	0.0488614	0.467346	0.285987	0	0.6
ihec.chipseq.ihec-chipseq-containerv1.1.4.IHECRE00000224.3.2f10d695-5b3b-470a-a2e2-55996404a85c.fc.signal	0.0238321	0.177756	0.844262	1.27007	0.523354	0	0	0	0	0	0	0.385467	1.07356	0.78957	0.212339	0	0	0	0	0	0.214001	0.553741	0.114516	0	0	0	0.245481	0.66345	0.241058	0	0	0	0.148194	0.564086	0.309881	0.769036
ihec.chipseq.ihec-chipseq-containerv1.1.4.IHECRE00001990.1.db376d3b-ae63-4e49-80d2-dc3c632957a3.fc.signal	0.0300239	0	0.368847	0.84298	0.309477	0.688128	0.0819264	0.236425	0.435196	0.119553	0	0	0.19862	0.861456	0.757527	0.0852837	0.298858	0.256469	0.137908	0.105794	0.337666	0.17448	0	0	0	0	0	0	0.0655423	1.01885	0.747969	0.461469	0.345491	0.989562	0.856204	0.9375
ihec.chipseq.ihec-chipseq-containerv1.1.4.IHECRE00003683.3.0997810a-4867-4ba8-9534-ea6e95022077.fc.signal	0	0	0	0	0	0.139788	0.195703	0.010065	0.323189	0.00223667	0	0	0	0	0	0	0	0	0	0	0	0	0	0	0	0	0	0	0	0.262421	0.0337103	0	0	0	0	0.775956
ihec.chipseq.ihec-chipseq-containerv1.1.4.IHECRE00000232.3.60b5bb5a-99a2-4161-af81-f580037bc3ea.fc.signal	0.00926493	0	0.326365	0.283329	0	0	0	0	0	0.0264213	0.138018	0.175169	0.177438	0.120042	0.017407	0	0	0	0	0.0119993	0.0847772	0.0831017	0	0	0	0	0.285048	0.305199	0	0	0	0	0.0342811	0.409423	0.96987	0.165138
ihec.chipseq.ihec-chipseq-containerv1.1.4.IHECRE00001887.4.59a9b7d0-5484-46d1-b8f0-117dbd401378.fc.signal	0.0523307	0.14562	0.515498	0.422275	0.110055	0.143716	0.0448942	0	0.146932	0.165385	0.147437	0.208161	0.0457246	0.031423	0.161616	0.12363	0	0	0.10226	0.601112	0.675988	0.404737	0.17764	0.437435	0.427618	0.0921007	0	0	0	0	0.0905831	0.157298	0.140342	0.50577	0.693759	0.759825
ihec.chipseq.ihec-chipseq-containerv1.1.4.IHECRE00004618.1.72623753-44fb-49f2-a9eb-e1a5603547b0.fc.signal	1.02122	0.801746	0.12574	0.178002	0.506238	0.576993	0.503274	0.0808753	0.525796	0.0443202	0.0724403	0.14914	0.117715	0.359664	0.105255	0.131765	1.02243	0.825289	0.865036	0.351381	0.350959	0.201478	0.846806	0.528227	0.247795	0.162921	0.381852	1.13039	0.0320077	0.219747	0.274521	0.562571	0.170991	0.137357	0.403367	0.733333
ihec.chipseq.ihec-chipseq-containerv1.1.4.IHECRE00000160.3.6352ceac-99ac-4035-8991-55bf3da48e8b.fc.signal	0.432107	0	0.444396	1.74429	0.196842	0.251973	0	0.0852821	0.689853	0.0292745	0	0	0.0183837	1.81683	0.220258	0.604916	0.160506	0	0	0	0	0	0	0	0	0	0.816102	0.844472	0.632996	0.720899	0.0501888	0.451659	0.89453	0.349637	0.622414	0.336134
ihec.chipseq.ihec-chipseq-containerv1.1.4.IHECRE00003848.5.a76c9ec7-a103-4b17-9625-01cbf3f2cce7.fc.signal	0.0562337	0	0	0	0	0	0	0	0.0900549	0.45341	0	0.197912	0.0504087	0	0	0.0545289	1.64756	0.41658	0.157955	0	0	0	0	0.135754	0.298734	0	0	0	0	0	0	0	0	0	0	0
ihec.chipseq.ihec-chipseq-containerv1.1.4.IHECRE00003833.4.78bd51d0-e8cc-413f-86cc-b957d9057e5e.fc.signal	0.245469	0.706312	0.97689	0.756998	0.389939	0.381695	0.276259	0.53643	1.45196	0.654623	0.226281	0.826563	0.699421	0.293678	0.093491	0.398427	0.678818	1.14512	0.893556	0.148607	0.199976	0.0785033	0.208132	0.219094	0.290663	0.784316	0.6118	0.332064	0.336091	0.574568	0.431683	1.05271	0.459993	0.665603	0.67081	0.709677
ihec.chipseq.ihec-chipseq-containerv1.1.4.IHECRE00001236.5.89a447bb-7116-45ed-914d-ea08ca13224b.fc.signal	0.262013	0.158503	0.314252	0.830006	0	0	0	0.178105	0.314942	0.4838	0.170977	0.280225	0.368821	0	0.497763	1.09544	0.56444	0.741247	0	0.135419	0.465507	0.534191	0.177262	0.199329	0	0	0	0.319684	0.0574891	0	0	0	0	0.717775	1.23578	0.824561
ihec.chipseq.ihec-chipseq-containerv1.1.4.IHECRE00003677.3.c8f6239b-cb62-4435-8e19-0a148079f3ba.fc.signal	0.172442	0.433155	1.40163	0.929935	0.57405	0.899591	0.558496	0.980489	1.13331	0.695036	0.433388	0.823468	0.139123	0.373535	0.175342	0.685651	1.12471	0.565732	0.0305591	0.502276	0.312978	0.368815	0.634414	0.594723	0.430822	0.0469613	0.1054	0.325643	0.104642	0.30137	0	0.207608	0.272377	0.29507	0.186932	0.88
ihec.chipseq.ihec-chipseq-containerv1.1.4.IHECRE00000222.3.bc3c5401-2679-4e6a-8d23-b4052eee1a8e.fc.signal	0.376675	0.424946	0.509382	0.406898	0.123435	0.01152	0.296775	0.425626	0.412629	0.2998	0.0972728	0.966684	1.56914	1.09096	0.547884	0.766086	0.886827	0.410809	0.0525232	0.310705	0.576014	0.262001	0	0	0	0	0	0.366379	0.446289	0.0768944	0	0.0618171	0.709529	1.09354	0.704034	0.727273
ihec.chipseq.ihec-chipseq-containerv1.1.4.IHECRE00001902.1.6122ce53-36ab-4726-899c-4019d21224b2.fc.signal	0.296477	0.0961664	0	0.0771144	0.439282	0.329946	0.262439	0.24883	0.305927	0.16744	0.101255	0.30249	0.16456	0.276113	0.106049	0.141129	0.0835533	0.257391	0.202201	0.155939	0.2791	0.209935	0.158269	0.108754	0.258549	0.564447	0.389949	0.176563	0.110059	0.0280142	0.106108	0.0626003	0.142548	0.0984654	0.113173	0.772727
ihec.chipseq.ihec-chipseq-containerv1.1.4.IHECRE00002065.1.86df225b-3e1d-4a7a-bbec-4e5619ad713f.fc.signal	0.487352	0.748196	0.279929	0	0.232946	0.794079	0.195167	0.242009	0.268799	0	0	0.229908	0.208021	0.254889	0.574933	0.351146	0	0.195384	0.111501	0.339683	0.561853	0	0.978165	0.888275	0.71096	0.0468185	0.0418128	0.544158	0.228785	0	0	0	0.342244	0.50772	0.289149	0.876543
ihec.chipseq.ihec-chipseq-containerv1.1.4.IHECRE00003846.4.da6810f6-9895-4595-a0d7-9cc3f7019bd2.fc.signal	0.16223	0.0754645	0.0524747	0.368368	0.0161079	0	0	0	0	0.288888	0.0524654	0.291656	0.0175803	0.238755	0.0287605	0.140654	0.203446	0.363905	0.133257	0	0.273031	0.393129	0	0.461507	0.594904	0.710182	0.155382	0.13579	0.0474498	0.660851	0.335418	0.55837	0.138012	0.0072436	0.340295	0.467949
ihec.chipseq.ihec-chipseq-containerv1.1.4.IHECRE00003845.2.f6030e61-e9c0-4b19-9d0e-f1e53212e793.fc.signal	0	0.0307589	0.0457722	0.0842789	0.236392	0.134524	0	0.00385053	0.218025	0	0.153139	0.192953	0.11622	0.0378178	0.204703	0.16347	0.0218701	0.12386	0.00311033	0.127952	0.0910971	0	0.171846	0.320575	0.374253	0.00784747	0	0	0.18184	0.116697	0.464527	0.446142	0.3065	0	0	0.204586
ihec.chipseq.ihec-chipseq-containerv1.1.4.IHECRE00003684.3.227d235e-5d49-4e40-8c2e-3e1ec3df47e3.fc.signal	0	0	0.0137653	0.235731	0	0	0	0	0.22488	0.430346	0.103581	0.246916	0.340692	0.221106	0.0942295	0.120966	0.127584	0.0968422	0.137057	0.102139	0.0408877	0.157938	0.174648	0	0.020648	0.215829	0.0120447	0	0	0.0678152	0.25251	0.0485426	0.215338	0.127889	0.0127502	0.972477
ihec.chipseq.ihec-chipseq-containerv1.1.4.IHECRE00004635.3.ac3d233b-983d-44f1-b32e-ea45048d4db5.fc.signal	0.892464	0.498363	0.417072	0.784366	0.826035	0.871571	0.5012	0.295546	0.479886	0.362451	0.244207	0.221946	0.415138	0.583341	0.6019	0.561188	0.444493	0.573239	0.318691	0.240686	0.221572	0.316916	0.397306	0.549293	0.823149	0.463703	0.259254	0.539482	0.444647	0.69767	0.601051	0.657145	0.303625	0.515097	0.48455	0.38
ihec.chipseq.ihec-chipseq-containerv1.1.4.IHECRE00004603.3.f7f63af7-a252-4e53-93e7-699016d35fa0.fc.signal	0.159014	0.22766	0.48887	0.635774	0.0342716	0.197523	0.240059	0	0	0	0	0.0414841	1.21381	0.549717	0.490984	0.596806	0.0758057	0	0	0.198064	0.957395	0.0762085	0	0	0.328158	0.870166	0.696127	0.022229	0	0	0.33242	0.62504	0.616474	0.305673	0.416053	0.552
ihec.chipseq.ihec-chipseq-containerv1.1.4.IHECRE00004617.2.2b835b35-0d4f-4266-a8c6-b8c45974f7ec.fc.signal	0.0896605	0.305194	0.302927	0.340355	0.201406	0.049081	0.219961	0.0302211	0	0.0115781	0.333779	0.388389	0.0392874	0.172458	0.337711	0.67854	0.912959	0.9043	0.514134	0.305182	0.540649	0.366198	0.510112	0.793908	0.972109	0.410986	0.359232	0.355965	0.309671	0.151351	0.341368	1.06982	0.446384	0.246974	0.229324	0.862222
ihec.chipseq.ihec-chipseq-containerv1.1.4.IHECRE00004615.1.ca9877c7-1f2b-4062-b2b9-e0444e14d297.fc.signal	0.145083	0.467908	0.154356	0	0	0	0.185164	0.0478787	0.215661	0.650433	0.370834	0.26994	0.136471	0.187715	0.461924	0.255671	0.404927	0.364095	0.282371	0.337099	0.515652	0.165592	0.0902463	0.481592	0.112326	0.617605	0.0232255	0	0.588259	0.611872	0.778813	0.274844	0.338745	0.381262	0.31365	0.698565
ihec.chipseq.ihec-chipseq-containerv1.1.4.IHECRE00004605.1.09fb5d7a-926c-40ff-ac15-0bd2ff31967d.fc.signal	0.0909096	0.0519014	0.51463	0.756547	0.261385	0.237564	0.594482	0	0.204104	0.396045	0.513027	0.641349	0.34698	0.0926957	0.212552	0	0.319549	0.580896	0.547307	0.209692	0.412132	0.429758	0	0.0607218	0.158966	0.101458	0	0.107175	0.278876	0.565471	0.675544	0.300634	0.511914	0.442988	0.523646	0.528205
ihec.chipseq.ihec-chipseq-containerv1.1.4.IHECRE00004900.1.67d0b7ff-4124-4e95-8c9b-1a369432b72d.fc.signal	0.092481	0.274933	0.143226	0.138691	0.285517	0.283394	0.24387	0	0	0	0.00253793	0.703996	0.540486	0.702933	0.369264	0.272706	0.634769	0.328537	0	0.556548	0.986066	0.155918	0.630351	0.210394	0.246099	1.99212	0.820535	1.00388	0.414773	0.129241	0.45084	0.170257	0.646175	0.793606	0.458977	0.716846
ihec.chipseq.ihec-chipseq-containerv1.1.4.IHECRE00001921.1.0999ab49-22be-4f40-a74d-5a4868d07690.fc.signal	0.134549	0.306014	0.619736	0.840132	0.302586	0.213733	0.133217	0.15222	0.101094	0.0650354	0	0	0	0.0199128	0.134405	0.187533	0.266996	0.124408	0.08297	0.113942	0.235689	0.315313	0.153506	0.173685	0.0254373	0.0824264	0.0283072	0.027551	0.153696	0.150302	0.134641	0.0070488	0	0.0367679	0.11509	0.525
ihec.chipseq.ihec-chipseq-containerv1.1.4.IHECRE00000234.3.bfcf2e62-4c9d-48ec-abf1-b7cab2e2086a.fc.signal	0	0.07298	0.726141	0.875613	0.247413	0	0	0	0	0	0.184962	0.163531	0.133321	0.0735003	0	0	0.299454	0.457937	0.173698	0.518048	0.788149	0.590528	0.0590069	0	0	0	0	0	0	0	0	0	0	0.571297	1.0678	0.130102
ihec.chipseq.ihec-chipseq-containerv1.1.4.IHECRE00003676.3.fb569507-616e-4ddb-bce1-2cdd793c15be.fc.signal	0.164178	0.249045	0.617606	0.321883	0.0428962	0.275728	0.517751	0.319824	0.25376	0.089452	0.0503944	0.0745921	0.137557	0.431388	0.318178	0.160582	0.2309	0.445131	0.125174	0.939885	0.971302	0.508891	0.613639	0.336055	0.344292	0.604935	0.31016	0.82134	0.313429	0.246642	0.28672	0.0733115	0.105973	0.18663	0.116042	0.73913
ihec.chipseq.ihec-chipseq-containerv1.1.4.IHECRE00003692.4.40ad2b6a-7c5b-4fe0-8afa-f12886fb0c69.fc.signal	0	0.0836192	0.0533288	0	0	0.16815	0.369391	0.0634622	0.115713	0.0517752	0	0	0	0	0	0.134893	0.12674	0.0287034	0	0	0	0	0	0.0592039	0.189395	0.00844533	0.0621136	0.14687	0.064426	0.382664	0.149503	0	0	0	0.0234269	0.879552
ihec.chipseq.ihec-chipseq-containerv1.1.4.IHECRE00003847.4.4f8cce6d-4994-48d9-b94c-e0d12d1ce300.fc.signal	0.286232	0.0519464	0.292139	0.446061	0.0922013	0.29784	0	0.140449	0.252524	0.0432717	0	0	0	0	0.101807	0.704873	0.00836733	0	0	0	0.0618405	0.324221	0.079221	0	0	0	0.161406	0.742718	0.475383	0	0	0.118086	0.269414	0.162439	0.545456	0.267206
ihec.chipseq.ihec-chipseq-containerv1.1.4.IHECRE00000784.3.f2286a0c-dba6-4a30-897c-ba6f1fff3167.fc.signal	0.16603	0.30489	0.962315	0.419496	0.636983	0.295579	0	0.0650371	0.310477	0.153438	0.170279	0.181368	0.923261	0.209959	0.28602	0.474882	0.10624	0	0	1.00661	0.356098	0	0	0	0.146302	0.636742	0.31911	0.187085	0.329316	0.0920725	0	0	0	0.311043	0.197789	0.884146
ihec.chipseq.ihec-chipseq-containerv1.1.4.IHECRE00001914.1.e1cff7ed-c2ef-4b6d-8184-ab7441cefe26.fc.signal	0.278946	0	0	0	0	0.0490679	0.338436	0.062807	0.335734	0.47631	0.0313372	0	0	0	0.222179	0.359728	0.116303	0.029039	0	0	0	0.0037732	0.312196	0.393713	0.334147	0.475327	0	0	0.0294879	0.697873	0.444678	0.42192	0.205742	0.484122	0.331954	0.264865
ihec.chipseq.ihec-chipseq-containerv1.1.4.IHECRE00004728.1.2ec80afa-2336-413b-8bd9-49d8ccaa2370.fc.signal	0.826307	0.50972	0.104315	0.23315	0.286085	0.0353975	0.540738	0.0241601	0.327726	0.797835	0.658504	0.167086	0.00494867	0.240888	0.0307527	0	0	0.0372714	0.272019	0.0104972	0.134877	0.158301	0	0.0567746	0.614581	0.331597	0.0244285	0.27935	0.0937083	0.37793	0.259654	0	0.142842	0.136145	0.0718013	0.771626
ihec.chipseq.ihec-chipseq-containerv1.1.4.IHECRE00000728.1.bb0e94f6-07cb-451f-8ec8-cecdc3aa926b.fc.signal	0	0	0.202357	0.137732	0	0.214681	0.551662	0.140868	0.530889	0.543122	0	0.0817973	0.380234	0.0506519	0	0.358361	0.145382	0.11955	0.399178	0.367205	0	0.237829	0.433376	0.287244	0.102927	0.266983	0.195249	0.568253	0.985711	0.152746	0	0	0.191564	0.173112	0	0.162393
ihec.chipseq.ihec-chipseq-containerv1.1.4.IHECRE00000348.2.199c7007-224d-4e2c-9f9c-6b9a53277081.fc.signal	0	0	0	0.0943356	0.305782	0.284195	0.306282	0.152826	0	0.285952	0.381858	0	0	0	0	0.127843	0.861618	0.208315	0.339595	0.385495	0.421472	0.087006	0.642131	0.511033	0.367124	0.880643	0.359911	0	0	0	0	0.219468	0.808903	0.897546	0.543463	0.344633
ihec.chipseq.ihec-chipseq-containerv1.1.4.IHECRE00000969.7.22142533-566c-427b-ba85-c5bd39fb7b54.fc.signal	0.785661	0.501387	1.60094	0.872463	0.255382	0.20129	0	0.100635	0.372886	0.467306	0.00229707	0.354633	0.54129	0.562143	0.452025	0.714746	0.501776	0.631187	0.0307415	0	0.406396	0.286185	0.171156	0.172722	0.228295	0.626084	0.2016	0.3096	0.528005	0.0984	0	0	0.228921	0.207137	0.152411	0.261682
ihec.chipseq.ihec-chipseq-containerv1.1.4.IHECRE00000223.3.87bd77ec-3829-4467-a200-aa2df0091de8.fc.signal	0.229167	0.118211	0.0860121	0.140419	0.0343186	0	0	0.107143	0.447995	0.337276	0.141055	0.108724	0	0	0.0188619	0.264387	0.418446	0.24927	0.0933356	0.697686	0.820914	0.344253	0.0364495	0	0	0.0061308	0.660287	1.09776	0.339324	0.0224796	0	0	0.214642	1.32524	2.35881	0.783784
ihec.chipseq.ihec-chipseq-containerv1.1.4.IHECRE00001915.1.157a80ac-2af3-454a-beb9-f93ae4d749f1.fc.signal	0.161414	0.635462	0.415294	0.339683	0.267151	0.0373033	0	0.120336	0.345366	0.0156433	0	0	0	0	0	0.00240667	0.311671	0.309264	0.30806	0.0312867	0.011976	0.264826	0.29723	0.392297	0.50176	0.724326	0.465696	0.141026	0.0457267	0.600388	0.399503	0.348976	0.0493367	0	0	0.393574
ihec.chipseq.ihec-chipseq-containerv1.1.4.IHECRE00000235.3.e718e383-8624-4fbc-ae80-8a013cf8e0a0.fc.signal	0.0455433	0.0793695	0.797728	1.1776	0.281745	0	0	0	0	0.0257469	0.153075	0.226337	0.659377	0.48364	0	0	0.26996	0.419351	0.0971169	0.256151	0.1444	0	0	0	0	0	0.277013	0.495616	0.112553	0	0	0	0.0913924	0.691457	1.20079	0.852853
ihec.chipseq.ihec-chipseq-containerv1.1.4.IHECRE00000354.2.bacdb2f7-b47c-47dc-9b19-022a973c4a7a.fc.signal	0	0	0	0.25188	0.288054	0.100122	0	0	0	0	0	0	0.219464	0.209845	0	0.45232	0.37792	0.0861786	0.214849	0.20854	0	0.0269858	0.262253	0	0.0892607	0.183909	0	0	0	0	0	0	0.0649012	0.34256	0.0548675	0
ihec.chipseq.ihec-chipseq-containerv1.1.4.IHECRE00003830.4.503c1ba4-200d-41eb-8eb4-ce5fab1bd87d.fc.signal	0.589554	0.154378	0.273359	0.208768	0.136548	0.245481	0.301553	0.29369	0.050307	0.218746	0.118303	0	0	0	0	0	0	0	0	0	0.194325	1.05237	0.431839	0.132373	0.0513305	0.687826	0.18327	0.408879	0.142236	0	0	0.303066	0.222586	0.098809	0.216598	0
ihec.chipseq.ihec-chipseq-containerv1.1.4.IHECRE00003824.4.3393cdeb-e872-46c4-bde0-73b65c9b81ab.fc.signal	0	0.160935	0.373737	0.272397	0.461524	0.0936261	0	0	0	0	0	0	0	0	0.123831	0.223358	0	0	0	0	0.004445	0.222811	0.0144144	0.1708	0.0932714	0.556053	0.23626	0.102791	0	0.290453	0.672373	0.0768008	0	0	0	0.160656
ihec.chipseq.ihec-chipseq-containerv1.1.4.IHECRE00000339.2.7c73acf1-f35f-4974-9a58-4e35890cb8d9.fc.signal	0.0353115	1.18293	0.353115	1.25244	1.55859	0.280593	1.21295	0.0750369	0	0.745955	1.36391	0.207455	0	0.203161	1.52863	0.388426	0.975479	0.856303	0.251594	0.534086	0.238352	0.187644	0.391487	0.147272	0.354015	0.377212	0.0658242	0	0	0	0	0	0.47111	0.503188	0.557812	0.166134
ihec.chipseq.ihec-chipseq-containerv1.1.4.IHECRE00003675.3.c89e7674-ad0a-4af9-b8e6-347f54ee25d4.fc.signal	1.19504	0.916179	0.787457	0.402831	0.101154	0.0995672	0.235361	0.0600379	0.0383081	0.604336	0.863283	0.323846	0.315782	0.505976	0.386129	0.499931	0.595065	0.455179	0.0396941	0.247235	0.29549	0.231357	0.162332	0.175839	0.215079	0.417082	0.179098	0.189389	0.123578	0.738243	0.52611	0.376247	0.600715	0.302718	0.168904	0.724409
ihec.chipseq.ihec-chipseq-containerv1.1.4.IHECRE00003843.4.4195ed0b-af56-4a96-a3b0-ca28cc05743c.fc.signal	0	0	0	0	0	0	0	0	0.273721	0.126581	0	0	0	0	0	0	0	0	0	0	0	0	0	0.213962	0.210585	0	0	0.231827	0.300083	0.178292	0	0	0	0.203671	0.288865	0.264151
ihec.chipseq.ihec-chipseq-containerv1.1.4.IHECRE00004610.2.a09fe774-2340-4b95-8e12-12f615ed6e0b.fc.signal	0.301842	0.220686	0.132618	0.110641	0.276204	0.657725	0.314752	0.110008	0.485763	0.249788	0.370422	0.426468	0.465108	0.149275	0.587474	0.401441	0.293064	0.452397	0.175456	0.132644	0.38775	0.444898	0.615281	0.0851529	0.246168	0.201014	0	0.197762	0.0886196	0	0.183765	0.704963	0.462632	0.217626	0.155379	0.587444
ihec.chipseq.ihec-chipseq-containerv1.1.4.IHECRE00003679.3.5e5b25af-d97d-461f-8d8a-fbde27405ef2.fc.signal	0.180492	0.298086	0.355563	0.267415	0.185229	0.0740388	0.150643	0.0044	0.120053	0.14928	0.180031	0	0	0	0	0.211177	0.185172	0.193383	0.508706	0.685572	0.182754	0.244844	0.0185932	0	0.0568056	0.360345	0.243012	0.227795	0.0709995	0	0	0.0312407	0.219358	0.163635	0.173259	0.787129
ihec.chipseq.ihec-chipseq-containerv1.1.4.IHECRE00001004.4.543a1493-290b-4269-abbe-6f5be0724415.fc.signal	0	0.172648	0.819063	0.557973	0.134733	0	0	0	0	0	0.0126931	0.553659	0.534686	0.109015	0	0	0	0	0.00854333	1.35919	1.36321	0.0681508	0	0	0	0	0	0	0	0	0	0	0	0.330551	1.8794	0
ihec.chipseq.ihec-chipseq-containerv1.1.4.IHECRE00003396.1.0101c129-8d25-4833-adbc-872c2164040d.fc.signal	0.987285	0.795681	0.936131	1.55078	0	0	0	1.31994	0.771411	0.96063	1.21456	1.04963	0.224887	1.266	0.175858	0.651127	0.20387	1.12674	0.631048	0.268356	1.22593	0.458791	1.28956	0.669007	0.902265	1.10381	1.00311	2.12598	0.149818	0.370132	0.780807	1.24374	0	0.280399	3.06847	1
ihec.chipseq.ihec-chipseq-containerv1.1.4.IHECRE00004608.1.51923222-e72a-4522-b89e-61752ad6e164.fc.signal	0.275792	0.350462	0.114822	0.379076	0.0247612	0.541425	0.596914	0.324286	0.611504	0.376146	0.164516	0.346729	0	0.335218	0.288482	0.292365	0.0854721	0.347511	0.27427	0.330307	0.215116	0.299263	0.952523	0.647506	0.239679	1.21887	0.234751	1.4703	0.294556	0.430121	0.188471	0	0.729373	0.551039	0.93096	0.762264
ihec.chipseq.ihec-chipseq-containerv1.1.4.IHECRE00001027.7.f9bfafa6-e51d-4d9e-b808-d0c14acada5d.fc.signal	0	0	0	1.12631	0	0	0	0	2.08861	1.42874	0	0	0	0	0	0	0	0	0	0	0	0	0	0	0	0	0.78599	2.58275	0.585059	2.21415	0	0	0	0	0.209478	0.533632
ihec.chipseq.ihec-chipseq-containerv1.1.4.IHECRE00003691.3.d84b63c8-b66b-45e3-807a-f78312228ee9.fc.signal	0	0	0	0	0.0079674	0.19342	0.0412034	0.0938692	0.176292	0.0992663	0.127536	0	0.0471994	0.15553	0.150317	0.35568	0.330781	0.187297	0.0288861	0.220906	0.344522	0.172489	0.0736051	0	0.0369928	0.178212	0.288483	0.178648	0.183964	0.0688445	0.295627	0.0474843	0.265125	0.0151018	0.0123738	0.864198
ihec.chipseq.ihec-chipseq-containerv1.1.4.IHECRE00002086.1.e94dc50d-5d07-421e-95e0-6d1d792d2f56.fc.signal	0	0.131251	1.73476	0.604159	0	0	0	0	0.684095	0.489903	0	0	0	0	0	0	0	0	0	0.785282	0.691981	0	0	0	0	0	0	0	0	0	0	0	0	0	0	0.944785
ihec.chipseq.ihec-chipseq-containerv1.1.4.IHECRE00000236.3.a73b7d7a-72c8-4781-91d5-38a6f8ee33c5.fc.signal	0.0412761	0.27249	1.41532	2.00548	0.437941	0.0448732	0	0.11187	0.326205	0.182878	0.204775	0.328311	0.414779	0.287608	0	0	0	0	0.111681	0.495693	0.911975	0.543379	0.105984	0	0	0	0.198395	0.664938	0.625559	0.22717	0.0106013	0	0.145398	1.34057	1.59814	1
ihec.chipseq.ihec-chipseq-containerv1.1.4.IHECRE00001039.6.36c88d13-9712-4dd8-b993-ed15aa2b6721.fc.signal	0.0298213	0	0.0190478	0.301088	0.788145	0.443576	0.154299	0.125828	0.0986717	0.229102	0.122449	0.0049728	0.036156	0.351738	0.547737	0.647148	0.458651	0.173554	0.426508	0.195504	0.22796	0.493496	0.434629	0.279649	0.257308	0.581895	0.71126	0.564	0.105248	0.149039	0.209567	0.0574635	0	0	0	0.515385
ihec.chipseq.ihec-chipseq-containerv1.1.4.IHECRE00003660.4.e1eb7bb8-867a-4feb-b462-21fef6641a20.fc.signal	0.491669	0.507143	1.51864	1.21067	0.134544	0.188874	0	0	0.317417	0.344614	0.409365	0.746388	0.37991	0	0.0724759	0.0996114	0.0954677	0	0	0.052779	0.62641	0.157547	0.590457	0.648838	0.00572907	0.306032	0.365958	0.257207	0.16642	0.137617	0.114054	0	0.0616655	0.605453	1.19106	0.0814394
ihec.chipseq.ihec-chipseq-containerv1.1.4.IHECRE00003837.4.2decf229-d57c-4c34-87d3-51ccee560986.fc.signal	0.369536	0	0.237169	0.178295	0	0.626713	1.04404	0.00560533	0.403729	0.365261	0.391532	0.304209	0.509785	0.418147	0.0390128	0.0138733	0.350018	0.557209	0.6958	0.467529	0.588286	0.427229	0.0757143	0.557006	0.654167	0	0	0.358847	0.44745	0.719404	0.422637	0.394831	0.143598	0	0.0935661	0.0201149
ihec.chipseq.ihec-chipseq-containerv1.1.4.IHECRE00001916.1.802aebed-eb83-4be2-ad4b-531b9669219c.fc.signal	0	0	0.16131	0.404151	0.117177	0.0766875	0	0	0.289394	0.47886	0.0208037	0	0	0.0412467	0.303309	0.097421	0	0.111719	0.643066	0.141905	0.311819	0.825596	0.193043	0.318191	0.30081	0.585819	0.238055	0.338615	0.407025	0	0	0.238556	0.119191	0.177348	0.975661	0.47561
ihec.chipseq.ihec-chipseq-containerv1.1.4.IHECRE00001956.2.e92029f9-8392-4a2c-a025-c83250d53808.fc.signal	0.195267	0	0	0.217559	0.0869536	0.312834	0.39923	0	0	0	0	0	0	0	0	0	0	0	0	0	0	0	0	0.0758112	0.190448	0	0.187893	0.0869798	0	0	0	0	0	0.0740875	0.474919	0.873913
ihec.chipseq.ihec-chipseq-containerv1.1.4.IHECRE00000153.3.0c1e9fd4-f9cb-4533-81b3-9169355f9ccf.fc.signal	0.330243	0.321287	0	0	0.12383	0.310683	0	0	0.126344	0.502412	0.0604959	0	0.0962892	0.984292	0.900214	0.0664067	0.268998	0.566406	0.122983	0.134361	0.317112	0	0	0	0	0	0	0.241791	0.463769	0.479302	0.258381	0.401398	0.356378	0.0901053	0	0.551111
ihec.chipseq.ihec-chipseq-containerv1.1.4.IHECRE00004888.1.f9db8d06-2630-4975-9e52-9172ce2a1bd6.fc.signal	0.643094	0.450405	0.872282	1.21924	0.811974	0.273535	0.83142	0	0.110183	0.424837	0.370826	0.419678	0.493767	0.403738	0	0.0985789	0.183149	0	0	0.0705154	0.488881	0.271877	0.575205	0.236002	1.01738	1.28703	0.278319	0.554262	0.461143	1.0107	0.524998	0.50371	0.862668	0.108184	0.441217	0.645833
ihec.chipseq.ihec-chipseq-containerv1.1.4.IHECRE00004905.1.873de0f3-acac-48e1-806f-dd40d10b1225.fc.signal	0	0	0.398704	0.348248	0	0.225531	0.524166	0.0426081	0.412039	0.390212	0	0.263888	0.445387	0	0	0.356509	0.603491	0.0477984	0.0699426	0.494844	0.581124	0.955973	0.876161	0.380567	0.255184	0.571306	0.882975	0.0972485	0.11589	0.518067	0.857396	0.9051	0.671647	0.377275	0.200171	0
ihec.chipseq.ihec-chipseq-containerv1.1.4.IHECRE00001909.1.e6a2cf05-4442-4900-8653-30cc3d2324ab.fc.signal	0.0380085	0.289643	0.446525	0.0852872	0.259337	0.12241	0.249207	0.299417	0.153266	0.252507	0.552518	0.337922	0.429587	0.660015	0.290756	0.55094	0.154243	0.359473	0.0695542	0.0036848	0.190237	0.243794	0.203883	0.3365	0.202375	0.284196	0.115816	0.330135	0	0.120697	0.500345	0.339612	0.236349	0.260712	0.198388	0.0610022
ihec.chipseq.ihec-chipseq-containerv1.1.4.IHECRE00004604.3.b5ebcf48-be4a-49da-a893-8701e4421bd8.fc.signal	0.374861	0	0	0	0.143621	0.188316	0	0	0.28433	0.196334	0.171794	0.697676	0.200158	0.335349	0	0	0.238659	0.269412	0	0.737531	0.779446	0.117527	0.469244	0.47258	0.135008	0.47747	0.0654681	0.27741	0.263317	0	0	0	0	0	0	0.517766
ihec.chipseq.ihec-chipseq-containerv1.1.4.IHECRE00003821.3.43827613-54ef-409d-9a0a-96bb52b3ce7f.fc.signal	0.135837	0.129154	0.0233733	0	0.189046	0.0944608	0.550303	0.579383	0.190787	0.071949	0.313269	0.235968	0.275626	0.372457	0.450951	0.798292	0.287085	0.0029042	0.00840427	0.328969	0.20935	0.168796	0.7995	0.68167	0.00655853	0.220198	0.324383	0.124761	0.310453	0.879952	0.820134	0.433456	0.475516	0.116314	0.136534	0.78487
ihec.chipseq.ihec-chipseq-containerv1.1.4.IHECRE00000230.3.ca8ee125-6019-4b2e-8f95-2ea50380d6a6.fc.signal	0	0.326587	0.550458	0.338052	0	0	0	0.0344331	0.492853	0.400117	0.330747	0.382482	0.473467	0.234218	0	0.430183	0.550629	0.0734423	0	0.046727	0.35616	0.447712	0.428089	0.0732455	0	0	0	0	0	0	0	0	0.369371	0.857169	1.152	0.691542
ihec.chipseq.ihec-chipseq-containerv1.1.4.IHECRE00000987.6.8acf33db-7deb-4ee2-849a-9a31ff1a6d2b.fc.signal	0.935476	0.561093	0.484475	0.149047	0.428847	0.128634	0.238141	0.109743	0.549325	0.0092498	0	0.243421	0.120635	0	0.167882	0.373631	0.173044	0.198842	0.09404	0	0	0.0262083	0.290043	0.327094	0.204063	0.360082	0.13133	0	0.031648	0.304776	0	0.0668417	0.438722	0.309577	0.0142156	0.74212
ihec.chipseq.ihec-chipseq-containerv1.1.4.IHECRE00001011.4.50c7a119-8134-450c-ae37-3f0d0147e0d6.fc.signal	0.439926	0.352289	0.436699	0.430961	0.132098	0	0	0	0.554727	0.557198	0	0.134822	0.140782	0.22392	0.464291	0.63802	0.412424	0.320106	0.235373	0.188934	0.493605	0.0707732	0	0	0	0.238929	0.232179	0.207293	0.371222	0.410366	0.159288	0	0	0.158007	0.340425	0.567797
ihec.chipseq.ihec-chipseq-containerv1.1.4.IHECRE00000243.3.c65b12e4-a68a-4f3c-aa42-e82ee56c7feb.fc.signal	0	0.333359	1.48667	1.37984	0.312753	0.0270242	0	0	0	0	0.0796983	0.339089	0.399081	0.184134	0.101944	0	0.194013	0.247722	0.036329	0.180587	0.347145	0.334967	0.180172	0.0349796	0	0	0.014416	0.137199	0.218409	0.25225	0.277647	0.118274	0.0184135	0.471822	1.15764	0.679365
ihec.chipseq.ihec-chipseq-containerv1.1.4.IHECRE00001964.2.833a4d12-f55a-4d20-8f65-69bf9d8fbcf1.fc.signal	0.830601	0.961962	1.20438	1.06506	0.672841	0.14376	0.183621	0.802037	0.45861	0.543714	0.627485	0.229409	0.243279	0.274653	0.927487	0.18082	0.923151	1.28434	0.537613	0.376313	0.878456	1.10773	0.743574	0.769692	0.504519	0.35983	0.822796	0.531807	0.222663	0.469837	0.203368	0.669199	0.647102	0.294981	0.343157	0.704301
ihec.chipseq.ihec-chipseq-containerv1.1.4.IHECRE00000868.3.c3a38275-231b-4ef8-a328-2e48c1bb2ffe.fc.signal	0	0	0.558594	0.0494635	0	0.419063	0.105044	0.167281	0.558058	0.55473	0	0	0	0	0	0	0	0.500769	0	0	0	0	0	0	0	0.107914	0.102335	0	0.128859	0.0543285	0	0	0	0	0	0.285714
ihec.chipseq.ihec-chipseq-containerv1.1.4.IHECRE00001963.2.01ad782d-8f43-4114-af5f-5d6c1d4f4606.fc.signal	1.14501	0.871987	1.43966	1.83607	0.874558	0.519253	0.286787	0.568235	0.26078	0.516351	0.616799	0.553397	0.677903	0.567169	0.463244	0.247658	0.901811	0.774442	0.527934	0.892786	1.21182	1.00222	0.540351	0.408204	0.403403	0.774052	0.714629	0.609992	0.450307	0.658263	0.365761	0.166681	0.327502	0.531598	0.988493	0.603175
ihec.chipseq.ihec-chipseq-containerv1.1.4.IHECRE00004713.2.dc7d36a0-32c9-47d0-9c59-4029c2bb7b08.fc.signal	0.111008	0.816325	0.0867158	0	0.101667	0.361814	0	0.409139	0.532256	0.696349	0.059117	0.422074	0.385736	0	0	0.368243	0.398952	0.394887	0	0.237344	0.197729	0.030512	1.07258	0.564469	0	0.591552	0.676613	0.402715	0.207857	0	0	0	0	0	0	1
ihec.chipseq.ihec-chipseq-containerv1.1.4.IHECRE00004614.1.f70f08d5-c239-488a-9fd2-9ee11b8ea04b.fc.signal	0.171656	0.306396	0.153597	0.322466	0.228195	0	0.0631332	0.227538	0.389763	0.186083	0.154311	0.467203	0.759713	0.0651126	0.208681	0.420816	0.135798	0.557709	0.531753	0.248028	0.510295	0.415034	0.0120224	0.170418	0.177401	0.344809	0.177377	0	0.0402113	0.520185	0.0180336	0.309815	0.364558	0.0245242	0	0.672598
ihec.chipseq.ihec-chipseq-containerv1.1.4.IHECRE00001044.7.e0ba87df-93d1-418d-8f45-e1c64bd56fa6.fc.signal	0.549769	0.432694	0.473737	0.144736	0	0.509745	0.985028	0.160391	0.354312	1.12217	0.607706	0.0201904	0	0	0.223221	0.510819	0.25422	0.202876	0.173442	0.333933	0.337097	0.53831	0.599921	0.375676	0.455754	0.549854	0.199028	0.360755	0.41398	0.901931	0.327687	0.23823	0.184631	0.423672	0.727566	0.313636
ihec.chipseq.ihec-chipseq-containerv1.1.4.IHECRE00000247.3.96896d79-5432-47b0-a6c8-5120fe89ada5.fc.signal	0.1333	0.0220035	0.296229	0.361006	0.0742537	0	0	0	0	0	0.155578	0.148256	0.0821536	0.0584757	0	0	0	0	0.0389997	0.151228	0.228804	0.221269	0.0474652	0	0	0.0497658	0.23461	0.134289	0	0	0	0	0	0.22512	0.624444	0.0071048
ihec.chipseq.ihec-chipseq-containerv1.1.4.IHECRE00001893.4.4164b172-b072-474a-8b05-6452f6b50d11.fc.signal	0.516408	0.624175	0.508559	0.567956	0.304693	0	0	0.327536	1.2298	0.589456	0.212036	0.456292	0.501987	0.31261	0.539812	0.116969	0.128089	0.332236	0	0	0	0	0	0.493009	0.315522	0	0	0	0	0	0	0.197725	0.421287	0.0890869	0	0.497738
ihec.chipseq.ihec-chipseq-containerv1.1.4.IHECRE00000785.3.bb469116-b83f-4e03-b892-3658840d31c7.fc.signal	0.835811	0.663155	0.185811	0.538757	0.130197	0.163018	0	0	1.04723	0.849928	0.483115	0.945225	1.03593	0.0408756	0	0	0	0.887312	0.271208	0.190116	0.944902	0.741928	0.312357	0	0.0858382	0.623	0.0410745	0.25017	2.27799	0.267037	0	0	1.01972	1.41043	0.702358	0.313725
ihec.chipseq.ihec-chipseq-containerv1.1.4.IHECRE00000261.2.5b9a3db5-db58-4b20-b862-dbfb969c1ea9.fc.signal	0	0.263613	0.366613	0.507796	0.537578	0.607545	0.70547	1.17779	1.01953	0.381744	0.427618	0.0626976	0.330897	0.397685	0.308195	0	0.233646	0.10838	0.58374	0.632423	0.219752	0.0924157	1.05083	0.65119	0.328716	0.164809	0.215238	0.457065	0.369539	0.33711	0.170416	0.00929327	0.247535	0.301215	0.587514	0.300813
ihec.chipseq.ihec-chipseq-containerv1.1.4.IHECRE00004884.1.4a1d8421-a3b2-4222-98f9-a6a8de88d6d4.fc.signal	0	0	0.624881	0.156993	0	0.302008	0.647002	0.491302	0.53206	0	0.557392	1.18677	0	0.358521	0.36192	0	0	0	0	0	0.144891	0.941788	0	0	0	0	0	0.612646	0.378614	0.970994	0.0589859	0	0	0	0	0.987124
ihec.chipseq.ihec-chipseq-containerv1.1.4.IHECRE00001907.1.b966e498-d9a0-444f-86dc-2c73303063dc.fc.signal	0.264328	0.760832	0.734099	0.372227	0.163686	0.209619	0.233987	0.10077	0.0580416	0.208812	0.403901	0.0562057	0.166877	0.328611	0.062169	0.164718	0.321984	0.486921	0.327338	0.235548	0.518132	0.634573	0.208363	0.35661	0.138191	0.0568374	0.311463	0.196043	0.0588104	0.140578	0.355806	0.224476	0.0824135	0.1931	0.265242	0.608392
ihec.chipseq.ihec-chipseq-containerv1.1.4.IHECRE00004602.2.8c1b88ed-9dd7-47b3-9254-5ee4e7dfb879.fc.signal	0.075043	0.198844	0.174679	0.357772	0.406346	0.0222706	0.294589	0	0	0	0.0713223	0.180924	0.222133	0.245697	0.0746496	0	0.30769	0.0393915	0.213229	0.121203	0	0	0.236805	0.248417	0.0354671	0	0	0.225165	0.469233	0.220967	0.255142	0	0	0	0.111163	0.247312
ihec.chipseq.ihec-chipseq-containerv1.1.4.IHECRE00000225.3.dc192ce6-d2cc-4825-bd44-c239ac36948f.fc.signal	0	0	0	0	0.212106	0.464809	0	0.0441833	0.524898	0.190872	0.0508017	0.241908	0.116064	0	0	0	0	0	0.0655921	0.177565	0.219575	0.25464	0.285634	0.68636	1.38484	0.892613	1.21075	0.735277	0.0919013	0.5302	0.15906	0	0.263333	0.424605	0.578528	0.75
ihec.chipseq.ihec-chipseq-containerv1.1.4.IHECRE00000152.3.0906ba9e-a21c-4f9c-ad41-4d1d8cef3196.fc.signal	0	0	0	0.261696	0.167648	0	0	0	0	0	0.33246	0.290903	0.230165	0.393198	0.0255739	0.47951	0.118279	0	0	0.228016	0.28306	0	0.214606	0.356292	0.10564	0.43884	0.0259621	0	0	0.0123242	0.271618	0.145137	0	0	0	0.207373
ihec.chipseq.ihec-chipseq-containerv1.1.4.IHECRE00003817.1.2d7fdd0a-6f8f-476a-bfea-126f0762ae2f.fc.signal	0.06279	0.0329624	0.040864	0.104453	0.206573	0.244444	0.129803	0.147899	0.153722	0.313917	0.179587	0.00171782	0	0	0	0.027292	0.11161	0.0222985	0.0164023	0.103192	0.047889	0	0	0.0167824	0.106978	0.0276206	0.0336473	0.109164	0.0469923	0.108252	0.0566431	0.1983	0.458979	0.217152	0.182392	0.757009
ihec.chipseq.ihec-chipseq-containerv1.1.4.IHECRE00003827.1.b1de3550-d0dc-4d1f-9668-59472acd9883.fc.signal	0.177411	0.178975	0	0.100003	0.282266	0.22126	0.00808547	0	0.051727	0.146876	0	0.0374781	0.111654	0.126649	0.186214	0.0993065	0.0836399	0.298548	0.516804	0	0	0.0401926	0.274353	0.123388	0	0.234736	0.640325	0.0162416	0	0.0902685	0.130142	0	0	0	0	0.279012
ihec.chipseq.ihec-chipseq-containerv1.1.4.IHECRE00004606.2.ab229d27-fab9-498a-94c4-1828601ac534.fc.signal	0.165001	0.305928	0.0719158	0.0129536	0.138661	0.234472	0.36156	0.114123	0.821752	0.626847	0.0621531	0.0828827	0.0800619	0.53158	0.152302	0.218911	0	0.344519	0.225549	0	0.382226	0.365299	0.187487	0.495536	0.342851	0.308446	0.132042	0.691961	0.342819	0.640027	0.22225	0	0	0.38854	0.814365	0.759091
ihec.chipseq.ihec-chipseq-containerv1.1.4.IHECRE00004641.3.6bdfceff-da00-46c6-af8d-4738c1100d68.fc.signal	0.884633	1.09588	1.5176	0.618212	0.623917	0.613865	0.8581	0.734447	1.06047	1.03819	0.490863	0.814183	0.375955	1.01524	1.64899	1.15875	0.737387	0.372803	0.110051	0.257663	0.711117	0.715688	1.13557	0.796006	0.966684	0.485344	0.374961	0.593552	1.02571	1.12741	0.980104	0.776148	0.950291	1.00569	1.33458	0.927273
ihec.chipseq.ihec-chipseq-containerv1.1.4.IHECRE00000347.2.60ebcc77-d63b-4671-83a5-b16a7df330d3.fc.signal	0.193461	0	0.354777	0.119678	0	0	0.205688	0.0812251	0.44263	0.333196	0	0.0801045	0.291171	0.241823	0.11558	0.0144363	0.30745	0.248234	0.229315	0	0	0.298812	0.32974	0.143398	0.256783	0	0.0572292	0.390977	0.843193	0.313899	0.163184	0.15291	0	0	0	0.660714
ihec.chipseq.ihec-chipseq-containerv1.1.4.IHECRE00004607.2.e413ffcf-e079-4615-8c2e-2d70941b24fa.fc.signal	0.105484	0.144827	0.435374	0.52055	0.155122	0.0911877	0.268018	0.287317	0.161056	0.492191	0.326478	0.266461	1.30713	0.732601	0.376863	0.0159769	0.12213	0.431451	0.348785	1.25374	0.686637	0.509948	0.463158	0.27819	0.106117	0.444	0.0435957	0	0.180611	0.926083	0.247148	0.541594	0.825785	0.396353	0.37945	0.770492
ihec.chipseq.ihec-chipseq-containerv1.1.4.IHECRE00002058.1.1ab14ae8-0dbb-450f-8b35-57be9ec93c65.fc.signal	0.5185	0.22146	0	0.0979185	0.655424	0.0273388	0	0	0.0898787	0.0760848	0.484153	1.37028	0.240976	0	0	0.229232	0.203557	0.214295	0.0301548	0.0901954	0.346374	0.227608	0.251375	0.601303	0.165296	0	0.0228479	0.578939	0.471443	0.25272	0.00536067	0.196719	0.343074	0.262045	0.189817	0.909699
ihec.chipseq.ihec-chipseq-containerv1.1.4.IHECRE00000226.3.2fab969c-48f4-4b84-972e-99f85803f009.fc.signal	0.0801413	0.166552	0.483256	0.477763	0.250273	0.0210925	0	0.0467125	0.130798	0.168772	0.147186	0.317618	0.239087	0.245613	0.104663	0.0822945	0.333784	0.345358	0.0989573	0.155282	0.226092	0.201783	0.113095	0	0	0	0.173342	1.02561	0.828366	0.131829	0	0	0.0563848	0.14975	0.231624	0.162698
ihec.chipseq.ihec-chipseq-containerv1.1.4.IHECRE00000231.3.884166bc-f176-439f-ae9a-24aaf283ecaf.fc.signal	0.0247325	0	0	0	0	0	0	0	0	0	0	0	0	0	0	0.108255	0.490022	0.565392	0.0278093	0	0	0	0	0	0	0	0.0282173	0.3175	0.303384	0.0141087	0	0	0	0	0	0.849057
ihec.chipseq.ihec-chipseq-containerv1.1.4.IHECRE00003695.3.bdb135f7-e7e7-45ee-919a-f8d9bc37c43a.fc.signal	0	0	0.0482715	0.392079	0.150725	0	0	0.0374351	0.375329	0.116205	0.0617137	0	0	0	0	0.14567	0.30145	0.348734	0.115261	0.123142	0	0.0999327	0.34284	0.196716	0.31224	0.131051	0.0896471	0	0	0.152915	0.111987	0	0	0	0	0.936047
ihec.chipseq.ihec-chipseq-containerv1.1.4.IHECRE00003825.5.da4bf662-fef1-4043-a7b2-c71c32b5538b.fc.signal	0.180569	0.25899	0.101528	0.288213	0.35354	0.702174	0.0432233	0.0110011	0.106678	0.182137	0.4061	0.279447	0.205075	0.119631	0	0	0.283323	0.626817	0.157912	0.233871	0.0935885	0.254855	0.957875	0.369277	0.413359	0.177117	0.391756	0.875894	0.220329	0.177863	0.0075336	0.387329	0.203329	0.156515	0.239656	1
ihec.chipseq.ihec-chipseq-containerv1.1.4.IHECRE00000238.3.86299bdf-bbf6-4373-ba38-f36088dd35b0.fc.signal	0.673664	1.27599	0.0774829	0	0	0	0.059608	0.460438	1.11307	0.858246	0.672256	0.442171	0.108658	0.593863	0.394858	0.0029804	0.497683	0.974454	0.397074	0.219319	0.296051	0.592802	0.22595	0.133483	0	0.0268236	0.511083	0.683912	0.059608	0	0	0	0.604954	1.47818	0.879352	0.544693
ihec.chipseq.ihec-chipseq-containerv1.1.4.IHECRE00003682.3.7f811740-bea6-414e-8ffe-06e6eae70d47.fc.signal	0.122535	0.0345555	0.0396299	0.0802235	0.398832	0.167005	0	0.126606	0.311081	0.316822	0.0303047	0	0	0.152383	0.487228	0.568941	0.283748	0.374445	0.0515408	0.322923	0.287778	0.356827	0.269711	0.261445	0.144804	0.345304	0.0984851	0.170088	0.0777457	0.275615	0.549606	0.434653	0.327059	0.110231	0.137291	0.822064
