	chr2:95173688-95173837	chr2:95173838-95173987	chr2:95173988-95174137	chr2:95174138-95174287	chr2:95174288-95174437	chr2:95174438-95174587	chr2:95174588-95174737	chr2:95174738-95174887	chr2:95174888-95175037	chr2:95175038-95175187	chr2:95175188-95175337	chr2:95175338-95175487	chr2:95175488-95175637	chr2:95175638-95175787	chr2:95175788-95175937	chr2:95175938-95176087	chr2:95176088-95176237	chr2:95176238-95176387	chr2:95176388-95176537	chr2:95176538-95176687	chr2:95176688-95176837	chr2:95176838-95176987	chr2:95176988-95177137	chr2:95177138-95177287	chr2:95177288-95177437	chr2:95177438-95177587	chr2:95177588-95177737	chr2:95177738-95177887	chr2:95177888-95178037	chr2:95178038-95178187	chr2:95178188-95178337	chr2:95178338-95178487	chr2:95178488-95178637	chr2:95178638-95178759	Expression
ihec.chipseq.ihec-chipseq-containerv1.1.4.IHECRE00001375.1.3bc522e1-a1c6-492a-9fb9-e63c8afd2709.fc.signal	0	0.344623	0.538037	0.327063	0.144689	0	0.426107	0.500697	0.487567	0.231725	0.234173	0.157278	0	0	0.143471	0.0379931	0	0.201462	0.556447	0.0351527	0	0	0	0.031182	0.567527	0.596362	0.169643	0.254233	0.0738581	0.0716384	0.250848	0.397202	0.686861	0	0.646154
ihec.chipseq.ihec-chipseq-containerv1.1.4.IHECRE00003818.1.d9959e98-a5a9-490f-a9f0-358a1a711d27.fc.signal	0.0701823	0.575028	0.0960969	0	0.409869	0.305654	0.848892	1.1726	0.605741	0.760425	0.768204	0.771671	0.757266	0.681307	0.596389	0.196539	0.132845	0.511919	0.114764	1.1799	0.833357	0	0.0534329	0.59358	0.104877	0.409705	0.283098	0.0138535	0.464134	0.203159	0	0	0	0.426161	0.561404
ihec.chipseq.ihec-chipseq-containerv1.1.4.IHECRE00001961.2.993ec17f-4277-433d-a284-3906706ac1fe.fc.signal	0	0	0	0.452468	0.666486	0.988437	0.982594	0.218155	0.260201	0.441253	0.945865	0.0505668	0.0596644	0.179628	0.235535	0.613209	0.275829	0.282302	0.402872	0.733472	0.526098	0.4974	0.461602	0.0186032	0	0	0.0236133	0.194381	0.238052	0.348108	0	0	0	0	0.586466
ihec.chipseq.ihec-chipseq-containerv1.1.4.IHECRE00003816.1.4569d4d8-c896-418a-b870-e7afcf72b7d3.fc.signal	0.150453	0.301282	0.166151	0	0.247396	0.254244	0.900308	0.443539	0.365561	0.406768	0.349654	0.320308	0.52027	0.0743197	0.218127	0.413542	0.908591	1.11661	1.23127	0.788799	0.366338	0.835565	0.667929	0.414208	0.173567	0.236896	0.185094	0.165141	0.276951	0	0.191288	0.13714	0.293045	0.347485	0.738095
ihec.chipseq.ihec-chipseq-containerv1.1.4.IHECRE00000242.3.009dbb10-d8f5-4bd5-9bc6-e0cf283ece54.fc.signal	0.307063	0.47417	0.497771	0.103015	0	0	0	0	0.0359643	0.271574	0.164257	0.283959	0.218704	0.0858254	0.0668157	0.233348	0.448394	0.242424	0.172378	0.517722	0.216908	0	0	0	0	0	0.0605269	0.0851985	0.159629	0.272642	0.0253001	0	0	0	0.544379
ihec.chipseq.ihec-chipseq-containerv1.1.4.IHECRE00001546.1.9b1c722f-92a9-4c08-873d-1b0b5f7b7e5c.fc.signal	0	1.31307	0.901836	0.249766	0.287674	0	0	0.359429	1.33099	0.930516	0.615772	0	0.501539	0.79051	0	0.293928	0.490683	0.77206	0.251362	0	0	0	0	0.338127	1.17948	0.800505	1.51961	0.132512	0.704828	0.10509	0	0	0	0	0.661538
ihec.chipseq.ihec-chipseq-containerv1.1.4.IHECRE00000949.6.4e9958ba-8dfc-4908-9654-b8c3286ec999.fc.signal	0	0	0.54476	0.315223	0.395039	0.0431304	0.474799	0	0	0	0	0.49714	0.359213	0	0	1.80234	1.54727	0.837473	0.109423	0.0792061	1.11076	0.0325876	0	0.125397	0.44971	0	0.812983	1.66594	0	0	0	0.299443	0.187671	0	0.4875
ihec.chipseq.ihec-chipseq-containerv1.1.4.IHECRE00001913.1.0691c0e9-6039-4aa9-a294-80d73cee59d2.fc.signal	0.13497	0	0	0.0626037	0.941638	0	0.429038	0.941978	0.969523	0.268925	0	0.409053	0.720597	0.0511976	0	0	0.114065	0.376103	0	0.630892	1.45412	0	0.577765	0.951666	0.847491	0.43083	0.367726	0.795955	0.801745	0.197698	0.835935	0.51573	0.243169	0	0.589147
ihec.chipseq.ihec-chipseq-containerv1.1.4.IHECRE00003680.3.ef220820-5419-4b81-b030-ce292c6089b7.fc.signal	0.516375	0.298465	0.346619	0.487201	0.379504	0.232965	0.187067	0.136305	0.21149	0.003042	0.0390867	0.0503066	0	0.184778	0.258582	0.21212	0.445248	0.580192	0.217215	0.186126	0.26009	0.391101	0.117757	0.243667	0.350781	0.427473	0.0914235	0.00373333	0.265599	0.33183	0.293816	0.237069	0.0750351	0	0.694878
ihec.chipseq.ihec-chipseq-containerv1.1.4.IHECRE00001954.2.c4a67634-cf89-4945-bb82-26e2fddb3f3f.fc.signal	1.3453	0.912566	1.21889	1.12614	1.19029	0.945484	0.436784	0.511281	0.719969	0.675215	0.903808	0.456285	0.429868	0.568054	1.1038	1.69233	0.58613	0.831664	1.11404	0.709744	0.146809	0.0828969	0.386263	0.155836	0.168687	0.287586	0.549206	0.974968	0.57992	0.444702	0.198652	0.253252	0.23234	0.460472	0.578512
ihec.chipseq.ihec-chipseq-containerv1.1.4.IHECRE00000195.3.5458814b-5fa1-4409-81d6-3110fe5029f7.fc.signal	0	0	0.271492	0.289721	0.425346	0.628305	0.336093	0.287113	0.170485	0.554903	0.06954	0.951219	0.946876	0.65152	0.59506	1.76789	0.430003	1.17708	0.942532	0.966879	0.425333	0.480065	0.612094	0.839509	0.286669	0.838918	0.894179	1.88217	1.93181	0.45864	0	0.117054	0.98433	0.511995	0.592233
ihec.chipseq.ihec-chipseq-containerv1.1.4.IHECRE00000943.7.b97e43e6-4dfc-4f07-88bb-76ebefe1ddac.fc.signal	0.224983	0	0.0914021	0.0775068	0.887395	0.49486	0.144935	0.372913	0.0664733	0.189825	0.781248	0.884508	0.590873	1.12515	0.72592	1.36281	1.09068	0.474459	0.70741	0.693264	0.418258	0.0909259	0.283112	0.561312	0.287834	0.796414	0.911441	0.827877	1.39288	0.638693	0.571352	0.653459	0.220455	0.209061	0.281081
ihec.chipseq.ihec-chipseq-containerv1.1.4.IHECRE00000227.3.782837e5-53f4-4f13-8ca3-175155d9e819.fc.signal	0.1032	0	0	0.119878	0.352419	0.383431	0.906595	1.04092	0.221812	0.0183294	0.0948041	0.0410341	0	0	0.0592534	0.313611	0.147231	0	0	0	0	0	0	0	0	0.250536	0.120517	0.0952509	0.309097	0.0677299	0	0	0	0	0.550201
ihec.chipseq.ihec-chipseq-containerv1.1.4.IHECRE00003803.1.8e45d3eb-43c4-4932-8fdd-020c9df5cc1a.fc.signal	0.477853	0.323368	0.309578	0.724864	0.404931	0.453375	1.32713	0.966028	0.348662	0.103243	0.551747	0.612155	1.34516	0.810149	1.09867	0.0793837	0.115487	0.700447	0.507508	1.36123	1.37503	0.163641	0.0170699	1.07508	1.23803	0.892355	1.01087	0.0158005	0.639926	0.436621	0.0897924	0.259915	0.15519	0.302303	0.50365
ihec.chipseq.ihec-chipseq-containerv1.1.4.IHECRE00000315.2.cbd9af2b-c3c4-4f68-a646-ded8b3575bf4.fc.signal	0	0	0.0342277	0.432527	0.909675	0.693537	0.943397	0.367067	1.02916	0.243568	0.240137	0.984563	1.31046	2.14747	1.08261	0.13036	0.0797742	0.44427	0.322003	0.624144	0.345699	0.355192	0.493997	1.11835	0.931384	0.111314	0.51458	1.56775	0.905443	0.675705	1.03203	0.2698	0.11544	0.824902	0.540373
ihec.chipseq.ihec-chipseq-containerv1.1.4.IHECRE00000221.3.c3b55191-0fbe-42ec-a1e0-0d7c8c410fde.fc.signal	1.24457	1.07606	0	0	0	0	0	0	0	0	0.00925633	0.560217	0.94776	0.598988	0	0	1.0567	1.01876	0	0	0	0	0	0	0	0	0.109412	0.330275	0.40907	0.233867	0	0	0	0	0.209424
ihec.chipseq.ihec-chipseq-containerv1.1.4.IHECRE00001906.1.165f7781-9b32-4127-9b7e-a3c22e1d8bc5.fc.signal	0.654994	0.749885	0.529754	0.742277	0.340561	0.216274	0.476045	0.263923	0.279966	0.261943	0.892666	0.786857	0.661975	0.32849	0.159961	0.343705	0.371879	0.445586	0.490198	0.434431	0.115309	0.169771	0.432711	0.195288	0.268003	0.446079	0.274813	0.696666	0.881019	0.275574	0.461682	0.119892	0.043609	0.152408	0.378882
ihec.chipseq.ihec-chipseq-containerv1.1.4.IHECRE00002076.1.d82f15eb-8d9c-43cf-9741-0ee88b2ded27.fc.signal	0.618569	0.191052	0	0	0.249425	0.728743	0.0907096	0.718441	0	0.675382	0.18127	0.116084	0.292848	0	0.0669845	0.966293	0.371125	0.289826	0.145812	0.609677	0.477101	0	0.725602	1.56913	0.16702	0.387775	0.463468	1.06144	0.692399	0.605955	0.411201	0.866763	0.30483	0.361615	0.626316
ihec.chipseq.ihec-chipseq-containerv1.1.4.IHECRE00003822.3.92277bf1-d852-4798-9042-40cf7998125a.fc.signal	0.160622	0.218278	0.547197	0.343173	0.235758	0.077267	0.0673641	0.506882	0.72207	0.0911973	0	0	0	0.00316453	0.208759	0.0757573	0.162606	0.379205	0.276352	0.277052	0.224207	0.179358	0.507823	0.311664	0.130015	0.240516	0.281276	0.0603723	0	0.00563973	0.101484	0.290355	0.196346	0.114216	0.495868
ihec.chipseq.ihec-chipseq-containerv1.1.4.IHECRE00001965.2.ef4e5ad4-caa2-424f-9bf2-7145353fa420.fc.signal	0.627121	0.561396	0.419808	0.838598	0.363707	0.250133	0.189494	0.52405	0.859801	0.54971	0.496004	0.793549	0.605362	0.841401	1.07219	0.549144	1.2812	1.00121	0.670148	0.57741	0.771441	0.216606	0.13465	0.247157	0.301538	0.271262	0.537451	1.0501	0.747428	0.223306	0.637282	0.614187	0.438638	0.417422	0.609756
ihec.chipseq.ihec-chipseq-containerv1.1.4.IHECRE00004616.1.bed78e40-f7b3-4ebb-ad62-e7d9c6963ec8.fc.signal	1.37602	0.96287	0.889386	0.299915	0.840461	0.851359	0.677353	0.239035	0.950861	0.767205	0.842012	1.0176	0.743245	0.735812	0.229234	0.218473	0.148142	0.302741	0.278449	0.40892	0.439644	0.783538	0.811643	0.413781	0.552749	0.45952	0.0175616	0.217994	0.313256	0.422268	0.318129	0.190201	0.351158	0.535175	0.445946
ihec.chipseq.ihec-chipseq-containerv1.1.4.IHECRE00001997.1.9ddbde16-a8c7-4357-85a1-25b734b0a68e.fc.signal	1.01107	1.13635	0.595178	0.260743	0.459928	0.352558	0.0696137	0.184166	0.639185	0.290891	0.554575	0.556711	0.259818	0	0.134438	0.430953	0.81164	0.514444	0.441692	0.710935	0.380472	0.0562591	0	0	0.355433	0.616523	0.586096	0.0322509	0.195759	0.241419	0.249589	0.140844	0.272362	0.553497	0.697183
ihec.chipseq.ihec-chipseq-containerv1.1.4.IHECRE00003806.1.047c2416-3a22-4cd4-965c-493225f5ed12.fc.signal	1.43066	2.22892	0.975917	1.03559	0.797878	0.877836	0.804665	1.23815	0.564898	0.497836	0.902674	1.18776	0.821008	0.0623365	0.343513	0.607475	0.392953	1.14317	1.42111	0.957716	0.208404	0.0566441	0.418496	0.438092	0.218542	0.336558	0.482767	1.20449	2.15646	0.601912	0.197125	0.475718	0.616451	0.749717	0.801418
ihec.chipseq.ihec-chipseq-containerv1.1.4.IHECRE00001002.4.9865a077-d036-4354-ba4b-3498c98e7bc1.fc.signal	0.324736	1.00169	0.687389	0.117014	0.826956	0.519499	0.894915	0.536249	0.841741	1.07136	0.286663	0.505188	0.520048	0.636755	0.694527	1.1052	0.980636	0.470011	0.371068	0.596993	0.714465	0.0049668	0	0.203047	0.3141	0.271771	0.356193	0.0732569	0.161336	0.172093	0.249784	0.152535	0.436131	0.419448	0.607735
ihec.chipseq.ihec-chipseq-containerv1.1.4.IHECRE00003826.4.87afad01-d436-4b9f-ad87-b00cd4a79273.fc.signal	0.311066	0.021874	0.119493	0.228419	0.450023	0.395934	1.28028	0.455073	0.670846	0.934981	0.239578	0.128891	0.439344	1.0206	0.559265	0.333092	0.294975	0.677128	0.287706	0.171277	0.295201	0.372546	0.266543	0.377162	0.214552	0.204221	0.147456	0.238116	0.233613	0.998263	1.1234	0.282796	0.21421	0.0726566	0.583815
ihec.chipseq.ihec-chipseq-containerv1.1.4.IHECRE00000864.3.dbe74410-ef9b-4890-bc90-855bf41773d5.fc.signal	0.943397	1.66603	0.314045	0.442238	0	0.0157613	0.566257	0.280902	0	0.140741	0.519806	1.03543	1.42798	1.01567	0.6061	0.330657	0.0873981	0.266337	0.394103	0.509088	0.875138	0.528139	0.105704	0.552658	0.684701	0.471573	0	0.381221	0.341242	0.202533	0.15644	0.488149	0.563938	0.730608	0.622951
ihec.chipseq.ihec-chipseq-containerv1.1.4.IHECRE00000240.3.9179d535-0d76-4d04-b0d0-678ad03f04b2.fc.signal	0.88943	1.03169	0.626381	0.327008	0.360631	0.0791746	0	0	0	0.195903	0.2116	0.548096	0.419021	0.0621	0.248123	0.314652	0.00646867	0	0	0	0	0	0.184968	0.341839	0.241788	0.231301	0.352325	0.867074	1.56416	0.707498	0.419644	0.880191	0.89337	0.0164866	0.557423
ihec.chipseq.ihec-chipseq-containerv1.1.4.IHECRE00000121.3.4a5cfc14-4daf-4d77-9a82-2b790575203a.fc.signal	0	0.484896	0.466582	0.631648	0.478434	0.555755	0	0	0	0	0.112815	0.867886	0.19185	0	0.215129	0.980944	0	0	0.445138	1.50196	0.247772	0	0	0	0.150749	0.314024	0.669495	0.383572	0.578778	0.417447	0	0.0728996	1.17011	1.25007	0.52
ihec.chipseq.ihec-chipseq-containerv1.1.4.IHECRE00000775.1.45140bd1-90fe-4a64-8e67-977bea385e45.fc.signal	1.19121	1.13395	0.691288	0.37733	1.16688	0.288774	0.139193	0.399302	0.584234	0.53451	0.942455	1.42845	0.196622	0.456709	0.822675	0.553665	0.370846	0.511492	0.946806	0.527566	0.492926	0.246336	0.427812	0.596924	0.365429	0.365018	0.388399	0.499853	0.926183	0.883934	0.566021	0.482661	0.157793	0.166562	0.560976
ihec.chipseq.ihec-chipseq-containerv1.1.4.IHECRE00001952.2.c1b4ffc0-5671-47c4-baaa-5f1958b2a0b4.fc.signal	0.837841	0.424208	0.549834	0.274606	0.170196	0.52309	0.457082	0.465112	1.21264	0.826964	0.815021	0.635357	1.11744	0.560831	1.10358	0.795801	0.358532	0.353503	0.69917	0.505128	0.0515315	0.173128	0.0450263	0.191912	0.00966253	0.156293	0.156117	0.794718	0.786153	0.363487	0.256542	0.215585	0.708251	0.196205	0.552147
ihec.chipseq.ihec-chipseq-containerv1.1.4.IHECRE00001488.1.a56d68df-e588-4449-af36-5380d7fb10c8.fc.signal	0.726769	0.387013	0.72555	1.13594	0.727994	0.754836	0.934629	0.303908	0.961744	0.931894	0.212633	0.516653	0.327306	0.266187	0.766977	0.415924	0.735678	0.388886	0.497842	0.218076	0	0	0.408227	1.86458	1.77925	0.595324	1.09811	1.25084	1.0678	0.767277	0.934727	0.791983	1.07724	0.523705	0.49359
ihec.chipseq.ihec-chipseq-containerv1.1.4.IHECRE00000188.3.aa79dbf5-f75e-4ba3-9aec-59cbc9a2028b.fc.signal	0.438499	0	0	0	0.266304	0.248237	0.669127	0.576156	0	0	0	0.56755	0.0649248	0.28342	0.00798853	0	0	0	0.190217	0.317241	0	0.349358	0.0888318	0	0.355014	0.473266	1.01944	0	0	0	0	0	0	0	0.572368
ihec.chipseq.ihec-chipseq-containerv1.1.4.IHECRE00002005.1.3f273eb1-d109-4260-952a-5ac2e044448b.fc.signal	0.452281	0.477847	0.092512	0.0763219	0.788913	0.559395	0.0092512	0.0208152	0.281752	0.228303	0.501862	0.746669	1.03749	0.352513	0.312663	0.0287546	0	0.380191	0.226469	0.685422	0.390842	0.131161	0.217367	0.388943	0.215721	0.425064	0.221819	0.208562	0.103153	0.0393901	0.363881	0.325202	0.622749	0.00283525	0.59375
ihec.chipseq.ihec-chipseq-containerv1.1.4.IHECRE00001458.1.d168a519-3b00-493d-a4f1-d91c8f1d604c.fc.signal	0.380603	0.143778	0.126339	0.480881	0.83335	0.223663	0.279998	0.643151	0.316309	0.148332	0.0291927	0.242739	0.156813	0.571492	0.528061	0.485047	0.298255	0.537539	0.496611	0.648164	0	0.357192	1.0536	0.990704	0.610776	0.195296	0.67135	0.686535	1.682	0.897092	0.345795	0.823925	0.405084	0.203609	0.806202
ihec.chipseq.ihec-chipseq-containerv1.1.4.IHECRE00000014.2.9c3ec4b2-7073-4306-8028-2374ba66f5d2.fc.signal	0	0.944246	0.530575	1.491	2.1501	1.93282	0.856551	1.62627	2.43289	3.11051	3.37358	2.57774	2.06203	0.686711	0.416532	2.84182	1.21188	0.378791	0.753687	0.808622	0.606322	0.59943	0.124851	0.641963	0.899725	0.283141	0	0.339469	1.39318	0.768727	0.601611	1.42185	0.82174	0.163345	0.567568
ihec.chipseq.ihec-chipseq-containerv1.1.4.IHECRE00000060.3.87d6d4cc-d709-448c-855d-51ab38c2c5f0.fc.signal	0	0	0	0.244654	0.983385	0.745381	2.29571	1.66904	1.37157	1.32722	1.45955	0.426005	0.446977	0.0656832	0.346645	0.584795	0.56574	0.222732	0.26082	0.511464	1.0791	0.694066	0.659572	0.235005	0.480718	0.884709	0.268485	0.238547	0.413532	0.164472	0	0.299641	0.565598	1.56304	0.566502
ihec.chipseq.ihec-chipseq-containerv1.1.4.IHECRE00003832.2.e0246cbf-2d49-4bee-a25f-b1967eaad820.fc.signal	0.121744	0.376276	0.597129	0.229347	0.14135	0.0728107	0.239682	0.171872	0.326237	0.16142	0.0325378	0.180311	0.0428956	0.0359631	0.123781	0.123478	0.0494205	0.214318	0.0429029	0.202829	0.303617	0.155262	0.35932	0.335244	0.153278	0.343169	0.345212	0.0794926	0.1329	0.208855	0.520713	0.280691	0.484654	0.472547	0.72549
ihec.chipseq.ihec-chipseq-containerv1.1.4.IHECRE00001888.4.445e6e0a-1317-4ac0-8603-79bdacbbaeb7.fc.signal	0	0	0	0	0	0.187278	1.70437	0.359317	0.955906	0.241647	0	0.758019	0.0915399	0	0.554696	0.292295	0	1.04222	1.66608	0	0	0	0	0	0	0	1.29555	2.01347	0.774666	0	0	0.10049	1.62984	0.369037	0.555556
ihec.chipseq.ihec-chipseq-containerv1.1.4.IHECRE00003812.1.63a55c7d-51f0-4637-84b6-522ad46573ec.fc.signal	0	0	0	0	0	0.0085198	0.23315	0.198445	0.515758	0.42803	0.509039	0.563451	0.0308233	0.158052	0.265809	0.555328	0.263515	0.036988	0.410636	0.655921	0.198502	0.128225	0.392073	0.654017	0.255012	0.315782	0.809831	0.568531	0.591808	0.153872	0	0.271635	0.167176	0.325394	0.358333
ihec.chipseq.ihec-chipseq-containerv1.1.4.IHECRE00003835.4.223aa04f-e316-48e4-abf6-e6d88a4e9390.fc.signal	0.490709	0.0955922	0.22389	0.441722	0.0295887	0.217732	0.356779	0.017553	0.32388	0.358768	0.308618	1.13239	0.564792	0.159544	0	0.129353	0.572418	0.0283472	0	0	0.299005	0.961777	0.299008	0.425892	0.246918	0.405438	0.89992	0.306697	0.397244	0.16996	0.306321	0.317826	0.325232	0	0.352239
ihec.chipseq.ihec-chipseq-containerv1.1.4.IHECRE00004681.3.e25da2b0-3beb-48b5-b4cb-d2ae704a33b2.fc.signal	0.761922	0.567147	1.54106	1.36388	0.630434	1.06833	0.620568	0.689806	0.629119	0.66245	0.548332	0.448501	0.493921	0.710045	1.42294	1.16222	0.56145	0.393295	0.330694	0.254662	0.253656	0.563669	0.646816	0.711176	0.925977	0.892713	1.12469	0.570646	1.14375	0.983308	1.08237	0.768214	0.414492	0.209828	0.59854
ihec.chipseq.ihec-chipseq-containerv1.1.4.IHECRE00003828.3.7fe9234c-b18e-418e-a5fa-41324c8b4b69.fc.signal	1.16142	0.262459	0.204555	0.335784	0.174945	0.0422756	0.222377	0.0499277	0	0	0	0	0	0	0	0	0	0	0.294258	0.161873	0.322381	0.150786	0.467114	0.633282	0.404859	0.445099	0.567705	0.201112	0	0.272321	0.390616	0.0214449	0.137632	0.229057	0.597403
ihec.chipseq.ihec-chipseq-containerv1.1.4.IHECRE00003686.3.05f731d1-35d3-4327-ad52-34ab22707910.fc.signal	0	0	0	0	0.121677	0.294074	0	0	0	0	0	0	0.0441913	0.210196	0.15416	0.347874	0.135016	0.186091	0.284865	0.352298	0.284716	0	0	0	0	0	0	0	0	0	0.0147387	0.143917	0.630199	0.436528	0.455319
ihec.chipseq.ihec-chipseq-containerv1.1.4.IHECRE00003398.1.32ebedf9-9cee-45d9-904b-83df75dfe3b1.fc.signal	0.469543	0.447871	0.293571	2.0786	1.37252	2.42364	3.47478	2.05881	0.570677	0.119192	0.711321	0.928089	0.527133	0.572846	0.824693	2.16158	1.53797	1.19955	1.32805	0.748228	1.10203	0.479483	1.06375	1.13418	0.297492	0.939859	0.675987	0.111968	0.29247	1.68175	1.13669	1.25191	1.47956	1.20622	0.38961
ihec.chipseq.ihec-chipseq-containerv1.1.4.IHECRE00003829.4.503bd71c-74cb-4096-8a07-526831cc1c01.fc.signal	0.348589	0.206588	0.382852	0.413785	0.235027	0.383988	0.583368	0.507062	0.259453	0.50023	0.716112	0.954177	0.649018	0.515513	0.837679	1.63274	0.228926	0.404859	0.356236	0.907883	0.418971	0.253998	1.06236	0.836713	0.661458	0.903882	1.00161	0.498963	1.09854	1.17772	0.569238	1.177	1.11789	0.796391	0.315789
ihec.chipseq.ihec-chipseq-containerv1.1.4.IHECRE00000665.1.c28d3943-9234-4917-b4a0-88d70eac42fc.fc.signal	0.627256	0.357448	0.0648362	0.182652	0.535761	0.895702	0.552244	0.666388	0.47751	0.45191	1.29575	1.39478	0.670286	0.646769	0.356607	0.51906	0.421689	0.0825075	0.00235893	0.501287	0.804357	0.515255	0.163697	0.353652	0.341591	0.307378	0.589613	1.05544	0.448383	0.410108	0.603214	0.696695	0.36795	0.0968049	0.407407
ihec.chipseq.ihec-chipseq-containerv1.1.4.IHECRE00001891.4.285674ca-2d37-4ac8-859e-29db1bf824d3.fc.signal	0.916349	0	0	0	0	0.260531	0.778528	0.973396	0.571158	0	1.11709	1.29106	0.325281	1.15581	0.322998	0.285276	0	0.38895	0.255325	0.479936	0.360534	0	0.164679	0.530062	0	0.235139	0.179159	0	0	0.432154	0.0247512	0.204602	0.0717769	0	0.532558
ihec.chipseq.ihec-chipseq-containerv1.1.4.IHECRE00000099.3.ee9d747c-d2cf-48da-a02d-0b93659fe659.fc.signal	0.305081	1.31364	0.730686	0	0	0	1.92936	1.19103	0	0	0	0.621664	0.238332	0.159816	0.883202	0.0435829	0	0.587111	0.408198	0	0	0.377378	0.94204	0.517351	0.462852	1.02917	1.239	0.65997	0.896727	0.0747136	0	0	0	0.191666	0.669173
ihec.chipseq.ihec-chipseq-containerv1.1.4.IHECRE00000303.2.7eef4baf-7091-4578-bd6a-25890cdd47cd.fc.signal	0.403028	0.36756	0.224642	0.298583	0.491381	0.894932	0.774711	0.265985	0.151947	0.20225	0.260344	0	0.112114	0.268984	0.551599	1.07061	0.243134	0.150612	0.304926	0.11752	0.477283	0.265233	0.312854	0.101154	0.0973049	0.615885	0.29477	0.318186	0.32553	0.117022	0.0618826	0.268067	0.317859	0.198413	0.652893
ihec.chipseq.ihec-chipseq-containerv1.1.4.IHECRE00003696.3.56ed3fdb-46a9-4765-a249-372860e042b1.fc.signal	0	0	0.166504	0.114092	0	0	0.29281	0.364901	0.0966461	0	0	0	0	0	0.269041	0.0227682	0.0827969	0.0827903	0.101195	0	0	0	0.272611	0.0173481	0	0	0	0	0	0	0	0	0	0	0.276316
ihec.chipseq.ihec-chipseq-containerv1.1.4.IHECRE00000229.3.85a03a8e-2650-44c0-bf53-1db912cf1fd2.fc.signal	1.30302	0.995381	0.247573	0.133136	0.424659	0.925687	0.790964	0.279672	0.00333573	0.241187	0.126889	0	0	0.381555	0.41067	0.151281	0.0538973	0.308534	0.600568	0.39498	0.00842847	0.0611261	0.277979	0.257631	0.664091	0.750588	0.350717	0.350742	0.57603	0.52441	0.229125	0.244849	0.235728	0.266557	0.68595
ihec.chipseq.ihec-chipseq-containerv1.1.4.IHECRE00001851.4.88e0b9dc-6b08-443f-bb12-a02db4d96a2b.fc.signal	0.511546	0	0.655966	0.0734713	0.422874	0.209336	0.541839	0.252277	0.227336	0.0424019	0.720535	0.525848	0.517173	1.09058	0.701695	1.26991	0.663897	0.53077	0.422285	1.58029	1.00507	0.414412	0.188869	0.399254	0.577707	0.513423	0.20186	0.731406	0.566518	0	0.710816	0.934164	0.0371455	0	0.29683
ihec.chipseq.ihec-chipseq-containerv1.1.4.IHECRE00003694.3.c78458e5-ee0b-451a-90f1-dbb574d13e13.fc.signal	0.113755	0.0446288	0	0	0.0524484	0.0788863	0.165588	0.236957	0.329158	0.11008	0	0	0	0	0	0.0184144	0.0752587	0.0439243	0.0353196	0.249149	0.221088	0.00813687	0	0	0	0.0398321	0.123218	0.0349732	0	0.176367	0.216941	0.00600227	0.0802445	0.110091	0.445055
ihec.chipseq.ihec-chipseq-containerv1.1.4.IHECRE00000318.2.10501a10-327b-4601-8d8d-0d0bc776bb15.fc.signal	0.481946	1.04417	0	0	0.256534	1.15487	0.366163	0.512318	0.212413	0.789712	0.838213	0.129698	0.194358	0.31228	0.635255	0.218873	0.627815	0.66077	0.338198	0.197632	0.39493	0.556452	0.786235	0.255963	0	0.232419	0.416021	0.318473	0.380842	0.528736	0.450753	0.989397	0.777362	0.41237	0.717557
ihec.chipseq.ihec-chipseq-containerv1.1.4.IHECRE00001955.3.409dbfeb-ff68-4d68-8254-ea0d0437a94c.fc.signal	1.48072	1.39291	1.01388	1.5321	0.504843	0.848852	0.736049	0.643984	0.555233	0.543184	0.730836	1.09992	0.997936	1.20426	0.680672	0.367695	0.182381	0.491676	0.407257	0.565466	0.533219	0.214122	0.611819	0.389851	0.152326	0.548538	1.05126	0.564409	0.387295	0.599892	0.581046	0.309222	0.270174	0.213155	0.658824
ihec.chipseq.ihec-chipseq-containerv1.1.4.IHECRE00003689.3.beff36be-023d-4a6e-8a49-a553932bd6ce.fc.signal	0.144589	0.583952	0.8687	0.295733	0.452923	0.22943	0.514984	0.371598	0.0447441	0.30309	0.416485	0.586784	0.677499	0.33033	0.554359	0.301144	0.439047	0.214968	0.68618	0.224357	0.335412	0.239556	0.292237	0.219682	0.48861	0.47315	0.228241	0.782561	0.55345	0.291561	0.595506	0.545965	0.149875	0	0.761194
ihec.chipseq.ihec-chipseq-containerv1.1.4.IHECRE00001935.1.53d89d9f-5949-4fc0-a0f7-bbac9f0fea51.fc.signal	0.409182	0.309731	0.560115	0.90295	0.778523	0.504437	0.340961	0.175191	0.251977	0.206492	0.485543	0.419616	0.519135	0.334606	0.303022	1.03193	0.508095	0.465929	0.470498	0.859294	0.583086	0.0689519	0.0938376	0.31322	0.362909	0.189924	0.589392	0.792442	0.981142	0.355388	0.574002	0.164092	0.248908	0.0221172	0.655072
ihec.chipseq.ihec-chipseq-containerv1.1.4.IHECRE00003836.3.e37d93da-dc33-42a2-aab6-afc4ccdb4a46.fc.signal	0.235908	0.412752	0.460146	0.670566	0.230061	0.0800083	0.129844	0.113682	0.140942	0.0926723	0.170001	0.243537	0.297566	0.350928	0.143764	0.217405	0.11988	0.227802	0.405743	0.41038	0.260505	0.129144	0.221446	0.180841	0.256601	0.153893	0.115816	0.0083554	0	0.0541626	0.194002	0.195429	0.180146	0.148636	0.544615
ihec.chipseq.ihec-chipseq-containerv1.1.4.IHECRE00003690.3.6941f4c2-9444-41d7-82bb-38a8112f3f75.fc.signal	0.126983	0.168543	0.148356	0.134595	0.145227	0.299428	0.175258	0.195415	0.276117	0.406177	0.402559	0.156391	0.264563	0.348292	0.225128	0.189688	0.383655	0.429817	0.303446	0.491464	0.339244	0.138461	0.512101	0.615971	0.166426	0.27645	0.282126	0.268685	0.21082	0.101596	0.0028256	0	0.0434177	0.283508	0.560794
ihec.chipseq.ihec-chipseq-containerv1.1.4.IHECRE00003693.3.c56a1926-3d2b-458d-9800-4140f38e79d1.fc.signal	0.188937	0.123526	0.188943	0.0277847	0.0547416	0.0413313	0.074254	0.0738253	0	0	0.0852419	0.0986378	0.0079162	0	0	0.0133191	0.0651282	0.0589122	0	0	0	0	0	0	0	0	0	0	0.0825231	0.161486	0.149437	0.102752	0.0648344	0.0161808	0.565657
ihec.chipseq.ihec-chipseq-containerv1.1.4.IHECRE00001852.4.51e98f97-6119-4df6-b770-df4f0c759ed4.fc.signal	0.827779	0.430767	0.991509	0.817729	0.514091	0.67557	0.694432	0.401927	0.333082	0.632801	0.443632	0.307058	0.640991	0.976567	0.518766	0.422309	0.365126	0.563677	0.365142	0.416031	0.678742	0.487749	0.683136	0.9124	0.286457	0.493323	0.512184	0.152665	0.412793	0.915011	0.718951	0.750372	0.816482	0.859083	0.441989
ihec.chipseq.ihec-chipseq-containerv1.1.4.IHECRE00004647.3.d64b3583-2ef0-4033-af25-2e355c9dc564.fc.signal	0.672586	0.418414	0.304724	0.714966	0.224169	0.0974114	0.205125	0.35654	0.426772	0.422167	0.56281	0.314647	0.159483	0.20019	0.28945	0.249975	0.3604	0.286214	0.0574731	0.108498	0.221995	0.224698	0.248022	0.487461	0.316661	0.118544	0.30954	0.438505	0.347293	0.332169	0.407671	0.558841	0.35312	0.196582	0.714286
ihec.chipseq.ihec-chipseq-containerv1.1.4.IHECRE00000709.3.5c2b1045-c5b9-4ce2-a975-1bba53717c39.fc.signal	0.226446	0.91604	0.614906	0.235543	0.511114	0.295815	0.227602	0.938493	0.429583	0.463426	0.415175	1.12431	0.548386	1.06743	0.273419	0.614813	1.13694	1.23735	0.778557	0.682782	0.424809	0.3512	0.559864	0	0.500501	0.588553	0.878964	0.410903	0	0	0.269698	0.412451	0.625268	1.67894	0.478992
ihec.chipseq.ihec-chipseq-containerv1.1.4.IHECRE00001973.1.eb6b8116-681b-4ebd-8a3a-5c8e0b38a2a8.fc.signal	0.961022	1.15005	0.266927	0	0.120228	0.23264	0.414	0.02484	0	0.189068	0.456914	0.393892	0.387589	0.461068	0.0339464	0	0.165594	0.668662	0.0630849	0.18398	0.451996	0	0.311784	0.422467	0.47267	0.0441159	0	0	0	0	0	0	0	0	0.637427
ihec.chipseq.ihec-chipseq-containerv1.1.4.IHECRE00001957.2.e6bec3c5-fcb0-48f1-bb2d-dd0add2596dc.fc.signal	0.591218	0.289326	0.216493	0.405376	0.525344	0.781751	0.913339	2.10016	1.57813	0.611446	1.37271	0.789809	0.49478	0.437693	0.514106	1.29956	0.529136	1.10083	1.17821	1.09135	0.473426	0.506682	0.683679	0.609011	0.902544	0.997145	0.699401	0.118891	0.270096	0.700965	0.507597	0.587089	0.28376	0.24244	0.5
ihec.chipseq.ihec-chipseq-containerv1.1.4.IHECRE00001892.4.902ae139-ccdf-4a1c-a16a-ec321c33c554.fc.signal	0	0.542415	1.54796	0.0437779	0.426216	0.72756	0	0.824958	1.34788	0.10351	0	0	0	0	0.261818	0.895054	1.12466	1.26986	1.55328	0.616038	0	0	0	0	0.161957	0.744063	0.0608493	0.811511	0.172047	0	0	0	0	0.41172	0.58794
ihec.chipseq.ihec-chipseq-containerv1.1.4.IHECRE00003685.2.c2e20b49-142e-4797-9eba-5be0eab06323.fc.signal	0.452351	0.140479	0	0.327299	0.382955	0.178397	0.222436	0.249339	0.396463	0.251802	0.364021	0.0591045	0	0	0	0.202512	0.014408	0.0529304	0.17989	0.0033548	0.150145	0.363459	0.21209	0	0.0535993	0.329323	0.0243084	0	0.414867	0.233964	0	0	0	0	0.635496
ihec.chipseq.ihec-chipseq-containerv1.1.4.IHECRE00003838.5.b61c4709-ddec-4f74-8351-f61eb4c7615d.fc.signal	0.0938092	0.581742	1.00222	0.858247	0.973281	0.452783	0.770673	0.307552	0.267848	0.684346	0.61012	0.613695	0.0938147	0.654287	0.284517	0.45037	0.727457	0.42496	0.401957	0.148441	0.630459	0.441983	0.389499	0.250616	0.612521	0.585923	0.462463	0.330522	0.399033	0.126185	0.306511	0.0474783	0.5237	0.836412	0.624113
ihec.chipseq.ihec-chipseq-containerv1.1.4.IHECRE00001854.4.06d474fe-8a5b-49c2-81ef-b754d64a93d0.fc.signal	0.579055	0.270924	0.487373	0.247815	0.177124	0.390051	0.439255	0.39156	0.274992	0.162069	0.435506	0.355692	0.461792	0.47735	0.586755	0.20176	0.368261	1.29013	0.773037	0.318117	0.459524	0.777331	0.633565	0.168414	0.184204	0.333402	0.133012	0.477638	0.436394	0.325804	0.366965	0.578741	1.04984	0.7831	0.262248
ihec.chipseq.ihec-chipseq-containerv1.1.4.IHECRE00001918.1.f4eb1507-9e72-4fad-bc11-1462cce349d2.fc.signal	0.0305461	0.436408	0.637042	0.0105801	0.36738	0.301596	0.522882	1.49393	0.903359	0.285821	0.438405	0.728148	0.722483	0.29371	0	0.0376324	0.630533	0.334577	0.128818	1.15903	1.56059	0.0931291	0	0.0154111	0.368849	0.515654	0.702542	0.361206	0.192936	0.259382	0.0600826	0.602564	0.463136	0.158868	0.739583
ihec.chipseq.ihec-chipseq-containerv1.1.4.IHECRE00003678.3.8266b146-518b-415f-b011-597d6aa5064e.fc.signal	0.856368	0.834781	0.694758	0.246465	0.39127	0.16685	0.070531	0	0.108415	0.240696	0.156943	0.200942	0.1072	0.499616	0.111306	0.0612778	0.249375	0.276407	0.214968	0.137189	0.0696393	0.134136	0.0384093	0.265556	0.46359	0.277633	0.413554	0.386454	0.393315	0.46077	0.489795	0.133331	0.167552	0.213508	0.543779
ihec.chipseq.ihec-chipseq-containerv1.1.4.IHECRE00000228.3.733171c1-b776-4277-a4e8-9b25e6d08804.fc.signal	0.178494	0.237414	0.00228167	0	0.00949133	0.293005	0.517104	0.153608	0.0399905	0.230177	0.326084	0.549891	0.123792	0.0224515	0	0	0	0	0.00626233	0.156375	0.127544	0	0	0	0	0	0.182387	0.129328	0.249085	0.238037	0.00769987	0.0810977	0.244361	0.101552	0.507614
ihec.chipseq.ihec-chipseq-containerv1.1.4.IHECRE00000332.2.10f5266d-441b-4d93-a883-d970677b92f6.fc.signal	0	0	0	0.286265	0.15561	0.335228	0.117507	0	0.0330218	0.352039	0.00455453	0.0981591	0.12195	0.146273	0.183499	0.0392733	0.513652	0.233292	0.725547	0.741483	0.2969	0	0.403397	0.0364363	0	0	0.382102	0.426258	0.314308	0	0	0.034506	0.717948	0.0509102	0.639594
ihec.chipseq.ihec-chipseq-containerv1.1.4.IHECRE00002063.1.43d53f41-e4a2-4421-b86f-0d0bce6de71d.fc.signal	0.687295	0.596459	0.512019	0.348494	0.427842	0.246078	0.524757	0.516038	0.642033	0.684061	0.111866	0.158644	0.264043	0.737745	0.709054	0.475828	0.201052	0.119774	0.48521	0.414317	0.908882	0.767657	0.427025	0.0766132	0.168429	0.068357	0.230539	0.414173	0.605843	0.668842	0.138056	0.448833	0.379791	0.0834229	0.700787
ihec.chipseq.ihec-chipseq-containerv1.1.4.IHECRE00000974.7.795c5285-fcfe-49fc-86bb-822787a24420.fc.signal	0.446734	0.552284	0.544291	0.0596917	1.01128	0.972993	1.37497	2.1551	2.36436	0	0.577295	1.85831	0.873863	1.81928	1.75762	1.4239	0.882805	0.156964	1.42818	0.594326	0	0	0	0	0.263797	0.899529	0.65062	1.34085	1.57076	0.770984	1.12375	1.13909	0.281794	0	0.247059
ihec.chipseq.ihec-chipseq-containerv1.1.4.IHECRE00000001.4.7fa161be-cf7b-4429-a672-c1d72473e2c1.fc.signal	0.677679	0.737307	0.11627	0	0	0	0	0	0	0.476955	1.85397	1.47136	0.488016	0.359825	0	0	0	0	0.0456181	0.270926	0.187309	0	0	0.214701	0.336984	0.0642617	0.305661	0.440246	0.316092	0.0261891	0	0	0	0	0.558511
ihec.chipseq.ihec-chipseq-containerv1.1.4.IHECRE00001966.2.281a1552-ba2f-4513-8d72-0e1cf5c2b6ab.fc.signal	0	0.143581	0.175962	0.188118	0.128688	0	0.417921	0.36159	0.0664448	0.180124	0.190776	0.144977	0.152816	0.12092	0	0	0.684455	0.499434	0.261656	0.0501648	0.264533	0	0	0	0	0.113438	0.284066	0.233405	0.250237	0.011371	0.175833	0.0218268	0	0	0.678414
ihec.chipseq.ihec-chipseq-containerv1.1.4.IHECRE00002067.1.41844a41-a9d8-47e3-9699-651cca6131a4.fc.signal	0.434161	0.42396	0.430328	0.200088	0.845053	1.0368	0.0425375	0.0428306	0.783031	0.19916	0.406201	0.357593	0.482728	0.0248893	0	0.22675	0.442483	0.0714989	0.348453	0.355012	0.666605	0.0127677	0	0.544006	0.703395	0.291951	0	0.0803325	0.614102	0.29362	0.322239	0.183877	0.277057	0.559533	0.654971
ihec.chipseq.ihec-chipseq-containerv1.1.4.IHECRE00000343.2.5a78c0ce-4eae-417e-ab07-38cf2f39807a.fc.signal	0.34675	0.155641	0.236755	0	0.0993956	0.45669	0.433813	0.0855317	0.00924667	0.327216	0.129453	0.0484169	0.323988	0.133692	1.10423	1.07707	0.600926	0.589399	0.327615	0.508188	0.294405	0.462882	0.783556	0.28285	0.302828	0.269261	0.810618	0.664697	0.624301	0.598619	0.243443	0.123163	0.484997	0.999794	0.591549
ihec.chipseq.ihec-chipseq-containerv1.1.4.IHECRE00000233.3.2ce6c7a2-1501-4bf0-9209-c55a1327303d.fc.signal	0.654324	0.298717	0.189347	0.0930474	0	0	0	0	0.135111	0.232923	0.373	0.850459	0.793315	0.237745	0	0.183671	0.364034	0.244106	0.176389	0.579799	0.672216	0.118945	0	0	0.0698501	0.219913	0.323982	0.17259	0.250873	0.283012	0.0623585	0	0	0	0.486486
ihec.chipseq.ihec-chipseq-containerv1.1.4.IHECRE00000992.7.269c7bdb-5224-43fa-a5d5-7860eaac019c.fc.signal	0.307048	0.194885	0.59755	0.270267	1.64504	1.08479	0.914646	0.909018	0.811612	0.319293	0.6771	1.1731	1.08461	0.605887	1.14438	2.03042	1.65758	1.12574	1.31905	1.18755	1.46958	0.0359488	0.0227143	0.371817	0.977572	1.15577	0.98346	0.857064	0.582194	0.637245	0.91513	0.851457	1.28949	0.212992	0.19802
ihec.chipseq.ihec-chipseq-containerv1.1.4.IHECRE00004609.2.0c69eda8-716f-44e4-bc94-dce057d4c5a3.fc.signal	0.306232	0.0868901	0	0.0290018	0.244755	0.0587921	0.221434	0.0786527	0.186716	0	0.0018448	0.124617	0.166344	0.994939	0.148506	0.360021	0.154893	0.157363	0.387038	0.0935132	0.152892	0.265788	0.245646	0	0.561302	0.786919	0.202798	0.223113	0.0587607	0.234347	0.360298	0.32844	0.174722	0.157921	0.463035
ihec.chipseq.ihec-chipseq-containerv1.1.4.IHECRE00000224.3.2f10d695-5b3b-470a-a2e2-55996404a85c.fc.signal	0	0	0	0.239638	0.761104	0.65925	0.13652	0	0	0	0.0803599	0.460636	1.18819	0.760401	0.0934407	0.365382	0.279895	0.0104844	0	0	0	0	0	0	0.273952	1.10635	1.07476	0.727322	1.06068	0.518005	0.103597	1.27362	1.43526	0.290899	0.425
ihec.chipseq.ihec-chipseq-containerv1.1.4.IHECRE00000250.2.662b80be-c09d-4154-bc9d-1e0602218f9c.fc.signal	0	0	0	0	0	0.437509	0.549977	0.354404	0	0	0	0	0	0	0	0	0	0	0	0.0856103	0.45221	0.0924309	0.0320481	0.734065	0.307777	0.253513	0.258672	0	0	0	0	0	0	0	0.443396
ihec.chipseq.ihec-chipseq-containerv1.1.4.IHECRE00001990.1.db376d3b-ae63-4e49-80d2-dc3c632957a3.fc.signal	0	0	0	0	0.272488	0.38601	0.219033	0.3201	0.830441	1.14216	0.195228	0.047587	0.275634	0.241434	0.516494	0.435284	0.542705	0.437151	0.0637969	0.433235	0.730418	0.244881	0.0396313	0.215676	0.247438	0.549431	0.327691	0.111077	0.498277	0.465559	0.545534	0.196013	0.334807	0.117364	0.634615
ihec.chipseq.ihec-chipseq-containerv1.1.4.IHECRE00003683.3.0997810a-4867-4ba8-9534-ea6e95022077.fc.signal	0	0.0855754	0.409451	0.201429	0.416196	0.126797	0.0306943	0	0	0.166206	0.114904	0.617033	0.136301	0.141921	0	0.00382067	0.402459	0.315998	0.179185	0.230042	0.0068772	0	0.00882273	0.132909	0.154602	0	0.0654979	0.183701	0.0175723	0.08723	0.247119	0.00111613	0.0693367	0.163625	0.586035
ihec.chipseq.ihec-chipseq-containerv1.1.4.IHECRE00001936.1.73056630-65cd-44da-94ab-6886ae9d01cc.fc.signal	0.548979	0.319776	0.44467	0.438261	0.642368	1.07221	0.727452	0.984805	0.760877	0.300169	0.632341	1.19749	0.378961	0.34993	0.365859	0.423593	0.355759	0.210525	0.567851	0.444222	0.120137	0.537761	0.510071	1.02441	0.944712	0.765795	0.502698	1.01562	0.544159	0.81012	0.497007	0.503992	0.242208	0.520683	0.494118
ihec.chipseq.ihec-chipseq-containerv1.1.4.IHECRE00000232.3.60b5bb5a-99a2-4161-af81-f580037bc3ea.fc.signal	0.498035	0.523807	0.180092	0.0524819	0.272718	0.202717	0	0	0.259247	0.275517	0.434603	0.846114	0.251643	0.00449667	0.190648	0.528836	0.510085	0.0894319	0.183073	0.89288	0.895435	0.201778	0	0.0328137	0.195654	0.164599	0.346747	0.272549	0.375022	0.456659	0.133699	0.239218	0.515497	0.26687	0.641221
ihec.chipseq.ihec-chipseq-containerv1.1.4.IHECRE00001887.4.59a9b7d0-5484-46d1-b8f0-117dbd401378.fc.signal	0.529574	0.301443	0	0.101838	0.422475	0.691532	0.632359	0.197562	0	0	0.143809	0.971204	1.13816	0.719196	1.02749	1.06452	0.896829	0.84782	0.365965	0.0250452	0	0	0	0	0	0.0815028	0.239444	0.53839	0.895315	0.949176	0.477991	0.0365588	0	0	0.449324
ihec.chipseq.ihec-chipseq-containerv1.1.4.IHECRE00000126.3.2846e92d-580c-47b7-a067-576dcdf07383.fc.signal	0.381375	0	0	0	0	0	0	0.240688	0.475363	0.229632	0.24854	0	0	0.210556	0.141734	0.302342	0.57882	0.366704	0.251857	0.405587	0.644405	0.145895	0.492264	0.487993	0.380811	0.249856	0.086428	0.383134	0.258423	0	0	0.136424	0.329445	0.015301	0.763636
ihec.chipseq.ihec-chipseq-containerv1.1.4.IHECRE00004618.1.72623753-44fb-49f2-a9eb-e1a5603547b0.fc.signal	0.938626	0.809447	0.492696	0.305418	1.27466	0.29095	0.201845	0.24459	0.0691379	0.001502	0.25715	0.278736	0.0906038	0.158257	0.240334	0.494384	0.698785	0.844315	0.736622	0.805452	0.694984	0.399852	0.658402	0.447367	0.289394	0.259397	0.486897	0.990098	0.929651	0.898839	0.803717	0.45392	0.745472	0.351192	0.430556
ihec.chipseq.ihec-chipseq-containerv1.1.4.IHECRE00003833.4.78bd51d0-e8cc-413f-86cc-b957d9057e5e.fc.signal	0.543272	0.686573	0.906003	0.429083	0.674722	0.59477	0.62777	0.400825	0.339669	0.160663	0.45115	1.04456	0.595209	0.603598	0.503272	0.282799	0.42805	0.647822	0.937612	1.05858	1.18966	0.776563	0.788646	0.755482	0.749746	0.760916	0.974142	0.849328	0.721008	0.527696	0.900543	0.824203	1.28816	0.59766	0.674242
ihec.chipseq.ihec-chipseq-containerv1.1.4.IHECRE00003677.3.c8f6239b-cb62-4435-8e19-0a148079f3ba.fc.signal	1.10444	0.607262	0.507497	0.264504	0.418226	0.711385	1.53689	0.275457	0.653943	0.291967	0.117825	0.107293	0.417526	0.118777	0.18173	0.30899	0.287245	0.646549	0.408437	0.254356	0.485491	0.646118	0.0993711	0.0221435	0.247894	0.59641	0.156621	0.343378	0.207276	0.146288	0.644798	0.573692	0.436983	0.0934561	0.622465
ihec.chipseq.ihec-chipseq-containerv1.1.4.IHECRE00000222.3.bc3c5401-2679-4e6a-8d23-b4052eee1a8e.fc.signal	0.661942	0.511743	0.0521166	0.412334	0.90698	1.26682	1.68655	1.71632	1.53525	0.771635	0.75089	0.951881	1.06729	1.19907	0.619583	0.175686	0.222421	0.300384	0.143511	0.731595	1.43034	0.592237	0.115613	0.630693	0.771698	0.316503	0.115274	0.324093	0.556956	0.44141	0.300069	0.383882	0.141979	0	0.419162
ihec.chipseq.ihec-chipseq-containerv1.1.4.IHECRE00002065.1.86df225b-3e1d-4a7a-bbec-4e5619ad713f.fc.signal	0.302723	0.315874	0.212246	0	0	0.315513	0.332025	0.683036	0.195121	0.704513	1.03388	0.979127	0.706078	0.738567	0.126387	0.166223	0.113186	0.086138	0.196051	0.00731733	0.106344	0.189893	0.0955347	0.697729	0.426648	0.221434	0.169229	0.28436	0	0.122389	0.470467	0.963026	1.02292	0.44384	0.664336
ihec.chipseq.ihec-chipseq-containerv1.1.4.IHECRE00003846.4.da6810f6-9895-4595-a0d7-9cc3f7019bd2.fc.signal	0.347771	0.320675	0.746335	0.611476	0.332004	0.648718	0.464376	0.374105	0.313506	0.603846	0.49699	1.15688	0.236344	0.950602	0.314542	0.798882	0.634673	0.193633	0.323813	0.511598	0.718001	0.667143	0.21283	0.233007	0.0511069	0.800719	0.598335	0.165484	0.471557	0.556842	0.0332642	0.169632	0.0279253	0.486865	0
ihec.chipseq.ihec-chipseq-containerv1.1.4.IHECRE00001378.1.66aa71ea-1d07-4b0c-8fa8-a30c9d97fadb.fc.signal	0.309896	0.161788	0.0615689	0.350887	0.316887	0.0771964	0.174199	0.273173	0.136535	0.159654	0.549577	0.728159	0.214897	0.640454	0.684912	0.0403215	0.10199	0.135271	0.356106	0.86783	0.180505	0	0	0	0.102802	0.587334	0.334443	0.451565	0.736891	0.416828	0.0227689	0.453564	0.627711	0.364345	0.569697
ihec.chipseq.ihec-chipseq-containerv1.1.4.IHECRE00003684.3.227d235e-5d49-4e40-8c2e-3e1ec3df47e3.fc.signal	0.070285	0.0452604	0	0	0.204781	0.270988	0	0.070623	0.152111	0.0276269	0.0898186	0.0576337	0	0	0.244115	0.0976108	0	0	0	0.0959193	0.529159	0.561922	0.188413	0.225407	0.243474	0.150558	0	0.189389	0.0206771	0	0	0.0144628	0.174599	0	0.528926
ihec.chipseq.ihec-chipseq-containerv1.1.4.IHECRE00004635.3.ac3d233b-983d-44f1-b32e-ea45048d4db5.fc.signal	0.414222	0.26692	0.501236	0.377002	0.250889	0.660767	0.716184	0.48675	0.32244	0.277054	0.181917	0.175102	0.324903	0.458436	0.398828	0.294679	0.311891	0.453297	0.255692	0.509645	0.95527	0.492369	0.345537	0.284175	0.393176	0.430043	0.435994	0.621455	0.144759	0.221489	0.762853	0.599392	0.304177	0.550405	0.414634
ihec.chipseq.ihec-chipseq-containerv1.1.4.IHECRE00004603.3.f7f63af7-a252-4e53-93e7-699016d35fa0.fc.signal	0.474331	0.408562	0.0380576	0.537532	1.15336	0.192195	0.367859	0.911558	0.133123	0.557287	0.438965	0.870214	0.62728	0.567844	0.0710814	0	0.286229	0.0797479	0	0.0946095	0.282883	0.0702252	0.257094	0.714071	0.947689	0.0616251	0.164728	0.499768	0.720779	0.591701	1.04843	0.934312	0.735493	0.00647754	0.00833333
ihec.chipseq.ihec-chipseq-containerv1.1.4.IHECRE00004617.2.2b835b35-0d4f-4266-a8c6-b8c45974f7ec.fc.signal	0.656603	0.291426	0.857703	0.560523	0.464339	0.296179	0.121702	0.476013	0.375465	0.260483	0.105699	0.253793	0.191144	0.160996	0.301764	0.218403	0.527622	0.644888	0.31584	0.165678	0.155943	0.218644	0.169234	0.508538	0.259909	0.575263	0.629503	0.155825	0.33258	0.229467	1.13492	0.620094	0.234449	0.428894	0.479638
ihec.chipseq.ihec-chipseq-containerv1.1.4.IHECRE00004615.1.ca9877c7-1f2b-4062-b2b9-e0444e14d297.fc.signal	0.112292	0.27359	0.3379	0.193104	0.369171	0.329936	0.790469	0.433202	0.242648	0.220144	0.0341767	0.228825	0.80429	0.499108	0.328458	0.617728	0.110028	0.0347583	0.183286	0.277896	0.465584	0.189254	0.0960066	0.0598653	0	0.202232	0.446161	0.247671	0.520427	0.324828	1.00562	0.573917	0.976807	0.773964	0.371795
ihec.chipseq.ihec-chipseq-containerv1.1.4.IHECRE00004605.1.09fb5d7a-926c-40ff-ac15-0bd2ff31967d.fc.signal	0	0.229233	0.517341	0.291865	0.238791	0.323182	1.1753	0.353975	0.615915	0.485399	0.472476	0.594401	0.904169	0.134399	0.156593	0.891746	0.769062	0.213548	0.291742	0.202334	0.243451	1.30155	0.673689	0.376266	0.181637	0.154077	0.373253	0.408696	0.439793	0.555721	0.693725	1.16796	0.518488	0.371512	0.244131
ihec.chipseq.ihec-chipseq-containerv1.1.4.IHECRE00004900.1.67d0b7ff-4124-4e95-8c9b-1a369432b72d.fc.signal	0.481115	0.131235	0.322438	0.398647	0.574749	0.0763566	0.41532	0.954272	0.749205	0.0705906	0.870738	1.34045	0.743422	0.742637	0.125424	0.54276	0.51196	0.27893	0.73988	1.18774	0.735087	0.761296	1.12505	0.28949	0	0.584953	1.12112	1.05438	1.26299	0.910299	0.902943	0.183491	0	0	0.467836
ihec.chipseq.ihec-chipseq-containerv1.1.4.IHECRE00001921.1.0999ab49-22be-4f40-a74d-5a4868d07690.fc.signal	0.250091	0.319295	0.177014	0.16593	0.162895	0.206092	0.182321	0.324788	0.333955	0.413922	0.347736	0.376697	0.224747	0.238895	0.395525	0.146449	0.185068	0.345235	0.165264	0.266449	0.250562	0.102372	0.17354	0.0734195	0.177825	0.151734	0	0	0.125228	0.154089	0.161759	0.189742	0.228523	0.0837662	0.706767
ihec.chipseq.ihec-chipseq-containerv1.1.4.IHECRE00000234.3.bfcf2e62-4c9d-48ec-abf1-b7cab2e2086a.fc.signal	0.382901	0.432498	0.439543	0.297913	0.0858417	0	0	0	0	0.101847	0.130363	0.144043	0.161848	0.22671	0.186395	0.116964	0.355876	0.195594	0.0248595	0.368956	0.574555	0.232378	0.00958127	0	0	0.0271037	0.252344	0.89166	0.796536	0.321611	0.16277	0.0217027	0	0	0.551948
ihec.chipseq.ihec-chipseq-containerv1.1.4.IHECRE00003676.3.fb569507-616e-4ddb-bce1-2cdd793c15be.fc.signal	0.45258	0.382344	0.690703	0.304261	0.451038	0.458614	0.0458906	0.260621	0.241957	0.437086	0.385191	0.540534	0.370694	0.523564	0.306732	0.417697	0.582543	0.22312	0.163229	0.0897305	0.206723	0.474916	0.474457	0.405599	0.39333	0.338681	0.336695	0.178897	0.534135	0.81205	0.633772	0.582829	0.52013	0.555262	0.648387
ihec.chipseq.ihec-chipseq-containerv1.1.4.IHECRE00003692.4.40ad2b6a-7c5b-4fe0-8afa-f12886fb0c69.fc.signal	0.182934	0.001854	0.0005114	0.109856	0.0292358	0.0610256	0.391478	0.251642	0.167425	0.135263	0.190874	0.0285296	0	0	0.0969645	0.121209	0.138103	0	0	0.103031	0.0713497	0.0700969	0.312446	0.0507614	0	0	0.0912969	0.0219802	0	0.148663	0.373165	0.203338	0.231293	0.028782	0.531073
ihec.chipseq.ihec-chipseq-containerv1.1.4.IHECRE00003847.4.4f8cce6d-4994-48d9-b94c-e0d12d1ce300.fc.signal	0.44496	0.77309	0.761225	0.242929	0.456154	0.562889	0.714001	0.2264	0.926161	0.546074	0.629924	0.361006	0.406558	0.615716	1.07095	0.619185	0.693493	0.745956	0.264575	0.456124	0.729524	0.765335	0.591586	0.621712	0.645627	0.497647	0.601658	0.2748	0.15025	0.337679	0.339642	0.287581	0.65378	0.115608	0
ihec.chipseq.ihec-chipseq-containerv1.1.4.IHECRE00000784.3.f2286a0c-dba6-4a30-897c-ba6f1fff3167.fc.signal	0.0856696	0	0.654217	0.765379	0.349384	0	0.324305	0.0290597	0	0	0.0684825	0.89701	0.247967	1.10343	0.161245	0.910397	0.953492	0	0.517334	0.427306	0.450121	0.279009	0.0938168	0.181846	0.128263	0	0	0.324999	0.65868	0.134805	1.12234	1.21195	0.539893	0.366677	0.4375
ihec.chipseq.ihec-chipseq-containerv1.1.4.IHECRE00001914.1.e1cff7ed-c2ef-4b6d-8184-ab7441cefe26.fc.signal	0.586075	0.472523	0	0	0	0	0.176393	0.635589	0.0428187	0	0	0.362972	0.956076	0.661098	0.315723	0.332465	0.728127	0.232493	0	0.174213	0.607025	0.396029	1.16043	0.527839	0	0	0.0183697	0.405241	0.668899	0.225573	0	0	0.610018	1.09569	0.636364
ihec.chipseq.ihec-chipseq-containerv1.1.4.IHECRE00004728.1.2ec80afa-2336-413b-8bd9-49d8ccaa2370.fc.signal	0.258486	0.705651	0.459953	0.101647	0.228042	0.567311	0.390263	0.727029	0.560024	0.40533	0.259442	1.03727	0.94914	0.67972	0.680643	0.708262	0.22897	0.139083	0.181765	0.353268	0.492995	0.44848	0.474275	0.29513	0.164413	0.0810888	0.488806	0.455509	0.278138	0.517395	0.834127	0.336461	0.191163	0	0.374408
ihec.chipseq.ihec-chipseq-containerv1.1.4.IHECRE00000348.2.199c7007-224d-4e2c-9f9c-6b9a53277081.fc.signal	0	0	0.249638	0.274278	0.775612	0.683806	1.55334	1.97168	1.0465	0.977339	0.0143731	0.377048	0.889886	0.104205	0.682225	0.675539	0	0.97635	1.86143	0.837237	0.112903	0	0	0	0.489764	0.97113	0.262309	1.07799	0.26231	0.243123	0.658909	1.12799	1.01481	0.476164	0.578125
ihec.chipseq.ihec-chipseq-containerv1.1.4.IHECRE00000969.7.22142533-566c-427b-ba85-c5bd39fb7b54.fc.signal	0.222536	0.98033	1.25474	0.115984	0.725039	0.23852	0.343087	0.679129	0.463934	0.379018	0.458856	0.0687439	0.138846	0.0625357	0	0.173483	0.252973	0.777841	1.40425	1.20224	0.11524	0.0829909	0.353755	0.360548	0.261555	0.391454	0.568554	0.361746	0.0643179	0.723578	0.191991	0.243391	0.00918827	0	0.183486
ihec.chipseq.ihec-chipseq-containerv1.1.4.IHECRE00001903.1.416699f9-7423-4550-be49-8f02faa2b0d5.fc.signal	1.618	1.30249	0.65812	0.751693	0.871238	0.506102	0.514403	0.553041	0.50957	0.2143	0.438451	0.74603	0.489409	0.410354	0.355204	0.146102	0.136258	0.593974	0.907717	0.633876	0.541592	0.307851	0.191564	0.452809	0.319638	0.172222	0.377178	0.687012	0.483166	0.144059	0.271584	0.402324	0.64832	0.791771	0.570866
ihec.chipseq.ihec-chipseq-containerv1.1.4.IHECRE00000223.3.87bd77ec-3829-4467-a200-aa2df0091de8.fc.signal	0.593699	0.336554	0.498375	0.525747	0.630989	0.953175	1.05586	0.401829	0.43909	0.514088	0.615193	0.558899	0.344874	0.263242	0.351566	0.695429	0.656948	0.371992	0.455441	0.302202	0.189889	0.065834	0	0	0.0690909	0.240439	0.208031	0.152387	0.107435	0.173073	0.153794	0.240428	0.615133	0.437452	0.5
ihec.chipseq.ihec-chipseq-containerv1.1.4.IHECRE00001915.1.157a80ac-2af3-454a-beb9-f93ae4d749f1.fc.signal	0.402016	0.171853	0.128012	0.150395	0.527547	0.230987	0.666978	0.530483	0.346584	0.168718	0.0946199	0.276415	0.193358	0.531723	0.260935	0.382771	0.49001	0.767623	0.35993	0.26446	0.451217	0.25047	0	0	0.416551	0.711416	0.62818	0.539694	0.200554	0.203051	0.324683	0.199391	0.284325	0.0479839	0.503067
ihec.chipseq.ihec-chipseq-containerv1.1.4.IHECRE00000235.3.e718e383-8624-4fbc-ae80-8a013cf8e0a0.fc.signal	0.216128	0.271118	0.255557	0.547381	1.81305	1.21745	0.109409	0	0.380631	0.403399	0.671581	1.30992	0.644266	0.0779854	0.174809	0.163537	0.169555	0.189899	0.458633	0.614215	0.344758	0.151531	0	0	0	0.147164	0.360483	0.423332	0.444888	0.349712	0.0177823	0	0	0	0.486111
ihec.chipseq.ihec-chipseq-containerv1.1.4.IHECRE00003824.4.3393cdeb-e872-46c4-bde0-73b65c9b81ab.fc.signal	0.435898	0.481094	0.604481	0.355438	0.256921	0.0702257	0.605881	0.0862263	0.370159	0.0299639	0	0.0260304	0.556782	0.429029	0.923688	0.844157	0.0107689	0	0.0992874	0.314199	0.525154	0.932253	0.457074	0.54688	0.289691	0.841566	0.348146	0.218489	0.203541	0	0.134801	0.679722	0.339041	0.43782	0.462312
ihec.chipseq.ihec-chipseq-containerv1.1.4.IHECRE00003675.3.c89e7674-ad0a-4af9-b8e6-347f54ee25d4.fc.signal	0.724056	0.468533	0.320782	0.458737	0.381937	0.332629	0.542798	0.64228	0.499104	0.319779	0.325926	0.377039	0.359906	0.462036	0.515277	0.566734	0.20875	0.138499	0.192797	0.129279	0.232065	0.48842	0.631074	0.342239	0.286968	0.225916	0.338668	0.464026	0.161555	0.224738	0.595921	0.60749	0.312153	0.227685	0.556231
ihec.chipseq.ihec-chipseq-containerv1.1.4.IHECRE00003716.2.82ebcb5f-2b06-40e6-9298-a18d7df57bef.fc.signal	0.550556	0.0634381	0	0.727247	1.53265	0.616581	1.06413	0.344232	0	0.502901	0.218061	1.04495	1.81173	0.714719	0.261074	0.602978	1.07184	0.190095	0.22233	0.697067	0.399032	0	0.0872279	0.34049	0.177683	0.041435	0.536876	0.519536	0.397239	0.26014	0.154379	0.380732	0.0728242	0.237872	0.190083
ihec.chipseq.ihec-chipseq-containerv1.1.4.IHECRE00004610.2.a09fe774-2340-4b95-8e12-12f615ed6e0b.fc.signal	0.547211	0.474316	0.69923	0.516803	0.333197	0.422727	0.587022	0.184006	0.582261	0.449584	0.108364	0.161155	0.558967	1.31986	0.283612	0.316489	0.455996	0.198379	0.802396	0.579161	0.230324	0.104001	0	0.263515	0.490632	0.226186	0.277313	0.0445539	0.582369	0.418748	0.47043	0.484385	0.396986	0.0635387	0.348739
ihec.chipseq.ihec-chipseq-containerv1.1.4.IHECRE00003679.3.5e5b25af-d97d-461f-8d8a-fbde27405ef2.fc.signal	0	0.159633	0.184791	0.0387323	0.306388	0.0736206	0.0858582	0.209497	0.213885	0.313501	0.137269	0.0872635	0.264431	0.15993	0.302376	0	0	0	0.108369	0.15904	0.0147415	0.15659	0.0798851	0.280396	0.178678	0.406504	0.356337	0.0584858	0.141293	0.0873564	0	0.0374703	0.235713	0.417444	0.689796
ihec.chipseq.ihec-chipseq-containerv1.1.4.IHECRE00003396.1.0101c129-8d25-4833-adbc-872c2164040d.fc.signal	0	0	0.428303	0.014474	0.453044	1.11425	0.647027	0.744464	0.389326	1.24476	0.370032	1.06824	1.06595	0.967165	0.974143	0.689881	1.35543	0.784562	0.783931	0.493165	0.675982	0.0823036	0.16501	0.685222	1.51142	2.82128	1.02413	0	1.02724	2.26693	0.670549	2.24515	2.56035	0.777787	0.243056
ihec.chipseq.ihec-chipseq-containerv1.1.4.IHECRE00004608.1.51923222-e72a-4522-b89e-61752ad6e164.fc.signal	0.345922	0.380563	0.341707	0	0.884885	0.291044	0.392046	0.875791	0.948454	0.769677	0.109434	0.327318	0.270319	0.168574	0.481449	1.36535	1.45229	0.257233	0.488678	0.674998	0.202526	0.865208	0.689491	0.196115	0.280678	0.071489	0.440481	0.517143	0.61651	0.694346	0.448316	0.685198	0.307063	0.466032	0.421769
ihec.chipseq.ihec-chipseq-containerv1.1.4.IHECRE00001027.7.f9bfafa6-e51d-4d9e-b808-d0c14acada5d.fc.signal	0	0	0.790359	1.1556	0	0	0	0	0	0	0	0	0.389118	0.74099	0	0	2.18647	0	0	0.336118	0.451925	0	0	0	0	0	0	0.969535	1.06277	0	0	0	0	0	0.415525
ihec.chipseq.ihec-chipseq-containerv1.1.4.IHECRE00003691.3.d84b63c8-b66b-45e3-807a-f78312228ee9.fc.signal	0.304743	0.338237	0.520489	0.498273	0.295441	0.285373	0.230132	0.0509417	0	0.160845	0.0919047	0	0	0.0483631	0.0503697	0.103484	0.0299642	0	0.0559215	0.11466	0.637285	0.197735	0	0	0	0.365234	0.11135	0.244969	0.0528715	0.17157	0.322609	0.0221744	0.133886	0.19615	0.582609
ihec.chipseq.ihec-chipseq-containerv1.1.4.IHECRE00002086.1.e94dc50d-5d07-421e-95e0-6d1d792d2f56.fc.signal	0.244354	0	0	0	0	0.26337	0.880783	0.0039774	0	0	0	0	0	0	0	0.251217	1.03209	0.237941	4.43155	1.27506	0	0	0	0	0	0	0	0	0	0	0.107387	1.67427	0.751561	0	0.647541
ihec.chipseq.ihec-chipseq-containerv1.1.4.IHECRE00000236.3.a73b7d7a-72c8-4781-91d5-38a6f8ee33c5.fc.signal	0.230904	0.305328	0.253694	0.384	0.852605	0.762583	0.917751	1.2323	0.888872	0.688447	1.09735	1.06331	0.758167	0.369673	0.32179	0.870966	0.763341	0.150293	0.0478775	0.260665	0.635901	0.395923	0.0483883	0.0593007	0.292684	0.506357	0.546499	0.18693	0.0797983	0.846444	1.78168	1.48701	0.877978	0.323066	0.318182
ihec.chipseq.ihec-chipseq-containerv1.1.4.IHECRE00001039.6.36c88d13-9712-4dd8-b993-ed15aa2b6721.fc.signal	0.241774	0.155767	0.295973	0.558026	0.388627	0.558316	0.691233	1.48496	0.920997	0.642954	1.55146	1.16267	1.53677	1.54353	1.9853	1.22348	0.317289	0.452591	0.506346	0.341706	0.329795	0.743961	0.728083	0.621852	1.07816	0.427999	0.20654	0.447886	0.507456	0.350681	0.541181	0.51812	0.395651	0.42963	0.467836
ihec.chipseq.ihec-chipseq-containerv1.1.4.IHECRE00001246.1.b67b431c-53af-4652-ab8a-679d18f8a1da.fc.signal	0	0	0	0	0.0306664	1.59876	2.75351	2.18079	1.20306	1.1617	1.20523	0.849854	0.31759	1.27454	0.0695679	0	0.680653	1.48504	2.93896	0.587992	0.397701	0	0	0	0.218073	1.67175	1.44824	0.68546	0.877271	0.569155	0.162702	0.900899	0.213921	0.672057	0.574257
ihec.chipseq.ihec-chipseq-containerv1.1.4.IHECRE00003837.4.2decf229-d57c-4c34-87d3-51ccee560986.fc.signal	0.244604	0.356549	0.338967	0.251989	0.499805	0.25126	0.80305	0.6104	0.158673	0.422368	0.273656	0.957826	0.624081	0.00554933	0.0786726	0.822918	0.584481	0.0906013	0.222595	0.524361	0.845916	0.71036	0.800354	0.756815	0.5922	0.119217	0.589374	0.130298	0.842907	0.249233	0	0.34213	0.444382	0.943102	0.756098
ihec.chipseq.ihec-chipseq-containerv1.1.4.IHECRE00001916.1.802aebed-eb83-4be2-ad4b-531b9669219c.fc.signal	0.069862	0.187779	0.198082	0.492142	0.166334	0.101529	0.308193	0.424468	0.480153	0.406862	0.541035	0.728296	0.48272	0.589545	0.301853	0.28319	0.341218	0.0612612	0.234365	0.73505	0.0376191	0	0	0.00134987	0.339095	0.148443	0.134558	0.776698	0.724922	0.267327	0.365817	0.345351	1.26375	0.493168	0.641026
ihec.chipseq.ihec-chipseq-containerv1.1.4.IHECRE00000055.3.c103ff2c-a6eb-4f1b-a426-7944eb0db1a5.fc.signal	0	0.110134	0.670484	0.511304	0.871832	1.11852	0.980616	0.850285	0.234656	0.239431	0.0218868	0.604867	0.594552	0.316169	0.455643	0.0037048	0	0.554469	0.685791	0.0474214	1.40076	0.784088	0.465583	0.0592816	0.474743	0.745108	0.53623	1.69988	0.485158	0.565409	0.528931	0	0	0	0.601266
ihec.chipseq.ihec-chipseq-containerv1.1.4.IHECRE00001956.2.e92029f9-8392-4a2c-a025-c83250d53808.fc.signal	0.285855	0.241568	0.348259	0.305996	0.883856	0.0824113	0	0.0504823	0.287245	0.14647	0.148538	0.201355	0	0	0.109295	0.278387	0.168936	0.255434	0.403553	0.105433	0.182973	0.016356	0	0	0	0.0966272	0.27579	0.126823	0.243874	0	0	0	0	0	0.661808
ihec.chipseq.ihec-chipseq-containerv1.1.4.IHECRE00000059.3.fd09db81-b70e-42c7-a7a4-5b21da281b0c.fc.signal	0.787069	0	0	1.02176	1.69414	1.32458	1.1846	0	0	0	0	0	0	0.0413232	2.6457	2.01747	0.440085	0.757729	0.592299	0	0.421602	0.879241	0	0	0	0	0.520872	0.933671	0.0472245	0	0	0.111565	1.14537	0.145708	0.554348
ihec.chipseq.ihec-chipseq-containerv1.1.4.IHECRE00004888.1.f9db8d06-2630-4975-9e52-9172ce2a1bd6.fc.signal	0.10967	0.745281	0.0394438	0	0.628166	0.394879	0.380378	0.863281	0.496538	0.496242	1.16549	0.945803	0.530761	0.813443	0.033484	0	0.245206	0.876642	1.35188	0.727794	0.544318	0.34634	0.491085	0.0381926	0.369331	0.192669	0.769219	1.39945	0.522185	0.415737	0.81493	0.386617	0	0.203222	0.450382
ihec.chipseq.ihec-chipseq-containerv1.1.4.IHECRE00004604.3.b5ebcf48-be4a-49da-a893-8701e4421bd8.fc.signal	0.217771	0.651311	0.251505	0.25563	0.515107	0.261162	0.22816	0.0931696	0	0.26437	0.400459	0	0.0135805	0.348695	0.293443	0.449481	0.124788	0.286129	0.195009	0	0	0	0.0973787	0.664572	0.147668	0	0.261737	0.0466527	0	0	0	0.0701941	0.316303	0.0525788	0.232044
ihec.chipseq.ihec-chipseq-containerv1.1.4.IHECRE00001335.1.7f84d3cf-3693-41bf-993f-b100bfa2fe24.fc.signal	0	0.163799	0.386151	0	0.54411	0.559056	0.591571	0.662634	0.128608	0.880835	0.467387	0.110048	0.507779	0.815534	0.235042	0.32418	0.261482	0.0349526	0.28459	0.276585	0	0.181773	0.598206	0.219054	0.0994121	0.696104	0.556369	0.0394022	0.695034	0.528877	0.724274	0.429071	0.302666	0.372317	0.719298
ihec.chipseq.ihec-chipseq-containerv1.1.4.IHECRE00003821.3.43827613-54ef-409d-9a0a-96bb52b3ce7f.fc.signal	0.224776	0.281585	0.239938	0.735006	0.0968301	0.0557345	0.0479765	0	0.109635	0.270648	0.123829	0.063762	0.588697	0.212486	0.241321	0.168613	0.404484	0.250174	0.0766563	0.172724	0.155844	0.55036	0.692287	0.0370953	0.483775	0.187598	0.110289	0.106823	0.147407	0.35232	0.608267	0.242347	0.401692	0.582712	0.613982
ihec.chipseq.ihec-chipseq-containerv1.1.4.IHECRE00000987.6.8acf33db-7deb-4ee2-849a-9a31ff1a6d2b.fc.signal	0.436414	0.817607	1.50893	0.137964	0	0	0.762168	0.874945	0	0.673847	0.428285	0.405455	0.303388	0.440808	0.239474	0.133885	0.174959	1.08654	0.495015	0.678811	1.08763	0.473633	0.314338	0.387027	0.926125	0.170324	0.437442	1.27903	0.868747	0.167975	0.23351	0.0231227	0.0508713	0.53809	0.445455
ihec.chipseq.ihec-chipseq-containerv1.1.4.IHECRE00000243.3.c65b12e4-a68a-4f3c-aa42-e82ee56c7feb.fc.signal	0.47257	0.455267	0.516694	0.228051	0	0.278319	0.545782	0.405674	0.848401	0.753663	0.535878	0.878192	0.802091	0.916848	0.866945	0.955813	0.891786	0.483158	0.767897	0.892578	0.725185	0.467041	0.0303785	0	0.0144159	0.383901	0.388577	0.233005	0.253226	0.292876	0.329908	0.709055	0.95656	0.430953	0.350962
ihec.chipseq.ihec-chipseq-containerv1.1.4.IHECRE00001964.2.833a4d12-f55a-4d20-8f65-69bf9d8fbcf1.fc.signal	1.93797	1.06575	0.352451	0.207597	0.586411	0.382091	0.71138	0.332916	0.105981	0.0019056	0	0.139843	0.365125	1.11722	0.63881	0.632905	1.15465	1.18593	1.31185	0.592641	0.905085	0.255638	0.295579	0.252365	0.225351	0.764081	0.573961	0.586748	0.612206	0.371814	0.186542	0.179603	0.660525	0.826794	0.637306
ihec.chipseq.ihec-chipseq-containerv1.1.4.IHECRE00000013.3.7b485c8e-2ba6-4ba4-bb0c-5db4ffb286e5.fc.signal	0.121878	0	0	0.363082	2.26827	0.988962	1.57282	1.59732	0.146042	0	0.927377	1.88034	0.245853	0	0	0	0	0	0	0.726896	0.320359	0	0	0	0	0.396601	0.271436	0	0	0	0.13832	1.03594	0.604248	1.03092	0.638298
ihec.chipseq.ihec-chipseq-containerv1.1.4.IHECRE00004713.2.dc7d36a0-32c9-47d0-9c59-4029c2bb7b08.fc.signal	0.74414	0.234892	0.059207	0.386079	0	0	0	0	0.140649	0.731916	0.999364	0.170621	0.11088	0.608137	0.026698	0.038278	0.38276	0.0241553	0.280792	0	0	0	0	0.208969	0.068652	0.107772	0.899295	0.46834	0.48946	0.015256	0	0.283586	0.136865	0	0.583333
ihec.chipseq.ihec-chipseq-containerv1.1.4.IHECRE00004614.1.f70f08d5-c239-488a-9fd2-9ee11b8ea04b.fc.signal	0.345798	0.264574	0.0340635	0.196469	0.0785358	0	0.0501023	0.355076	0.377545	0.0733104	0.0125353	0.0892069	0.201483	0.286704	0.0801913	0.214523	0.21653	0.0741801	0	0	0	0	0	0.217119	0.31676	0.130177	0.162523	0.556308	0.0220531	0.110684	0.383832	0	0.251083	0.175371	0.422311
ihec.chipseq.ihec-chipseq-containerv1.1.4.IHECRE00001044.7.e0ba87df-93d1-418d-8f45-e1c64bd56fa6.fc.signal	0.0746179	0.532461	0.957122	0.795899	0.499605	0.485129	0.563965	0.323047	0.498968	0.283629	0.726377	1.85735	1.12227	0.632308	0.437708	0.440552	0.305486	0.393811	0.303472	0.442937	0.421022	0.160996	0.168275	0.18707	0.641466	1.13314	0.828986	1.05844	0.724698	0.625165	0.970271	0.916693	0.777815	1.02891	0.497076
ihec.chipseq.ihec-chipseq-containerv1.1.4.IHECRE00000283.2.5a818d1d-f31a-48e5-84a3-4f1540a4a17a.fc.signal	0.0972	0.362328	0.156487	0.330738	0.729	0.25029	0	0.208354	0.3645	0.06804	0	0.358716	0.274478	0	0	0	0	0	0	0	0	0.10425	0.16786	0.0625928	0	0	0.30618	0.729	0.44955	0.359341	0.112825	0	0	0	0.623932
ihec.chipseq.ihec-chipseq-containerv1.1.4.IHECRE00001893.4.4164b172-b072-474a-8b05-6452f6b50d11.fc.signal	0	0	0	0.227194	0.206817	0	0.298021	0.289374	0.447945	0.719585	0.546093	0.421155	0.77803	0.020743	0.187397	0.750898	0.605799	0.510519	0.703926	0.924359	1.12593	0.5688	0.48186	0.277059	0.432986	0.663014	0.639106	0.135473	0.298366	0.0795801	0.346902	0.0152412	0	0	0.42
ihec.chipseq.ihec-chipseq-containerv1.1.4.IHECRE00004884.1.4a1d8421-a3b2-4222-98f9-a6a8de88d6d4.fc.signal	0.320112	0.829855	0.129302	0	0.143867	0.433142	0	0.591887	0.537146	0.368966	0.0036866	0.7834	0.305066	0.996205	1.56784	0.678756	0	0.167681	1.16208	0.379853	0	0	0	0.606272	0.846694	0.30282	1.04707	1.0419	1.08993	0.214232	0	0.898707	0.641739	0	0.504
ihec.chipseq.ihec-chipseq-containerv1.1.4.IHECRE00001907.1.b966e498-d9a0-444f-86dc-2c73303063dc.fc.signal	1.06291	0.588425	0.676405	0.287677	0.46074	0.996175	1.26207	0.772826	0.738872	0.697185	0.646336	0.248927	0.410746	0.639074	0.311234	0.215599	0.376929	0.49076	0.666215	0.649237	0.34685	0.0361485	0.2087	0.437514	0.408472	0.489847	0.282265	0.576217	0.769582	0.852959	0.214749	0.729398	1.05013	0.449255	0.316384
ihec.chipseq.ihec-chipseq-containerv1.1.4.IHECRE00004602.2.8c1b88ed-9dd7-47b3-9254-5ee4e7dfb879.fc.signal	0.0533201	0.190872	0.0897986	0.367185	0.276858	0.207832	0.563586	0.405948	0.26792	0.658848	0.112516	0.174953	0	0.0382195	0.181463	0	0	0	0.0214676	0.407127	0.327599	0.17379	0	0	0.003776	0.218367	0.260625	0.0724921	0	0	0	0	0	0	0.213592
ihec.chipseq.ihec-chipseq-containerv1.1.4.IHECRE00000225.3.dc192ce6-d2cc-4825-bd44-c239ac36948f.fc.signal	0.368597	0	0	0.0079316	0.615449	0.650437	0.756509	0.967784	0.699079	0.714162	0.283742	0.146701	0.0994185	0.552425	0.564417	0.301105	0.329532	0.149857	0.142856	0	0.186938	0.491307	0.230896	0.0289998	0.257776	0.337631	0.207619	0.0869845	0.230217	0.213052	0.427473	0.332389	0.0407016	0	0.540373
ihec.chipseq.ihec-chipseq-containerv1.1.4.IHECRE00001904.1.0acd5931-0b73-476b-8e24-3d3f33e51c4f.fc.signal	0	0.339198	0.490143	0.200695	0.491867	0.791906	0.569701	0.518741	0.572062	0.619204	0.255462	0.549065	0.748784	0.232211	0.191601	0.0288282	0.220656	0.622897	1.05758	1.53652	0.716423	0.9424	0.271595	0.29793	0.103599	0.220864	0.433401	0.657917	0.112364	0	0.576443	0.432598	0.996307	0.0738321	0.643411
ihec.chipseq.ihec-chipseq-containerv1.1.4.IHECRE00003715.2.77d0951a-133c-4686-8405-aa8093c5992e.fc.signal	0.113151	0	0	0.612348	1.11128	0.915319	0.987501	1.51644	1.13173	1.42909	0.48637	1.76863	1.23203	0.441467	0.594415	0.569453	0.923093	0.613626	1.27714	1.29854	0.757302	0.132611	0	0.297894	0.978607	0.717898	0.513205	1.40257	1.37947	0.567294	0.196037	0.560854	0.332026	0	0.517647
ihec.chipseq.ihec-chipseq-containerv1.1.4.IHECRE00004606.2.ab229d27-fab9-498a-94c4-1828601ac534.fc.signal	0.50393	0.732	1.10406	0.457128	0.555221	0.407559	0.75175	0.55254	0.300772	0.798915	0.432378	0.890312	0.179843	0.685672	0.222364	0.411638	0.177829	0.34499	0.861247	0.727847	0.88844	0.62342	0.135326	0	0.0614176	0.418609	0.134454	0.208747	0.0835583	0.239781	0.470829	0.210331	0.594801	0.153995	0.286765
ihec.chipseq.ihec-chipseq-containerv1.1.4.IHECRE00004641.3.6bdfceff-da00-46c6-af8d-4738c1100d68.fc.signal	0.230647	0.307708	0.604323	0.609662	1.27728	0.54395	0.535162	1.02891	0.458573	0.295324	0.879118	1.14203	1.60203	0.858745	0.690309	0.485689	0.48248	0.452184	0.451361	1.22633	0.689227	0.752147	0.944854	0.521947	0.743358	0.590913	0.651211	0.708964	1.26198	1.4217	1.23277	0.844693	1.44828	1.09638	0.661871
ihec.chipseq.ihec-chipseq-containerv1.1.4.IHECRE00000347.2.60ebcc77-d63b-4671-83a5-b16a7df330d3.fc.signal	0	0.101796	0.329454	0.302906	0.0238359	0	0.0946968	0.677836	0.520772	0.0624138	0	0.249518	0.192561	0	0	0.154634	0.161891	0	0	0	0	0	0	0	0.0421713	0.31763	0.490654	1.08883	0.72301	0	0	0	0	0.104258	0.504505
ihec.chipseq.ihec-chipseq-containerv1.1.4.IHECRE00004607.2.e413ffcf-e079-4615-8c2e-2d70941b24fa.fc.signal	0.887962	0.674543	0.937392	0.402425	0.0032266	0.124474	0	0	0	0	0.0679984	0.249981	0	0.0252653	0.700788	1.56678	0.304008	0.471425	0.597255	0.646819	0.353522	0.362397	0.20115	0	0.136628	0.303515	0.241737	0.204567	0.122054	0.188807	0.433148	0.767346	0.318707	0.112749	0.281818
ihec.chipseq.ihec-chipseq-containerv1.1.4.IHECRE00002058.1.1ab14ae8-0dbb-450f-8b35-57be9ec93c65.fc.signal	0.754464	0.487634	0.0887891	0.494789	0.520343	0.214429	0.131424	0.246484	0.259804	0.167806	0.144023	0.582302	0.333081	0.216301	0.0141249	0.499162	0.312462	0.315354	0.884426	0.720332	0.11704	0.171128	0.0566667	0.096492	0.397033	0.193284	0.97578	0.904094	0.276522	0.0071472	0	0	0	0	0.616071
ihec.chipseq.ihec-chipseq-containerv1.1.4.IHECRE00000226.3.2fab969c-48f4-4b84-972e-99f85803f009.fc.signal	0.378584	0.613086	0.759245	0.279636	0	0.203434	0.622407	0.468648	0.510354	0.370074	0.178797	0.274249	0.280954	0.35109	0.0612939	0	0.169153	0.18574	0.0584825	0.236526	0.17951	0.00115853	0	0	0.102134	0.368267	0.504856	0.436426	0.379669	0.453868	0.202111	0.278577	0.288663	0.103859	0.579832
ihec.chipseq.ihec-chipseq-containerv1.1.4.IHECRE00000231.3.884166bc-f176-439f-ae9a-24aaf283ecaf.fc.signal	0.203565	0.21843	0.0419841	0	0	0	0	0	0.346551	0.772362	0.135257	0	0	0	0	0.0127235	0.231003	0.296515	0.219943	0.0455293	0	0	0	0	0.197104	0.532996	0.945701	0.52604	0	0	0	0	0	0	0.303867
ihec.chipseq.ihec-chipseq-containerv1.1.4.IHECRE00003695.3.bdb135f7-e7e7-45ee-919a-f8d9bc37c43a.fc.signal	0.199982	0.109277	0.119902	0	0.229536	0.0660039	0	0	0	0.00492567	0.288239	0.00197027	0	0	0.0642949	0.0827512	0.0184226	0.11927	0.201871	0.0460277	0	0	0	0	0	0	0	0	0	0	0	0	0.0236432	0.388968	0.522667
ihec.chipseq.ihec-chipseq-containerv1.1.4.IHECRE00001471.1.ec8a676e-9e5b-4b67-aeab-fd46162c4925.fc.signal	0.192175	0.0158383	0.474387	0.654749	0.428032	0.564903	1.04194	0.475444	0.530164	0.531434	0.0978981	0.477441	0.350244	0.628941	0.998229	0.975136	0.0116035	0.581294	1.15508	1.95211	1.15966	0	0.295646	0.726489	0.948705	0.275848	1.0024	0.413633	0.67577	0.649148	0.290599	0.327297	0.224369	0.19149	0.602094
ihec.chipseq.ihec-chipseq-containerv1.1.4.IHECRE00003825.5.da4bf662-fef1-4043-a7b2-c71c32b5538b.fc.signal	0.266888	0.0740845	0.263431	0.851888	0.442438	0.31292	0.683743	0.134077	0.298964	0.657474	0.370358	0.880706	0.453903	0.706534	0.875475	0.662377	0.706274	0.347046	0.00447033	0.115919	0.231527	0.796726	0.310264	0.825558	0.549783	0.754704	0.487658	0.237817	0.659316	1.23087	0.456233	0.347428	0.380686	0.598387	0.440678
ihec.chipseq.ihec-chipseq-containerv1.1.4.IHECRE00000238.3.86299bdf-bbf6-4373-ba38-f36088dd35b0.fc.signal	0.132412	0.0670285	0	0.202328	0.986471	0.513882	0.287012	0.416401	1.11041	0.770546	0.131732	0.646366	0.395315	0.53286	0.586937	0.382379	0.885624	0.800922	0.43266	0.375819	0.249403	0.217509	0	0	0.326119	0.787043	0.398519	0.140582	0.295833	0.12017	0.336298	0.80211	0.863101	0.280952	0.426901
ihec.chipseq.ihec-chipseq-containerv1.1.4.IHECRE00003682.3.7f811740-bea6-414e-8ffe-06e6eae70d47.fc.signal	0.332664	0.225345	0.0580322	0.362198	0.547995	0.200015	0.181579	0.00315667	0	0.0185209	0.166147	0.199231	0.130598	0.103523	0.0151207	0.0359745	0.20221	0.132286	0.294673	0.124978	0.312842	0.631154	0.222325	0.130024	0.0853683	0.145669	0.157747	0.0069704	0	0.107266	0.115651	0.162802	0.476122	0.268979	0.692456
