	chr6:158660312-158660461	chr6:158660462-158660611	chr6:158660612-158660761	chr6:158660762-158660911	chr6:158660912-158661061	chr6:158661062-158661211	chr6:158661212-158661361	chr6:158661362-158661511	chr6:158661512-158661661	chr6:158661662-158661811	chr6:158661812-158661961	chr6:158661962-158662111	chr6:158662112-158662261	chr6:158662262-158662411	chr6:158662412-158662561	chr6:158662562-158662711	chr6:158662712-158662861	chr6:158662862-158663011	chr6:158663012-158663161	chr6:158663162-158663311	chr6:158663312-158663461	chr6:158663462-158663611	chr6:158663612-158663761	chr6:158663762-158663911	chr6:158663912-158664061	chr6:158664062-158664211	chr6:158664212-158664361	chr6:158664362-158664511	chr6:158664512-158664661	chr6:158664662-158664811	chr6:158664812-158664961	chr6:158664962-158665111	chr6:158665112-158665261	chr6:158665262-158665411	chr6:158665412-158665561	chr6:158665562-158665705	Expression
ihec.chipseq.ihec-chipseq-containerv1.1.4.IHECRE00001457.1.b29ef53b-7262-43e2-ab26-84dcd5c07165.fc.signal	0.101762	0.461764	0.82828	0	0	0.115329	0.159164	0	0	0.425526	0.199002	0.774175	0.241521	0.952673	0.38087	0.408337	1.52277	0.228409	0.177484	0.882404	0.97839	1.15105	0.681219	0.718361	0.38622	1.40648	0.587736	0.928481	1.34283	0.387628	0.218667	0.59079	0.416661	0.301423	0.201975	1.07807	0.635036
ihec.chipseq.ihec-chipseq-containerv1.1.4.IHECRE00000980.8.368c97f7-f82d-4e9f-a521-00182447a421.fc.signal	1.16	0.39293	0.991761	1.55482	0.445458	0.499904	1.69192	1.8348	0.827463	0	0.320839	1.10013	0.587808	0.758855	0.602036	1.31993	1.15335	0.550991	0.220095	0.872913	0.4985	0.605272	0.236281	0.410398	1.4865	0.910289	0.69928	0.471473	0.319919	0.236679	0.313464	0.411898	0.957611	0.479837	0.892538	1.6343	0.075
ihec.chipseq.ihec-chipseq-containerv1.1.4.IHECRE00003818.1.d9959e98-a5a9-490f-a9f0-358a1a711d27.fc.signal	0	0.0833212	0.420641	0.440236	0.11241	0.443538	0.517102	0.195542	0.248988	0	0	0	0	0.165039	0.330201	0	0.0348763	0.35742	0.477565	0.84885	0.292839	0.143404	0.581886	0.659499	0.406875	0.359613	0.637866	0.487687	0.135122	0.156705	0.819041	1.00676	0.245463	0.538058	1.09215	0.69145	0.255507
ihec.chipseq.ihec-chipseq-containerv1.1.4.IHECRE00001961.2.993ec17f-4277-433d-a284-3906706ac1fe.fc.signal	0.100478	0.255385	0.0234329	0.254339	0.908364	1.06225	1.99597	0.244916	2.19317	0.654502	0	0	0.305144	0.706516	0.767763	0.285693	0.444508	0.348055	0.213857	0	0	0.0451625	0.606616	0.970699	1.47133	1.4179	1.21128	1.53698	0.587499	1.09319	0.182033	0.257767	0.292567	1.09861	0.517809	0	0.696361
ihec.chipseq.ihec-chipseq-containerv1.1.4.IHECRE00003816.1.4569d4d8-c896-418a-b870-e7afcf72b7d3.fc.signal	0.0484377	0.47553	0.302384	0.660811	0.474114	0.0833719	0.634879	0.148765	0.26324	0.167891	0.10756	0.329867	0.124886	0.386368	0.546538	0.433072	0.692296	0.722569	0.415475	0.396269	0.391247	0.0650909	0.0623685	0.220042	0.131455	0.0807945	0	0.145721	0.272452	0.249379	0.996146	0.495908	0.19407	0.404356	0.0181744	0.161281	1
ihec.chipseq.ihec-chipseq-containerv1.1.4.IHECRE00001908.1.4025739e-d017-417d-bd1b-2254ef9d0cdc.fc.signal	0	0.0820361	0.386091	0.320209	0.0991877	0.473859	0.226508	0.272287	0.0181296	0.0791329	0.0758697	0.3816	0.275048	0.411839	0.0172773	0	0.0452041	0.240233	0	0.0395809	0.18607	0.0217448	0.000966	0.246516	0.0160644	0.0705955	0.206197	0.37595	0.486677	0.641718	0.237992	0.0739979	0.0326078	0.145689	0.241864	0.187265	0.480946
ihec.chipseq.ihec-chipseq-containerv1.1.4.IHECRE00000949.6.4e9958ba-8dfc-4908-9654-b8c3286ec999.fc.signal	0.558317	2.72008	2.58943	1.05707	1.36453	1.25173	1.66928	1.31427	0.598966	0.809563	0.643713	0.227945	0.0960079	0.5044	0.421369	0.727111	1.19512	0.788295	0.895147	1.7392	1.51183	0.51335	0.684249	1.74832	1.86173	1.21641	0.312244	0.345567	0.352456	0.897004	0.743406	0.587296	1.43486	1.29637	3.08787	1.50419	0.235556
ihec.chipseq.ihec-chipseq-containerv1.1.4.IHECRE00000155.3.65fa8cc1-284a-4261-8b82-5bca18ab1a7b.fc.signal	0.12895	0	0	0	1.21464	1.07375	0.444895	0	0	0.278824	0.345532	0.141801	0.251772	0	0	0.183362	0.495362	0.870825	0.00753893	0	0.490587	2.31636	0.320371	0.791382	1.44708	0.718092	0.116353	0.0994745	0.665263	0.0798252	0	0	0	0.461497	0.311857	0.979456	0.80786
ihec.chipseq.ihec-chipseq-containerv1.1.4.IHECRE00000810.3.f937c5a8-f739-4eba-91ed-5c0fce69c73d.fc.signal	0.251485	0.253734	0.471264	0	0	0	0	0.107815	0.19819	0	0.517775	0.939795	0.242117	0.0706547	0.0467516	0.220853	0.653062	0.59664	0.868207	0.556367	0.0317128	0.00590047	0.564641	0.656918	0.0153563	0.513183	0.110831	0.139911	0.207762	0	0.136064	0.327318	0.140685	0	0	0	0.86722
ihec.chipseq.ihec-chipseq-containerv1.1.4.IHECRE00001913.1.0691c0e9-6039-4aa9-a294-80d73cee59d2.fc.signal	0.416761	0.195122	0.218627	0.588891	0.932741	0.572395	0.2014	0.481621	0.2577	0	0	0.792915	0.438645	0	0	0	0	0.494934	0.047504	0.0190016	0.700967	0.451288	0.814135	1.11065	0.451261	0.212377	0.855072	0.280274	0	0	0.17337	0.62257	0.0847046	0.342058	0.89319	1.60341	0.560754
ihec.chipseq.ihec-chipseq-containerv1.1.4.IHECRE00001008.4.aa01f6f8-93b0-4f0b-8191-bde89d903aa4.fc.signal	0.207365	0.345651	0.441985	0.182991	0.20164	0.385983	0.336466	0.418705	0.250229	0.0154387	0.022506	0.465001	0.478641	0.390782	0.535074	0.305188	0.496061	0.237359	0.430238	0.824681	1.67321	0.521389	0.115825	0	0.43351	0.4576	0.173269	0.49954	0.412655	0.415474	0.593482	0.242549	0.26789	1.05813	1.73892	1.23473	0.405983
ihec.chipseq.ihec-chipseq-containerv1.1.4.IHECRE00000053.3.6cb1979d-a688-443a-a34f-9028034c29a9.fc.signal	0	0.251178	0.54352	0.639904	0.275264	0.398375	1.43545	0.264115	0	0	0	0.615909	0.586629	0	0	0	0	0	0	0.0913342	0.82295	0.12731	0.22774	0.772508	0.519502	0.24941	0.10918	0.420801	0.324984	0	0	0	0.545481	1.45302	2.1433	1.87476	0.601399
ihec.chipseq.ihec-chipseq-containerv1.1.4.IHECRE00001954.2.c4a67634-cf89-4945-bb82-26e2fddb3f3f.fc.signal	0.100402	0.371086	0.523354	0.694123	0.725446	0.8897	1.5829	1.10742	0.690002	0.779122	0.424014	0.230816	0.393485	0.613955	1.08639	0.396372	0.408442	0.337308	0.458363	0.720556	0.426619	0.300414	0.308336	0.156676	0.0653477	0.0875195	0.455737	0.21518	0.0575038	0.37232	0.29786	0.322143	0.38406	0.442491	0.182885	0.228797	0.312977
ihec.chipseq.ihec-chipseq-containerv1.1.4.IHECRE00000195.3.5458814b-5fa1-4409-81d6-3110fe5029f7.fc.signal	0.882077	0.380429	0	0	0	0.5498	0.87965	0.973839	0.229232	0	0	0	0	0	0	0	0	0	0	0.110795	0.870734	0.81099	0.446268	1.66903	1.94444	1.20407	1.89387	1.67231	1.55937	0.247578	1.93072	1.38562	0.812241	3.20127	1.83942	0.176453	0.47807
ihec.chipseq.ihec-chipseq-containerv1.1.4.IHECRE00000239.3.318c4637-d1c5-4ab4-ab79-239ce2440f41.fc.signal	0.341691	0.411941	0.320032	0.543555	0.527876	0.463718	0.447756	0.343664	0.0696919	0	0	0	0	0	0	0	0.237994	0.491432	0.444776	0.352703	0.28704	0.305024	0.259558	0.562896	1.22164	0.48982	0.141432	0.211345	0.208016	0.0837227	0	0.0215935	0.41064	0.314412	0.108008	0.183376	0.489011
ihec.chipseq.ihec-chipseq-containerv1.1.4.IHECRE00000943.7.b97e43e6-4dfc-4f07-88bb-76ebefe1ddac.fc.signal	0.534599	1.0774	1.86285	1.36329	0.897448	0.929313	1.99602	1.47336	0.730333	0.376415	0.43177	0.481417	0.414369	1.07877	0.633025	0.856634	0.309345	0.465807	1.45319	1.87702	0.790573	0.734004	1.09754	1.31698	2.70624	1.63024	0.704262	0.217463	0.466232	1.04541	1.78682	1.6551	2.56864	2.3777	2.31548	2.06087	0.672956
ihec.chipseq.ihec-chipseq-containerv1.1.4.IHECRE00001959.2.50a44db1-655c-4546-8036-e7b247f25f5a.fc.signal	0	0	0	0	0.214741	0.454544	0.382012	0.0579005	0.526633	0.298341	0.057213	0.194529	0	0.472498	0.481019	0.095355	0.580614	0.271205	0.677394	0.314793	0.0287573	0	0	0	0	0	0	0	0	0.0445233	0.209304	0.150861	0.236963	0	0.482938	0.658856	0.644748
ihec.chipseq.ihec-chipseq-containerv1.1.4.IHECRE00001467.1.81f516cc-ec89-43f9-8fca-cec4ecf96cfc.fc.signal	0.63658	0.441373	0.332456	0	0.277744	0.77515	0.569129	0.987731	0.590529	0	0.149705	0.108826	0.014949	0.428403	0.58483	0.858606	0.625208	0.371493	0.515659	0.365325	0.696906	0.366563	0.316876	0.666335	0.29296	0.360362	0.625153	0.15375	0.649532	0.64736	0.340255	0	0.055568	0.592645	0.579742	0.561524	0.575472
ihec.chipseq.ihec-chipseq-containerv1.1.4.IHECRE00003803.1.8e45d3eb-43c4-4932-8fdd-020c9df5cc1a.fc.signal	0.892832	0.188796	0.419421	2.20997	1.08912	0.893445	0.72153	0.761473	0.309474	0.52005	0.5678	0.545816	1.10624	0.176446	0.187573	0.594486	0.481649	0.39107	0.651152	0.53265	0.360797	0.551046	0.947302	1.04423	0.537257	0.424225	0.315751	0.73968	0.540505	0.249116	0.169191	0.406051	0.464821	0.974363	0.466695	0.610505	0.178744
ihec.chipseq.ihec-chipseq-containerv1.1.4.IHECRE00000147.3.31a4c841-3d2e-437c-b7e3-cec67ef766c3.fc.signal	0.405751	0.403952	0.346189	0.582109	0.543507	0.0970927	0.835944	0.48903	0.0649388	0	0.0803439	0.297232	0.172621	0.432476	0.459924	0.689288	0.718063	0.396627	0.880247	1.18604	0.906988	0.358484	0.5679	0.306127	0.946396	0.536152	0.0373044	0.229816	0.494009	0.909964	0.441238	1.33209	0.248945	0	0.0709523	0.539036	0.797521
ihec.chipseq.ihec-chipseq-containerv1.1.4.IHECRE00000221.3.c3b55191-0fbe-42ec-a1e0-0d7c8c410fde.fc.signal	1.20982	0.98938	0.298164	0.012727	0.321517	0.251612	0.980243	0.795087	0.164447	0	0	0	0	0	0	0	0.118612	0.895317	1.02056	0.612197	0.87731	0.185787	0.10493	0.783318	0.487982	0.329773	0.2314	0.0209911	0	0	0	0	0.468131	1.11399	1.19145	0.617665	0.35524
ihec.chipseq.ihec-chipseq-containerv1.1.4.IHECRE00000177.3.83b0b921-e0bc-4aa4-a2f0-7efee9bf544b.fc.signal	0.00870267	0	0	0	0	1.12269	0.320876	0	0	0.0677407	1.05802	0.29171	0.29448	0	0	0	0	0.370826	0.079512	0	0.509652	0.874673	1.17937	0.670173	0.738488	0.666728	1.00814	0.375706	0	0	0.409722	1.59943	1.36475	0.500397	1.07376	0.489704	0.443609
ihec.chipseq.ihec-chipseq-containerv1.1.4.IHECRE00000734.3.517f2632-e6c4-42fa-8f96-3f8b0c26dc19.fc.signal	0.227595	0	0	0.44164	0.718008	0.692314	0	0.0491551	0.569018	0	0.532139	0.967657	0.209726	0.120194	0.225936	0	0	0	0	0	0	0	0.445958	0.380648	0.377038	0	0.014205	1.1269	0.270163	0	0	0	0.538768	0.161112	0	0	0.946667
ihec.chipseq.ihec-chipseq-containerv1.1.4.IHECRE00001906.1.165f7781-9b32-4127-9b7e-a3c22e1d8bc5.fc.signal	0.391317	0.468072	0.0593597	0.110023	0.42114	0.22909	0.105722	0.0730081	0	0.00365948	0.102501	0.0864386	0.136367	0.226261	0.0833436	0.287889	0.321086	0.203584	0.128929	0.133798	0.165095	0.482418	0.483907	0.437491	0.635218	0.396973	0.218842	0.541005	0.501077	0.299633	0.335161	0.0978361	0.121177	0.142749	0.2921	0.289126	0.182377
ihec.chipseq.ihec-chipseq-containerv1.1.4.IHECRE00000237.3.206f09d2-76dd-4938-b45e-439de4017881.fc.signal	0.773252	0.775332	0.868271	0.727649	0.545832	0.541155	0.760003	0.701639	0.246849	0.0358047	0	0	0	0	0	0	0.110553	0.795958	1.1731	0.909942	0.645671	1.11692	0.901672	0.636922	0.691695	0.349996	0.593773	0.595249	0.109033	0	0	0.334417	1.39847	0.976208	0.733542	0.68743	0.783505
ihec.chipseq.ihec-chipseq-containerv1.1.4.IHECRE00000109.3.a2cb3210-5c24-4e50-835f-1201fe42af76.fc.signal	0	0.306884	0.336138	0.112521	1.15816	0.572587	0.353164	0.479308	0.740353	0.895124	2.69214	3.2876	2.13522	0.702602	2.10744	1.36554	0.630242	0.759414	0.420041	1.10862	3.17719	3.41807	2.07012	1.39634	0.513763	1.00335	0.923314	0.22772	0.617224	0.799481	0.709528	1.20861	0.582408	1.90862	1.818	0.913322	0.539474
ihec.chipseq.ihec-chipseq-containerv1.1.4.IHECRE00000094.3.c60747a0-65be-430d-9bf1-640c270b6e6c.fc.signal	0.901194	0.220438	0	0.576941	0.715061	0	0	0	0	2.27286	1.32552	0.570158	0.534527	0	0	0	1.63671	3.04116	0	0	0	0.165083	2.73285	1.85801	2.28008	1.88413	0	1.67854	0.640083	0.746578	1.41269	0	0	0	1.7936	3.24438	0.544892
ihec.chipseq.ihec-chipseq-containerv1.1.4.IHECRE00003822.3.92277bf1-d852-4798-9042-40cf7998125a.fc.signal	0.159511	0.183858	0.328712	0.121755	0.0577527	0.331577	0.447638	0.24843	0.308595	0.390934	0.4843	0.757311	0.678173	0.451531	0.523079	0.257122	0.114749	0.155585	0.220821	0.261381	0.334732	0.290285	0.682067	0.283074	0.486506	0.889601	0.389177	0.510421	0.669024	0.831658	0.474822	0.465489	0.86082	0.786819	0.311777	0.906756	0.528103
ihec.chipseq.ihec-chipseq-containerv1.1.4.IHECRE00001549.1.a6c1b511-073a-4c3f-aaa3-66dd1c788117.fc.signal	0.29978	0.00799413	0.281836	0.497728	0	0.149497	0.248552	0.450615	0.0724981	0.087598	0.17929	0	0	0	0.226442	0.149626	0	0	0	0	0	0.33982	0.551899	0.146302	0	0	0	0	0	0	0.205849	0.183865	0.240456	0.165878	0.871469	0.778711	0.977477
ihec.chipseq.ihec-chipseq-containerv1.1.4.IHECRE00001965.2.ef4e5ad4-caa2-424f-9bf2-7145353fa420.fc.signal	0.317305	0.778777	0.474259	1.08956	0.468193	0.527769	1.62798	1.36958	1.03916	0.536687	0.930489	0.863511	0.809387	1.23659	0.586987	0.368523	0.460371	0.346988	0.434911	0.221379	0.439514	0.769245	0.472737	0.167079	0.335567	0.248485	0.119308	0.391424	0.381466	0.393137	0.291527	0.269326	0.85965	0.878267	0.638197	1.05043	0.458182
ihec.chipseq.ihec-chipseq-containerv1.1.4.IHECRE00000084.3.d70df12a-56c6-409a-9efd-6ac48fef39f8.fc.signal	0.176477	0.397137	0.34903	0.283247	0.275588	0.65576	0.0220908	0	0.591777	0.508955	0	0	0	0	0	0	0	0	0	0	0	0	0	0.586256	2.49506	0.566909	0.0187678	0.938043	0.418165	0.0478128	0.711163	0.214279	0	0	0	0	0.435583
ihec.chipseq.ihec-chipseq-containerv1.1.4.IHECRE00000159.3.dff5dbe0-28d6-4c21-adf0-9c1b89baf174.fc.signal	0.651166	0	0.492062	1.29725	0	0	1.05376	1.64021	0.74561	0.139181	0.760454	1.65018	0.774481	0.646436	0.879847	0.825471	0.609609	0.0447366	0.919554	2.42557	3.34509	3.23078	2.14171	0.201615	0	0.520892	0.187938	0	1.04379	0.630986	0	1.82911	0.833416	0.149122	1.47617	0.533318	0.616352
ihec.chipseq.ihec-chipseq-containerv1.1.4.IHECRE00004616.1.bed78e40-f7b3-4ebb-ad62-e7d9c6963ec8.fc.signal	0.526751	0.45749	0.365839	0.421381	0.618916	0.505498	0.692815	0.73499	0.203571	0.303852	0.403787	0.476228	0.206309	0.112567	0.280551	0.239782	0.200943	0.236825	0.454907	0.949544	0.452813	0.601353	0.493576	0.355118	0.478713	0.289885	0.122025	0.531082	0.820683	0.300598	0.521333	0.335191	0.320386	0.597535	0.340922	0.435107	0.175074
ihec.chipseq.ihec-chipseq-containerv1.1.4.IHECRE00003806.1.047c2416-3a22-4cd4-965c-493225f5ed12.fc.signal	0.174635	0.0481956	0.0888194	0.281348	0.294727	0.018522	0.119316	0.212606	0.104723	0.368679	0.284965	0.0356589	0.0296893	0.316733	0.250495	0.0661881	0.39012	0.395228	0.148418	0.154944	0.627605	0.860953	0.516604	0.940751	0.223314	0	0.0703613	0.440619	0.401279	0.7283	0.851889	0.55376	0.752111	0.430536	0.297662	0.369346	0.879696
ihec.chipseq.ihec-chipseq-containerv1.1.4.IHECRE00003826.4.87afad01-d436-4b9f-ad87-b00cd4a79273.fc.signal	0.245065	0.294914	0.332481	0.223787	0.288247	0.267626	0.845525	0.448516	0.43101	0.654174	0.446335	0.647616	0.405389	0.26077	0.251002	0.374183	0.150337	0.0823216	0.181423	0.120642	0.258304	0.112512	0.281931	0.316565	0.301053	0.338963	0.273585	0	0	0.112716	0.452894	0.747184	0	0	0.102867	0.19717	0.923858
ihec.chipseq.ihec-chipseq-containerv1.1.4.IHECRE00000194.3.1917ab06-c482-4280-95d3-df299df1fb8d.fc.signal	0.131335	0.393532	0	0	0.455275	0.623938	0.379918	1.25294	0.447422	0	1.0817	1.00997	0.0198391	0.456719	0.24785	0.376545	0	0	0	0	0.3299	0.104808	0.136197	0.486552	0.00793533	0	0	0	0.69429	0.214632	0.126009	0.879837	0.502635	0.525115	0.866674	0.405059	0.929919
ihec.chipseq.ihec-chipseq-containerv1.1.4.IHECRE00001526.1.d6566dd7-3419-47c8-a71d-319e525a8fea.fc.signal	0	0.0181263	0.487634	0.741319	0.00863227	0	0.161382	0.342271	0.128835	0.458679	0.264231	0.20699	0.253936	0.86361	1.17144	0.186785	0.0707875	1.05528	1.59575	1.18549	1.07214	1.31167	1.08383	0.354726	0.982359	0.522551	0.438176	0.0439847	0	0	0	0.168857	0.681449	2.23039	1.79667	0.527511	1
ihec.chipseq.ihec-chipseq-containerv1.1.4.IHECRE00000864.3.dbe74410-ef9b-4890-bc90-855bf41773d5.fc.signal	0.61323	1.55003	0.976044	2.28549	2.08298	0.332814	0.943369	0.73227	0.770207	0.693377	0.62085	0.352473	0	0.853335	0.364139	0.177852	0.47057	1.39291	0.360172	0.770237	0.0614889	0	0	0.383595	0.552778	0.0218379	0.342643	0.0412152	0.162736	0.132005	0.208135	0.938677	1.29745	0	0	0.37998	0.218462
ihec.chipseq.ihec-chipseq-containerv1.1.4.IHECRE00001235.5.85b1d8ad-328c-45c6-9e3b-50e5e5e241e1.fc.signal	0.0148273	0.19966	0.450894	0.66291	0.540662	0.922517	0.498378	0.149451	0.0187952	0	0	0	0.02134	0.213724	0	0.0114297	0.215149	0.178058	0.400002	1.04297	0.202817	0.273975	0.0982049	1.26693	0.957738	0.300262	0.203068	0.0809033	0.100751	0.101359	0.13715	0.545984	0.831049	0.519603	0.722847	0.353792	0.161036
ihec.chipseq.ihec-chipseq-containerv1.1.4.IHECRE00000142.3.d68ef71a-6619-4be2-ab76-ac39a82d9179.fc.signal	0.828757	0.783817	0.32228	0.616532	0.162438	0.39792	0.412815	0.403907	0.312964	0.352706	0.278927	0.654817	0.405796	0.168931	0.0620883	0.45606	0.708665	0.432883	0.426431	0.940333	0.883124	1.62668	0.864026	0.717913	0.170335	0.00845147	0.588577	0.612894	0.292288	0.373158	0.278149	0.193665	0.424321	1.10069	1.8026	0.847911	0.984848
ihec.chipseq.ihec-chipseq-containerv1.1.4.IHECRE00000121.3.4a5cfc14-4daf-4d77-9a82-2b790575203a.fc.signal	0	0	0	0	0	0	0.377562	0.130208	0	0	0.674296	1.57973	0	0	0	0.844555	1.72162	0.468081	0.040688	0	0.541883	0.456634	0	0.547382	1.19578	0.0483195	0.653551	0.347277	0	0.46942	0.133935	0	0	0	0	0	0.495726
ihec.chipseq.ihec-chipseq-containerv1.1.4.IHECRE00000775.1.45140bd1-90fe-4a64-8e67-977bea385e45.fc.signal	0.425789	0.627057	0.395481	1.32723	0.678499	1.11371	0.913644	0.315168	0.0913836	0.323935	0.0996771	0.369467	0.545741	0.46628	0.196687	0.254324	0.453566	0.696756	0.295358	0.269428	0.388709	0.32094	0.471213	0.832458	0.36286	0.237309	0.412001	0.229277	0.211441	0.182407	0.263843	0.68765	0.428314	0.842816	0.387622	0.404676	0.209705
ihec.chipseq.ihec-chipseq-containerv1.1.4.IHECRE00000241.3.952d10ed-db3c-403d-b33a-97f5002e56ff.fc.signal	0.0978915	0.308161	0.357608	0.218042	0.13236	0.322985	1.06181	0.686193	0.0520397	0	0	0	0	0	0	0	0	0.0100344	0.348277	0.780686	1.24536	1.03626	0.23164	0.39589	0.47298	0.0961576	0	0.145353	0.286992	0.0662192	0	0.0373528	0.0999145	0.388345	0.587326	0.376513	0.459144
ihec.chipseq.ihec-chipseq-containerv1.1.4.IHECRE00001488.1.a56d68df-e588-4449-af36-5380d7fb10c8.fc.signal	0.839622	0	0	0	0.792616	1.15671	0.800214	0.745599	1.05566	0	0.365325	0.813536	0.481562	0.498269	0.0766568	0	0.254361	0.613227	0.260508	0	0	0	0.52266	0.052266	0.264814	0.80481	0.0801412	0	0	0.29962	1.05912	1.1044	0.411138	0	0.512207	0.0653325	0.440351
ihec.chipseq.ihec-chipseq-containerv1.1.4.IHECRE00000188.3.aa79dbf5-f75e-4ba3-9aec-59cbc9a2028b.fc.signal	0.707452	0.383806	0.514711	1.38505	1.52716	2.05634	2.40065	1.28614	0.00798853	0	0	0.210479	0.295932	0.346519	1.00573	0.592644	2.24327	1.13996	0.90595	2.43983	0.88971	2.46617	1.57069	1.23029	1.73214	1.82196	0.449348	0.59803	0.191737	0	0	0.347615	0.746716	0.294689	1.60843	1.23533	0.854305
ihec.chipseq.ihec-chipseq-containerv1.1.4.IHECRE00000957.7.dd1317db-7d1b-41c7-a204-2df8f91c596d.fc.signal	0.46619	1.29076	1.14981	0.284207	0.496622	0.909696	0.96534	0.531719	0.182869	0	0	0	0.159551	1.18641	0	0	0.394176	0.0986165	0.600906	1.63797	0.843213	1.28249	1.41261	1.37805	2.01308	0.788641	0.368563	0.427748	0.777751	0.458059	0.0984947	0.683663	0.650563	1.08055	0.815988	0.11153	0.136612
ihec.chipseq.ihec-chipseq-containerv1.1.4.IHECRE00000267.2.376a8941-f774-4c13-97b2-15c3b703053f.fc.signal	0	0.346222	1.78259	2.83035	1.61449	1.6624	2.68195	3.95495	4.80209	4.21321	5.30731	3.90041	6.55507	4.31075	4.48338	4.94786	2.32666	2.90952	3.35002	3.30719	3.54417	4.45367	4.38895	6.31134	6.17795	5.87011	3.46802	3.65968	3.9664	5.66824	5.34243	5.9935	6.26689	5.73193	4.63193	3.65368	0.965957
ihec.chipseq.ihec-chipseq-containerv1.1.4.IHECRE00001458.1.d168a519-3b00-493d-a4f1-d91c8f1d604c.fc.signal	0.0246165	0.550509	0.483375	0.337918	0.384912	0.143223	0	0.183583	0.838401	0.590882	0.108397	0.293974	0.340042	0.318519	0.469618	0.692076	0.373073	0.66806	0.813575	0.625943	0.783306	0.523655	0.0783253	0.334844	0.766772	0.332321	0.315675	0.0492331	0	0.165341	0.297941	0.356663	0.145478	0.534336	1.48139	1.40377	0.392344
ihec.chipseq.ihec-chipseq-containerv1.1.4.IHECRE00000060.3.87d6d4cc-d709-448c-855d-51ab38c2c5f0.fc.signal	0	0	0.369056	0.262224	0	0	0.227134	0.639489	0.0793556	0	0.147343	1.06363	0.448242	0.239003	0.201031	0.142234	0.26422	0.741327	1.93018	0.384957	0.805221	0.872421	0.384821	0.981583	0.544608	1.27016	1.0041	0.180661	0.282304	0.0437819	0.445675	0.339418	0.964638	0.325338	0.400532	0.887414	0.515
ihec.chipseq.ihec-chipseq-containerv1.1.4.IHECRE00003832.2.e0246cbf-2d49-4bee-a25f-b1967eaad820.fc.signal	0.555666	0.204231	0.193658	0.130153	0.0377619	0	0	0.266513	0.117552	0.45162	0.348575	0.551167	0.485113	0.262512	0.712929	0.608154	0.503529	0.537183	0.50689	0.391439	0.129009	0.159177	0.25534	0.194737	0.173518	0.459537	0.728897	0.226162	0.100111	0.231575	0.205387	0.518645	0.36642	0.261807	0.417092	0.0681948	0.311207
ihec.chipseq.ihec-chipseq-containerv1.1.4.IHECRE00003812.1.63a55c7d-51f0-4637-84b6-522ad46573ec.fc.signal	0.0137345	0.496575	0.835435	0.782794	0.709415	0.520845	0.31989	0.448867	0.107462	0.230999	0.0203178	0.329755	0.223317	0.164511	0.0626179	0.399702	0.355637	0.284103	0.254824	1.49872	1.14284	1.47959	0.668342	0.665883	0.387693	0.784859	0.32076	0.187359	0.390097	0.466247	0.251369	0.300052	1.03837	1.31022	0.985005	0.759041	0.35
ihec.chipseq.ihec-chipseq-containerv1.1.4.IHECRE00003835.4.223aa04f-e316-48e4-abf6-e6d88a4e9390.fc.signal	0.644407	0.887309	0.839708	1.00693	0.564209	1.34613	1.56475	1.18295	1.09127	0.96803	2.50184	2.96377	1.40114	1.49219	1.78186	1.72085	1.18021	0.361264	0	0.360048	1.02597	1.02282	0.590719	1.65983	1.48287	2.54957	1.19595	1.63294	1.37913	4.09218	3.30623	2.11629	1.8941	1.76144	1.46595	0.350983	0.586207
ihec.chipseq.ihec-chipseq-containerv1.1.4.IHECRE00001460.1.40235741-bb90-41ef-92e9-8d550ae72a34.fc.signal	0.565731	1.4924	0.447686	0.113591	1.24737	1.26963	1.44338	1.20727	0.490003	0.858367	1.43325	1.22255	1.18681	1.83987	1.67281	1.37655	2.19845	2.66173	1.57479	1.5904	1.87326	3.48585	2.96465	1.4367	1.09363	0.683781	0.933244	1.06915	0.32073	0.465503	1.16937	1.50798	1.46566	1.12705	1.70621	1.51046	0.987013
ihec.chipseq.ihec-chipseq-containerv1.1.4.IHECRE00004681.3.e25da2b0-3beb-48b5-b4cb-d2ae704a33b2.fc.signal	0.423345	0.586024	0.460004	0.518733	0.31287	0.424224	0.140143	0.103225	0.517038	0.833199	0.729434	0.443539	0.545961	0.654913	0.453025	0.956504	0.947875	0.32001	0.263155	0.233902	0.460271	0.967768	0.772542	0.363514	0.844104	0.774161	0.644523	0.630313	0.903245	0.293074	0.28916	0.805134	0.987102	1.01078	0.72561	0.546035	0.166667
ihec.chipseq.ihec-chipseq-containerv1.1.4.IHECRE00000886.3.1504c6d0-7de0-4849-abef-bd2552745dd1.fc.signal	0.289246	0.452861	0	0.638203	0.348267	0	0.156285	0.281434	0	0.29064	0.251605	1.29191	1.59557	0.531139	0.162154	0.134094	0.541904	0.442027	0.701815	0.540101	0.151204	0.94638	0.324255	0.921887	0.528389	0.727997	0	0	0	0	0.350174	0.742156	0	0	0.540164	0.024396	0.982206
ihec.chipseq.ihec-chipseq-containerv1.1.4.IHECRE00001012.4.853b1d33-1744-4990-baf4-0f508c154dec.fc.signal	0.185603	0.306234	0.395821	0.543666	0.455501	0.421297	0.443054	0.252738	0	0.249636	0.216492	0.0560829	0.139133	0.382862	0.172446	0.242229	1.24321	1.25497	0.229574	0.719683	0.702027	0.54041	0.185973	0.18388	0.288008	0.312948	0.274178	0.28188	0.628753	0.234445	0.840913	1.16484	1.05591	0.308359	0.536842	0.386693	0.566667
ihec.chipseq.ihec-chipseq-containerv1.1.4.IHECRE00000831.3.fed91b6e-3ac9-46fe-b004-2c19a2391b3a.fc.signal	0.0886064	0.0815849	0.061792	0.229516	0.0633522	0.0124591	0.15373	0.0521904	0.219911	0.160322	0.276137	0.549251	0.39339	0.179688	0.216075	0.411472	0.410434	0.234812	0.0230788	0.369506	0.428122	0.656703	0.895383	0.525162	0.46519	0.384595	0.447503	0.419523	0.197809	0.110682	0.0567197	0.0223881	0.342586	0.295908	0.237911	0.159316	0.551724
ihec.chipseq.ihec-chipseq-containerv1.1.4.IHECRE00001447.1.06f96530-4397-4a3d-a6d2-ac4ce64f50a2.fc.signal	0.200076	0.510793	0.410742	0.162986	0.468176	0.520042	0.895005	0.680049	0.492741	0.0811023	0.156696	0.501823	0.446794	0.233093	0.381088	0.624626	0.347896	0.502702	0.734905	0.951502	1.34845	1.18616	0.746248	1.2722	1.16441	0.525168	0.481241	1.45935	0.91497	0.0497573	0.344625	1.15067	1.33152	0.794218	1.42545	1.03515	0.915385
ihec.chipseq.ihec-chipseq-containerv1.1.4.IHECRE00003828.3.7fe9234c-b18e-418e-a5fa-41324c8b4b69.fc.signal	0.639508	0.862138	0.901079	1.1086	0.891444	0.480893	0.386355	0.552439	0.28992	0.910932	2.28746	1.29571	1.3253	1.9422	1.72886	1.54673	2.5471	2.44156	2.53987	1.98377	0.905926	1.02821	1.7706	2.93211	2.15417	1.66618	0.991665	1.12242	1.0132	2.41436	1.60186	1.65397	1.51476	0.714363	1.54134	1.16177	0.505618
ihec.chipseq.ihec-chipseq-containerv1.1.4.IHECRE00003686.3.05f731d1-35d3-4327-ad52-34ab22707910.fc.signal	0	0	0.365664	0.686536	0.454815	0.592637	0.39533	1.24152	0.570792	1.15499	0.393145	0	0.4604	0.266564	0.256072	0.550783	0	0.112961	0.491256	0.111177	0.214779	0.38549	0.474169	0.265711	0.286935	0.133357	0	0.0979455	0.0755952	0.811174	0.366506	0.0949007	0.0499037	0.109452	0.119064	0.0609236	0.103939
ihec.chipseq.ihec-chipseq-containerv1.1.4.IHECRE00003829.4.503bd71c-74cb-4096-8a07-526831cc1c01.fc.signal	0.0475531	0	0.141996	0.390331	0.483592	0.582085	0.273187	0.390201	0.524035	1.10808	0.376795	0.275734	0.661264	0.22203	0.478189	0.154621	0	0.153463	0.353617	0.343849	0.189779	0.457312	0.45411	0.161199	0.414564	0.342038	0.704456	0.564141	0.0396629	0.374915	0.539494	0.429844	0.323331	0.354068	0	0	0.0956522
ihec.chipseq.ihec-chipseq-containerv1.1.4.IHECRE00000665.1.c28d3943-9234-4917-b4a0-88d70eac42fc.fc.signal	0.353796	0.237223	0.266829	0.443423	0.823649	0.624567	0.666346	0.446893	0.212831	0.183594	0.248042	0.504361	0.253228	0.331414	0.315808	0.223629	0.200352	0.844236	0.696209	0.442943	0.643089	1.00364	0.796309	0.391075	0.372123	0.139164	0.354321	1.01294	0.837995	0.433413	0.637047	1.19554	0.905217	0.841373	0.36506	0.550075	0.857143
ihec.chipseq.ihec-chipseq-containerv1.1.4.IHECRE00000070.3.0fa2831d-dcde-49f0-a77a-b0f556e7e04b.fc.signal	1.29595	3.30018	2.57194	3.41894	2.1247	3.75324	5.09337	5.22498	2.02766	4.2072	0.986329	1.4146	5.02734	4.42943	2.04469	2.02284	2.85212	5.29418	3.8787	11.0596	7.0681	5.4319	6.85744	3.19925	4.10259	3.39832	5.95165	5.5369	3.24589	1.85808	2.63314	5.77088	5.72836	7.3877	6.12005	2.40602	1
ihec.chipseq.ihec-chipseq-containerv1.1.4.IHECRE00001891.4.285674ca-2d37-4ac8-859e-29db1bf824d3.fc.signal	0	0.134078	1.51303	0.696202	0.596425	2.00639	0.910174	1.76845	0.103691	0.754896	0.813677	0	0	0	0	0.4439	0.117569	0.556819	0.381624	0.354503	0.160615	0.132065	0.343298	0.178827	1.99608	1.50621	1.12494	0.248409	0.308561	0.937743	1.57031	1.08383	0.531796	0.473444	0.592919	0.561018	0.306034
ihec.chipseq.ihec-chipseq-containerv1.1.4.IHECRE00000828.1.30590c4c-78e4-4da6-9844-49fd785aa3ea.fc.signal	0	0.3385	0.362348	0	0.20204	0.46845	0	0	0	0	0.139106	0.716423	1.25091	0.316936	0.271415	0.334496	0.558917	0.575126	0.429771	0	0	0	0.0025094	0.605125	0.0200747	0	0.0119527	0.438807	0.355669	0.26522	0	0	0	0.30302	0.253588	0	0.890323
ihec.chipseq.ihec-chipseq-containerv1.1.4.IHECRE00000004.3.5bccbd26-89db-49c5-8936-a07080d84fbf.fc.signal	0.554318	0.329566	0	0.074128	0.48772	0.463118	0.247981	0.326027	1.58162	1.03159	1.40167	0.956819	0.542808	0.518823	0.197012	0.641874	0.90423	0.122539	0.237216	0.85261	0.127269	0	0.445378	0.403093	1.50305	1.83935	0.696594	0.134933	0	0	0.031488	1.37809	2.10651	1.52119	0.671717	0.77455	0.69457
ihec.chipseq.ihec-chipseq-containerv1.1.4.IHECRE00004703.3.48627801-dc8a-4642-8d3a-844213fa1ec6.fc.signal	1.38959	1.1718	1.38139	1.47329	1.3211	0.71997	0.840947	1.39858	0.882169	1.26406	1.03657	0.892086	0.783692	1.24746	1.09131	0.811937	0.918119	1.5151	0.946854	1.44833	1.79191	0.922457	0.698955	0.949961	0.730084	0.997566	1.30428	0.909333	1.01572	1.01114	0.757841	0.339586	0.362779	0.957574	1.22866	1.08109	0.664596
ihec.chipseq.ihec-chipseq-containerv1.1.4.IHECRE00003696.3.56ed3fdb-46a9-4765-a249-372860e042b1.fc.signal	0.0162372	0	0.0612641	0.243039	0.224158	0.29108	0	0.115104	0.0153909	0.285737	0.158176	0.137763	0.100006	0.0470259	0	0	0.193658	0.101853	0	0	0	0	0.175882	0.102096	0.184786	0	0	0	0	0.0030614	0.45922	0.129602	0	0.111538	0.180734	0	0.0764331
ihec.chipseq.ihec-chipseq-containerv1.1.4.IHECRE00000008.3.f83f1262-12e2-4b8d-b11c-8637f8303ed6.fc.signal	0.318508	0.425721	0.5381	0.829078	0.657632	0.284037	0	0	0	0.31935	0.686803	0.569323	0	0.210622	0.388405	0.298217	0	0	0	0	0.117789	1.66163	1.30824	0.392073	0.515835	2.14754	0.609618	0.426231	0.372814	1.01237	0.892861	0.0785777	0	0	0	0.223026	0.604651
ihec.chipseq.ihec-chipseq-containerv1.1.4.IHECRE00000866.3.1ccf14fb-5a5a-4c74-8157-04b7e1f2dcf1.fc.signal	0	0	0	0	0	0	0	0	0	0.635109	0.904698	2.66107	0	0.28036	1.07277	0	0	0	0	0	0	0	0	0	0	0	0	1.21182	0.0316167	1.08013	0.356726	1.06701	0	0	0	0	0.449013
ihec.chipseq.ihec-chipseq-containerv1.1.4.IHECRE00000270.2.61da4f23-1b17-4140-818d-1866ebdfc324.fc.signal	0.453147	0.806968	1.03705	0	0	0.0428995	0.339607	0.0135472	0.671104	0.274767	0.296316	0.151248	0.646095	0.706502	0.365676	0.398481	0.166596	0.0246138	0.166945	0.382863	0.571017	0.332056	0	0.0370268	0.243257	0.402102	0.166009	0.253947	0.313573	0.435868	0.731386	0.484918	0.250783	0.383166	0.197147	0.429984	0.863014
ihec.chipseq.ihec-chipseq-containerv1.1.4.IHECRE00003694.3.c78458e5-ee0b-451a-90f1-dbb574d13e13.fc.signal	0.0718065	0	0	0	0.0384189	0.111746	0.0488033	0.125426	0.209996	0.245812	0.449173	0.543031	0.338355	0.478796	0.380381	0.29689	0.212358	0.161358	0.259898	0.12673	0.164121	0.137387	0.0282985	0.103521	0.203403	0.229905	0.459897	0.26874	0.123083	0.205059	0.129201	0.334573	0.411244	0.139633	0	0.0794422	0.084502
ihec.chipseq.ihec-chipseq-containerv1.1.4.IHECRE00000318.2.10501a10-327b-4601-8d8d-0d0bc776bb15.fc.signal	0.109344	1.02604	0.743483	1.26575	0.308044	0.051332	0.537782	0.441241	0.436426	0.308534	0.324238	0.636458	0.397723	0.715474	0.177185	0	0.27193	0.441129	0.645966	0.290813	0.687718	1.09522	0.988671	0.126529	0.229498	1.01843	0.883578	0.251244	0.375187	0.0859276	0.255519	0.181327	0.047593	0.708675	0.0656058	0.832176	0.421875
ihec.chipseq.ihec-chipseq-containerv1.1.4.IHECRE00003689.3.beff36be-023d-4a6e-8a49-a553932bd6ce.fc.signal	0.465792	0.687766	0.998184	1.70176	1.10366	0.681032	1.42636	0.94788	0.304185	0.40663	0.732345	0.750725	1.03546	1.06411	0.984627	1.20237	0.987256	1.23639	2.03497	3.48077	1.63534	1.92042	1.15478	0.616587	1.48735	1.41526	2.23296	0.89277	0.661489	0.669529	1.22789	1.88084	1.09514	0.983658	1.13887	1.26762	0.224215
ihec.chipseq.ihec-chipseq-containerv1.1.4.IHECRE00001935.1.53d89d9f-5949-4fc0-a0f7-bbac9f0fea51.fc.signal	0.190105	0.221754	0	0	0	0.106562	0.213691	0.177958	0.0642219	0.0351459	0.134621	0.057855	0.416946	0.0725508	0	0	0.29583	0.0110208	0.119357	0.371229	0.0114473	0.14745	0.117694	0.715268	1.36868	0.514592	0.429154	0.351668	0.303606	0.420304	0.347859	0.149698	0.0340473	0.0863046	0.292683	0.0705514	0.312044
ihec.chipseq.ihec-chipseq-containerv1.1.4.IHECRE00003836.3.e37d93da-dc33-42a2-aab6-afc4ccdb4a46.fc.signal	0.8661	0.578413	0.303485	0.117332	0.409662	0.573331	0.542585	0.457417	0.492517	1.12628	1.826	1.27222	1.46919	2.14823	1.90386	1.93544	1.97491	0.91006	0.720679	1.2261	0.493906	0.683272	0.803607	0.85039	1.25442	0.914542	0.913398	0.916305	1.12986	1.32372	1.00557	0.927951	0.841431	0.955683	0.704726	0.815157	0.62069
ihec.chipseq.ihec-chipseq-containerv1.1.4.IHECRE00003690.3.6941f4c2-9444-41d7-82bb-38a8112f3f75.fc.signal	0.56172	0.534003	0.973595	0.874245	0.581154	0.560382	0.589954	0.638325	0.941389	2.02768	2.09077	1.65313	1.73169	1.51878	1.18809	1.26733	0.757466	0.554196	0.499849	0.252922	0.0977959	0.406813	0.518704	0.392241	0.600611	0.833812	0.584381	0.511669	0.646788	1.20221	1.10162	0.884676	0.643526	0.299666	0.387537	0.653955	0.0844468
ihec.chipseq.ihec-chipseq-containerv1.1.4.IHECRE00003693.3.c56a1926-3d2b-458d-9800-4140f38e79d1.fc.signal	0.234937	0.248726	0.102519	0	0.0161321	0.0595127	0.0889607	0.21334	0.222597	0.620175	0.824466	0.619101	0.254134	0.0839049	0.0831565	0.0267635	0	0.0977627	0.204995	0.162894	0.163908	0.177533	0.299113	0.598779	0.584871	0.174814	0.160554	0.161195	0.087315	0.286086	0.506287	0.34232	0.213415	0.218476	0.199925	0.326091	0.0705016
ihec.chipseq.ihec-chipseq-containerv1.1.4.IHECRE00001852.4.51e98f97-6119-4df6-b770-df4f0c759ed4.fc.signal	0.742527	0.920967	0.832988	0.55005	0.821275	1.14271	0.901174	0.428819	0.512237	1.01227	0.815738	0.836423	1.15677	1.09496	0.9151	1.84322	1.4796	1.03867	1.19021	1.33239	1.29005	1.61021	1.73908	1.35471	1.43008	1.11234	0.7596	0.627611	0.917431	0.922554	0.456176	0.754206	0.975084	0.6867	0.695235	0.942617	0.210526
ihec.chipseq.ihec-chipseq-containerv1.1.4.IHECRE00004643.3.e9f8c757-0331-4bff-b052-7d8c2cd4c7aa.fc.signal	0.149992	0.932378	0.345188	0.246741	0.960769	1.09302	1.00594	0.674717	1.2297	0.851303	0.518123	0.562459	0.819577	0.848561	1.10141	0.593048	0.614405	0.611218	0.591729	0.703871	0.538401	0.435026	0.552717	1.17592	0.931539	0.811373	0.888252	0.543628	0.0161768	0.312403	0.509305	0.331806	0.281945	0.416477	0.519633	0.620001	0.857988
ihec.chipseq.ihec-chipseq-containerv1.1.4.IHECRE00000743.1.49a99802-1bc6-41d8-8363-c1df0e713acd.fc.signal	0.218286	0.33805	0.319401	0.0907618	0.684529	0.326978	0	0.0975909	0.237706	0.279868	0.155092	0	0.239397	0.329055	0	0	0	0	0.736939	0.551484	0.0383731	0.769472	0.682135	0.490999	0.799225	0.696865	0.527477	0.67489	0.243678	0.100216	0.589402	0.451285	0.620101	0.37977	0.197675	0.329346	0.910035
ihec.chipseq.ihec-chipseq-containerv1.1.4.IHECRE00001315.1.dd7c5865-ee3d-478d-bdf1-8e360085ebad.fc.signal	0.286459	0.685932	1.4058	0.146999	0.493491	0.28269	2.00126	2.42331	0.35216	1.28897	1.66207	1.58668	1.71103	1.88816	1.88438	1.56797	4.417	3.44841	1.66582	4.40944	2.82658	3.39945	1.69597	2.25749	0.902312	0.214844	0.482458	0.546534	0.493267	0.656908	0.674657	1.51508	1.11932	1.47033	1.55275	1.27293	0.890756
ihec.chipseq.ihec-chipseq-containerv1.1.4.IHECRE00000666.1.d0131007-971b-46b8-af7a-d6407bc37742.fc.signal	0.0350293	0	0.139926	0.16203	0.00798613	0.336897	0.743084	0.573859	0.0495659	0.168182	0.337668	0.699618	0.380253	0.125321	0.191362	0.0343675	0.33289	0.170081	0.622612	0.329874	0.173605	0	0.0514399	0.50253	0.319466	0	0.1836	0.14757	0	0	0.0971985	0.414754	0.43497	0.155427	0.0353025	0.892893	0.979532
ihec.chipseq.ihec-chipseq-containerv1.1.4.IHECRE00000246.3.17e8d437-9912-4182-bfcd-8c63788e1a5b.fc.signal	0.192159	0.155273	0.515202	0.576126	0.796502	0.421981	0.586688	0.921108	0.115315	0	0	0	0	0	0	0	0.205748	2.1592	2.76874	1.60506	1.54259	1.87919	1.04029	1.27592	2.60652	1.58119	2.64658	3.47491	1.61714	0.0179401	0.0270143	0.184087	0.382885	0.808011	1.01231	1.28095	0.344697
ihec.chipseq.ihec-chipseq-containerv1.1.4.IHECRE00004647.3.d64b3583-2ef0-4033-af25-2e355c9dc564.fc.signal	0.98554	0.7439	0.648173	1.02795	1.3119	0.947187	0.462043	0.60192	1.04834	0.957453	1.02063	1.74058	1.12149	0.766158	0.931224	1.27519	1.50493	2.08423	1.75745	2.62854	2.20227	1.47913	1.02135	1.61211	1.60934	0.862555	0.74051	1.41519	0.699293	0.671786	0.531057	0.694638	1.01955	1.08213	1.08604	0.480671	0.894161
ihec.chipseq.ihec-chipseq-containerv1.1.4.IHECRE00001905.1.38776233-86ec-4c86-bd21-d6388683dbd2.fc.signal	0.185242	0.2009	0.2295	0.21985	0.100208	0.0780715	0.383661	0.456357	0.157572	0.0986986	0.149369	0.0167915	0	0	0	0.107049	0.117168	0.00786993	0	0.0153782	0.0797448	0.105714	0.0988962	0.0553267	0.266499	0.353062	0.259343	0.342262	0.304009	0.462913	0.549195	0.126257	0.0259565	0.148117	0.163431	0.188436	0.384279
ihec.chipseq.ihec-chipseq-containerv1.1.4.IHECRE00001957.2.e6bec3c5-fcb0-48f1-bb2d-dd0add2596dc.fc.signal	0.238605	0.393579	0.905408	0.960445	1.13525	1.61252	0.885819	0.355278	0.427457	0.341893	0.142964	0.185525	0.494245	0.674441	0.638855	0.559948	0.760341	0.599525	0.71328	1.26614	0.713383	0.139855	0	0.0127407	0.175887	0.127418	0.147655	0.00152693	0.0913124	0.377823	0.210756	0.230722	0.499831	0.374044	0.265227	0.163148	0.198276
ihec.chipseq.ihec-chipseq-containerv1.1.4.IHECRE00001326.1.ea9f910f-27d4-430f-b7ec-94b0e29d22ee.fc.signal	0.228853	0.363231	0.387366	0.754001	0.56127	0.225157	1.34332	0.922188	0.485006	0.215716	0.352301	0.505265	0.886963	0.573677	0.334805	0.317797	0.826425	0	0	0.315636	0.323771	0.78136	0.240122	0.341331	0.399137	0.478964	0.225719	0	0.388126	0.0935907	0.197645	1.58373	1.63233	1.16438	0.608339	1.17849	0.557377
ihec.chipseq.ihec-chipseq-containerv1.1.4.IHECRE00000972.6.c46cb165-d796-4481-af20-c4979e6e803f.fc.signal	1.27317	1.68756	1.47477	1.25878	3.80043	1.50691	1.6961	2.11445	0.309066	0.761789	0.276891	0.976647	0.655627	0	0.443679	0.445701	0.570122	0.222683	0.703765	0.065598	0.0618789	1.04407	0.766602	0.502472	0.839225	0.45476	0.63371	0.937246	1.22295	1.27377	0.547153	0.525971	1.19327	0.186958	0	0.660964	0.263682
ihec.chipseq.ihec-chipseq-containerv1.1.4.IHECRE00000048.3.23af1bd1-f0c5-453e-8760-bf047a842cd8.fc.signal	1.49562	1.83634	0.783657	1.42494	0	0	1.29317	0.632948	0	0	1.70625	0.582423	0	0	0	0	0	0	0	0	0	0	0	0	0	0	0	0	0	0	0	0	0	1.9601	4.88039	0	0.871595
ihec.chipseq.ihec-chipseq-containerv1.1.4.IHECRE00001892.4.902ae139-ccdf-4a1c-a16a-ec321c33c554.fc.signal	0.878024	0.569394	0.480388	1.46072	1.07026	0.840406	1.28765	0.911487	0	0.751387	1.57137	2.29518	1.16039	2.89612	1.25854	1.27437	1.68598	2.17474	4.01596	2.12302	0.857354	0.457977	2.87834	2.1618	0.462636	0.599761	0.394305	0.754658	1.23413	0.717023	0.285731	2.5223	1.84561	1.87512	0.445023	1.51723	0.656028
ihec.chipseq.ihec-chipseq-containerv1.1.4.IHECRE00000321.2.958c3b4f-844d-4f79-97b0-c208d576e212.fc.signal	1.07569	0.41714	0.432961	0.308461	0	0.489291	0.329385	0.592599	0.364121	0.55275	1.41783	0.738222	0.569245	0.525774	0.231913	0.183664	0.199911	0.134441	0.0835066	0.0158905	0.135238	0.117418	0	0.164886	0.283925	0.225826	0	0	0.284953	0.373796	0.221942	0.103964	0.404561	0.547137	0.0687726	0.750473	0.542955
ihec.chipseq.ihec-chipseq-containerv1.1.4.IHECRE00003685.2.c2e20b49-142e-4797-9eba-5be0eab06323.fc.signal	0.378632	0.355007	0.274984	1.22784	0.970051	0.430252	0.431887	0.568438	0.132984	0	0.184107	0.238463	0.176633	0.899608	0.392436	0.173409	0.38774	0.373041	0.313348	0.880442	1.01699	0.363735	0.409014	0.0715152	0	0.251105	0.0785053	0.120911	0.242147	0.95916	0.289848	0.121849	0.321377	0.691666	0.473118	0.851587	0.096037
ihec.chipseq.ihec-chipseq-containerv1.1.4.IHECRE00003842.2.5d7cb2f3-47cf-4b96-8e52-3efecb6dacae.fc.signal	0	0	0	0	0.0850303	0.146332	0.167911	0.326137	0.206661	0.453217	0.171141	0.212044	0.100102	0.21405	0.533929	0.496062	0.379669	0.0512401	0.487495	0.262545	0.130677	0.151244	0.23998	0.100059	0.17244	0.288509	0.282902	0.361994	0.217423	0.0667327	0	0	0	0	0	0.204061	0.32665
ihec.chipseq.ihec-chipseq-containerv1.1.4.IHECRE00003838.5.b61c4709-ddec-4f74-8351-f61eb4c7615d.fc.signal	0.0391441	0.0564273	0.134982	0.157182	0.254949	0.15571	0.0912355	0.113458	0.086455	0.0574693	0.0734193	0.106379	0.0728029	0.052098	0.118592	0.049046	0.0122393	0.0595104	0.0352055	0.109093	0.00883173	0.0705607	0.0714978	0.0126506	0.0584481	0.00475927	0.0797755	0.0366285	0.0625219	0.0696742	0.0522171	0.0897364	0.0500175	0.0701876	0.0956233	0.00646667	0.657895
ihec.chipseq.ihec-chipseq-containerv1.1.4.IHECRE00001854.4.06d474fe-8a5b-49c2-81ef-b754d64a93d0.fc.signal	1.02013	0.333675	0.594976	0.662769	0.718827	0.43062	0.681128	0.467096	0.134759	0.560114	0.328547	0.860193	1.15959	0.763597	0.745877	0.704955	0.622081	0.642482	0.343863	0.160793	0.0315401	0.224691	0.719004	1.42032	0.876434	0.438292	0.495817	1.02549	1.38613	0.726032	0.80504	1.01085	0.613471	0.594088	0.355309	0.0117267	0.985782
ihec.chipseq.ihec-chipseq-containerv1.1.4.IHECRE00001918.1.f4eb1507-9e72-4fad-bc11-1462cce349d2.fc.signal	0	0	0	0	0.213619	0.219864	0.139455	0.876682	0.47309	0	0	0	0	0.223793	0.2047	0	0.0589209	0.337403	0.153783	0.610689	0.752716	0.918141	0.455031	0.213727	0.336322	0	0.153731	0.318208	0.0691687	0	0.112677	0.459821	0.631872	0.618273	0.785531	0.719065	0.449055
ihec.chipseq.ihec-chipseq-containerv1.1.4.IHECRE00001379.1.e8a2327e-2dc7-4105-9610-ec48244249e2.fc.signal	0.388267	0.358119	0.324332	0.637211	0.694743	0.338452	0.781047	1.09461	0.221513	0.14423	0.262174	0.441994	0.517592	0.700586	0.593524	0.795228	0.501771	0.433008	0.0917827	0.32456	0.427335	0.434222	0.0568236	0.31914	0.358569	0.300399	0.914812	0.71632	0.229183	0.488171	0.609009	0.9605	0.947898	1.60812	1.37079	0.83201	0.901288
ihec.chipseq.ihec-chipseq-containerv1.1.4.IHECRE00002063.1.43d53f41-e4a2-4421-b86f-0d0bce6de71d.fc.signal	0.780107	0.758645	0.997269	1.24305	1.1957	1.04685	1.59383	1.66352	1.08575	0.918005	1.25736	1.29777	0.573377	0.689912	0.493952	0.764349	0.863834	0.961264	0.607044	0.880674	0.647394	0.872577	0.363236	0.874263	1.39048	0.621942	0.328386	0.774729	1.03091	0.997766	1.26578	0.736382	0.609541	0.41309	1.15039	1.3003	0.754717
ihec.chipseq.ihec-chipseq-containerv1.1.4.IHECRE00000974.7.795c5285-fcfe-49fc-86bb-822787a24420.fc.signal	0.493142	0.283904	1.59718	0.432104	0.192529	0.644951	0.88745	1.08857	0.566666	0	0	0	0	0.430423	0.0195229	0.249523	1.23351	0.277727	0.372846	0.599306	0.528912	0.816904	0.947056	0.613669	0	0.57516	0.667677	0.392303	0.817197	0.450063	0.70944	0.622053	0.767936	0.829656	0.584159	1.01807	0.445
ihec.chipseq.ihec-chipseq-containerv1.1.4.IHECRE00001966.2.281a1552-ba2f-4513-8d72-0e1cf5c2b6ab.fc.signal	0.892176	3.76514	3.15488	1.39745	2.2946	1.46838	2.37224	2.29861	0.820273	0.890167	0.871245	2.75739	1.5405	1.35049	1.23423	0.896922	0.723629	0.900985	0.932095	2.47754	3.49913	2.78893	1.72417	3.25085	3.04672	2.11359	2.48152	1.30458	1.74145	1.36725	1.23401	1.23501	1.90799	2.70139	4.88356	6.60563	0.363636
ihec.chipseq.ihec-chipseq-containerv1.1.4.IHECRE00001517.1.f61a7747-a070-47ed-8299-1a865decab43.fc.signal	0.421083	0.729561	0.0485887	0.0730411	0.30221	0.378349	0.798895	0.491171	0.48234	0.332054	0.461221	1.12366	1.41799	1.57051	1.85408	1.58695	1.15443	1.68317	1.75854	1.4454	1.10287	1.64118	1.11876	1.97654	1.80467	1.59629	1.5254	0.440437	0.48981	0.604385	0.530566	0.587035	0.606928	1.74237	1.57911	1.24657	0.938776
ihec.chipseq.ihec-chipseq-containerv1.1.4.IHECRE00001233.5.9e3b4885-f5bc-4ff7-9713-139148fa3034.fc.signal	0.256724	0.328262	0.587979	0.449286	0.489379	0.0931732	0.21852	0.668972	0.0263932	0.210273	0.0845012	0.291242	0.203294	0.0909119	0	0.178824	0.79671	0.344953	0.760117	0.842043	0.660925	0.906593	0.564658	0.795794	0.865024	0	0.563275	0.597834	0	0.187875	0.911037	0.720685	0.430704	1.01776	1.64104	1.18808	0.619048
ihec.chipseq.ihec-chipseq-containerv1.1.4.IHECRE00001018.4.37fbee98-9629-4bc8-bd64-c5ae6243c65d.fc.signal	0.201736	0.422873	0.763043	0.602063	0.391404	0.26896	0.275254	0.287697	0	0	0.378974	0.634453	0.714084	0.857766	0.535813	0.354807	0.111862	0.129869	0.273094	0.115645	0.186415	0.368598	0.747704	0.815632	0.911607	0.303438	0.534978	0.461485	0.284153	0.449985	1.26916	1.41016	0.495882	0.590756	0.462979	0.996109	0.315508
ihec.chipseq.ihec-chipseq-containerv1.1.4.IHECRE00000233.3.2ce6c7a2-1501-4bf0-9209-c55a1327303d.fc.signal	0.0356935	0.0322725	0.116263	0.15752	0.163297	0.386058	0.603688	0.335449	0.0711691	0	0	0	0	0	0	0.0288032	0.0896672	0.262121	0.476853	0.619621	0.721806	0.661852	0.58918	0.413341	0.213744	0.406658	1.11615	0.950265	0.427219	0.174214	0	0.149802	0.645971	0.719279	0.657345	0.606722	0.105447
ihec.chipseq.ihec-chipseq-containerv1.1.4.IHECRE00000129.3.acc389c8-306d-460f-95cb-548ca498e7e9.fc.signal	0.672174	0.0995504	0	0	0	0	0	0	0	0	0.0200491	0.913163	1.20969	0.121919	0.127353	0.915575	1.39175	0.552331	0	0.232284	0.548146	0.0405791	0	0	1.36456	0.918555	0	0.21107	3.01359	1.22413	0	0	0	0	0	0.641982	0.469565
ihec.chipseq.ihec-chipseq-containerv1.1.4.IHECRE00000317.2.337ed98f-af4c-48b9-972b-6b9abcb53de2.fc.signal	0.638674	0.625037	0.327315	0.328218	0	1.11734	1.24852	1.59135	0.579137	0.976239	0.982353	1.67533	1.60937	2.703	0.982698	0.714102	1.15968	0.898827	2.54428	3.11706	3.85138	2.81872	1.46691	1.88566	0.852278	0.679812	0.533659	0.0746432	0.498198	1.06066	2.62877	1.83261	2.48438	1.02001	1.57445	1.32705	0.820341
ihec.chipseq.ihec-chipseq-containerv1.1.4.IHECRE00000304.2.b66dde97-4c9c-42c8-aedf-ac0556ad4c40.fc.signal	1.41275	0.265646	2.20619	1.13919	4.10848	9.01386	3.85169	4.05536	4.54954	3.82081	2.04541	7.78509	7.76515	14.4489	12.7061	8.53567	7.50681	6.32928	8.26701	10.3465	9.75508	8.34989	15.46	14.477	9.7753	5.68454	6.16271	1.55843	1.20956	3.07199	9.80161	3.64445	2.26082	3.52234	2.36534	3.27354	0.684874
ihec.chipseq.ihec-chipseq-containerv1.1.4.IHECRE00000224.3.2f10d695-5b3b-470a-a2e2-55996404a85c.fc.signal	0.344669	0.195467	0.106711	0.416706	0.720141	0.533296	0.278549	0.257697	0.0497193	0	0	0	0	0	0	0	0	0	0.296645	0.739107	0.625375	0.38589	0.0935193	0.372221	1.05141	0.352343	0	0	0	0	0	0	0.395678	0.67413	0.342594	0.0113706	0.0854069
ihec.chipseq.ihec-chipseq-containerv1.1.4.IHECRE00000250.2.662b80be-c09d-4154-bc9d-1e0602218f9c.fc.signal	0	0	0	0.0919821	0.496059	0.735958	0.700226	0.510188	0.153574	0.425216	0.248255	0	0.261414	0.728775	0.466181	0.396547	0.10703	1.09683	0.672727	0.348484	0	0	0	0	0	0	0	0	0.160887	1.29432	0.919333	0	0	0	0	0	0.551887
ihec.chipseq.ihec-chipseq-containerv1.1.4.IHECRE00003683.3.0997810a-4867-4ba8-9534-ea6e95022077.fc.signal	0	0	0.166923	0.221462	0.186251	0.122874	0.102378	0.233815	0.318838	0.592681	0.122118	0.601232	0.592172	0.41122	0.00836213	0.224171	0.155794	0.621621	0.302667	1.09391	0.675857	0.70141	0.723309	0.224318	0.153938	0.024112	0.306906	0.212797	0.0677169	0.885005	1.22767	0.788194	0.376697	0.358953	0.213252	0.231831	0.115801
ihec.chipseq.ihec-chipseq-containerv1.1.4.IHECRE00000071.3.c8466bde-130e-4c84-b299-b3eb4c8abdc7.fc.signal	0	0	0.135194	0.399948	0	0	0.162034	0.296438	0	0.452298	0.508261	0	0	0	0.359345	0.415217	0.255016	0.685066	0.506975	0.370804	0.46982	0.456911	0.0732299	0.315381	0.64149	0.551377	1.22656	0.877271	0.548001	0	0	0.0343205	0.6684	0.703486	0	0	0.270492
ihec.chipseq.ihec-chipseq-containerv1.1.4.IHECRE00001030.7.1ce7f4a0-1e00-4296-ade7-a069012950ee.fc.signal	0.0348586	0.0927835	1.21561	0.794243	0.430626	0.293571	0.644546	0.610239	1.31656	0.184628	0	0	0.634184	0.603609	0.0240737	0.205348	0.593703	0.736717	0.218438	0.844498	1.85915	0.276011	0.302697	0.663827	0.228648	0	0	0.266957	0.315621	0	0	0.264555	0.140355	0.62463	1.15725	1.30871	0.268657
ihec.chipseq.ihec-chipseq-containerv1.1.4.IHECRE00001936.1.73056630-65cd-44da-94ab-6886ae9d01cc.fc.signal	0.193833	0.113671	0.303305	0.301814	0.67417	0.0783537	0	0.0140821	0.155983	0.0477832	0.0401373	0.0988048	0.0530615	0.526223	0.140558	0.568885	0.563447	0.199217	0.190245	0.0515071	0.189231	0.223574	0.445373	0.314139	0.361528	0.180087	0.0893392	0.0364216	0.496785	0.577756	0.364162	0.291913	0.245882	0.245643	0.277305	0.116884	0.363333
ihec.chipseq.ihec-chipseq-containerv1.1.4.IHECRE00000353.2.cd5f62f8-3dde-4835-8446-eb6b0b81ddfb.fc.signal	0	0.0946304	0.173128	0.0747126	0.903403	2.05778	2.66087	0.967961	2.26364	2.75996	1.08048	3.20794	4.15331	3.30715	1.79326	1.40825	0.867602	0.574481	0.109305	0.8791	1.93972	1.8117	1.32789	2.0471	1.4761	1.42028	1.004	0.35681	0.433094	0.82526	1.05347	1.19971	1.01529	0.254552	1.188	0.369103	0.67282
ihec.chipseq.ihec-chipseq-containerv1.1.4.IHECRE00000160.3.6352ceac-99ac-4035-8991-55bf3da48e8b.fc.signal	0	0.243806	0.315811	0.238712	0	0.0823905	0.499238	0.519637	0.278178	0	0	0.239452	0.499646	0.131139	0.580695	0	0.209061	1.16052	0.489978	0	0.39967	0.501237	0.740979	0.954343	0.669077	0	0	0	0	0	0	0.0669131	0.469111	0.0292758	0.360049	0.659507	0.838843
ihec.chipseq.ihec-chipseq-containerv1.1.4.IHECRE00003848.5.a76c9ec7-a103-4b17-9625-01cbf3f2cce7.fc.signal	0	0.298664	0.702128	0	0	0.288072	0.529385	0.241395	0	0	0	0	0	0.158631	0.397728	0.823048	0.0492422	0.288994	0.0965919	0	0	0	0.0955556	0.384934	0.43483	0.223003	0.611534	0.078166	0	0.327578	0.006897	0.293026	0.0457013	0	0	0	0.606299
ihec.chipseq.ihec-chipseq-containerv1.1.4.IHECRE00001236.5.89a447bb-7116-45ed-914d-ea08ca13224b.fc.signal	0.301048	0.0370728	0.330077	0.486329	0.184157	0.455668	0.309809	0.339266	0.0422388	0	0	0	0.159294	0.159828	0	0.0902146	0.542669	0.535786	0.658793	1.13811	0.425081	0.556623	0.469186	0.327499	0.0789547	0.231069	0.38739	0.562432	0.0590693	0.27242	0	0.205749	0.342575	0.140959	0.738563	0.316578	0.271122
ihec.chipseq.ihec-chipseq-containerv1.1.4.IHECRE00000265.2.06fd3dc4-16ec-427e-bc47-17e294f4c8b9.fc.signal	0.231377	0.386029	0.52452	0.265747	1.47551	4.27509	2.79896	0.211572	1.49463	0.137808	0.335502	0.398049	0.696364	0.84684	0.995636	0.692783	0.937346	0.856983	1.02684	2.59057	1.03346	1.07741	0.599382	1.61026	1.43466	0.872345	0.530685	0.249367	0.547257	0.195233	0.603545	1.63947	0.548138	0.380156	0.660001	1.02512	0.68222
ihec.chipseq.ihec-chipseq-containerv1.1.4.IHECRE00000222.3.bc3c5401-2679-4e6a-8d23-b4052eee1a8e.fc.signal	0.641691	0.421777	0.281432	0.39924	0.701545	0.565829	0.197685	0.0943004	0	0	0	0	0	0	0	0	0	0	0.114349	0.446772	0.911752	0.840804	0.555536	0.243625	0.280843	0.324203	0.102423	0	0	0	0.128474	0.752523	0.709888	0.23666	0.165496	0.0830777	0.108998
ihec.chipseq.ihec-chipseq-containerv1.1.4.IHECRE00000316.2.f50990c6-cbfa-49d2-9e86-f5cb8d52e800.fc.signal	0.868478	2.47161	1.49605	1.22238	1.05433	1.02341	3.14378	3.54264	1.92933	0.772031	0.149392	1.83026	2.40947	0.187084	0.622024	1.61116	0.752719	0.982255	1.12927	1.20661	1.31304	1.93622	1.65667	1.13789	0.54676	0.505675	1.41576	1.00828	1.26227	3.0686	2.32877	1.43604	1.78046	1.07508	1.43606	0.70949	0.492188
ihec.chipseq.ihec-chipseq-containerv1.1.4.IHECRE00000284.2.edfc74fe-76d4-4fc9-b111-f4707881865a.fc.signal	0	0	0.259888	1.62123	1.45309	1.40507	2.47824	2.39845	1.80464	1.86719	1.24892	1.91136	2.21245	1.34222	0.550035	0	0.224958	1.64571	2.01108	1.43559	2.32353	1.39225	0	1.00243	2.34212	0.439355	0.439386	0.652623	0.413249	0.438429	0.310631	0.51496	0.723065	0.502222	0.0168923	0	0.596429
ihec.chipseq.ihec-chipseq-containerv1.1.4.IHECRE00003846.4.da6810f6-9895-4595-a0d7-9cc3f7019bd2.fc.signal	0.299621	0.506995	0.0713831	0.191865	0.983699	0.566514	0.698071	1.09429	0.395632	0.716586	0.409429	1.00304	0.721718	0.818394	0.951311	0.419757	0.0103118	0	0	0	0	0	0.0399094	1.04426	0.735247	0.789266	0.907432	0.346184	0.376294	0.583997	1.22512	1.81381	1.14261	0.731072	0.808608	0.497594	0.522727
ihec.chipseq.ihec-chipseq-containerv1.1.4.IHECRE00003845.2.f6030e61-e9c0-4b19-9d0e-f1e53212e793.fc.signal	0.0099142	0.195606	0.0952997	0.356487	0.0151512	0	0	0	0.0218848	0.514285	0.385505	0.393921	0.547953	0.507551	0.132152	0.107742	0.0740725	0.257448	0.469049	0.364461	0.0614465	0.0603483	0.101847	0.431757	0.289498	0.0782783	0	0.155715	0.330793	0.00168347	0.443806	0.316133	0.188952	0.172511	0.0673361	0	0.511547
ihec.chipseq.ihec-chipseq-containerv1.1.4.IHECRE00001378.1.66aa71ea-1d07-4b0c-8fa8-a30c9d97fadb.fc.signal	0.411444	0.289275	0.120081	0.221252	0.513758	0.434669	0.916341	0.633147	0.436183	0.625774	1.03199	0.92002	1.48161	1.1008	1.42865	1.08573	1.35893	0.587457	1.16198	1.5493	1.30987	2.15765	1.52963	1.67919	1.63362	2.32801	1.59149	0.822676	1.55347	1.54295	0.600862	0.590269	0.696339	0.650642	1.43925	1.0919	0.688742
ihec.chipseq.ihec-chipseq-containerv1.1.4.IHECRE00003684.3.227d235e-5d49-4e40-8c2e-3e1ec3df47e3.fc.signal	0.405271	0.141955	0.493715	0.186849	0.0364691	0.0652877	0.0656045	0	0	0.345876	0.300273	0.10238	0.009936	0.145455	0.473263	0.253812	0.302837	0.302837	0	0	0.0065758	0.210668	0.488234	0.358536	0.233876	0.85546	0.204173	0.41296	0.25896	0.201318	0.201318	0.460295	0.0819533	0.00344133	0.135072	0.364745	0.136926
ihec.chipseq.ihec-chipseq-containerv1.1.4.IHECRE00000891.3.1b6389bb-64ae-4672-8698-f8e91138e723.fc.signal	0	0	0	0	0.0185685	0.285306	0	0.122284	0.645321	1.34573	1.84117	0.940003	0.447841	0.42946	0.9097	0.645613	0.227495	0.128597	0.324141	0.0148552	0	0	0	0	0	0	0	0	0.613014	0.520768	0.467692	0.782064	0.131107	0	0	0.104043	0.832103
ihec.chipseq.ihec-chipseq-containerv1.1.4.IHECRE00004635.3.ac3d233b-983d-44f1-b32e-ea45048d4db5.fc.signal	0.612205	0.92016	1.43742	2.04809	1.29925	0.945371	1.39234	1.60307	0.95297	0.947951	1.31047	2.78193	2.05551	1.72069	1.77116	1.3397	0.724217	0.545574	0.784876	1.82568	1.32459	1.4181	1.9686	1.93456	2.20229	1.75837	1.11281	1.77694	1.64859	1.59673	1.5781	1.33105	1.21191	1.38451	1.42008	1.30089	0.53913
ihec.chipseq.ihec-chipseq-containerv1.1.4.IHECRE00000124.3.2d63fae2-40ff-4974-8d7c-bac7c78ff343.fc.signal	0.844242	0.878434	0.911761	1.538	2.65379	0.69779	1.56487	1.64624	0.961549	1.61654	1.86305	3.39482	3.3219	0.994429	1.39304	2.65261	2.25069	0.772935	0.788704	1.93315	3.44588	3.35036	2.33695	2.59018	0.908326	0.0630976	0.579936	0.212782	0	0.846917	3.5141	2.74217	3.00801	1.97383	1.61314	1.7813	0.964286
ihec.chipseq.ihec-chipseq-containerv1.1.4.IHECRE00001486.1.54ac5eda-c9e4-4dbb-9146-803296f2740d.fc.signal	0.462559	0.355255	0.410676	0.630694	0.481779	0.820143	0.976541	0.48794	0.74777	0.755659	0.583242	0.753643	1.30953	1.31723	2.05601	3.1805	2.42961	2.4603	3.6135	1.45914	1.8737	1.23922	1.5384	2.63728	1.91103	0.56526	0.446956	0.165499	0.377426	0.456994	1.37943	1.84086	0.939903	2.36652	1.64595	0.609077	0.529412
ihec.chipseq.ihec-chipseq-containerv1.1.4.IHECRE00001958.3.8880c654-a0c9-41d0-997c-100c289384a4.fc.signal	0.932878	1.10482	0.977149	0.944943	0.982257	1.206	2.08196	1.61734	1.48537	0.795489	0.65719	0.763397	0.664375	0.424171	0.531542	1.0169	0.798522	1.51511	2.21948	1.03939	1.11726	0.686938	1.01233	0.759701	1.63612	0.77627	0.953003	0.707141	0.523007	0.67308	0.987052	0.949512	0.955315	0.654832	1.84288	1.55996	0.459459
ihec.chipseq.ihec-chipseq-containerv1.1.4.IHECRE00004603.3.f7f63af7-a252-4e53-93e7-699016d35fa0.fc.signal	0	0.207087	0.552966	0.246157	0	0.304773	0.735557	0.449871	0.107994	0	0	0	0.0975262	0.327893	0	0	0.149519	0.653427	0.0389258	0	0.011115	0.413668	0.115706	0.476817	0.761597	0.588526	0.128138	0.241503	0.0105071	0.0480842	0.401035	0	0	0.0470899	0.193211	0.194413	0.0462963
ihec.chipseq.ihec-chipseq-containerv1.1.4.IHECRE00004617.2.2b835b35-0d4f-4266-a8c6-b8c45974f7ec.fc.signal	0.444996	0.713258	0.271367	0.443402	0.29384	0.189942	0.467732	0.512383	0.173952	0	0.328722	0.519523	0.0886499	0.277034	0.136465	0.194779	0.330139	0.574634	0.396538	0.458402	0.522992	0.284302	0.147916	0.643183	0.753643	0.321366	0.0907015	0.165633	0.201325	0.16359	0.0465302	0.22915	0.270565	0.97451	0.710154	0.467544	0.35082
ihec.chipseq.ihec-chipseq-containerv1.1.4.IHECRE00000279.2.28ae29ac-1a24-485d-8beb-7ac244647483.fc.signal	0.276724	0.154025	0.156636	0.274113	0	0	0	0.230725	0.0507	0.22131	0.186623	0.179748	0	0	0	0	0	0.174793	1.02353	0.522201	0.0234954	0.39159	0.268904	0.571528	0.00751093	0	0.477788	0.723264	0.383758	0.201016	0.368095	0	0.376841	1.14885	0.169689	0	0.921986
ihec.chipseq.ihec-chipseq-containerv1.1.4.IHECRE00000346.2.2114289e-acc1-45e9-a564-a0dc3e1ab08a.fc.signal	0.726886	2.35022	0.898417	1.26711	0.91275	0.154329	0.66141	1.48918	1.47244	0.124273	0.461942	0.947819	0.975997	1.97687	0.324224	0	0.304821	0.120508	0	0.155087	0.865879	0.537098	0.322608	1.71524	2.14653	1.23977	0	0.51304	0.244781	0.418895	2.47688	0.762681	0.520309	2.00188	4.0395	1.33373	0.821269
ihec.chipseq.ihec-chipseq-containerv1.1.4.IHECRE00000808.1.e87f29e6-3970-47a4-8f96-4b0139feafa2.fc.signal	0.259884	0.0952279	0	0.189739	0.417233	0.106601	0.157138	0.53143	0.0027284	0.531186	1.33822	0.863847	0.361816	0.304159	0.205919	0.273264	0.422302	0.317085	0.0722737	0.555469	0.729991	0.48031	0	0	0.262172	0.282598	0.160186	0	0.236929	0.00305067	0	0.002872	0.276863	0.441877	0.319351	0.171003	0.98829
ihec.chipseq.ihec-chipseq-containerv1.1.4.IHECRE00001921.1.0999ab49-22be-4f40-a74d-5a4868d07690.fc.signal	0.184062	0.118418	0.120091	0.262263	0.297974	0.108546	0.0563065	0.171317	0.266878	0.287856	0.248376	0.418463	0.19909	0.172414	0.135799	0.0916611	0.14766	0.088145	0.142757	0.174159	0.0051772	0.0600497	0.18359	0.20896	0.121445	0.163442	0.037229	0	0.0618355	0.188547	0.149936	0	0.0397733	0.221003	0.450549	0.313103	0.528408
ihec.chipseq.ihec-chipseq-containerv1.1.4.IHECRE00001249.1.ce41f8e0-fe75-4136-8ba0-d2535a082fce.fc.signal	0.41085	0.0905688	0	0.23332	0.578134	0.0967173	0.25355	0.231287	0.390868	0	0.313514	1.26464	0.474082	0.382386	0.03724	0.218451	0.0730818	0.0984789	0.405779	0.203865	0.429345	1.29841	0.772188	0.369152	0.160596	0.854114	0.197899	0.194182	0.107063	0	0.0541829	0.493285	0.169185	0.145435	0.0846254	0	0.59548
ihec.chipseq.ihec-chipseq-containerv1.1.4.IHECRE00000234.3.bfcf2e62-4c9d-48ec-abf1-b7cab2e2086a.fc.signal	0.0676435	0.0370375	0.447527	0.797378	0.630357	0.509781	0.823009	0.693573	0.0503664	0	0	0	0	0	0	0	0.0963389	0.660661	1.67943	1.38899	0.715651	0.823116	0.70953	0.640184	0.366348	0.773322	0.845416	0.46358	0.134367	0	0	0.25681	1.26757	1.94723	1.39638	0.929109	0.406883
ihec.chipseq.ihec-chipseq-containerv1.1.4.IHECRE00003676.3.fb569507-616e-4ddb-bce1-2cdd793c15be.fc.signal	0.6579	0.51099	0.665939	0.748686	0.437918	1.31717	1.04345	0.999621	0.844963	1.14772	1.31298	2.36971	1.04697	2.10196	1.63035	1.31803	1.54237	0.983237	1.16222	0.532104	0.614243	0.934485	0.842756	0.967519	2.01065	1.89697	1.06919	0.855404	0.872235	1.26663	1.15329	1.24206	0.762256	0.677859	1.06093	0.808257	0.303644
ihec.chipseq.ihec-chipseq-containerv1.1.4.IHECRE00003692.4.40ad2b6a-7c5b-4fe0-8afa-f12886fb0c69.fc.signal	0	0	0.471842	0.365567	0.302269	0.251878	0.591492	1.15276	0.945929	1.28232	1.51348	0.948424	1.19011	2.21351	2.4839	2.32192	3.14321	1.9591	2.23084	2.08558	1.7235	1.81067	1.36026	2.06783	1.36913	1.73485	1.06551	0.807474	0.740716	0.534868	0.916308	0.935819	0.716806	0.285069	0.281761	0.319623	0.585799
ihec.chipseq.ihec-chipseq-containerv1.1.4.IHECRE00000784.3.f2286a0c-dba6-4a30-897c-ba6f1fff3167.fc.signal	0.31541	1.3669	2.21572	1.12778	0.797562	0.568832	0.981791	0.781609	0.551969	0.544794	0.241747	0.235567	0.082846	0.356478	0.11573	0.524299	1.04597	0.368654	0.0848335	0	0.309392	0.0671875	0.298384	0	0	0.608574	0.0880741	0.402278	0.392068	0	0.416909	0.782882	0.116884	0.96183	0.958494	0.399677	0.14433
ihec.chipseq.ihec-chipseq-containerv1.1.4.IHECRE00001025.7.e0707b51-da3d-4db9-b667-fa81699b438f.fc.signal	0.616218	1.87364	1.27695	1.00623	1.17586	1.67681	1.32202	1.13676	0.0512879	0	0	0	0.192735	0.488248	0.243525	0.17273	0.458735	0.705918	1.69407	1.13714	1.92463	0.664029	1.80201	1.88008	1.66251	0.853705	1.25493	0	0	0	0.615816	1.42404	2.4991	1.52347	1.26144	2.36986	0.471429
ihec.chipseq.ihec-chipseq-containerv1.1.4.IHECRE00001914.1.e1cff7ed-c2ef-4b6d-8184-ab7441cefe26.fc.signal	0.171674	0.515646	0.414982	0.198146	1.03184	0.80972	0.280126	0	0	0	0	0.166657	0.320978	0.699448	0.299713	0	0	0	0.281817	0.275763	0	0	0	0.41029	1.02236	0.574659	0.00436153	0	0	0	0	0.138736	0.376924	0.497983	0.755745	0.686865	0.635287
ihec.chipseq.ihec-chipseq-containerv1.1.4.IHECRE00004728.1.2ec80afa-2336-413b-8bd9-49d8ccaa2370.fc.signal	0.473031	0.627397	0.673312	0.0399217	0.578149	0.241429	0.701583	0.462549	0.458092	0.704568	0.622173	0.348162	0.211175	0.348033	0.183163	0.406867	0.444859	0.479692	0.903604	0.314075	0.490643	0.265934	0.362463	0.541455	0.0778119	0.320774	0.976891	1.03056	0.437725	0.886023	0.683503	1.00204	0.738879	0.40727	0.0271555	0.676966	0.789916
ihec.chipseq.ihec-chipseq-containerv1.1.4.IHECRE00000301.2.433abfc2-f703-48e9-8d67-e434ffc406d8.fc.signal	0.490404	1.4476	0.960914	1.73723	0.185623	0.499058	0.0271608	0.0898187	2.69595	2.12048	1.3152	5.23192	2.08901	0.839984	2.68055	0.420096	0.520586	1.00156	1.68053	0.267027	1.33201	2.02776	0.271237	2.96908	4.01223	0.730448	1.03254	0.531901	0.881	0.188465	0.477596	0.982462	0.526238	1.63209	0.015719	0	0.752402
ihec.chipseq.ihec-chipseq-containerv1.1.4.IHECRE00000728.1.bb0e94f6-07cb-451f-8ec8-cecdc3aa926b.fc.signal	0	0	0.004972	0.249172	0	0.384035	0.544658	0.0509407	0.240925	0.0420473	0.448886	0.268563	0.11419	0.166832	0.0377071	0.105252	0.669428	0.0782086	0	0.108441	0.358363	0	0	0.0049534	0.435982	0.278039	0.187312	0.384082	0.244576	0.282391	0.523535	0.40491	0.158885	0	0	0	0.938538
ihec.chipseq.ihec-chipseq-containerv1.1.4.IHECRE00000348.2.199c7007-224d-4e2c-9f9c-6b9a53277081.fc.signal	0.881682	0.79387	0.143731	0.53899	0.567737	0.294648	0.118867	0.382303	0.0276433	0.0511385	0.653095	0.286991	0.471135	2.23504	0.981602	0.392538	0.755608	0.561372	1.24878	1.35248	0.649449	0.155544	0.5756	0.399674	0.609066	0.240361	0	0.100284	0.491493	0.580659	0.614557	1.3418	0.583045	0	0	0.178567	0.857143
ihec.chipseq.ihec-chipseq-containerv1.1.4.IHECRE00000308.2.454549bf-8607-4e61-b7df-d1279be89352.fc.signal	1.42744	0.70619	0.423686	0.679136	1.2952	2.74968	1.87518	1.85416	1.5326	1.15995	1.92162	1.83574	3.22507	3.23117	3.25791	3.58578	1.96418	1.82662	2.10271	2.27871	2.62693	1.93503	1.3904	2.40711	4.01905	2.71238	1.14067	0.399647	0.270933	0.170499	1.2473	1.16202	0.720826	0.618759	0.743189	0.355676	0.633036
ihec.chipseq.ihec-chipseq-containerv1.1.4.IHECRE00000969.7.22142533-566c-427b-ba85-c5bd39fb7b54.fc.signal	1.09455	0.757957	0.578533	0.243746	0.0348315	1.22727	1.561	0.371572	0.590671	0.504604	0.408683	0.307298	0.738888	0.951657	0.265744	0.512781	0.841273	0.656227	0.477637	0.313455	0.121243	0.921571	0.760109	0.768392	0.938037	0.368387	0.414518	0.222155	0.49399	0.176175	0.398475	0.401624	0.637386	0.580112	0.310586	0.714839	0.18073
ihec.chipseq.ihec-chipseq-containerv1.1.4.IHECRE00001903.1.416699f9-7423-4550-be49-8f02faa2b0d5.fc.signal	0.160195	0.00374453	0	0	0	0	0	0	0	0	0.0855524	0.288413	0.120253	0.286201	0.114482	0.188417	0.0415306	0	0	0	0.0809495	0.438333	0.515276	0.414698	0.327779	0.270215	0.184182	0.12977	0.142132	0.100262	0.26595	0.824388	0.945868	0.594818	0.561483	0.170334	0.258344
ihec.chipseq.ihec-chipseq-containerv1.1.4.IHECRE00000223.3.87bd77ec-3829-4467-a200-aa2df0091de8.fc.signal	0.0942305	0.169191	0.325005	0.454183	0.309362	0.37733	0.28847	0.0840498	0	0	0	0	0	0	0	0	0.158925	0.38906	0.362514	0.281543	0.116222	0.272722	0.250876	0.176887	0.174156	0.199322	0.34402	0.174614	0.181813	0.0542617	0	0.0129159	0.111387	0.222476	0.284525	0.248923	0.32197
ihec.chipseq.ihec-chipseq-containerv1.1.4.IHECRE00001915.1.157a80ac-2af3-454a-beb9-f93ae4d749f1.fc.signal	0.0135151	0.0774637	0.076957	0.320063	0.473603	0.139725	0.156284	0.336242	0.126853	0.129499	0.193972	0.0132512	0	0.287989	0.384524	0.0546445	0.24106	0.0371355	0.0657529	0.194321	0.0708347	0.10104	0.246997	0.0220394	0	0.0363733	0.111501	0.057946	0.154763	0.386271	0.475335	0.508011	0.225029	0.00779027	0.0343967	0.0662617	0.485457
ihec.chipseq.ihec-chipseq-containerv1.1.4.IHECRE00000235.3.e718e383-8624-4fbc-ae80-8a013cf8e0a0.fc.signal	0.150286	0.315475	0.27901	0.508285	0.31245	0	0.446241	0.848952	0.223461	0	0	0	0	0	0	0	0.0287229	0.612435	0.683094	0.341968	0.189505	0.300169	0.597219	0.800181	0.527926	0.373504	0.461437	0.337148	0.0221048	0	0	0.0446297	0.267649	0.315344	0.379125	0.458822	0.135067
ihec.chipseq.ihec-chipseq-containerv1.1.4.IHECRE00003830.4.503c1ba4-200d-41eb-8eb4-ce5fab1bd87d.fc.signal	0	0	0.265372	0.77632	1.03203	0.870266	0.800228	0.650068	1.78963	2.17876	2.06815	5.31951	3.32109	1.9946	2.1484	2.1361	0.494637	0.0282907	0.589452	0.400275	0.504811	0.812464	0.559465	0.174938	0.481946	1.59706	1.24426	0.749872	1.2313	2.96874	2.05131	0.82501	0.872242	0.748062	0.676734	0.583574	0.508108
ihec.chipseq.ihec-chipseq-containerv1.1.4.IHECRE00003824.4.3393cdeb-e872-46c4-bde0-73b65c9b81ab.fc.signal	0	0.0590172	0.835553	0.512643	0.946796	1.2023	0.667971	0.402731	0.342453	1.37364	0.418887	0	0	0.139167	0.385201	0.0562552	0	0.0393289	0.268455	0.261508	0.124933	0	0	0.135738	0.193269	0.525898	0.661034	0.556433	0.105948	0.242611	0.262669	0.626696	0.838654	0.951256	0.475623	0.64855	0.541176
ihec.chipseq.ihec-chipseq-containerv1.1.4.IHECRE00000022.3.fd7777b9-c6ce-4605-bbc0-2a6a313f3885.fc.signal	0.367788	0.819901	0.480601	0.477297	1.49893	0.487999	0.913147	1.80196	0.89876	1.27241	0.980797	0.621221	1.40093	0.9624	0	0.979772	0.809034	1.85002	1.20855	1.8134	2.54459	3.89783	2.1353	0.124375	0.896165	1.32985	0.610704	0.232907	0.347216	0.17138	1.40392	1.05008	0.352399	0.315937	0.954101	1.39412	0.954128
ihec.chipseq.ihec-chipseq-containerv1.1.4.IHECRE00000024.3.13c90682-d32d-4cb5-b4ac-4f8124df0fa8.fc.signal	0.546212	0.15985	0	0	0	0	0	0	0	0.0111752	0.312024	0.280333	0.0914573	0.183513	0.17169	0.239527	0.272771	0.263648	0.165981	0.698835	0.066795	0	0.313953	0.831644	0.218271	0	0	0	0	0.0415318	0.3047	0	0	0.491715	1.20561	0.724614	0.60531
ihec.chipseq.ihec-chipseq-containerv1.1.4.IHECRE00003675.3.c89e7674-ad0a-4af9-b8e6-347f54ee25d4.fc.signal	0.787559	0.413044	0.103201	0.177411	0.273796	0.285429	0.502729	0.79647	0.497724	0.637065	0.552839	0.676522	0.782188	0.831018	0.367215	0.541246	0.601284	0.791366	1.44366	0.734062	0.287417	0.73344	0.546795	0.418804	0.795129	0.645328	0.125975	0.637176	0.516098	0.504891	0.505252	0.330514	0.113258	0.10271	0.249881	0.255039	0.574074
ihec.chipseq.ihec-chipseq-containerv1.1.4.IHECRE00003716.2.82ebcb5f-2b06-40e6-9298-a18d7df57bef.fc.signal	0	0.134126	0.522149	0.588503	0.643636	0.144837	0.256181	0.0699939	0.405075	0.261065	0.0475515	0.675665	0.581245	0.0010946	0.133712	0.730206	0.682747	0.248565	0.0216361	0.601683	0.756747	0.781117	0.285762	0.71962	0.279759	0	0	0.289216	0.144043	0.457245	0.357508	0.192498	0.448812	0.681742	0.00392933	0.492165	0.428797
ihec.chipseq.ihec-chipseq-containerv1.1.4.IHECRE00003843.4.4195ed0b-af56-4a96-a3b0-ca28cc05743c.fc.signal	0.041949	0.282707	1.31533	1.38764	1.79049	1.46919	2.15109	2.48141	1.31331	0.50568	0.410413	0.999633	0.302151	0.316264	0	0.513023	0.337118	0	0	0	0	0.0281461	0.943652	0.358852	0.849984	0.643572	0	0.0943804	0.456108	1.12218	1.05503	0.661377	0.765179	1.02048	0.960062	1.66128	0.709265
ihec.chipseq.ihec-chipseq-containerv1.1.4.IHECRE00003679.3.5e5b25af-d97d-461f-8d8a-fbde27405ef2.fc.signal	0.562552	1.02033	0.830102	0.4606	0.646771	0.591836	0.798769	0.961305	0.803396	0.861305	1.19184	0.464998	0.880887	0.420299	0.654324	0.678866	0.769563	0.494538	0.605827	0.743677	0.31463	0.270296	0.463497	0.962564	0.716468	0.871116	0.794253	0.449558	0.501964	1.19876	0.794213	0.650222	0.529585	0.543572	0.712589	1.01915	0.515556
ihec.chipseq.ihec-chipseq-containerv1.1.4.IHECRE00000095.3.442b2e3f-940d-46d1-af32-7b78fb085a3b.fc.signal	0.00464893	0.340922	0.440095	0.991518	1.45035	1.66531	1.71501	0.214629	0	0.232806	0.893666	0.218177	0.893483	0.825847	0	0	0.256347	1.6649	1.60795	3.20134	2.43586	2.54275	3.00636	4.54396	4.24104	2.92689	1.86126	1.09526	0.506868	0	0.130166	1.28379	0.156364	0.51539	2.36304	0.676023	0.90458
ihec.chipseq.ihec-chipseq-containerv1.1.4.IHECRE00000027.3.0f1ed0f5-f1e0-4d74-b3bf-fb3d751dc985.fc.signal	0.187043	0.527383	0.349757	0.840085	0.41135	0.525736	0.421977	0.328573	0.614707	0.0842811	0.0618837	0.258006	0.228478	0.324208	0.186876	0.227055	0.0677781	0.13688	0.114565	0.176646	0.181086	0.0957652	0	0.0925102	0.451864	0.271237	0.150272	0.35233	0.707102	0.706742	0.825695	0.510772	0.0247539	0	0	0	0.55618
ihec.chipseq.ihec-chipseq-containerv1.1.4.IHECRE00001004.4.543a1493-290b-4269-abbe-6f5be0724415.fc.signal	0.177764	0.0424441	0.215826	0.382171	0.622957	0.309895	0.889	0.328273	0	0	0	0	0	0	0	0	0	0	0.227105	0.236144	0.241067	0.25604	0.0567562	0.524436	0.553527	0.153537	0.475669	0.498789	0.408377	0.0336537	0	0.225717	0.838045	0.923125	0.633449	0.530137	0.620219
ihec.chipseq.ihec-chipseq-containerv1.1.4.IHECRE00001027.7.f9bfafa6-e51d-4d9e-b808-d0c14acada5d.fc.signal	0	0.787931	0	0	0	0	0.193893	0.465667	0	0	0	0	0	0	0	0	0	0	0	0.215415	1.23437	1.1858	0	0.72437	1.66062	2.61992	0	0	0	0	0	2.5894	1.55929	0.265943	0.997132	0	0.315789
ihec.chipseq.ihec-chipseq-containerv1.1.4.IHECRE00003691.3.d84b63c8-b66b-45e3-807a-f78312228ee9.fc.signal	0.00603727	0.259731	0.268774	0.452016	0.372131	0.136254	0.162737	0.408882	0.467101	0.167837	0.0421599	0.214262	0.370955	0.209112	0.734318	0.61245	0.354046	0.342932	0.243014	0.0434249	0.207202	0.352533	0.557571	0.141249	0.19202	0.00475253	0	0.0515491	0.1379	0.190494	0.605694	0.569571	0.406247	0.150786	0.114239	0.212259	0.0983778
ihec.chipseq.ihec-chipseq-containerv1.1.4.IHECRE00000683.3.d4e53ed9-085d-44e2-b9a3-06816afdb860.fc.signal	0.326912	0.0919227	0	0.194513	0.175039	0.67326	0.325284	0.310391	0.275089	0.260878	0.00120033	0.6821	0.4879	0.207642	0	0.434469	0.409806	0	0.212965	0.275151	0.196464	0.793101	1.08989	0.253159	0.861786	0.422469	0.307805	0.377557	0.0965289	0.202345	0.127097	0	0	0	0.00531733	0.356996	0.578154
ihec.chipseq.ihec-chipseq-containerv1.1.4.IHECRE00000236.3.a73b7d7a-72c8-4781-91d5-38a6f8ee33c5.fc.signal	0.218346	0.349886	0.397311	0.37548	0.185416	0.0784757	0.134712	0.879809	0.82492	0.0996543	0	0	0	0	0	0.0554887	0.254861	0.528773	0.298198	0.192349	0.275855	0.284167	0.312651	0.491307	0.357565	0.264855	0.270384	0.270477	0.0818713	0	0	0.156706	0.386604	0.571302	0.666709	0.52465	0.13184
ihec.chipseq.ihec-chipseq-containerv1.1.4.IHECRE00003660.4.e1eb7bb8-867a-4feb-b462-21fef6641a20.fc.signal	0.183879	0.0496853	0.0987834	1.15111	0.826653	0.612015	0.572862	0.571403	0	0.129159	0.151494	0.42642	0.277156	0.402912	0.748202	0.277787	0.422831	0.603625	0.41565	0.692496	1.26213	1.49741	0.474171	0.998866	0.766698	0.671847	0.500737	1.28186	0.794251	0.822047	0.691856	1.60506	0.945893	0.60991	1.64587	1.77464	0.234222
ihec.chipseq.ihec-chipseq-containerv1.1.4.IHECRE00000983.7.fbd8e9ac-18c2-44af-965b-f56cc82f5aa5.fc.signal	0	0.052824	0.27652	0.323608	0	0.0667901	0.470142	0.397782	0	0	0	0	0	0.411193	0	0.0895664	0.42815	0.413491	0.963892	0.904559	0.312089	1.09577	0.844377	0.495981	0.461494	0.270515	0.229615	0.171148	0.246632	0.382979	0.117256	0.444019	0.486429	1.08458	1.71908	0.827272	0.296875
ihec.chipseq.ihec-chipseq-containerv1.1.4.IHECRE00001246.1.b67b431c-53af-4652-ab8a-679d18f8a1da.fc.signal	0.650731	1.28672	1.93008	1.87023	0.478778	0.28197	0	0.185401	0.271964	0.39201	0	0.141206	0.459983	0.350673	0.773717	0.467255	0.666739	0.263079	0	0.389304	1.13466	1.08491	1.12693	1.08204	0.881916	0.40122	1.13293	0.452127	0.314842	0.0440989	1.12091	0.441221	0.471633	0.587555	0.1569	0.850597	0.359606
ihec.chipseq.ihec-chipseq-containerv1.1.4.IHECRE00003837.4.2decf229-d57c-4c34-87d3-51ccee560986.fc.signal	0.640829	0.650957	0.305877	0.136834	0.671852	0.327148	0.972914	0.866378	0.830733	0.545281	0.349513	0.711978	0.377476	0.443215	0.382017	0.0923854	0	0.54533	0.309979	0.346247	0	0	0	0	0.106787	0.311433	0	0.274947	0.12909	0.10296	0.716761	0.576963	0.0634719	0	0	0.187345	1
ihec.chipseq.ihec-chipseq-containerv1.1.4.IHECRE00000738.3.45a0a073-837e-42f3-a709-12dfeb2c6fd4.fc.signal	0.0674617	0	0	0	0.276175	0.355319	0	0	0	0.21496	0.140547	0.909434	0.630724	0	0.00165727	0.311431	0.135073	0.424358	0.0741721	0	0.128623	0.420558	0	0	0	0	0	0.44735	0.220276	0.319415	0.344199	0.207533	0.479216	0	0	0.152188	0.947791
ihec.chipseq.ihec-chipseq-containerv1.1.4.IHECRE00001916.1.802aebed-eb83-4be2-ad4b-531b9669219c.fc.signal	0.370881	0.225237	0.324794	0.596759	0.313539	0.445751	0.194183	0	0	0	0	0	0.257192	0.715806	0.207897	0	0.28286	0.205466	0.434846	0.473837	1.00054	0.546084	0.961434	0.756844	0.532055	0.40986	0	0.659473	0.817013	0.102681	0.479448	0.863791	0.557148	0.659344	1.35094	0.409855	0.582704
ihec.chipseq.ihec-chipseq-containerv1.1.4.IHECRE00000055.3.c103ff2c-a6eb-4f1b-a426-7944eb0db1a5.fc.signal	0	0	0	0.388067	0.0997057	0	0	0	0	0	0	0.319642	0.30115	0.678908	0.537039	0.347455	0.140258	0.150139	0.461631	0.391531	0.291046	0.393173	0.570221	0.933479	0.198782	0.0354033	0.246668	0.087176	0.276392	0.216442	0.382076	0.0435888	0	0.0684948	0.80767	0.160534	0.328502
ihec.chipseq.ihec-chipseq-containerv1.1.4.IHECRE00000059.3.fd09db81-b70e-42c7-a7a4-5b21da281b0c.fc.signal	0	0.870209	0.431937	0	0	0	0	0	0.950399	1.31932	0	0	0	0.0362463	1.06034	0.319554	1.0555	0.236459	0.505787	0.494629	0	0.509139	0.681721	1.28601	0.721099	0.130167	0	0	0	0	0	0	0	0.101012	0.739197	0.447858	0.386792
ihec.chipseq.ihec-chipseq-containerv1.1.4.IHECRE00001019.4.2ddcc9ae-acae-4c28-a3c9-fb754675b0bb.fc.signal	0.167025	0.608956	0.513556	0.365775	0.403528	0.554176	0.542396	0.903951	0.122681	0.341371	0.102555	0	0.410491	0.549047	0.692656	0.279835	0.759982	0.252771	0.033283	1.04873	0.838871	1.3258	0.960523	1.13379	0.994017	0.679809	0.266641	0.218773	0.179823	0.325896	0.528897	0.429992	0.515892	0.632079	1.82211	0.892616	0.589552
ihec.chipseq.ihec-chipseq-containerv1.1.4.IHECRE00000153.3.0c1e9fd4-f9cb-4533-81b3-9169355f9ccf.fc.signal	0	0.208064	0.247694	0.351384	0.287672	0.338811	0.216162	0.29054	0.540952	0.504287	1.32864	0.873549	0.621044	0.923928	1.23722	0.524315	0.681491	1.10679	0.716448	0.920717	0.506673	0.951105	0.845302	0.999714	1.63054	1.28491	0.357088	0.0334756	0.542798	2.07382	1.59911	1.33934	1.93141	0.989044	1.14776	0.869518	0.959016
ihec.chipseq.ihec-chipseq-containerv1.1.4.IHECRE00004888.1.f9db8d06-2630-4975-9e52-9172ce2a1bd6.fc.signal	0.893414	1.08509	0.51914	0.572065	1.62341	1.74734	1.06531	0.823437	0.861394	1.16565	0.43221	0.759361	0.784329	0.856912	0.419924	0.617797	0.998471	1.25602	0.931564	1.1232	1.88068	1.51692	0.567133	0.932512	0.865904	0.90922	0.131352	0.548416	1.71192	1.21727	0.748268	1.37012	1.3196	1.74777	1.78768	2.03174	0.585526
ihec.chipseq.ihec-chipseq-containerv1.1.4.IHECRE00004905.1.873de0f3-acac-48e1-806f-dd40d10b1225.fc.signal	0.674545	0.451374	0.378726	0.388717	0.822677	1.59	0.391249	0.36011	0.297456	0.511439	0.359569	0.195085	1.094	0.55072	0.610063	0.536247	0.259423	0.397409	0.478611	0.468327	0.504719	0	1.26672	2.04023	0.897085	0.471255	0.339535	0.253638	0.127471	0.962893	1.34541	0.735021	0.228132	0.541164	0.274269	0.493335	0.671613
ihec.chipseq.ihec-chipseq-containerv1.1.4.IHECRE00001909.1.e6a2cf05-4442-4900-8653-30cc3d2324ab.fc.signal	0.725785	0.436454	0.0965995	0.331847	0.166532	0.214776	0.21452	0.333326	0.125944	0.330651	0.689519	0.521476	0.451824	0.544928	0.762683	0.716088	0.178326	0.542195	0.997192	0.75639	0.667267	0.311104	0.494314	0.731046	0.943049	0.611698	0.467806	0.381348	0.561092	0.89107	0.722569	0.420778	0.292186	0.399007	0.757244	0.616489	0.865397
ihec.chipseq.ihec-chipseq-containerv1.1.4.IHECRE00003821.3.43827613-54ef-409d-9a0a-96bb52b3ce7f.fc.signal	0.580787	0.736744	1.16645	1.06653	0.453953	0.215015	0.356422	0.580775	0.595257	0.835373	1.42131	2.69567	2.35918	3.28512	3.47805	2.83171	3.46853	3.35958	1.11705	1.44255	1.69894	1.88638	2.39973	1.38326	0.788702	1.46552	1.69389	0.924332	0.687219	0.599726	1.48382	1.24896	0.956483	0.512181	0.625064	0.814363	0.7109
ihec.chipseq.ihec-chipseq-containerv1.1.4.IHECRE00000256.2.b71cb41a-a92a-4846-9c19-2f0fd37a6b2a.fc.signal	0	0.202851	0.336463	0	0	0.518469	0.575968	0.0704639	0.38095	0.192562	0.609588	1.14486	1.23299	0.816876	0.154243	0.286835	0	0.397929	0.168475	0.793676	0.810908	0.357756	0.33731	1.01534	1.13459	0.587591	0.346058	0.28682	0.257553	0.470565	0.566964	0.0573175	0.249417	0.335517	1.00988	0.316265	0.701979
ihec.chipseq.ihec-chipseq-containerv1.1.4.IHECRE00003805.1.24603684-f63d-4625-bec9-0424e8b7f4ba.fc.signal	0.659628	0.323593	0.421926	0.36174	0.433123	0.517424	0.332336	0.225421	0.412785	0.149797	0	0.238423	0.160117	0	0	0.0494849	0.0802481	0.266566	0.44463	0.471125	0.272451	0.438652	0.374187	0.175925	0.431798	0.343524	0.244434	0.246438	0.189316	0.14229	0.160183	0	0.0875759	0.146162	0.360976	0.228797	0.844361
ihec.chipseq.ihec-chipseq-containerv1.1.4.IHECRE00000230.3.ca8ee125-6019-4b2e-8f95-2ea50380d6a6.fc.signal	0.307603	0.0949897	0.400455	0.410321	0.418529	0.817224	0.477348	0.0349055	0	0	0	0	0	0	0	0	0.188621	0.622291	0.258954	0.0550889	0.57796	0.613313	0.307722	0.457532	0.860953	0.324272	0.360288	0.536551	0.356297	0.0301469	0.0420749	0.384511	0.284847	0.288387	0.146813	0.596673	0.0769769
ihec.chipseq.ihec-chipseq-containerv1.1.4.IHECRE00000987.6.8acf33db-7deb-4ee2-849a-9a31ff1a6d2b.fc.signal	0.725736	0.299879	0.56503	0.504997	0.415666	0.132579	0.735928	0.493721	0.488763	0.494693	0.110752	0.58606	0.738376	1.38704	0.398662	0.708782	1.2506	0.963131	0.899989	1.3397	1.81276	0.956719	1.665	1.95212	2.20119	1.30721	0.324645	0.0848125	0.419469	0.428612	0.671101	0.491812	0.53162	1.12393	1.79818	1.63104	0.278075
ihec.chipseq.ihec-chipseq-containerv1.1.4.IHECRE00000882.3.7d91e7f5-bc7a-413d-aa5d-46bcf4bd507f.fc.signal	0	0	0	0	0	0	0.205237	0.438021	0.528892	0.593814	0.222249	0	0	0	0.260758	1.39932	0.513125	0.603931	0.42341	0.696016	0.522012	0.166409	0.723853	0.344067	0.918772	1.49935	0.907423	0.0461964	0.725944	0.164917	0	0	0	0	0	0.887032	0.928251
ihec.chipseq.ihec-chipseq-containerv1.1.4.IHECRE00001964.2.833a4d12-f55a-4d20-8f65-69bf9d8fbcf1.fc.signal	0.479738	0.585031	0.725051	0.2631	0.492043	0.390155	1.28942	1.51245	0.974956	0.649534	0.864099	0.870136	0.0898397	0.183026	0.0660861	0.813213	1.16764	0.727011	0.69245	0.385586	0.499042	0.31825	0.597962	0.480499	0.685027	0.521385	0.52304	0.60967	0.290631	0.0109468	0.233276	0.787937	1.08464	0.833003	0.298833	0.64895	0.35
ihec.chipseq.ihec-chipseq-containerv1.1.4.IHECRE00000868.3.c3a38275-231b-4ef8-a328-2e48c1bb2ffe.fc.signal	0	0	0	0.19756	0.500082	0	0	0.253347	0.259523	0.242056	0.31477	0.177561	0.459113	0.149793	0	1.03612	0.218742	0	0	0.0267835	0.676444	0	0.23706	1.53508	0.149646	0	0	0	0	0	0	0	0	0	0	0	0.938731
ihec.chipseq.ihec-chipseq-containerv1.1.4.IHECRE00000013.3.7b485c8e-2ba6-4ba4-bb0c-5db4ffb286e5.fc.signal	1.10305	0.0334224	0	0.363795	0.935355	0.0125334	0.915282	1.00278	0	0	0	0	0	0.703438	0.746641	0.500931	0.732404	0.810879	0.371824	0.159583	0.399239	0	0.238907	0.658939	0.155122	0.33244	1.32262	0.320646	0	0	0	0.484601	0.234364	0	0.938681	0.478006	0.448052
ihec.chipseq.ihec-chipseq-containerv1.1.4.IHECRE00004713.2.dc7d36a0-32c9-47d0-9c59-4029c2bb7b08.fc.signal	0.0975763	0.282651	0.717528	1.66936	0.483213	0.399524	0.398648	0.349517	0.585772	0.279248	0.407984	0.981803	1.0458	1.10373	1.09986	0.665538	1.06774	0.553496	0	0	0.472006	1.27617	0.600427	0.94101	0.990944	0.421745	0.517099	0.363318	1.07088	0.925958	0.531412	0.271372	0.355299	0.332299	0.785347	0.712918	0.39
ihec.chipseq.ihec-chipseq-containerv1.1.4.IHECRE00004614.1.f70f08d5-c239-488a-9fd2-9ee11b8ea04b.fc.signal	0.11423	0	0.0859816	0.113438	0.600425	0.0943251	0.277743	0.0307287	0	0.126986	0.101492	0.0346627	0.585358	0.483957	0.0480896	0	0.175419	0.460103	0.304661	0.213098	0.176008	0.321358	0.457485	0.0255545	0	0	0	0.344553	0.235578	0	0.353858	0.955326	0.283689	0.14876	0.0885399	0.0974066	0.531532
ihec.chipseq.ihec-chipseq-containerv1.1.4.IHECRE00000285.2.85a96e1e-f494-4c3e-a824-04d541378479.fc.signal	1.16695	2.74464	1.56227	2.97911	2.704	6.76198	5.57467	4.58277	5.15305	2.13812	6.37445	6.94452	8.14788	7.18149	7.70936	4.65073	4.96744	2.03188	5.53474	6.67252	9.91323	10.6867	13.8089	14.1095	9.26439	4.32615	4.50121	0.536739	1.56348	2.83397	2.78783	2.20994	2.29079	4.23847	4.74405	3.66735	0.752773
ihec.chipseq.ihec-chipseq-containerv1.1.4.IHECRE00000718.3.5e75e9ad-e9d2-4508-9566-bf664ca87cc0.fc.signal	0	0	0.221172	0.216713	0	0	0	0	0	0	0.0656336	0.372993	0.445879	0.302474	0.0657064	0	0	0.235042	0.199171	0	0	0	0	0.191514	0.234571	0.281689	0.536237	0.723089	0.0736872	0.185815	0.0826219	0.231563	0.0535829	0	0	0	0.524911
ihec.chipseq.ihec-chipseq-containerv1.1.4.IHECRE00001044.7.e0ba87df-93d1-418d-8f45-e1c64bd56fa6.fc.signal	0.350534	0.780743	1.09866	0.781779	0.633277	1.08531	0.68403	0.372871	0	0	0.267917	0.729896	0.712216	0.280897	0.221829	0.202857	0.200221	0.397086	0.232837	0.58752	0.697006	0.850475	0.793174	1.06477	1.01877	0.728675	0.887291	0.517497	0.25697	0.332303	0.341958	0.464297	0.582851	0.745637	0.650532	1.21626	0.380682
ihec.chipseq.ihec-chipseq-containerv1.1.4.IHECRE00000261.2.5b9a3db5-db58-4b20-b862-dbfb969c1ea9.fc.signal	0.0769896	0.865863	1.14599	1.00318	0.0079656	0.261241	0.76812	0.121874	1.12557	1.01491	0.719893	0.485402	1.40214	0.814933	0.351461	0.532843	0.884714	0.642063	0.302133	0.0455173	0.408367	0.567582	1.07135	1.13273	0.811923	1.12096	0.250897	0.234021	0.277178	0	0.116165	0.697479	0.538741	0.488956	0.734784	0.671301	0.89834
ihec.chipseq.ihec-chipseq-containerv1.1.4.IHECRE00001907.1.b966e498-d9a0-444f-86dc-2c73303063dc.fc.signal	0.0564155	0.169767	0.143989	0.236146	0.263681	0.245915	0.352105	0.196812	0.0092602	0.197898	0	0.0756576	0.415869	0.0944246	0.0603569	0.16812	0	0.0344761	0.130056	0.116959	0.375423	0.573771	0.354329	0.604062	0.635379	0.60307	0.379673	0.353863	0.526299	0.536658	0.461627	0.0152507	0.347092	0.0928079	0.202662	0.212464	0.270249
ihec.chipseq.ihec-chipseq-containerv1.1.4.IHECRE00000964.7.d2d5e859-5f7e-4ba2-9ab4-45b7bd789552.fc.signal	0.948432	0.592855	0.0359714	0.404819	0.858195	0.504814	0.626035	0.643647	0.363114	0	0	0	0	0.446038	1.06667	0.365817	1.04799	1.01855	0.732845	0.204733	0.130031	0.365805	0.893863	0.553388	0.360853	0.659103	1.10691	0.564596	0.24421	0.0248437	1.00009	0.834842	0.979829	1.39257	0.583739	1.10966	0.216463
ihec.chipseq.ihec-chipseq-containerv1.1.4.IHECRE00000152.3.0906ba9e-a21c-4f9c-ad41-4d1d8cef3196.fc.signal	0.54664	0.962207	1.03253	0.77219	0.596529	0.0594333	0	0	0.200601	0.994634	0.886764	0.523948	0.645593	0	0	0	0.473117	0.259523	0.914978	0.729488	0.185224	0.846988	0.383605	1.35868	2.29534	0.696885	0.434756	1.33303	1.34493	0.610635	0.606658	1.20743	0.274918	1.52166	0.974997	1.82491	0.98892
ihec.chipseq.ihec-chipseq-containerv1.1.4.IHECRE00001904.1.0acd5931-0b73-476b-8e24-3d3f33e51c4f.fc.signal	0.0623424	0.379206	0.421303	1.23248	0.865727	0.295054	0.310073	0.00717613	0	0	0	0.00674107	0.39422	0.0163189	1.17687	0.400898	0.0183845	0.026741	0.211053	0.152658	0.168527	0.393432	0.421932	0.974894	0.463314	0.325767	0.251503	0.511134	0.271714	0.112319	0.250159	0.611553	0.0041256	0	0	0.125289	0.261183
ihec.chipseq.ihec-chipseq-containerv1.1.4.IHECRE00003715.2.77d0951a-133c-4686-8405-aa8093c5992e.fc.signal	0.26866	0.350859	0.689827	1.81822	1.10991	0.258992	0.472398	0.143401	0	0.0692558	0.631458	0.239313	0	0	0	0.193533	1.99269	1.50928	0.59068	1.10173	1.53974	0.517811	0.923793	0.697925	0	0.401613	0.706943	0.586182	0.154983	0	0	0	0.308298	0.525235	1.31493	0.842519	0.476982
ihec.chipseq.ihec-chipseq-containerv1.1.4.IHECRE00003827.1.b1de3550-d0dc-4d1f-9668-59472acd9883.fc.signal	0	0	0.198572	0.13603	0.163824	0.221565	0.294558	0.15063	0.120842	0.15164	0.334811	0.206705	0.0440254	0	0.114336	0.28229	0.195958	0.389713	0.0087728	0.0882681	0.162174	0.341651	0.426799	0.160147	0.261709	0.788835	0.957375	0.0875028	0.109286	0.2386	0.221159	0.907774	0.822742	0.61358	0.497662	0.609168	0.380952
ihec.chipseq.ihec-chipseq-containerv1.1.4.IHECRE00004606.2.ab229d27-fab9-498a-94c4-1828601ac534.fc.signal	0.00639287	0.0292519	0.370535	0.285348	0.0432877	0.496051	0.175108	0.341439	0.264586	0.551953	0.116789	0	0.424212	1.02864	0.377028	0.00430533	0	0.0675081	0.162094	0.198654	0.142422	0.405677	0.0683822	0.11616	0.119774	0.0266203	0.103678	0	0	0.0876113	0.265596	0.902962	0.274655	0.136461	0.1733	0.592154	0.351779
ihec.chipseq.ihec-chipseq-containerv1.1.4.IHECRE00004641.3.6bdfceff-da00-46c6-af8d-4738c1100d68.fc.signal	1.01939	0.870815	0.727133	1.04904	1.1036	1.05665	0.936109	0.555447	0.340441	0.465713	0.717612	1.07441	0.808333	0.987413	0.943755	1.18936	1.04722	1.06485	0.963786	0.79823	0.611841	0.515651	0.918314	1.05747	0.827129	1.20042	0.890345	0.79385	0.39524	0.388124	0.740552	1.03943	0.600314	0.349699	0.547547	0.59906	0.16955
ihec.chipseq.ihec-chipseq-containerv1.1.4.IHECRE00000704.1.628e8f03-244a-44fd-bd70-84ed6d6eff82.fc.signal	0	0	0	0	0.348479	0.0150312	0	0.22533	0.129874	0.243584	0.594965	0.273789	0.199396	0.0732858	0.0161133	0.126898	0.2224	0.309402	1.00778	0.0757568	0.177816	0.0655305	0	0	0.0765589	0.104161	0.484965	0.102606	0.436092	0.197226	0	0	0	0.651664	0.294137	0.657602	0.88729
ihec.chipseq.ihec-chipseq-containerv1.1.4.IHECRE00000347.2.60ebcc77-d63b-4671-83a5-b16a7df330d3.fc.signal	0.260386	0.136139	0.118371	0.461799	0.412256	1.03504	1.01569	0.232422	0.905851	0.518519	1.44732	1.49595	0.697835	1.08137	1.95091	2.22374	1.82062	1.83977	3.26772	2.46912	2.33473	1.33839	1.04371	2.37396	1.9866	0.910178	0.361638	0.768215	0.430836	0.677213	1.15664	0.564256	1.37393	1.54401	1.18537	1.17463	0.714286
ihec.chipseq.ihec-chipseq-containerv1.1.4.IHECRE00004607.2.e413ffcf-e079-4615-8c2e-2d70941b24fa.fc.signal	0.164763	0.295452	0.129886	0.488668	0.702895	0	0	0	0	0.308371	0.181623	0	0.0970917	0.235954	0	0.0776929	0.164763	0.142027	0	0.00666593	0.674959	0.0950733	0	0.0642976	0.209898	0.133048	0.36337	0.352152	0.0361638	0	0.0832572	0.317701	0.0768605	0.328064	0.229035	0.0265116	0.509009
ihec.chipseq.ihec-chipseq-containerv1.1.4.IHECRE00001548.1.c74b881b-15af-4696-825e-ea9cae30401d.fc.signal	0.0693323	0.0937133	0.223918	0	0	0.0707005	0.205193	0	0	0.345869	0.277412	0.568035	1.1311	1.19771	1.22654	0.304322	0.0824096	0.920602	0.595081	0.97495	1.23736	1.16709	0.41483	0.302505	1.33366	1.61425	0.646011	0.114949	0.399588	0.420583	0.939321	1.66198	0.364908	0	0	0.19421	0.551075
ihec.chipseq.ihec-chipseq-containerv1.1.4.IHECRE00000226.3.2fab969c-48f4-4b84-972e-99f85803f009.fc.signal	1.28534	0.689321	0.956728	1.25424	1.01975	0.919367	1.79543	2.18623	0.663495	0.00853967	0	0	0	0	0	0	0.230924	1.5545	1.65922	1.86792	2.09281	2.3453	2.49075	3.12864	3.05865	1.42411	1.19666	1.66077	1.13996	0.18284	0.0634035	0.762409	1.90165	1.6527	1.4789	1.36493	0.31746
ihec.chipseq.ihec-chipseq-containerv1.1.4.IHECRE00000231.3.884166bc-f176-439f-ae9a-24aaf283ecaf.fc.signal	0	0	0	0	0.162045	0.41236	0.197578	0.0146558	0	0	0	0	0	0	0	0	0	0	0.0943325	0.0592575	0.0619867	0.138907	0.0050492	0	0	0	0	0	0	0	0	0.0843925	0.144351	0.101938	0.0824854	0.00676069	0.633333
ihec.chipseq.ihec-chipseq-containerv1.1.4.IHECRE00003695.3.bdb135f7-e7e7-45ee-919a-f8d9bc37c43a.fc.signal	0.255253	0.407933	0.0316781	0.157127	0.0769912	0	0.115787	0.160785	0.440443	0.143827	0.0617929	0.0587391	0	0	0.0955579	0.0522121	0	0.102799	0.1699	0.0197027	0.177	0.228614	0.130478	0.0167229	0.17175	0.116961	0.130893	0.401879	0.309848	0	0	0	0	0	0	0	0.0866911
ihec.chipseq.ihec-chipseq-containerv1.1.4.IHECRE00000101.3.15b5016e-771a-4791-960d-6d40861428f9.fc.signal	0	0	0.74328	0.256564	0	0	0	0	0	0.302635	0.760182	0	0	0	0.677692	0.350743	0.816196	0.221075	0	0	0	0	0	0.107704	0.628645	1.26959	0.0991926	0.099456	0.735263	0.557686	0.107704	0.208858	1.29781	0.410809	0	0	0.506329
ihec.chipseq.ihec-chipseq-containerv1.1.4.IHECRE00001471.1.ec8a676e-9e5b-4b67-aeab-fd46162c4925.fc.signal	0.057942	0.39662	0	0.393847	1.50522	1.74108	0.754496	0.402907	0.194623	0.210253	0.00791933	0.911703	0.554777	0.244969	0.340159	0.330512	0.713812	0.382562	0.805056	0.733835	0.933117	0.502112	0.203924	1.36129	0.600404	0.79174	0.46352	0.288698	0.582158	0.626658	0.85037	0.733871	2.39507	0.879638	0.385359	0.132316	0.338384
ihec.chipseq.ihec-chipseq-containerv1.1.4.IHECRE00000774.3.2555c044-a169-434c-aa5a-cdb2619e5c02.fc.signal	0	0	0	0	0	0	0	0	0	0	0	0	0.0058576	0.43932	0.129519	0	0.274905	0.370986	0.48814	0.123662	0.0761488	0.200712	0	0	0.0937227	0.133907	0	0	0	0	0	0	0	0	0	0	0.438596
ihec.chipseq.ihec-chipseq-containerv1.1.4.IHECRE00000867.3.ef0aafb4-8ce3-4a7b-bdfa-22cac3f90888.fc.signal	0.0234208	0.221343	0.815955	0.573428	0.515801	0.146706	0.00149533	0.184787	0.0565095	0.0143311	0.124824	0.178111	0.238063	0.564332	0.374286	0.113452	0.268303	0.904581	0.578665	0.197434	0.0140992	0.0116187	0.543356	1.03806	0.710212	0.454241	0.272862	0.33265	0.173586	0.101684	0.173506	0.210032	0.295574	0.654992	0.225698	0.443129	0.956164
ihec.chipseq.ihec-chipseq-containerv1.1.4.IHECRE00000277.2.3a939b8c-d3c6-4c38-aca2-ff9bdbaa645d.fc.signal	0	0	0.0697291	0.524796	0.476508	0.783096	1.314	0.613927	0.410465	0.739613	0.954563	0.491792	0.502817	1.10297	0.43553	0.466916	0.402895	0.171805	0.206628	0.369379	0.407226	0.986388	1.32822	1.23202	1.15424	0.349394	0	0.695066	1.50112	1.37484	0.474451	0.216149	0.66189	1.59122	2.4385	0.663744	0.631579
