	chr19:42509076-42509225	chr19:42509226-42509375	chr19:42509376-42509525	chr19:42509526-42509675	chr19:42509676-42509825	chr19:42509826-42509975	chr19:42509976-42510125	chr19:42510126-42510275	chr19:42510276-42510425	chr19:42510426-42510575	chr19:42510576-42510725	chr19:42510726-42510875	chr19:42510876-42511025	chr19:42511026-42511175	chr19:42511176-42511325	chr19:42511326-42511475	chr19:42511476-42511625	chr19:42511626-42511775	chr19:42511776-42511925	chr19:42511926-42512075	chr19:42512076-42512225	chr19:42512226-42512375	chr19:42512376-42512525	chr19:42512526-42512675	chr19:42512676-42512825	chr19:42512826-42512975	chr19:42512976-42513125	chr19:42513126-42513275	chr19:42513276-42513425	chr19:42513426-42513575	chr19:42513576-42513725	chr19:42513726-42513875	chr19:42513876-42514025	chr19:42514026-42514128	Expression
ihec.chipseq.ihec-chipseq-containerv1.1.4.IHECRE00003818.1.d9959e98-a5a9-490f-a9f0-358a1a711d27.fc.signal	0.887799	0.819148	0	0.486748	0.265045	0.589639	0.53821	0.144472	0.50852	0.478409	0.584523	0.134421	0.166021	0.682606	0.804748	1.22213	0.897183	0.491017	0.701326	0.200486	0.00686453	0.658597	0.74267	0.0714191	0.511497	0.810311	0.155682	1.01819	0.638529	0	0.215417	0.0676781	0	0	0.168633
ihec.chipseq.ihec-chipseq-containerv1.1.4.IHECRE00001961.2.993ec17f-4277-433d-a284-3906706ac1fe.fc.signal	0.214679	0.597282	0.499764	0.392388	0	0	0	0	0.357177	0.296492	0	0	0.185664	0.48283	0.239266	0.391477	0.0135193	0.00270387	1.69401	2.36578	1.19531	1.81204	0.995973	0.399254	0	0	0	0	0	0	0	0	0	0.567975	0.0833018
ihec.chipseq.ihec-chipseq-containerv1.1.4.IHECRE00000242.3.009dbb10-d8f5-4bd5-9bc6-e0cf283ece54.fc.signal	0	0.0118476	0.0920567	0.0783775	0.0168043	0	0.111547	0.29839	0.0897522	0	0	0.181875	0.304733	0.670423	0.858139	0.409565	0.0609467	0	0	0	0.0277361	0.356796	0.258456	0.111073	0.844633	0.502466	0.0193081	0.17524	0.332308	0.194797	0.0940781	0	0	0	0.236887
ihec.chipseq.ihec-chipseq-containerv1.1.4.IHECRE00000949.6.4e9958ba-8dfc-4908-9654-b8c3286ec999.fc.signal	0.133302	0	0	0	0.731095	1.06329	0.705603	0.402385	0.0670908	1.55442	0.489196	0.268356	0.663086	0.564359	0.691261	0.966394	0.402212	0	0	0	0.462284	1.44202	0.803534	1.2412	1.56434	0	0	0	0	0	0	0	1.1846	0.998763	0.826221
ihec.chipseq.ihec-chipseq-containerv1.1.4.IHECRE00001913.1.0691c0e9-6039-4aa9-a294-80d73cee59d2.fc.signal	1.23017	0.291774	0.293347	0	0	0	0.539891	1.11547	0.0807568	0.398844	0.625156	0.886478	0.931749	0.59559	1.24215	1.83519	1.28585	0.021177	0.836901	0.0894939	0.768753	2.15845	0.577908	0.808507	0.94071	0	0.544864	0.548057	0.289774	0.327778	0	0.617201	0	0	0.978022
ihec.chipseq.ihec-chipseq-containerv1.1.4.IHECRE00001008.4.aa01f6f8-93b0-4f0b-8191-bde89d903aa4.fc.signal	0.914942	0.154066	1.00773	0.509696	0.793508	0.0604775	0.22001	0.706874	0.98919	0.693542	0.817601	0.246226	0.186334	0.14844	0.392514	0.616409	0.590439	0.731463	0.251365	0.152961	0.141944	0.998063	1.36605	0.367351	0.545638	0.448178	0.138612	0.770168	0.883095	0.545999	0.053072	0	0.02568	0.652898	0.194782
ihec.chipseq.ihec-chipseq-containerv1.1.4.IHECRE00001954.2.c4a67634-cf89-4945-bb82-26e2fddb3f3f.fc.signal	1.75496	1.60935	1.45669	2.1801	2.10853	2.08954	1.29285	1.0773	1.26491	1.55637	1.08405	0.37986	0.96585	1.57409	1.14263	1.63044	1.69857	1.26726	1.17944	1.88546	1.95145	1.74831	1.35102	1.13977	1.17657	1.7038	1.56954	1.58815	2.08727	1.18175	0.928392	0.597554	1.05371	1.52847	0.200855
ihec.chipseq.ihec-chipseq-containerv1.1.4.IHECRE00000239.3.318c4637-d1c5-4ab4-ab79-239ce2440f41.fc.signal	0.442022	0.536263	0.0595801	0.13327	0.256113	0.18752	0.523101	0.944284	0.58077	0.200003	0.242593	0.609891	0.86462	0.718243	0.911647	1.19168	1.19132	0.437102	0.00111287	0.135342	0.871188	1.67413	1.26923	0.479145	0.743948	0.71349	0.715443	0.714313	0.781851	0.900502	0.489575	0.0389269	0.414924	1.37709	0.942784
ihec.chipseq.ihec-chipseq-containerv1.1.4.IHECRE00000227.3.782837e5-53f4-4f13-8ca3-175155d9e819.fc.signal	0.543265	0.108894	0.275212	0.184212	0.0462811	0	0	0.417047	0.540871	0.0746183	0.398436	0.65283	0.317566	0.134275	0.633949	0.71056	0.463152	0.10297	0.286753	0.212073	0.438086	0.555605	1.28806	0.256702	0	0	0.0567608	0.291566	0.493239	0.230529	0.130224	0.186557	0.0282312	0	0.07473
ihec.chipseq.ihec-chipseq-containerv1.1.4.IHECRE00001959.2.50a44db1-655c-4546-8036-e7b247f25f5a.fc.signal	0.240298	0.0581104	0.289244	0.557627	0.116693	0.0599772	0.222722	0	0	0.186306	0.0622369	0.175337	0.828275	0.22989	0.332737	0.0753421	0.0578732	0.134945	0.185866	0.667915	0.135414	0	0	0.167146	0.173079	0.495938	0.280862	0.0354669	0	0	0	0	0	0	0.110321
ihec.chipseq.ihec-chipseq-containerv1.1.4.IHECRE00003803.1.8e45d3eb-43c4-4932-8fdd-020c9df5cc1a.fc.signal	1.19226	0.869441	0.24003	0.3997	0.535692	0.706678	0.840528	1.14941	0.297507	0.0810696	0.465563	0.934976	0.964336	1.0202	1.54731	1.98655	1.26512	2.08342	1.81713	2.31852	1.09592	0.544097	0.138285	0.069578	0.239285	0.634455	0.568365	0.383197	0.701361	0.18981	0.412711	0.445366	0.0966561	0	0.123268
ihec.chipseq.ihec-chipseq-containerv1.1.4.IHECRE00000237.3.206f09d2-76dd-4938-b45e-439de4017881.fc.signal	0	0	0.0769573	0.472799	0.616302	0.471372	0.42947	1.24059	1.04467	0.336023	0	0	0.0481621	0.454536	0.34924	0.488079	0.634236	0.493695	0.143577	0	0.187069	0.588896	0.441239	0.189655	0.292879	0.510889	0.329706	0.290107	0.45325	0.454773	0.377107	0.0849883	0.00955993	0.0190402	0.922481
ihec.chipseq.ihec-chipseq-containerv1.1.4.IHECRE00003730.1.57414e10-6fd1-425a-bd2a-eb610647bcb3.fc.signal	0	0.49154	0.781666	0	0.145536	1.01813	0.829052	0.780382	0	0.956787	2.08643	0.562433	0	0.0793395	0.910413	1.1585	1.90213	0.176482	0	0.435453	0.449671	0	0	0	0	0.890605	0.520425	0	0.966281	0.465594	0	0	0	0	0.22702
ihec.chipseq.ihec-chipseq-containerv1.1.4.IHECRE00000109.3.a2cb3210-5c24-4e50-835f-1201fe42af76.fc.signal	1.14155	0.16721	0.298211	0	0	0.247663	0.0998107	0	0.427316	0.577361	0.110353	0	0.0479045	0.237294	0.829522	1.01466	0.858783	0.461791	0.200784	0	0.159117	0.676152	0.385548	0.291019	0	0.147918	0.132265	0.564515	0.114709	0	0	0.179	0.440676	0.249341	0.978846
ihec.chipseq.ihec-chipseq-containerv1.1.4.IHECRE00000094.3.c60747a0-65be-430d-9bf1-640c270b6e6c.fc.signal	0.497646	0.787281	0	0	0.303348	2.06456	0.449651	0	0	0	0	0	0	0	0	0	0	0	0	0	0	0	0	0	0.764751	2.03245	0	0	0	0	0	0.530374	1.76511	0	0.976526
ihec.chipseq.ihec-chipseq-containerv1.1.4.IHECRE00003822.3.92277bf1-d852-4798-9042-40cf7998125a.fc.signal	0.298077	0.499234	0.773156	0.362634	0.722499	0.682548	0.285112	0.170094	0.195419	0.46058	0.0974916	0.108515	0.153606	0.0216037	0.283147	0.385264	0.0631345	0.100134	0.463509	0.363267	0.274567	0.520706	0.494596	0.121043	0.277757	0.358204	0.206799	0.0577527	0	0.1606	0.155853	0	0.0759488	0.26041	0.952278
ihec.chipseq.ihec-chipseq-containerv1.1.4.IHECRE00001014.4.ad84b327-82d2-4d7b-a9a1-d84b21c47553.fc.signal	0.66701	0.710435	0.7385	0.648748	0.438548	0.779984	0.580904	0.361126	0.427196	0.013206	0.673753	0.655806	0.644177	0.315252	0.497303	0.941186	0.636551	0.623854	0.566008	0.467731	0.294687	0.713958	0.441234	0.180774	0.19624	0.436601	0.309729	0.565499	0.229856	0.240334	0.278119	0.497107	0.0894184	0.31963	0.126622
ihec.chipseq.ihec-chipseq-containerv1.1.4.IHECRE00001965.2.ef4e5ad4-caa2-424f-9bf2-7145353fa420.fc.signal	1.76039	0.974236	1.28016	1.44501	1.12048	1.52879	1.28043	1.80236	1.33968	1.25676	2.04286	1.5414	1.57775	1.53015	2.06851	1.69557	1.8419	1.90668	1.32971	0.921457	1.11272	1.62795	1.82135	1.53208	1.80412	1.87821	1.77318	2.14448	1.60854	0.944556	1.50409	1.22116	0.312784	0.538539	0.250242
ihec.chipseq.ihec-chipseq-containerv1.1.4.IHECRE00003404.1.4a84d1a8-94ea-4ca8-9f07-6c2b2d20f0f2.fc.signal	0.808121	1.0981	0.939627	0.384948	0.317278	0.692577	0.82955	0.275282	0.4041	0.532901	1.82979	1.07546	1.38989	1.92238	1.62492	1.77838	1.25306	0.661206	0.333282	0.693997	0.948378	0.792997	1.39213	0.720631	1.00961	0.86611	1.09175	1.21659	1.18427	0	0.45009	0.447126	0.64029	0.690161	0.110923
ihec.chipseq.ihec-chipseq-containerv1.1.4.IHECRE00000159.3.dff5dbe0-28d6-4c21-adf0-9c1b89baf174.fc.signal	0.593089	0.55793	0.0185687	0	0	0	0	0	0	0	0	0	0	0	0	0	0	0.275401	0.606429	0	0	0	0	0	0	0	0	1.15791	1.4961	0.571634	0.705844	0.511986	0	0	0.972414
ihec.chipseq.ihec-chipseq-containerv1.1.4.IHECRE00004616.1.bed78e40-f7b3-4ebb-ad62-e7d9c6963ec8.fc.signal	0.539815	1.03333	0.512675	0.21864	0.490987	1.29666	0.808055	0.569501	0.334392	0.325544	0.552767	0.488933	0.607764	0.662758	0.760432	0.755246	0.524145	0.467256	0.559583	0.446483	0.367296	0.632946	0.430038	0.0265389	0	0.289611	0.315212	0.107961	0.0338613	0.406749	0.567845	0.290429	0.000731733	0.253536	0.160305
ihec.chipseq.ihec-chipseq-containerv1.1.4.IHECRE00003806.1.047c2416-3a22-4cd4-965c-493225f5ed12.fc.signal	0.923004	0.983178	1.0075	1.03212	0.854839	1.03111	1.0425	1.79305	0.910659	0.526743	0.601329	1.42172	0.819511	0.192518	0.82623	1.07734	0.636902	1.18137	1.02413	0.403838	0.763264	2.16324	2.27691	0.436656	0.504603	0.822555	0.846552	0.608166	0.513518	0.307917	0.309003	0.0703038	0	0.0843382	1
ihec.chipseq.ihec-chipseq-containerv1.1.4.IHECRE00003826.4.87afad01-d436-4b9f-ad87-b00cd4a79273.fc.signal	0.188313	0.448185	0.344564	0.196894	0.19804	0.693933	0.35413	0.400371	0.0142263	0.0273583	0.479101	0.714292	0.24265	0.617111	1.02035	1.07771	0.891366	0.617048	0.106333	0	0.50271	0.829418	0.136151	0.267551	0.00492467	0.103962	0.427683	0.576512	0.204593	0.193467	0.278092	1.32693	0.0962735	0	1
ihec.chipseq.ihec-chipseq-containerv1.1.4.IHECRE00001235.5.85b1d8ad-328c-45c6-9e3b-50e5e5e241e1.fc.signal	0.624317	0.836498	0.289858	0.484529	1.30861	0.732196	0.624418	0.397231	0.193621	0.397257	0.363614	0.816591	0.922658	1.44299	1.22961	0.487535	0.835181	0.947257	0.0473046	0.434942	1.37604	0.709669	0.674537	0.41417	0.47525	0.290306	0.424918	0.939681	0.999655	0.246198	0.254531	0.0183536	0.0685237	0.596491	0.230392
ihec.chipseq.ihec-chipseq-containerv1.1.4.IHECRE00001952.2.c1b4ffc0-5671-47c4-baaa-5f1958b2a0b4.fc.signal	1.58145	1.545	1.2126	2.31256	2.6192	1.61435	1.26587	2.09241	1.88438	0.939197	1.10902	0.843344	1.40657	2.55898	3.56127	3.97768	2.22515	2.65075	2.4915	2.17871	1.9207	2.07167	1.87273	0.907122	0.854143	0.825455	1.2802	2.89315	1.39177	1.59064	1.8336	1.53845	1.27519	1.1668	0.082218
ihec.chipseq.ihec-chipseq-containerv1.1.4.IHECRE00000241.3.952d10ed-db3c-403d-b33a-97f5002e56ff.fc.signal	0	0	0	0.0789138	0.384557	0.191894	0.0578298	0.21973	0.212735	0.0298685	0	0	0.172533	1.83867	4.13014	3.48271	1.07809	0.340928	0	0.0483093	0.815804	1.91873	0.668111	0.361644	1.15402	2.12544	1.20992	0.623924	0.655437	0.924276	0.668467	0.00794453	0	0.012285	0.810552
ihec.chipseq.ihec-chipseq-containerv1.1.4.IHECRE00000188.3.aa79dbf5-f75e-4ba3-9aec-59cbc9a2028b.fc.signal	0.166008	0.608774	0.191728	0.413587	0	0	0.170807	0.486143	0.539056	0.97377	0.013139	0.264027	0.249842	0.647078	0.698025	0.64381	0.705125	0.249641	0.428333	0.401917	0.158006	1.34022	0.924684	0.52126	0	1.11786	0.171755	0.135807	1.10179	1.77814	0.899125	0.551218	0.83651	0.695214	1
ihec.chipseq.ihec-chipseq-containerv1.1.4.IHECRE00001017.4.ee61f45f-7dde-4017-8f76-95a89e2d408d.fc.signal	0.18807	1.07565	0.631972	0.693651	0.512343	0.727178	0.395515	0.118609	0.301952	0.246207	0.815293	0.308118	0.382765	0.53336	0.94606	0.987079	0.964261	0.342029	0.651168	0.222475	0.503963	0.662662	0.52378	0.298418	0.331594	1.00369	0.528528	0.182757	0.526259	0.124136	0.461632	0.302447	0.0891311	0.11175	0.13137
ihec.chipseq.ihec-chipseq-containerv1.1.4.IHECRE00001050.8.8c536fb3-0ded-452e-bfa9-602b72d66c00.fc.signal	0.929398	0.923795	1.21713	0.224187	0.110504	1.42679	1.21838	0.541347	0.591954	0	0.220596	0.343744	0.437231	0.962737	0.884096	1.66995	1.37114	1.36664	0.318342	0.778366	0.604275	0.918336	1.71809	0.471868	0.00547133	0.842174	1.65239	1.19921	0	0	0.351386	1.14136	0.118493	1.21677	0.3125
ihec.chipseq.ihec-chipseq-containerv1.1.4.IHECRE00003832.2.e0246cbf-2d49-4bee-a25f-b1967eaad820.fc.signal	0.306724	0.105376	0.0876353	0.0800945	0.208173	0.25373	0.193566	0.0502349	0.247167	0.217143	0.51963	0.631587	0.232607	0.372956	0.194749	0.311311	0.622718	0.655678	0.0363747	0.0938081	0.342573	0	0.297339	0.381077	0.0688204	0.341673	0.108957	0.0633977	0.0980158	0	0.126252	0.176096	0	0	1
ihec.chipseq.ihec-chipseq-containerv1.1.4.IHECRE00001888.4.445e6e0a-1317-4ac0-8603-79bdacbbaeb7.fc.signal	0.875576	1.00074	0.898032	2.80395	1.37741	0.121422	0	0	0	0	0	0.113644	0.654258	0	0.307365	1.41082	0.0996499	0.744788	0.8816	0	0	0	0.818278	0.0885106	0	0.906178	0.885769	2.06355	0.445867	0.956587	0.381013	0	0	0	0.0502513
ihec.chipseq.ihec-chipseq-containerv1.1.4.IHECRE00003812.1.63a55c7d-51f0-4637-84b6-522ad46573ec.fc.signal	0.409334	0.429235	0.707704	0.653538	0.812413	0.586876	0.58441	0.117129	0.144253	0.285163	0.357466	0.594183	0.291565	0.719143	0.818079	0.699073	0.893551	0.678524	0.0545683	0.543794	0.52074	0.54297	0.416276	0.0739096	0.340884	0.250751	0.606423	1.16513	0.342755	0.495639	0.632495	0.0653455	0.0887712	0.359107	0.16383
ihec.chipseq.ihec-chipseq-containerv1.1.4.IHECRE00003835.4.223aa04f-e316-48e4-abf6-e6d88a4e9390.fc.signal	0.434234	0.523402	0.364058	0.596754	0.180232	0.806606	0.33798	0	0.270324	0.297916	0.145585	0.387728	0.13859	0.376141	0.130691	0.299956	0.506145	0.283689	0.351287	0.636149	0.565866	0.617324	0.435485	0.0900848	0	0.266754	0.21959	0.113242	0.330046	0.0756223	0	0.239053	0.0843451	0	1
ihec.chipseq.ihec-chipseq-containerv1.1.4.IHECRE00001878.2.2adb5a51-51a2-4ead-ae64-2462116858bf.fc.signal	0	0	0	0.291169	0.242699	0	0.17186	0.371368	0.465327	0.349778	0.0390467	0.288469	0.44989	0.774959	1.21411	0.440877	0.235741	0.343356	0.0505311	0.632261	0.584667	0.103786	0.467803	0.136173	0.589367	0.235491	0.403679	0.335013	0	0.450534	0.563735	0.257041	0	0	0.147541
ihec.chipseq.ihec-chipseq-containerv1.1.4.IHECRE00001460.1.40235741-bb90-41ef-92e9-8d550ae72a34.fc.signal	0.236277	0.0420817	0.296693	0.392176	0.278408	0	0.456596	0.545688	0.0534544	0.46773	0.447684	0.033409	0.0400618	0.500136	0.173157	0	0.207208	0.272742	0.204923	0	0	0.0850889	0.446872	0.344213	0.0397263	0.478868	0.988917	0.487776	0.0489999	0.0403984	0.302773	0.113591	0	0	1
ihec.chipseq.ihec-chipseq-containerv1.1.4.IHECRE00004681.3.e25da2b0-3beb-48b5-b4cb-d2ae704a33b2.fc.signal	0.603637	0.434467	0.277816	0.681966	0.534547	0.845267	0.934792	0.806588	0.726023	0.643636	0.361288	0.291521	0.463768	0.360977	0.379123	0.584594	1.11885	1.15258	0.784559	1.07465	0.504095	0.373798	0.737061	0.344525	0.742615	0.683327	0.540756	0.732118	0.831988	0.740523	0.744692	0.522176	0.805476	0.709557	0
ihec.chipseq.ihec-chipseq-containerv1.1.4.IHECRE00001012.4.853b1d33-1744-4990-baf4-0f508c154dec.fc.signal	0.771507	1.39527	0.405954	0.237543	0.179234	0.556991	0.682199	0.236089	0.113367	0.0465195	0.529846	0.94355	0.654501	0.108131	0.663755	0.682027	0.488501	1.13893	0.728581	0.607347	0.585115	0.323055	0.500206	0.077261	0.551399	0.313035	0.194417	0.162433	0.900329	0.82923	0.525783	1.15844	0.031446	0	0.137612
ihec.chipseq.ihec-chipseq-containerv1.1.4.IHECRE00001009.4.f4ce93fa-a218-429a-bf06-fd30f370975a.fc.signal	0.18596	0.237708	0.399829	0.612638	0.239057	0.218492	0.318765	0.0151792	0.0899541	0.0355753	0.243057	0.161167	0.405997	0.538358	0.906636	0.67292	0.903019	0.287926	0.0949355	0.0534636	0.0629269	0.164202	0.247998	0.215508	0.178947	0.430595	0.52571	0.146571	0.187365	0.547315	0.286555	0.0707235	0.0344831	0.250386	0.216423
ihec.chipseq.ihec-chipseq-containerv1.1.4.IHECRE00003828.3.7fe9234c-b18e-418e-a5fa-41324c8b4b69.fc.signal	0.789008	0.582188	0.478569	0.469019	0.501431	0.643862	0.78768	0.473223	0.979453	0.285305	0.416066	0.468266	0.342628	0.357412	0.673858	0.504675	0.337723	0	0.221113	0.0513293	0	0	0	0.478324	0.284608	0	0.230202	0.196679	0	0	0	0	0	0	0.524096
ihec.chipseq.ihec-chipseq-containerv1.1.4.IHECRE00001022.4.dc7b5661-43e6-4e06-8a03-ce4fe6a31079.fc.signal	0.5761	0.603364	0.600263	0.724138	0.811702	0.759854	0.617284	0.795376	0.185703	0.106528	0.373479	0.353522	0.444356	0.473327	0.645971	0.757242	0.5785	0.449333	0.405095	0.248728	0.451985	0.865662	0.628772	0.617187	0.39969	1.01833	0.396787	0.890749	0.752203	0.423788	0.284831	0.292654	0	0	0.107862
ihec.chipseq.ihec-chipseq-containerv1.1.4.IHECRE00003398.1.32ebedf9-9cee-45d9-904b-83df75dfe3b1.fc.signal	0.409865	1.72765	0.721857	0.666466	0.793935	0.61488	0.722041	0.61439	0.462193	0.840366	0.569285	0.479853	1.12103	0.876938	0.397073	0.772534	0.480495	1.1419	0.53319	0.64534	1.18935	0.933021	0.852902	0.977625	0.23421	0.877872	1.13213	0.369589	0.648343	0.769902	1.78526	0.769286	0.0346253	0	0.129642
ihec.chipseq.ihec-chipseq-containerv1.1.4.IHECRE00000665.1.c28d3943-9234-4917-b4a0-88d70eac42fc.fc.signal	0.981399	0.408463	0.481105	1.0102	1.08352	0.835451	0.400933	0.633272	0.60311	0.82606	1.0574	0.512689	0.636368	0.847196	0.634873	0.531066	1.06992	0.635989	0.294127	0.415833	0.625429	0.477416	0.427455	0.469985	0.742588	0.397505	0.2629	0.578122	0.659307	0.773075	0.670978	0.392492	0.693295	1.4046	0.893443
ihec.chipseq.ihec-chipseq-containerv1.1.4.IHECRE00000070.3.0fa2831d-dcde-49f0-a77a-b0f556e7e04b.fc.signal	1.03405	0.633096	0	0	0	0	0	0	0	0	0	0	0.314043	0.688282	0.33144	0.13166	0	0	0	1.43064	0.583619	0	0	0	0	0.130721	0.666886	0.224158	1.2383	0.358557	0.191767	0.191195	0	0	0.806075
ihec.chipseq.ihec-chipseq-containerv1.1.4.IHECRE00000248.2.bd28e586-8e22-461b-84c3-4b40b899ccae.fc.signal	0.467715	0.22936	0	0	0.207574	0.136349	0	0	0	0	0	0.0761017	0.176252	0.14683	0.150534	0.54451	0.908898	0.26676	0.391307	0.504109	0.190235	0.117067	0.320871	0.0591445	0.019963	0.545728	0.47305	0.369578	0.184706	0.0347083	0.24576	0.236035	0.02499	0	0.977273
ihec.chipseq.ihec-chipseq-containerv1.1.4.IHECRE00003401.1.b076b762-9a1c-49ad-94fb-112d4580999d.fc.signal	1.6696	0.817143	1.17767	0.687547	0.00726267	0.0203775	0.460542	0.338201	0.45389	0.236224	0.655756	0.792276	0.973552	0.442221	0.363778	0.341834	0.684045	0.825334	0.290982	0.179892	1.05381	1.64805	1.92351	0.642514	0.0206607	0.111568	1.27275	2.69842	1.26862	0	0.723139	1.49591	0.0743784	0	0.209106
ihec.chipseq.ihec-chipseq-containerv1.1.4.IHECRE00000004.3.5bccbd26-89db-49c5-8936-a07080d84fbf.fc.signal	0	0	0.472344	0.236581	0	0	0	0	0	0	0.223566	0.297947	0.198834	0	0	0	0	0	0	0	0	0	0	0	0	0.49221	0.84233	0.467038	0.494639	0.206743	0.493576	0.284497	0	0.070222	1
ihec.chipseq.ihec-chipseq-containerv1.1.4.IHECRE00003402.2.0fdc34e0-537d-401e-add6-faec819eca23.fc.signal	0.410772	0.777658	1.00944	0.762493	0.528802	0.333957	0.295927	0	0.180867	0.52163	0.529495	0.698046	0.230383	0.919802	0.286286	0.318518	0.410156	0.757793	1.18458	0.395707	0.996155	0.65854	0.493192	0.812867	1.14336	0.684291	0.497502	0.265699	1.07362	0.729607	1.55672	0.255188	0.00326553	0.993152	0.184663
ihec.chipseq.ihec-chipseq-containerv1.1.4.IHECRE00001013.4.02d83500-1eee-47fb-928a-288e119fb2d5.fc.signal	0.105678	0	0.670074	1.17159	1.02376	1.43918	0.364744	0.739296	0.34607	0.486207	0.33529	0.1011	0.898157	1.44186	1.02451	0.569811	0.554429	0.171234	0	0.242838	0.323671	0.545433	0.690483	0.652385	0.489424	1.22944	0.332961	0.306	0.253977	1.03814	0.287518	0.438863	0.126452	0.251449	0.120094
ihec.chipseq.ihec-chipseq-containerv1.1.4.IHECRE00000229.3.85a03a8e-2650-44c0-bf53-1db912cf1fd2.fc.signal	0.527038	0.799429	0.325346	0.75382	0.814527	0.642965	0.639941	0.224768	0	0.268852	0.279928	0.52874	0.689537	0.347256	0.633319	1.42451	1.16711	0.187223	0	0.380709	1.05581	1.27758	1.52101	0.433742	0.503118	0.937923	0.48519	0.0313069	0.130857	0.572376	0.502418	0.0717226	0.0848837	0.373722	0.911635
ihec.chipseq.ihec-chipseq-containerv1.1.4.IHECRE00003688.3.224378b1-b9a6-497a-9406-7ce9e052b055.fc.signal	0.0992977	0.165191	0.124207	0.17085	0.482474	0.253572	0.0980813	0.229352	0.240946	0.14939	0.433962	0.199623	0.470931	0.138171	0.490601	0.322997	0.578895	0.41861	0.0151397	0.130272	0.188065	0.600212	0.0927802	0.404569	0.709937	0.466472	0.262891	0.148395	0.0994141	0.0424766	0.513131	0.37552	0	0	0.642857
ihec.chipseq.ihec-chipseq-containerv1.1.4.IHECRE00001955.3.409dbfeb-ff68-4d68-8254-ea0d0437a94c.fc.signal	1.20194	1.28459	1.36327	0.875597	0.752018	1.29653	1.16641	1.55785	1.46869	1.70353	1.67696	2.14559	1.37444	0.915954	1.25705	1.88678	2.34751	1.60012	1.34209	1.43083	2.01642	1.4721	1.5775	1.49935	1.05635	1.33215	0.97551	0.750039	1.14472	0.995042	0.58707	0.938062	0.152281	0.0578574	0.0899609
ihec.chipseq.ihec-chipseq-containerv1.1.4.IHECRE00003689.3.beff36be-023d-4a6e-8a49-a553932bd6ce.fc.signal	0.531348	0.301802	0.452213	0.725004	0.469083	0.805025	0.297523	0	0	0.402484	0.116958	0.344869	0.344837	0.444729	0.673683	0.42812	0.496999	0.35685	0.242928	0.382796	0.607306	0.332681	0.217262	0.261825	0.407533	0.345298	0.53936	1.00608	0.924813	0.523375	0.388947	0.284017	0.102585	0.559431	0.841618
ihec.chipseq.ihec-chipseq-containerv1.1.4.IHECRE00003804.1.20346d72-f6d0-41f6-979d-2e29fa33f68f.fc.signal	0.19616	0.187106	0.023096	0.564169	0.390761	0.317299	0.111656	0.251425	0.0650079	0.0200319	0.065374	0.0627778	0.129281	0.118103	0.271361	0.336196	0.366723	0.217197	0.276961	0.303552	0.248096	0.544309	0.500828	0.0901408	0.0221513	0.436377	0.492056	0.215173	0.119867	0.0297878	0	0	0	0	0.198284
ihec.chipseq.ihec-chipseq-containerv1.1.4.IHECRE00003836.3.e37d93da-dc33-42a2-aab6-afc4ccdb4a46.fc.signal	0.405063	0.437645	0.296244	0.169736	0.319439	0.459039	0.37542	0.276782	0.473988	0.123804	0.108135	0.2057	0.220094	0.161438	0.448719	0.206462	0.403026	0.514604	0.286429	0.210492	0.354044	0.274335	0.645903	0.053629	0.0685966	0.146652	0.515746	0.907657	0.362184	0.665578	0.783848	0.816173	0.164804	0.11827	0.755556
ihec.chipseq.ihec-chipseq-containerv1.1.4.IHECRE00003690.3.6941f4c2-9444-41d7-82bb-38a8112f3f75.fc.signal	0.592866	0.649493	0.559722	0.779959	0.676552	0.207596	0.412902	0.676825	0.519573	0.374315	0.525069	0.600314	0.67703	0.406512	0.228129	0.287931	0.490043	0.479299	0.364572	0.400622	0.776523	1.15989	1.13629	1.25937	0.961196	0.456306	0.415483	0.595303	0.485248	0.550871	0.960904	1.06713	0.386012	0.485397	0.656442
ihec.chipseq.ihec-chipseq-containerv1.1.4.IHECRE00000310.2.f1afbde9-c6ee-47cd-b96e-f15f6acd44a4.fc.signal	1.23646	2.55969	0.434812	1.88947	4.15208	1.73154	0.932826	0	0	0	0	0	0	0	0	3.48074	3.29118	0	0	1.14048	1.39939	0	0	0	0.546564	2.46521	1.64812	4.38666	1.7125	0.581606	2.37854	0.650232	0	0	0.946667
ihec.chipseq.ihec-chipseq-containerv1.1.4.IHECRE00003693.3.c56a1926-3d2b-458d-9800-4140f38e79d1.fc.signal	0.347961	0.545447	0.45673	0.405765	0.456995	0.231325	0.100631	0.167827	0.259756	0.309025	0.337074	0.431453	0.367637	0.242975	0.16996	0.200322	0.237052	0.333734	0.529195	0.419647	0.128912	0.199412	0.608567	0.420592	0.495028	0.649481	0.311338	0.244761	0.368345	0.692457	0.882604	0.66091	0.202895	0.211868	0.614035
ihec.chipseq.ihec-chipseq-containerv1.1.4.IHECRE00001852.4.51e98f97-6119-4df6-b770-df4f0c759ed4.fc.signal	1.52457	1.10352	1.18712	1.25561	0.788685	0.664908	1.47347	1.00548	0.744751	0.711487	0.663343	0.82567	0.654216	0.524752	0.419845	0.480108	0.431105	0.351314	0.675644	1.17378	0.958771	0.636055	0.354622	0.335711	0.509237	0.754129	0.473327	0.454675	0.58822	0.441786	0.669279	0.731724	0.289255	0.628769	0.226979
ihec.chipseq.ihec-chipseq-containerv1.1.4.IHECRE00001315.1.dd7c5865-ee3d-478d-bdf1-8e360085ebad.fc.signal	0	0.106219	0.265482	0	0	0	0.31765	0.332717	0.793148	0.698053	0.556374	0.558471	0	0.238016	0.308407	0.821283	1.02687	1.16659	0.659342	0.0539123	0.478209	0.0800152	0.0334367	0.875883	0.293324	0	0	0	0	0	0	0	0	0.0414571	0.438095
ihec.chipseq.ihec-chipseq-containerv1.1.4.IHECRE00000246.3.17e8d437-9912-4182-bfcd-8c63788e1a5b.fc.signal	0	0	0.0224612	0.23333	0.458172	0.385482	0.154526	0.21473	0.156228	0	0	0	0	0	0.143006	0.885287	1.25638	0.881875	0.238315	0	0.938024	1.42148	0.194057	0.0919306	0.492173	0.205813	0.0595469	0.263961	0.436346	0.241653	0	0	0.0410027	0.161004	0.898032
ihec.chipseq.ihec-chipseq-containerv1.1.4.IHECRE00004647.3.d64b3583-2ef0-4033-af25-2e355c9dc564.fc.signal	0.562745	0.507456	0.246272	0.610848	0.839447	0.546009	0.274414	0.347189	0.690102	0.456018	0.367764	0.352369	0.569562	0.726173	0.369783	0.498499	0.705341	0.486242	0.345765	0.423354	0.432966	0.273955	0.423694	0.356225	0.258489	0.251285	0.227695	0.392943	0.484787	0.343056	0.49548	0.781976	0.538186	0.490275	0.737342
ihec.chipseq.ihec-chipseq-containerv1.1.4.IHECRE00000709.3.5c2b1045-c5b9-4ce2-a975-1bba53717c39.fc.signal	1.53993	1.07163	0.462778	0.517454	0.944323	1.12961	1.15746	0.498468	0.755974	0.633559	0.755118	0.524971	0.69532	0.764984	0.449474	0.293012	0.465966	0.671704	0.732474	0.953329	0.600417	0.654905	1.20966	0.267808	0.385645	1.1051	0.165946	0.689334	1.16579	0.38867	0.357091	0.681931	0.279423	0.445211	0.814621
ihec.chipseq.ihec-chipseq-containerv1.1.4.IHECRE00001957.2.e6bec3c5-fcb0-48f1-bb2d-dd0add2596dc.fc.signal	1.41265	2.17705	2.54072	2.68098	2.6443	2.96792	1.56488	2.691	3.70074	2.95663	2.42745	2.48402	3.26456	2.71524	2.06945	3.17046	2.66483	2.24224	1.90886	2.04837	3.30198	3.41453	1.87225	1.34244	2.33604	2.39405	1.31778	1.66112	2.32372	3.11739	1.37407	1.20219	0.751011	1.13702	0.126183
ihec.chipseq.ihec-chipseq-containerv1.1.4.IHECRE00001892.4.902ae139-ccdf-4a1c-a16a-ec321c33c554.fc.signal	0.147472	0	0.538134	0.310919	0	0.684478	0.544536	0.600295	0	0.350093	0.726189	0.945828	0.43323	2.45034	1.59717	0	0	1.17487	0.808795	0.823021	0.816577	0.0362409	0	0	0.178322	0.484253	0.837121	0.3091	0.155233	0.637976	0.0189742	0	0	0	1
ihec.chipseq.ihec-chipseq-containerv1.1.4.IHECRE00001020.4.35556ffc-f017-4274-85bd-1310cd0fe68d.fc.signal	0.782548	0.648964	1.09205	0.52487	0.125747	0.470969	0.431242	0.423602	0.482507	0.126257	0.373753	0.313074	0.226524	0.3397	0.759535	0.566145	0.467769	0.47771	0.496693	1.00432	1.24052	1.35775	0.871488	0.406572	0.385902	0.643464	0.241105	0.696216	0.667769	0.508844	0.783287	0.497894	0.252203	0.184892	0.091594
ihec.chipseq.ihec-chipseq-containerv1.1.4.IHECRE00003685.2.c2e20b49-142e-4797-9eba-5be0eab06323.fc.signal	1.85406	1.00974	0.84238	0.776994	1.3163	0.690257	0.561383	0.64903	0	0.405911	0.759816	0.521291	0.850313	0.520162	0.379476	0.219062	0.155659	0.371452	0.414397	0.559128	0.316214	1.20931	0.668509	0	0	0	0.149227	0.517371	0.360739	0	0.593306	1.18093	0.0914467	0.470704	0.665179
ihec.chipseq.ihec-chipseq-containerv1.1.4.IHECRE00003842.2.5d7cb2f3-47cf-4b96-8e52-3efecb6dacae.fc.signal	0.227372	0.115048	0	0	0.0638481	0.347719	0.0780873	0	0	0.15344	0.128135	0.256195	0.338709	0	0.17317	0.123596	0.197526	0.333152	0	0.255099	0.368903	0	0	0	0	0.0964625	0.396818	0.0469767	0	0.146212	0.325655	0.680335	0.0699629	0	0.807407
ihec.chipseq.ihec-chipseq-containerv1.1.4.IHECRE00003809.1.1724086a-5e6f-40e4-8774-8e9b5ce9aa91.fc.signal	0.0883379	0.344262	0.0337237	0.155923	0	0.187082	0.241242	0.0611243	0	0	0.128721	0.0969746	0.351448	0.193786	0.0990635	0	0	0	0	0	0	0	0	0.10153	0.147868	0.126054	0.162295	0.46797	0.233958	0.271711	0	0	0	0	0.193273
ihec.chipseq.ihec-chipseq-containerv1.1.4.IHECRE00001900.1.6f34fcaf-f939-42d9-9208-522a5ad9c032.fc.signal	0.637604	0.495121	0.804778	0.361285	0.27726	0.287106	0.293533	0.131753	0.312743	0.296966	0.356011	0.453752	0.125834	0.307319	0.265495	0.911248	0.398096	0.346336	0.272578	0.329091	0.124499	0.134731	0.186705	0.42844	0.311167	0.155423	0.34963	0.193196	0.077993	0.26384	0.152679	0.189091	0.046045	0.109298	0.132623
ihec.chipseq.ihec-chipseq-containerv1.1.4.IHECRE00001918.1.f4eb1507-9e72-4fad-bc11-1462cce349d2.fc.signal	0.171348	0.436232	0.037587	0.0987565	0.336233	0.0856726	0	0.0406649	0.384428	0.0713571	0	0.138965	0.273845	0.317998	0.402014	0.329916	0.450604	0.0167474	0.0576081	0.641803	0.67462	0.304185	0	0.0383091	0.343341	0.464417	0.293787	0.0051788	0.251775	0.218445	0	0	0	0	1
ihec.chipseq.ihec-chipseq-containerv1.1.4.IHECRE00000228.3.733171c1-b776-4277-a4e8-9b25e6d08804.fc.signal	0.00216707	0	0.0909308	0.554506	0.925647	0.929759	0.981834	0.859343	0.0765385	0	0	0.00797653	0.73713	0.885372	0.442516	0.411932	0.695815	0.727567	0.157533	0.0229622	0.353983	1.79069	1.49187	0.249522	0.319807	0.512267	0.313724	1.14474	1.97942	1.22025	1.12602	0.373293	0.0876781	0.67758	0.277228
ihec.chipseq.ihec-chipseq-containerv1.1.4.IHECRE00000974.7.795c5285-fcfe-49fc-86bb-822787a24420.fc.signal	1.54967	2.08492	1.31013	1.40304	0	0.47225	1.05057	0.151906	0.938866	0.533146	0.842035	1.25193	1.17466	0.279205	0.834608	1.93452	1.33692	1.02995	0.583313	1.30274	0.734725	0.613781	0.642346	0.440017	0.560792	2.0632	1.69495	1.14848	0.784116	0.0764171	0.940819	0.169645	0	0	0.148329
ihec.chipseq.ihec-chipseq-containerv1.1.4.IHECRE00000001.4.7fa161be-cf7b-4429-a672-c1d72473e2c1.fc.signal	0.187738	0.732748	0.502038	0.436944	0.522873	0.298307	0.178816	0.75621	0.422236	0	0.100435	0.389901	0.157863	0.120717	0.637649	0.684084	0.167146	0	0	0	0.344966	1.51306	1.63937	0.850501	0.530283	0.410033	0.170699	0.282895	0.843655	0.760546	0.603458	0.315495	0.164099	0	0.144928
ihec.chipseq.ihec-chipseq-containerv1.1.4.IHECRE00001005.4.eaae55a7-76d3-4c5f-8e82-3f3f6f93f567.fc.signal	0.3802	0.669621	0.465905	0.43256	0.450974	0.557753	0.356706	0.577033	0.327834	0.218596	0.618945	0.808011	0.654592	0.289873	0.810025	0.911692	0.613991	0.901162	0.401282	0.744199	0.548144	0.502081	0.331125	0.590224	0.536073	0.3984	0.428684	0.465715	0.341515	0.578445	0.359837	0.402277	0.0848433	0.286802	0.094292
ihec.chipseq.ihec-chipseq-containerv1.1.4.IHECRE00001016.4.1d4895d1-fc6f-4299-b288-fac0f6f34000.fc.signal	0.134431	0.796156	0.296389	0.615344	0.787859	0.520638	0.676579	0.627116	0.481656	0	0.679668	1.07654	0.662386	0.505821	0.659636	1.12831	0.753203	0.768903	0.298756	0.309186	0.119709	0.138548	0.881649	0.539957	0.637174	0.694	0.776699	0.357544	1.1911	0.612734	0.38175	0.377993	0	0	0.200407
ihec.chipseq.ihec-chipseq-containerv1.1.4.IHECRE00001015.4.f20ced91-030b-432e-b792-c809b0185614.fc.signal	0.284504	0.399291	0.724868	0.828379	0.710987	0.597141	0.787978	0.254502	0.461413	0.216448	0.284686	0.242943	0.177512	0.588868	0.933536	0.614322	0.352459	0.408836	0.0641655	0.525644	0.636113	0.12371	0.201441	0.331627	0.168733	0.21898	0.493259	0.187918	0.146502	0.232699	0.286834	0.444963	0.152979	0.184889	0.229598
ihec.chipseq.ihec-chipseq-containerv1.1.4.IHECRE00003811.1.34e1eb06-bd04-44e7-b752-6e248f54239d.fc.signal	0.645808	0.307435	0.140146	0.260095	0.159134	0.179744	0.209041	0.0940959	0.404639	0.152073	0.0780937	0.193793	0.178638	0.238993	0.15527	0.142253	0.091803	0.162158	0.250545	0.220692	0.0325423	0.274679	0.279747	0.220549	0.389156	0.202623	0.186711	0.317388	0.0537989	0	0	0	0.0129902	0.148777	0.117697
ihec.chipseq.ihec-chipseq-containerv1.1.4.IHECRE00001233.5.9e3b4885-f5bc-4ff7-9713-139148fa3034.fc.signal	0.833536	0.194446	0.424153	0	0.122598	0.408476	0.348976	0.480804	0.2769	0.840331	1.1105	0.11205	0.463974	1.00933	0.75515	0.721354	0.267542	0.241998	0.293311	0.823026	0.506776	0.316788	0.363821	0.369774	1.10874	0.917574	0.393474	0.457485	0.548223	0.526292	1.13514	0.408332	0.0815471	0.411239	0.119871
ihec.chipseq.ihec-chipseq-containerv1.1.4.IHECRE00001018.4.37fbee98-9629-4bc8-bd64-c5ae6243c65d.fc.signal	1.2729	0.261063	0.180442	0.700068	0.355765	0.34148	0.220695	0.356636	0.696315	0	0.156103	0.26171	0.308664	0.850125	1.30422	0.834302	0.340743	0.457981	0.304917	0.393053	0.124609	0.446484	1.71879	0.679921	1.17147	0.718246	0.190141	0.567829	0.814314	0.327387	0.807244	0.442948	0.0487637	0	0.533776
ihec.chipseq.ihec-chipseq-containerv1.1.4.IHECRE00000244.3.d1a8257b-a783-46cb-9494-1d7cf28c907b.fc.signal	0.731905	0.455694	0.132778	0.199921	0.103009	0.0218581	0.102544	0.181235	0.144987	0.166616	0.0373032	0.440704	0.995181	1.02918	1.61482	2.12949	0.990987	0.752662	0.277918	0.331769	2.15964	2.94503	0.970441	0.397927	0.783501	0.459086	0.154471	0.409887	0.557514	0.681325	0.602927	0.112074	0.0534219	0.311265	0.912797
ihec.chipseq.ihec-chipseq-containerv1.1.4.IHECRE00000233.3.2ce6c7a2-1501-4bf0-9209-c55a1327303d.fc.signal	0	0	0.0616974	1.2292	2.17606	0.957682	0.551892	1.0155	0.686833	0.202796	0	0.206192	0.931241	0.878482	0.788137	0.756793	0.484307	0.0144081	0	0.0345609	0.539416	1.20184	0.720066	0.552874	0.952693	1.03397	0.724485	0.597763	1.06858	1.0816	0.502379	0.00264027	0.0017602	0.132109	0.875371
ihec.chipseq.ihec-chipseq-containerv1.1.4.IHECRE00001901.1.7cf8ca14-d3f1-48ac-b2ef-eee0ebdb6853.fc.signal	0.120737	0.0941662	0.0634962	0.120137	0.158884	0.0633927	0.100932	0.366718	0.173073	0.142526	0.336252	0.180311	0.108175	0.276875	0.217646	0.586035	0.37048	0.400858	0.245424	0.268151	0.190502	0.115194	0.0954251	0.158878	0.00872211	0.09204	0.142033	0.25791	0.122166	0.129781	0.191378	0.065465	0.0192019	0.0931504	0.110656
ihec.chipseq.ihec-chipseq-containerv1.1.4.IHECRE00004609.2.0c69eda8-716f-44e4-bc94-dce057d4c5a3.fc.signal	0.120593	0.17224	0.0664007	0.113114	0	0.178305	0.0793897	0.347387	0.0998246	0.870047	0.601724	0.15191	0.386657	0.580521	0.125703	0.18711	0.216255	0	0.0147596	0.357431	0.36143	0.164075	0.0137101	0.39598	0.0888444	0	0.0344126	0.123744	0.260985	0.496756	0.30299	0.0231229	0	0	0.196192
ihec.chipseq.ihec-chipseq-containerv1.1.4.IHECRE00000317.2.337ed98f-af4c-48b9-972b-6b9abcb53de2.fc.signal	0	0.407954	0.0361849	0	0	0.453844	0.192799	0	0	0.153531	0.765738	0.372777	0.0399928	0	0	0.0913201	0.121888	0.242085	0.163486	0.525444	0.428472	0.360872	0.593681	0.647144	0.158794	0	0	0.411744	0.275132	0	0	0	0	0	0.992936
ihec.chipseq.ihec-chipseq-containerv1.1.4.IHECRE00000304.2.b66dde97-4c9c-42c8-aedf-ac0556ad4c40.fc.signal	0	0	0	0	0	0.672488	0.650207	0	0.778619	1.15572	0	0	0	0	0.885487	0.752664	0	0	0	0.411291	0.954152	0.92084	0.644676	0.912051	0.726099	0	0	0	0	0	0	0	0	0	0.973591
ihec.chipseq.ihec-chipseq-containerv1.1.4.IHECRE00000324.2.afa177cc-ebf6-4778-b3d1-1bbb2401b4e5.fc.signal	0	0	0	0	0	0.0722056	0.309811	0	0	0	0.364415	0.379308	0.0169457	0.328196	0.0661731	0	0	0	0.246451	0.07792	0.256001	0.124674	0	0	0	0	0.387136	0.256483	0.367617	0	0	0	0.235901	0.393053	0.824427
ihec.chipseq.ihec-chipseq-containerv1.1.4.IHECRE00003683.3.0997810a-4867-4ba8-9534-ea6e95022077.fc.signal	0.283721	0.153685	0.12582	0.243443	0.240909	0.834746	0.641278	0.423227	0.0437793	0.385571	1.30648	0.387745	1.19009	0.692165	0.274024	0.159142	0.2064	0.02115	0.397992	0.314009	0.0159086	0.302225	0.550048	0.397008	0.0805183	0.104252	0.332176	1.37682	0.8154	0.270631	0.112775	0.27968	0.0402589	0.0716602	0.596591
ihec.chipseq.ihec-chipseq-containerv1.1.4.IHECRE00001030.7.1ce7f4a0-1e00-4296-ade7-a069012950ee.fc.signal	0.425949	0.0992416	0.282018	0.277712	0	0	0	0	0	0.42245	1.48048	0.730556	1.00048	0.952611	1.77035	0.926124	0.42859	0.774741	0.124344	0.387528	0	0.423265	0.722111	0.110264	0	0	0.0344304	0.284827	0.24927	0.346233	0.942978	0.284961	0.490402	0.974789	0.0418848
ihec.chipseq.ihec-chipseq-containerv1.1.4.IHECRE00000232.3.60b5bb5a-99a2-4161-af81-f580037bc3ea.fc.signal	0	0	0.183767	0.430058	0.3403	0.102144	0.0313034	0.0851466	0.0390577	0	0	0	0.197263	1.44305	2.91004	2.51787	1.41914	0.588221	0.0705435	0	0.17099	0.714967	1.09994	0.382428	0.0824784	0.638585	0.69605	1.15605	2.30226	1.98726	0.742474	0.0540621	0.231524	0.489411	0.848649
ihec.chipseq.ihec-chipseq-containerv1.1.4.IHECRE00000353.2.cd5f62f8-3dde-4835-8446-eb6b0b81ddfb.fc.signal	0	0.625951	0.425668	0	0	0.195017	0.198708	0	0	0.0718337	0.206398	0	0	0	0.125273	1.17783	0.518207	0.142312	0.344268	0.132396	0.349818	0	0	0	0	0	0.317543	0.964386	0.0742509	0	0	0	0	0	0.973954
ihec.chipseq.ihec-chipseq-containerv1.1.4.IHECRE00004618.1.72623753-44fb-49f2-a9eb-e1a5603547b0.fc.signal	0.849306	0.382316	0.631986	0.650314	0.638498	0.761505	0.96945	1.1773	0.420337	0.56245	0.426995	0.293209	0.601433	0.908557	1.00843	0.852278	0.521674	0.509681	0.239426	0.291212	0.45638	0.611799	0.0810795	0.356293	1.28083	0.93481	0.678124	0.738521	0.275566	0.588897	0.756713	0.941083	0.241117	0.151363	0.128415
ihec.chipseq.ihec-chipseq-containerv1.1.4.IHECRE00000265.2.06fd3dc4-16ec-427e-bc47-17e294f4c8b9.fc.signal	0.225397	0.350174	0.682463	0.771141	0.44759	0.381151	0.454584	0.423113	0	0	0	0.27952	1.16098	1.47227	1.0388	2.04762	1.11188	0.559449	1.08801	0.852666	0.0648133	0.416473	0.471576	0.217991	0	0	0.0444668	0.724105	0.360487	0.0349382	0.479459	0.0611471	0	0	0.993598
ihec.chipseq.ihec-chipseq-containerv1.1.4.IHECRE00001007.4.cf39648d-c62d-43ff-9d7d-22e416d4ed26.fc.signal	0.214852	0.497279	0.867083	0.551244	0.411623	0.290863	0.0192633	0.464742	0.374715	0.42226	0.484944	0.106844	0.533993	0.813378	0.299655	0.603217	0.383268	0.388406	0.410726	0.872806	0.780636	0.38051	0.402742	0.810999	0.764337	0.295156	0.17148	0.866807	0.378901	0.0041924	0.259408	0.387834	0	0	0.161921
ihec.chipseq.ihec-chipseq-containerv1.1.4.IHECRE00003687.3.768f4404-ca46-4eaa-8b5c-5eaa2d12a4ee.fc.signal	0.40915	0.839397	0.320781	0.389308	0.575925	0.52619	0.12014	0.323644	0.304093	0.248778	0.265041	0.273686	0.48709	0.323384	0.81997	0.686658	0.328688	0.580647	0.149795	0.436742	1.3021	0.517405	0.470307	0.363824	0.0168284	0.0861856	1.15633	0.732518	0.465006	0.449215	1.04542	0.173786	0.20287	0.881652	0.806641
ihec.chipseq.ihec-chipseq-containerv1.1.4.IHECRE00001902.1.6122ce53-36ab-4726-899c-4019d21224b2.fc.signal	0.262843	0.277233	0.181062	0.0821292	0	0	0.0185405	0.0937623	0.0229061	0	0.0387905	0.101363	0.101478	0.499812	0.568882	0.268618	0.167533	0.182155	0.0401551	0.0792415	0.0927289	0.268666	0.135506	0.236094	0.212522	0.0132217	0.0342433	0.186503	0.204924	0.121212	0.107419	0.0208228	0	0	0.126352
ihec.chipseq.ihec-chipseq-containerv1.1.4.IHECRE00001021.4.42815287-0f19-4aa3-960b-90c95fa6839b.fc.signal	0.547469	0.525017	0.50357	0.169454	0.626462	0.597626	0.360889	0.614833	0.134561	0.398944	0.267877	0.678261	0.416318	0.856931	0.791337	0.377991	0.288363	0.433149	0.178095	0.378929	0.641169	0.575241	0.483661	0.145187	0.573432	0.366958	0.774393	0.699468	0.803898	0.456324	0.459664	0.368437	0.0371318	0.34214	0.161165
ihec.chipseq.ihec-chipseq-containerv1.1.4.IHECRE00000284.2.edfc74fe-76d4-4fc9-b111-f4707881865a.fc.signal	0	0	0.161121	0.355003	0.0340337	0.549561	0.181181	0	0	0	0	0.231059	0.360989	0	0.450038	0.150492	0	0.105466	0.367038	0.019764	0	0	0.039528	0.302499	0.0715457	0	0	0	0	0	0	0	0	0	0.967359
ihec.chipseq.ihec-chipseq-containerv1.1.4.IHECRE00003845.2.f6030e61-e9c0-4b19-9d0e-f1e53212e793.fc.signal	0.340188	0	0.141602	0.0581945	0	0	0	0	0.461091	0.284754	0.259158	0.314551	0.318112	0.194376	0.127746	0.116665	0.120459	0	0.331489	0.204245	0.0461314	0.0731739	0.0692203	0.159216	0.14808	0.094115	0.289625	0.1492	0	0	0	0	0.0113539	0.121335	0.903743
ihec.chipseq.ihec-chipseq-containerv1.1.4.IHECRE00001378.1.66aa71ea-1d07-4b0c-8fa8-a30c9d97fadb.fc.signal	0.144758	0.733784	0.377665	0.181597	0.129449	0.247958	0.477741	0.350749	0	0.238263	0.280772	0.528929	0.391486	0.474911	0.186974	0	0.277532	0.434607	0.434565	0.366876	0.328691	0.334097	0.202504	0.248583	0.360766	0.419786	0.682785	0.679657	0.13238	0.129187	0.198754	0.281794	0.0736619	0.0176184	0.898618
ihec.chipseq.ihec-chipseq-containerv1.1.4.IHECRE00003684.3.227d235e-5d49-4e40-8c2e-3e1ec3df47e3.fc.signal	0.360852	0.0757802	0.43055	0.676426	0.407591	0.850248	0.699663	0.727574	0.546255	0.639354	0.320338	0.153677	0.0933651	0.141144	0.455111	0.570544	0.118602	0.677884	0.510851	0.496743	0.161111	0.283625	0.370113	0.162486	0.232597	0.147398	0.213522	0.39494	0.335907	0.0982227	0.271739	0.218086	0.00772333	0	0.157143
ihec.chipseq.ihec-chipseq-containerv1.1.4.IHECRE00001958.3.8880c654-a0c9-41d0-997c-100c289384a4.fc.signal	1.16082	0.732681	1.16483	1.68976	0.660443	1.61715	0.841453	0.595446	0.751328	0.701797	0.890735	1.15975	1.46679	1.66672	1.64123	1.93228	1.94189	1.22618	1.02872	1.09328	1.58952	0.981362	1.03224	0.888634	1.0622	0.933376	1.01737	1.32125	1.04753	1.66382	1.53806	1.36846	0.340171	0	0.0983522
ihec.chipseq.ihec-chipseq-containerv1.1.4.IHECRE00004603.3.f7f63af7-a252-4e53-93e7-699016d35fa0.fc.signal	0.521573	0.947992	0	0.206429	0.323344	0.465837	0.230198	0.876888	0.0164419	0.381827	0.683254	0.461336	0.0088916	0	0.216425	0.66501	0.889585	0.153997	0	0.497675	0.32955	0.277697	0.306909	0	0	0.160525	0.367199	0	0	0.180901	0.346547	0	0.129706	0.515837	0.301505
ihec.chipseq.ihec-chipseq-containerv1.1.4.IHECRE00004617.2.2b835b35-0d4f-4266-a8c6-b8c45974f7ec.fc.signal	0.878388	0.429485	0.503117	0.260515	0.255027	0.94506	0.420975	0.313988	0.309327	0.387626	0.629461	0.222698	0.165043	0.221958	0.447577	0.670109	0.454349	0.505521	0.259109	0.286362	0.37189	0.511098	0.783084	0.465167	0.38451	0.558778	0.722265	0.583767	0.360484	0.262067	0.713243	0.886513	0.140338	0	0.080916
ihec.chipseq.ihec-chipseq-containerv1.1.4.IHECRE00004605.1.09fb5d7a-926c-40ff-ac15-0bd2ff31967d.fc.signal	0.296703	0.0828713	0.445115	0.517243	0.195411	0.360759	0.219212	0.379517	0.819063	0.457543	0.574268	0.125339	0.42727	0.884103	0.786345	0.367025	0.136538	0.588739	0.908007	0.494782	0.279604	0.67974	1.26493	0.176622	0	0.160341	0.267333	0.382072	0.245528	0	0.00125267	0.340717	0.0776653	0.189724	0.163711
ihec.chipseq.ihec-chipseq-containerv1.1.4.IHECRE00004900.1.67d0b7ff-4124-4e95-8c9b-1a369432b72d.fc.signal	1.83105	1.13864	0.508435	0.34763	0.446239	1.3539	0.876269	1.37019	1.59369	2.54448	1.89803	0.55301	1.1114	1.0435	2.12626	2.22373	1.69359	1.51481	1.08426	1.94733	3.52874	4.15828	1.47729	1.80641	3.56482	2.57284	2.46955	1.17121	1.70846	0.879855	1.39725	0.632399	0.31344	0.381467	0.725416
ihec.chipseq.ihec-chipseq-containerv1.1.4.IHECRE00000346.2.2114289e-acc1-45e9-a564-a0dc3e1ab08a.fc.signal	1.30519	0.326298	0	0	0	0	0	0	0	0	0	0.498262	0.405665	1.16156	0.0941467	0.493844	0.670354	0.872354	0.549864	0.585588	0.646516	0.195196	0.0301264	0	0	0.621725	0.194014	0.405665	0.410074	0	0.489443	0.326296	0	0	0.977376
ihec.chipseq.ihec-chipseq-containerv1.1.4.IHECRE00000234.3.bfcf2e62-4c9d-48ec-abf1-b7cab2e2086a.fc.signal	0	0	0.171735	1.01498	0.835225	0.139468	0.133985	0.371053	0.352262	0.186219	0	0	0.117459	0.719009	1.79747	1.80461	1.13011	0.904079	0.254516	0	0.343493	1.53944	1.62664	1.46648	1.82232	1.60758	1.01029	0.200637	0.348022	0.354215	0.0168463	0	0.109584	0.295458	0.959251
ihec.chipseq.ihec-chipseq-containerv1.1.4.IHECRE00001234.5.f0ec07bd-7acb-4f94-999c-ee11e0eda161.fc.signal	0.268867	0.37629	0.488247	0.574348	0.653665	1.06475	0.542533	0.614597	0.477541	0.66717	1.29804	0.973222	0.768548	0.797338	0.748423	0.653491	0.484366	0.492628	0.380544	0.569553	1.30598	1.84354	1.21227	0.551702	0.926736	0.755511	1.13367	1.55321	0.418776	0.205291	0	0	0.0118058	0.289825	0.0954699
ihec.chipseq.ihec-chipseq-containerv1.1.4.IHECRE00003692.4.40ad2b6a-7c5b-4fe0-8afa-f12886fb0c69.fc.signal	0.108587	0.37035	0.266269	0.0672288	0.189025	0.0869279	0.308387	0.466817	0.893098	0.446524	0.283835	0.280462	0.0882796	0.192379	0.280212	0.149843	0.203146	0.347052	0.332306	0.16178	0.165886	0.452851	0.763019	0.10711	0.21173	0.225897	0.0188896	0	0.0283344	0.601176	0.344506	0.360244	0.0267609	0	0.687003
ihec.chipseq.ihec-chipseq-containerv1.1.4.IHECRE00003847.4.4f8cce6d-4994-48d9-b94c-e0d12d1ce300.fc.signal	0.291659	0.5538	0.928089	0.359017	0.0755061	0.353282	0.18475	0.293186	0.322683	0.19539	0.977397	0.367706	0.346725	0.258465	0.468091	0.580894	0.484397	0.34126	0.369602	0	0.164917	0.410512	0.39807	0.357325	0.116841	0.443786	0.296899	0.191144	1.47635	0.313413	0.440346	0.35259	0.131634	0	1
ihec.chipseq.ihec-chipseq-containerv1.1.4.IHECRE00001025.7.e0707b51-da3d-4db9-b667-fa81699b438f.fc.signal	0.617982	2.35464	0.702679	0.28286	0.457	1.65042	0	0	0.295878	1.12471	0.742044	0.0986173	0.143311	0.83958	0.827636	0.538665	0.870875	0.397186	0.0845843	0.156268	0.451993	0.474281	0.14447	0	0	0.0096988	0.38238	1.03899	0.178458	0	0.268045	0.137231	0.179828	0.342953	0.297099
ihec.chipseq.ihec-chipseq-containerv1.1.4.IHECRE00001914.1.e1cff7ed-c2ef-4b6d-8184-ab7441cefe26.fc.signal	0.0936847	0	0.110484	0.417707	0.143188	0.797277	0.356629	0.446432	0.0406573	0.158708	0.319603	0.223915	0.752733	0.28631	0.888719	0.542197	0.548719	0.771616	0.478289	0.90581	1.09976	0.860736	0.44791	0.0250827	0.153576	0.588502	0.561755	1.4841	1.06033	0.247966	0.327668	0.17064	0	0	1
ihec.chipseq.ihec-chipseq-containerv1.1.4.IHECRE00003814.1.04518067-abab-4a89-bf47-1227c4f45354.fc.signal	0.264295	0.340341	0.094285	0.189245	0.433093	0.753572	0.517962	0.325363	0.417109	0.136795	0.351771	0.441347	0.286172	0.262539	0.121332	0.289038	0.207206	0.065579	0.414875	0.483575	0.350037	0.200275	0.192815	0.145691	0.0305425	0.0248808	0.232851	0.557201	0.0663269	0.136664	0.83005	0.27887	0.0513992	0.203856	0.137931
ihec.chipseq.ihec-chipseq-containerv1.1.4.IHECRE00000301.2.433abfc2-f703-48e9-8d67-e434ffc406d8.fc.signal	0.380054	0.0517355	0	0	0	0	0	0	0	0	0.499209	0.333017	0	0	0	0	0.850074	0.633574	0	0	0	0	0	0	0	0	0	0.184287	0.802266	0	0	1.03864	0.874779	1.55209	0.996503
ihec.chipseq.ihec-chipseq-containerv1.1.4.IHECRE00001010.4.d1e0006a-c7d9-4c7e-995a-f2b8963a524b.fc.signal	0.32437	0.441687	0.280128	0.458612	0.419523	0.338496	0.0823796	0.27834	0.313622	0.100785	0.115746	0.245889	0.437559	0.385231	0.131019	0.498265	0.425614	0.152957	0.0175669	0.175329	0.387957	0.435697	0.333368	0.134243	0.302877	0.237192	0.173577	0.223749	0.153563	0.151397	0.147102	0.411866	0.0166787	0.0606912	0.159703
ihec.chipseq.ihec-chipseq-containerv1.1.4.IHECRE00000308.2.454549bf-8607-4e61-b7df-d1279be89352.fc.signal	0.00440827	0	0	0.0969819	0.379949	0.00260847	0	0	0	0	0.0101385	0.212913	0.0793488	0.268957	0.156022	0.605507	0.250473	0	0	0.182186	0.159545	0.0593413	0.364214	0.408146	0.0258642	0	0	0	0	0	0	0	0	0	0.984962
ihec.chipseq.ihec-chipseq-containerv1.1.4.IHECRE00000223.3.87bd77ec-3829-4467-a200-aa2df0091de8.fc.signal	0.57296	0.42135	0.229295	0.640498	0.624595	0.19646	0.103135	0.274841	0.25258	0.392888	0.294875	0.0314593	0.289175	0.42014	0.495468	0.483207	0.475467	0.309943	0.0552213	0	0.160907	0.450999	0.2862	0.0717954	0.174059	0.260419	0.222298	0.175306	0.18619	0.361502	0.201762	0	0.165053	0.242353	0.145046
ihec.chipseq.ihec-chipseq-containerv1.1.4.IHECRE00001915.1.157a80ac-2af3-454a-beb9-f93ae4d749f1.fc.signal	0.551666	0.465703	0.356517	0.198796	0.0519119	0	0	0.190368	0.0656652	0.002467	0.260385	0.371664	0.106355	0.263199	0.394905	0.495233	0.310629	0.232031	0.162439	0.146704	0.318195	0.50289	0.500004	0.0812345	0.136701	0.231368	0.0566527	0	0	0	0.0920463	0.235653	0.0732156	0	1
ihec.chipseq.ihec-chipseq-containerv1.1.4.IHECRE00000235.3.e718e383-8624-4fbc-ae80-8a013cf8e0a0.fc.signal	0.0629506	0	0.007457	0.21521	0.563044	0.58739	0.41255	0.673471	0.445866	0	0.0642402	0.354116	1.60797	2.75213	1.69955	0.950814	0.857843	0.414952	0.0485114	0.152647	1.45965	2.90145	1.90124	1.02175	0.84605	1.3105	1.19022	0.670134	0.98224	1.22655	1.30348	0.0359188	0.281922	0.660865	0.652893
ihec.chipseq.ihec-chipseq-containerv1.1.4.IHECRE00000309.2.41fd34d2-a156-4d85-9543-3f17b68400f3.fc.signal	0	0	0	0	0	0	0	0	0.916456	0.426675	0	0	0	0	0	0	0.656918	0.583961	0.82654	0.373912	0	0	0	0	0	0	0	0	0	0	0	0	0	0.123414	0.978093
ihec.chipseq.ihec-chipseq-containerv1.1.4.IHECRE00003716.2.82ebcb5f-2b06-40e6-9298-a18d7df57bef.fc.signal	0.383828	0.717874	0.566518	0	0	0	0	0	0.150934	0.627583	0.35353	0.0436121	0.343124	1.06608	0.902194	0.860686	1.56218	0.606816	0.458508	0.344149	0.285286	0.830093	1.34141	0.232174	0.463701	0.50528	0.1179	0.265818	0.415404	0.13168	0.87218	0.303839	0	0.127479	0.0572172
ihec.chipseq.ihec-chipseq-containerv1.1.4.IHECRE00004610.2.a09fe774-2340-4b95-8e12-12f615ed6e0b.fc.signal	0.24929	0.430473	0.572604	0.557198	0.393856	0.13477	0.352202	0.304968	0.449834	0.0052236	0.117853	0.22963	0.480683	0.40507	0.385864	0.382523	0.450741	0.308485	0.269594	0.0808357	0.0572105	0.0747667	0.204145	0.552741	0.86648	0.551585	0.176078	0.137215	0	0.39579	0.168654	0.466532	0.0257818	0	0.146935
ihec.chipseq.ihec-chipseq-containerv1.1.4.IHECRE00001232.5.2011f077-50b7-4adb-842b-523c5e6e134c.fc.signal	0.425803	0.80704	0.959518	0.989191	0.781334	0.18063	0.005395	0.019584	0.23764	0.239968	0.219282	0.559985	0.325026	0.486987	0.312028	0.280625	0.351698	0.375104	0.370015	0.856141	0.857337	0.849088	1.21091	0.466414	0.361398	0.727318	0.201014	0.861941	0.348861	0.316972	0.406304	0.111417	0	0	0.100057
ihec.chipseq.ihec-chipseq-containerv1.1.4.IHECRE00003396.1.0101c129-8d25-4833-adbc-872c2164040d.fc.signal	0.580429	0.818383	1.47074	1.27318	0.279149	1.84786	1.04236	0	0.519563	1.32624	1.68618	0.402569	1.07978	0.941298	2.11793	0.778761	0	0.11578	0.623966	0.302932	0.371814	0.849834	0.652767	0.147065	0	0.518173	0.995914	3.07533	0.653046	0	1.53467	2.35912	0.261198	2.27064	0.127917
ihec.chipseq.ihec-chipseq-containerv1.1.4.IHECRE00003660.4.e1eb7bb8-867a-4feb-b462-21fef6641a20.fc.signal	0.356924	0.726762	0.129098	0.198418	0.426233	0.660335	0.442366	1.21691	0.678097	0.128999	0.383429	0.146438	0.433982	0.877074	1.13271	0.655467	0.300391	0.320409	0.239932	0.459981	1.07641	1.05551	0.750261	0.100605	0.682546	1	0.944585	0.261269	0.900466	0.105264	0	0	0	0.159829	0.723036
ihec.chipseq.ihec-chipseq-containerv1.1.4.IHECRE00000983.7.fbd8e9ac-18c2-44af-965b-f56cc82f5aa5.fc.signal	0.60956	0.984475	0.412495	0.234962	0.277451	2.65646	1.29281	0	0.298316	0.244853	0.383643	0.295956	0.928873	0.637743	0.434531	0.422734	0.750478	0.444475	0.0502524	0.166312	0.49336	0.493366	0.31957	0	0.244243	1.33164	1.06964	0	0	0	0	0	0	0	0.752495
ihec.chipseq.ihec-chipseq-containerv1.1.4.IHECRE00003837.4.2decf229-d57c-4c34-87d3-51ccee560986.fc.signal	0.564477	0.638046	0.166207	0.0336939	0.289516	0.155501	0.122641	0.495132	0.388455	0.494116	0.0877825	0.233504	0	0.292599	0.330317	0.0360966	0	0.169915	0.379518	0.430987	0.110193	0.129546	0.163471	0.413621	0.454955	0.106984	0	0.158312	0.434118	0.0881862	0.376866	0.289642	0	0	0.642857
ihec.chipseq.ihec-chipseq-containerv1.1.4.IHECRE00001916.1.802aebed-eb83-4be2-ad4b-531b9669219c.fc.signal	2.03122	1.03051	0.923387	0.30524	0.396649	0.491859	0.0933579	0.50883	0.337416	0.159329	0.413151	0.110251	0	0.188269	0.50222	0.517147	0.477021	0.284565	0.19155	0.168558	0.13514	0.446908	0.611844	0.186873	1.37701	0.822636	0.712494	0.865677	0.325863	0.938443	1.60754	0.265167	0	0.0566249	1
ihec.chipseq.ihec-chipseq-containerv1.1.4.IHECRE00003808.1.37b1756b-c2c1-491f-92a9-59d886eac908.fc.signal	0.267749	0.199153	0.266894	0.0470683	0.0536976	0.135957	0.216205	0.141619	0.152078	0.247681	0.352134	0.179314	0.141744	0.115748	0.0155053	0.23375	0.319346	0.306116	0.247301	0.35841	0.619642	0.407628	0.359089	0.319314	0.291316	0.105889	0.246628	0.10778	0.281295	0.0358529	0.245569	0.444173	0.272557	0.385883	0.175037
ihec.chipseq.ihec-chipseq-containerv1.1.4.IHECRE00003400.1.2cc21aab-5f40-403e-8a83-d216d8e577c3.fc.signal	0	0.421028	2.3601	0.992711	0	0	0.751622	0.228754	2.15646	1.20629	0	0.220682	0.48566	0.908482	1.73054	1.0616	0.555776	0.697882	0.0380904	0.445503	0.534681	1.94372	0	0.557363	0.844143	0	0	0	0	0	0.941012	0.247773	2.45847	0.511633	0.147498
ihec.chipseq.ihec-chipseq-containerv1.1.4.IHECRE00003813.1.abfd608c-8f4d-4e8d-82cd-a4e3ac1a7eaa.fc.signal	0.0384027	0.135824	0	0	0.0598962	0.420435	0.443207	0.256367	0.0981097	0.0757885	0.0704965	0.224946	0.194335	0.0224264	0	0	0.0562766	0.197928	0.138707	0.347507	0.259261	0.0172527	0.163118	0.212889	0.263765	0	0.326263	0.138677	0.0030796	0	0	0	0	0.1333	0.168946
ihec.chipseq.ihec-chipseq-containerv1.1.4.IHECRE00001019.4.2ddcc9ae-acae-4c28-a3c9-fb754675b0bb.fc.signal	1.32028	0.919551	0.634914	0.61412	0.406368	0.348377	0.265842	0.45026	0.0246	0.296399	0.655626	0.442178	1.0604	1.65588	1.36478	1.0067	0.706608	1.11906	0.416178	0.988648	1.01754	0.864547	0.29321	0.230951	0.364609	0.581643	0.679057	0.70768	0.877552	1.07264	0.724764	0.0939956	0.0835007	0.702355	0.118903
ihec.chipseq.ihec-chipseq-containerv1.1.4.IHECRE00003819.1.281d6dd1-44ba-4f4d-ae43-b97e5c37ba9e.fc.signal	0.245828	0.291381	0.0948658	0.0456484	0	0	0	0.0989049	0.172943	0	0	0	0	0.0639914	0.0813097	0.178954	0.133747	0.0399857	0.280816	0.0442039	0.0183623	0.0977819	0.412318	0.0709556	0.262181	0.191289	0.193167	0.301432	0.116243	0	0	0	0	0	0.171858
ihec.chipseq.ihec-chipseq-containerv1.1.4.IHECRE00000153.3.0c1e9fd4-f9cb-4533-81b3-9169355f9ccf.fc.signal	0.0750794	0.320802	0.246553	0	0.205954	0.486799	0.670142	0.15246	0	0	0	0.127989	0.387829	0.589025	0.302381	0	0	0.123114	0.22587	0.622462	0.335843	0.225806	0.284716	0.367659	0.555868	0	0.171941	0.263504	0	0.609185	0.354833	0	0	0.249311	1
ihec.chipseq.ihec-chipseq-containerv1.1.4.IHECRE00004905.1.873de0f3-acac-48e1-806f-dd40d10b1225.fc.signal	0.468628	0.123487	0.352101	0.84475	0.54476	1.26674	0.450233	0	0.167941	0.792318	0.517436	0	0.0974798	0.679149	0.822208	1.24535	0.912128	0.637934	0.56275	0.0191206	0.212742	0.367946	0.130499	0.638443	0.786742	0.853879	0.0341985	0.237513	0.526054	0.308737	0.279634	0.357499	0	0.267667	0.884146
ihec.chipseq.ihec-chipseq-containerv1.1.4.IHECRE00001003.4.aae53ae7-440e-46f4-918f-03a4a678eccd.fc.signal	0.415651	0.654843	0.57918	0.578947	0.933015	0.874522	0.838588	0.358244	0	0.467043	0.977145	0.594263	0.5884	0.677979	0.575163	0.664083	1.11496	0.848812	0.36539	0.777437	1.17626	0.571764	0.582653	0.173632	0.38924	0.396286	0.118024	0.816291	0.237619	0.61806	0.750327	0.31313	0.0482533	0.183899	0.256686
ihec.chipseq.ihec-chipseq-containerv1.1.4.IHECRE00003821.3.43827613-54ef-409d-9a0a-96bb52b3ce7f.fc.signal	0.211845	0.172525	0.123502	0.102355	0	0.228345	0.131818	0.54817	0.435012	0.542979	0.541967	0.888794	0.328517	0.140609	0.181674	0.321893	0.139875	0.15794	0.634578	0.396671	0.0802072	0.205899	0.477385	0.713199	0.245637	0.187826	0.268878	0.246751	0.259507	0.158106	0.459268	0.195567	0	0	0.789116
ihec.chipseq.ihec-chipseq-containerv1.1.4.IHECRE00000256.2.b71cb41a-a92a-4846-9c19-2f0fd37a6b2a.fc.signal	0.117235	0.253323	0	0	0	0	0	0	0	0	0	0	0	0	0	0	0.0856498	0.349735	0	0	0	0.158511	0.449787	0	0	0	0.0451145	0.488675	0.101253	0	0	0	0	0	0.911846
ihec.chipseq.ihec-chipseq-containerv1.1.4.IHECRE00001875.2.51849de7-98ef-4359-93cc-7eaf0ea4d31d.fc.signal	0.268672	0	0.289869	0.130425	0	0.57038	0.706233	0	1.11401	0.145306	0.597197	1.82359	0.519202	0.671461	0.539213	0.832744	0.383163	0.105777	0	0.102795	0.233601	0	0	0	0	0	0	0	0	0	0	0.231459	0.347905	0	0.117415
ihec.chipseq.ihec-chipseq-containerv1.1.4.IHECRE00000987.6.8acf33db-7deb-4ee2-849a-9a31ff1a6d2b.fc.signal	0.258971	0.300027	0.420084	0.264378	0.176252	0	0.470845	0.490134	0.641578	1.03258	0.843447	0.367337	0.0400815	0.331901	0.166478	0.646727	0.515144	0.476137	0.0902956	0.205393	0.267061	0.561509	0.549534	0.254787	0.0499556	0	0.0652857	0.0967355	0	0.164661	0.599115	0.153378	0	0	0.85295
ihec.chipseq.ihec-chipseq-containerv1.1.4.IHECRE00001011.4.50c7a119-8134-450c-ae37-3f0d0147e0d6.fc.signal	1.31494	1.07256	0.26044	0.453117	0.308427	0.361323	0.21316	0.342251	0.146289	0.185114	0.38646	0.795347	0.949981	0.771225	0.670386	0.664927	0.754425	0.411987	0.316935	0.672987	1.01353	0.429213	0.347118	0.196991	0.459119	0.484805	0.0522273	0.307628	0.192048	0.307962	0.784879	0.845455	0.0557227	0.170639	0.103179
ihec.chipseq.ihec-chipseq-containerv1.1.4.IHECRE00001006.4.6c99108e-d358-47f5-ae9f-66cd74c47173.fc.signal	0.436135	0.38586	0.120376	0.53741	0.805669	1.00631	0.706736	0.383175	0.342556	0.484866	0.406319	0.607541	1.5427	0.851307	0.845063	0.467149	0.517307	1.26212	0.454513	0.516636	1.04425	0.835424	0.24624	0	0	0.103658	0.261937	0.424657	0.339108	0.250273	0.666831	0.0952653	0.125944	0.949804	0.17769
ihec.chipseq.ihec-chipseq-containerv1.1.4.IHECRE00001964.2.833a4d12-f55a-4d20-8f65-69bf9d8fbcf1.fc.signal	2.7684	1.75327	1.98781	2.84712	2.74652	1.24856	0.81355	1.42616	2.2979	1.68515	2.16787	3.25629	3.70118	3.26634	3.03498	4.43338	2.35571	2.04302	3.09159	2.25338	2.27403	1.95189	1.4291	2.34545	1.71535	2.40711	3.05597	5.32193	3.31522	1.8873	1.59386	2.12104	1.67584	2.2739	0.232993
ihec.chipseq.ihec-chipseq-containerv1.1.4.IHECRE00004713.2.dc7d36a0-32c9-47d0-9c59-4029c2bb7b08.fc.signal	0.287321	0.454932	0.280329	0.197132	0.0997178	0.194514	0.319774	0.031318	0	0	0	0.154057	0.235853	0.277628	0	0.501432	0.601854	0	0.467175	0.443778	0	0.270663	0.359288	0.470592	0.466841	0.063407	0.290372	0.380554	0.536918	0.411599	0.29902	0.663824	0.433047	0.160606	1
ihec.chipseq.ihec-chipseq-containerv1.1.4.IHECRE00004614.1.f70f08d5-c239-488a-9fd2-9ee11b8ea04b.fc.signal	0.0749588	0	0.0710519	0.125872	0.399567	0.528222	0.108878	0.12904	0.312457	0.195065	0.566463	0.270713	0.272066	0.26662	0	0.339326	0.0829063	0.256402	0.0075196	0.317989	0.294779	0.29931	0.153024	0.336544	0.353735	0.2921	0.24964	0.153873	0.289574	0.295693	0.434025	0.142343	0	0.189738	0.204108
ihec.chipseq.ihec-chipseq-containerv1.1.4.IHECRE00000285.2.85a96e1e-f494-4c3e-a824-04d541378479.fc.signal	0.0308653	0.861991	0.085379	0.421831	0.174824	0	0	0	0	0	0.101642	0.548865	0	0.593587	0.294005	0.371318	0	0	0	0	0.188298	0.422064	0	0	0.036591	0.60985	0.122382	0.291445	0	0	0	0	0	0	0.979204
ihec.chipseq.ihec-chipseq-containerv1.1.4.IHECRE00000247.3.96896d79-5432-47b0-a6c8-5120fe89ada5.fc.signal	0	0	0.0143985	0.137974	0.312832	0.413456	0.353351	0.39288	0.214348	0.0599773	0	0.0756521	0.170114	0.281879	0.331846	0.417593	0.613254	0.221634	0	0.0600657	0.520246	0.944841	0.469828	0.0793243	0.125236	0.302009	0.196027	0.356829	0.594364	0.598829	0.505777	0.117318	0.0744139	0.490008	1
ihec.chipseq.ihec-chipseq-containerv1.1.4.IHECRE00001893.4.4164b172-b072-474a-8b05-6452f6b50d11.fc.signal	0	0	0	0	0	0	0.908773	0.3555	0.258604	0.369869	0	0	0	0	0	0.501811	0.137267	0	0.14062	0.45115	0	0	0	0	0	0	0	0	0	0	0	0	0	0	0.440654
ihec.chipseq.ihec-chipseq-containerv1.1.4.IHECRE00004884.1.4a1d8421-a3b2-4222-98f9-a6a8de88d6d4.fc.signal	0.793462	0.240547	0	0	0.901447	0.940636	0.432428	2.33267	1.38981	1.5196	0.801686	0.967911	0.822845	1.12556	1.60892	2.75949	1.25147	1.15887	0.400687	0	1.45256	1.19905	3.08032	1.75874	0	1.66247	2.52099	1.58063	1.20183	0.48712	1.25891	0.381626	0	0.962881	0.733814
ihec.chipseq.ihec-chipseq-containerv1.1.4.IHECRE00003810.1.54011ce0-e2f9-4c5b-a8cb-91d5a4005b09.fc.signal	0	0.0853413	0.326484	0.0636629	0	0	0.0306846	0.17047	0.0488681	0.103609	0.134285	0.179047	0.198764	0.0131424	0.159543	0.26391	0.0637838	0.158117	0.174056	0.551118	0.264467	0	0	0	0	0.249761	0.477851	0.206078	0	0	0	0	0	0	0.120443
ihec.chipseq.ihec-chipseq-containerv1.1.4.IHECRE00000964.7.d2d5e859-5f7e-4ba2-9ab4-45b7bd789552.fc.signal	0.339476	0.374439	0.554717	0.6817	0.435137	0.557893	0.711707	0.772923	1.66941	1.43985	0.762282	0.610892	0.331366	0.351662	0.397831	0.192069	0.226347	0.238035	0.208123	0.356247	0.412411	1.19823	1.18543	0.254365	0.068101	0.0116452	0.654822	0.637102	0.170779	0.6416	0.708433	0.364242	0.878858	0.778641	0.389313
ihec.chipseq.ihec-chipseq-containerv1.1.4.IHECRE00004602.2.8c1b88ed-9dd7-47b3-9254-5ee4e7dfb879.fc.signal	0.295841	0.312814	0.00927307	0	0	0	0.225521	0.120518	0	0.155077	0.0823485	0.097199	0.417933	0.0203308	0.54707	0.887656	1.10334	0.978889	0.346261	0.468097	0.34412	0.310482	0.0498263	0.328499	0.00579567	0	0	0	0	0	0	0.509906	0.138346	0.310453	1
ihec.chipseq.ihec-chipseq-containerv1.1.4.IHECRE00000225.3.dc192ce6-d2cc-4825-bd44-c239ac36948f.fc.signal	0	0	0.128252	0.650283	0.257797	0	0	0.0005278	0.152657	0.149435	0.38991	0.891742	0.33638	0	0	0.453869	1.01833	0.359103	0.370937	0.0106576	0	0.263491	0.333435	0.299758	0.0758891	0	0.179715	0.272215	0.227006	0.183202	0.0592664	0	0	0	0.0530303
ihec.chipseq.ihec-chipseq-containerv1.1.4.IHECRE00000152.3.0906ba9e-a21c-4f9c-ad41-4d1d8cef3196.fc.signal	0.356928	0	0	0	0	0	0	0	0	0	0.1456	0.208854	0.142807	0.178802	0.444999	0.441024	0.332242	0	0.085176	0.320184	0.147825	0.613248	0.305786	0	0	0	0	0	0	0.322165	0.174478	0	0	0	0.945783
ihec.chipseq.ihec-chipseq-containerv1.1.4.IHECRE00003817.1.2d7fdd0a-6f8f-476a-bfea-126f0762ae2f.fc.signal	0.0189454	0	0	0	0	0	0.00140625	0.084557	0.0892253	0.00398528	0	0	0.0167507	0.0694629	0.0659992	0.0127792	0	0.0105586	0.109522	0.0692842	0.0575569	0.0569462	0.0371878	0	0	0	0	0	0	0	0	0	0.0937083	0.119675	0.164136
ihec.chipseq.ihec-chipseq-containerv1.1.4.IHECRE00003715.2.77d0951a-133c-4686-8405-aa8093c5992e.fc.signal	1.38328	0.468757	0	0.773513	0.945071	0.22554	0.926329	0.0388424	0.48227	1.18851	0.569891	0.544406	1.03123	0.84119	0.274672	0.418991	1.04002	0.440105	1.63809	2.13792	0.954294	0.470755	0.687532	0.943909	0.161502	0.656121	1.11096	0.466856	0.409505	0.168317	0	0.287492	0.507995	0.480816	0.0672926
ihec.chipseq.ihec-chipseq-containerv1.1.4.IHECRE00003827.1.b1de3550-d0dc-4d1f-9668-59472acd9883.fc.signal	0.13408	0.514596	0.407632	0.152086	0.211437	0.200192	0.156623	0.0158612	0.146473	0.143746	0	0.274183	0.348953	0.399059	0.0107986	0.132921	0.397582	0.217446	0.308346	0.12332	0.0557592	0.155874	0.203028	0.168225	0	0.120732	0.126572	0.111355	0.0165812	0	0.0366479	0.12698	0	0	0.988235
ihec.chipseq.ihec-chipseq-containerv1.1.4.IHECRE00004606.2.ab229d27-fab9-498a-94c4-1828601ac534.fc.signal	0.504653	0.0247557	0.0818036	0.391364	0.354348	1.33043	0.224678	0.387314	0.408632	0.221819	0.553643	0.342633	0.511512	0.59137	0.36463	0.23274	0.0861087	0.363656	0.331247	0.483624	0.184817	0.112793	0.401689	0.360476	0.919394	0.415148	0.15317	0.0992235	0.197582	0.70941	0.292266	0.0021076	0.0676329	0.317077	0.15618
ihec.chipseq.ihec-chipseq-containerv1.1.4.IHECRE00004641.3.6bdfceff-da00-46c6-af8d-4738c1100d68.fc.signal	0.923435	1.07772	1.51204	0.893351	0.954872	1.02233	0.449047	0.265747	0.38516	0.693256	0.704814	0.543028	0.770956	0.704827	1.25574	0.827799	0.752783	0.71216	0.78765	0.70933	0.987142	1.59897	1.39773	1.77227	1.15026	0.421955	0.64756	0.901722	0.705825	0.201457	0.232981	0.173068	0.0371302	0.494453	0.556818
ihec.chipseq.ihec-chipseq-containerv1.1.4.IHECRE00004607.2.e413ffcf-e079-4615-8c2e-2d70941b24fa.fc.signal	0.116883	0.398481	0.536849	0.321221	0.417811	0.298909	0.151331	0.125916	0.467372	0.970409	0.158045	0.0144454	0.356169	0.125883	0.861084	0.51688	0.937397	0.320974	0.255182	0.646255	0.252311	0.533531	0.631894	0.627747	0.558235	0.694918	0.584834	0.534476	0.257175	0.428836	0.470006	0.407086	0.0442046	0.210675	0.14137
ihec.chipseq.ihec-chipseq-containerv1.1.4.IHECRE00000226.3.2fab969c-48f4-4b84-972e-99f85803f009.fc.signal	0.422534	0.184889	0.0541201	0.349044	0.392184	0.322549	0.209254	0.422313	0.384916	0.0419286	0.0766985	0.321799	0.411131	0.252907	0.184107	0.209973	0.357256	0.209993	0	0	0.207675	0.770892	0.50113	0.104093	0.187017	0.332704	0.235397	0.200308	0.145101	0.119889	0.0532249	0	0.0146949	0.0890817	0.966102
ihec.chipseq.ihec-chipseq-containerv1.1.4.IHECRE00000051.3.b5dcae1f-81a5-4254-851d-508582dc78ce.fc.signal	0.742115	0.524874	0.555763	0.693111	0.346715	1.75927	0.721496	0.741292	0.725364	1.25026	1.62576	2.79932	2.82244	2.18275	0.789701	1.86552	0.44622	1.43488	0.976011	1.06188	0.0333872	0.555146	0.662036	0.674953	0.66206	0.0250404	0.11661	1.11708	1.41046	0.467775	2.07463	2.23733	0.568555	0.928231	0.93323
ihec.chipseq.ihec-chipseq-containerv1.1.4.IHECRE00000231.3.884166bc-f176-439f-ae9a-24aaf283ecaf.fc.signal	0.131866	0.304848	0.0465624	0.0723781	0.208775	0.175226	0.120584	0	0	0	0	0.0837755	0.340706	0.30612	0.18172	0.0904919	0.149014	0.232645	0.0776287	0	0	0.134234	0.282084	0.0691459	0.253517	0.194958	0.101919	0.440247	0.452911	0.229824	0	0	0.0981007	0.23877	0.183527
ihec.chipseq.ihec-chipseq-containerv1.1.4.IHECRE00001889.4.7866bc38-19c8-460a-b9f2-0b2f5c3d0dca.fc.signal	0.474174	1.34312	2.85533	0	0	0.710658	3.08499	1.26743	0	0	0.097291	0.608849	0.0293858	1.00414	2.44233	1.9682	1.54328	0.464851	0.77432	2.0535	0.638067	0.517634	1.49455	0.0327601	0	0	0	0	0	0	0.322324	0.649271	0	0	0.266667
ihec.chipseq.ihec-chipseq-containerv1.1.4.IHECRE00003695.3.bdb135f7-e7e7-45ee-919a-f8d9bc37c43a.fc.signal	0.800485	0.890455	0.804458	0.683044	0.49746	1.07593	0.649144	0.546669	0.970219	0.730879	0.27738	0.19957	0.855758	0.894731	0.380089	0.879609	1.22645	0.741142	0.512253	0.430494	0.231506	0.25909	0.301286	0.294549	0.203923	0.308345	0.615698	0.42754	0.579251	0.608802	1.1465	1.0608	0.252173	0.550901	0.652985
ihec.chipseq.ihec-chipseq-containerv1.1.4.IHECRE00000330.2.99988f24-e828-40c1-95dd-f8807babb062.fc.signal	1.04809	1.1147	0.750944	0.884	0.466296	0.541745	0.727672	0.301889	0.194074	0.57408	0.768091	0.181948	0.242575	0.727757	1.01433	0.670049	0.47922	0.620016	0.21477	0.332756	0	0	0	0.336971	0.477435	0.912393	0.569692	0.280029	0.159033	0.199442	0.80851	0.0970307	0	0.172719	0.951362
