	chr14:74943713-74943862	chr14:74943863-74944012	chr14:74944013-74944162	chr14:74944163-74944312	chr14:74944313-74944462	chr14:74944463-74944612	chr14:74944613-74944762	chr14:74944763-74944912	chr14:74944913-74945062	chr14:74945063-74945212	chr14:74945213-74945362	chr14:74945363-74945512	chr14:74945513-74945662	chr14:74945663-74945812	chr14:74945813-74945962	chr14:74945963-74946112	chr14:74946113-74946262	chr14:74946263-74946412	chr14:74946413-74946562	chr14:74946563-74946712	chr14:74946713-74946862	chr14:74946863-74947012	chr14:74947013-74947162	chr14:74947163-74947312	chr14:74947313-74947462	chr14:74947463-74947612	chr14:74947613-74947762	chr14:74947763-74947912	chr14:74947913-74948062	chr14:74948063-74948212	chr14:74948213-74948362	chr14:74948363-74948512	chr14:74948513-74948662	chr14:74948663-74948775	Expression
ihec.chipseq.ihec-chipseq-containerv1.1.4.IHECRE00000980.8.368c97f7-f82d-4e9f-a521-00182447a421.fc.signal	0	0	0	0	0.212248	0.986626	0.426642	0.185578	0.22298	0	0.323894	0.381596	0.127131	0.572839	0.354892	0.483937	0.194532	0.235841	0.735696	0.40839	0.126758	0.446971	0.295679	0.103173	0.66116	0.931753	0.0908161	0.388583	0.672046	0.393842	0.354923	0.346348	0.627697	0.8913	0.370066
ihec.chipseq.ihec-chipseq-containerv1.1.4.IHECRE00003818.1.d9959e98-a5a9-490f-a9f0-358a1a711d27.fc.signal	0.045712	0	0	0	0.0930161	0.995264	0.79147	0.18459	0.340363	0.589107	0.00374333	0.188015	0.717763	0.474921	0.0850999	0	0.0917299	0.40968	0.121327	0.292299	0.872881	0.262224	1.06234	0.931838	0.27854	0.718007	0.763389	1.1426	0.732171	0.56445	1.0661	0.95402	1.54945	2.08109	0.238806
ihec.chipseq.ihec-chipseq-containerv1.1.4.IHECRE00000242.3.009dbb10-d8f5-4bd5-9bc6-e0cf283ece54.fc.signal	0	0.0134012	0.0639035	0.0713474	0.0624474	0.0202715	0.104243	0.0857343	0.00724167	0.0436823	0.0518902	0.00841567	0	0	0.0239324	0.109861	0.0974906	0.0432637	0.0453605	0.0381515	0.0170316	0.0387212	0.143005	0.102392	0.00102007	0.0144878	0.124249	0.173465	0.0768906	0.0972124	0.0691982	0.0445735	0.115945	0.138227	0.552101
ihec.chipseq.ihec-chipseq-containerv1.1.4.IHECRE00000949.6.4e9958ba-8dfc-4908-9654-b8c3286ec999.fc.signal	0.594583	0.241266	0.535038	0	0	0	0	0	0	0	0.597932	1.01344	1.62959	0.362341	0	0.774623	1.24798	0.912314	0.624675	0.411458	0.105427	0.643583	1.16987	0	0	0.0087348	0.657183	0.0968147	0.84652	1.19709	0.332697	0	0.581395	0.157578	0.502747
ihec.chipseq.ihec-chipseq-containerv1.1.4.IHECRE00003680.3.ef220820-5419-4b81-b030-ce292c6089b7.fc.signal	0.270846	0.244528	0.106151	0.206513	0.279618	0.377028	0.500847	0.116397	0	0	0	0.00787913	0.105457	0.0575076	0.109256	0.0859856	0.29229	0.143932	0.226976	0.000821267	0	0.0844245	0.186405	0.144523	0.156447	0	0.152125	0.487732	0.243916	0.102448	0.172784	0.414042	0.397465	0.249926	0.445363
ihec.chipseq.ihec-chipseq-containerv1.1.4.IHECRE00001008.4.aa01f6f8-93b0-4f0b-8191-bde89d903aa4.fc.signal	0.278152	0	0.0263653	0.2236	1.13562	0.172913	0	0	0	0.0613051	0.541227	0.682445	0.619718	0.159985	0.106814	0.759325	0.617186	0.733621	0.206034	0.406699	0.335707	0.43864	0.605296	0.52073	1.10094	0.550365	0.908341	0.583027	1.00457	0.754006	0.364068	0.704389	1.18497	0.420497	0.426829
ihec.chipseq.ihec-chipseq-containerv1.1.4.IHECRE00001954.2.c4a67634-cf89-4945-bb82-26e2fddb3f3f.fc.signal	0.251635	0.349267	0.249491	0.543898	0.520806	0.137151	0.165569	0.072127	0.053878	0	0.00404407	0.175299	0.0146477	0.159779	0.0411732	0.0607117	0.388231	0.208471	0.21653	0.189372	0.0872117	0.448508	0.162465	0.342087	0.453607	0.269024	0.601367	0.45526	0.382383	0.323359	0.329362	0.166851	0.329685	0.47467	0.587765
ihec.chipseq.ihec-chipseq-containerv1.1.4.IHECRE00000943.7.b97e43e6-4dfc-4f07-88bb-76ebefe1ddac.fc.signal	0.197322	0	0	0	0.348824	0.371956	0.158759	0.235976	0.00150507	0.0565888	0.69499	0.862922	0.703442	0.515043	0.46441	0.305158	1.02706	1.25136	0.63381	0.562887	0.318836	0.929888	0.40203	0.609971	0.662352	0.692139	0.627459	1.0402	0.354363	0.310044	0.540122	0.919671	0.784125	1.05251	0.77284
ihec.chipseq.ihec-chipseq-containerv1.1.4.IHECRE00000227.3.782837e5-53f4-4f13-8ca3-175155d9e819.fc.signal	0	0	0.0071774	0.113648	0.0575646	0.035818	0.212884	0.116351	0	0.0893755	0.088141	0	0.00300667	0.0732579	0.0844105	0.0131861	0	0	0	0	0	0	0.0565989	0.316093	0.134909	0	0.0203014	0.0875337	0.0317053	0.0883153	0.127173	0.0317157	0.140477	0.173557	0.409308
ihec.chipseq.ihec-chipseq-containerv1.1.4.IHECRE00003803.1.8e45d3eb-43c4-4932-8fdd-020c9df5cc1a.fc.signal	0.430958	0.268351	0.403782	0	0.174739	1.22613	1.34185	0.235883	0	0.191303	0.79915	0.386395	0.0673999	0	0.448239	0.333603	0.295095	0.504833	0.196607	0	0.421242	0.913916	1.58098	1.22386	1.23563	0.615054	1.21332	1.94025	1.50885	0.84263	2.349	1.85952	1.7359	1.77232	0.414815
ihec.chipseq.ihec-chipseq-containerv1.1.4.IHECRE00000221.3.c3b55191-0fbe-42ec-a1e0-0d7c8c410fde.fc.signal	0	0	0	0	0	0	0	0	0	0.158947	0.204487	0.171266	0	0	0	0.195627	0.253814	0.169301	0.175596	0.301145	0.444341	0.922359	1.19903	0.408911	0.410032	0.153203	0.0427385	0.431146	0.24119	0.530982	0.6687	0.473185	0.416205	0.764558	0.477396
ihec.chipseq.ihec-chipseq-containerv1.1.4.IHECRE00004664.3.3e0c3e5b-0b04-413e-8945-15e328b75c75.fc.signal	0.501917	0.630222	0.830084	0.636224	0.900506	0.653001	1.11917	0.8754	0.674343	1.03027	0.918992	0.789958	1.03651	0.679469	0.0715381	0.0683327	0.793576	1.10084	0.587264	0.801441	1.36595	1.03949	0.948391	1.10426	1.19355	0.62596	0.673551	1.32954	1.31927	0.72143	0.325475	0.464026	0.635432	0.692825	0.282946
ihec.chipseq.ihec-chipseq-containerv1.1.4.IHECRE00000193.3.d5bec9f7-e2d1-494c-bb1b-19e47c2e4764.fc.signal	0	0	0	0	0	0	0.849776	0.595386	0	0	0.566735	0.197423	0	0.107322	0.439938	0	0.258771	0.862652	0.394846	0	0	0	0	0	0	0.0901278	1.12874	0.326177	0.369095	2.01701	0.703821	0.931236	1.3383	0.898689	0.734375
ihec.chipseq.ihec-chipseq-containerv1.1.4.IHECRE00001965.2.ef4e5ad4-caa2-424f-9bf2-7145353fa420.fc.signal	0.266366	0.626961	0.893516	0.68155	0.6863	0.690471	0.362648	0.402231	0.388477	0.308674	0.279358	0.489153	0.543917	0.480043	0.60503	0.470512	0.373378	0.353724	0.284244	0.6749	0.441798	0.302909	0.643338	0.587845	0.845099	0.561228	0.695261	1.07547	1.45521	1.21236	0.485812	0.35028	0.516566	1.23023	0.582181
ihec.chipseq.ihec-chipseq-containerv1.1.4.IHECRE00004616.1.bed78e40-f7b3-4ebb-ad62-e7d9c6963ec8.fc.signal	0.559846	0.715487	0.159477	0	0.0519531	0.643756	0.642314	0.125123	0	0	0.181674	0.375275	0.275816	0.613063	0.383513	0.746932	0.602818	0.469047	0.658453	0.597124	0.620266	0.779237	0.276696	0.581972	0.800371	1.00014	0.905653	0.538045	0.189776	0.661718	1.31243	1.40239	0.433072	1.25662	0.536815
ihec.chipseq.ihec-chipseq-containerv1.1.4.IHECRE00001002.4.9865a077-d036-4354-ba4b-3498c98e7bc1.fc.signal	0	0	0.0249112	0.165112	0.0704297	0.121258	0.0955904	0.0550989	0.00567553	0.0130764	0.0519194	0.126632	0.112291	0.105591	0.0760143	0.354787	0.0825793	0.0784216	0.0800925	0.0711725	0.107315	0.037725	0.0376759	0.170782	0.371699	0.234611	0.269962	0.219539	0.187474	0.239263	0.169198	0.175343	0.245591	0.29471	0.28853
ihec.chipseq.ihec-chipseq-containerv1.1.4.IHECRE00000864.3.dbe74410-ef9b-4890-bc90-855bf41773d5.fc.signal	0.104753	0.439858	0.941984	0.933795	0	0.50179	1.22642	0.293762	0.308738	0.729497	1.24404	0.688005	0.97391	0.926576	0.141944	0.954932	0.542686	0.452559	0.0402696	0.0019176	0.483242	0.0134232	0	0	0.749731	1.37671	1.92125	2.27795	1.08918	0.60597	0.454476	0.857132	0.919115	0.246707	0.219355
ihec.chipseq.ihec-chipseq-containerv1.1.4.IHECRE00000240.3.9179d535-0d76-4d04-b0d0-678ad03f04b2.fc.signal	0	0	0.158519	0.206595	0	0.0193304	0.191134	0.0976687	0	0	0.0429066	0.238933	0.0592171	0.0568979	0.178175	0.326137	0.446373	0.278472	0.334588	0.179121	0.193908	0.471993	0.458843	0.281672	0.381478	0.156382	0.270793	0.412403	0.793606	1.00743	0.356458	0.222415	0.525562	1.21114	0.264516
ihec.chipseq.ihec-chipseq-containerv1.1.4.IHECRE00001235.5.85b1d8ad-328c-45c6-9e3b-50e5e5e241e1.fc.signal	0.0452081	0	0	0.267198	0.507753	0.164498	0.0252628	0.15766	0.045737	0.44095	0.444366	0.211716	0.260125	0.372447	0.648997	0.907799	0.876811	0.401861	0.258103	0.347181	0.353617	0.326861	0.371918	0.266246	0.40202	0.155317	0.494968	0.785292	0.76325	0.43691	0.549708	0.480054	0.64099	0.963913	0.499216
ihec.chipseq.ihec-chipseq-containerv1.1.4.IHECRE00000775.1.45140bd1-90fe-4a64-8e67-977bea385e45.fc.signal	0.330131	0	0.006693	0.552615	0.478313	0.163912	0.875102	0.414721	0.0411945	0.431746	1.02833	1.03804	0.518686	0.307373	0.528926	0.324244	0.52671	1.02831	0.765851	0.0877629	0.242698	0.453238	1.15012	1.52277	0.283934	0.200607	0.449283	1.61254	2.00016	2.17392	1.54693	0.468489	0.398901	0.502239	0.43617
ihec.chipseq.ihec-chipseq-containerv1.1.4.IHECRE00001952.2.c1b4ffc0-5671-47c4-baaa-5f1958b2a0b4.fc.signal	0.0403871	0	0	0	0.0641122	0.380189	0.26039	0.199456	0	0	0	0	0.073612	0.362259	0.392549	0.0126336	0	0	0	0.237966	0.204442	0.141728	0.042848	0.0896409	0.75291	0.114031	0.65812	0.737225	0.129185	0	0	0.183077	0.388239	0.539879	0.594349
ihec.chipseq.ihec-chipseq-containerv1.1.4.IHECRE00000957.7.dd1317db-7d1b-41c7-a204-2df8f91c596d.fc.signal	0	0	0.138754	0.0315628	0.274025	0.0820169	0.346663	0.172619	0	0	0	0	0.0704038	0.0996987	0.0519616	0.316858	0.311627	0.186733	0.089243	0.313035	0.481041	0.230519	0.0883798	0.207483	0.128846	0.708335	0.968669	0.62702	0.559603	0.531722	0.856822	0.529116	0.759994	0.662856	0.375921
ihec.chipseq.ihec-chipseq-containerv1.1.4.IHECRE00001050.8.8c536fb3-0ded-452e-bfa9-602b72d66c00.fc.signal	0	0	0	0	0.522175	0.161316	0.197456	0	0	0	0.201248	0.645907	1.18718	0.979042	1.24037	1.04596	0.307234	0.278161	0.346546	0.427944	0.81526	0.91806	0.36645	1.3644	1.85575	0.802682	0.407334	0.427778	0.758107	1.08627	0.577924	0.751333	0.646389	0.822422	0.951389
ihec.chipseq.ihec-chipseq-containerv1.1.4.IHECRE00001888.4.445e6e0a-1317-4ac0-8603-79bdacbbaeb7.fc.signal	0	0	0	0	0	0	0.202318	0.59245	0	0	0.284744	0.303213	0.363324	0.481642	0	0.304345	1.21968	0.943865	0.366215	0	0	0	0	0.335023	0.134091	0.102199	0.712884	0.290586	0.225386	0.451483	0.199121	0.535844	0.698585	0.154599	0.376308
ihec.chipseq.ihec-chipseq-containerv1.1.4.IHECRE00004681.3.e25da2b0-3beb-48b5-b4cb-d2ae704a33b2.fc.signal	0.723299	0.945098	0.690093	0.142492	0.439105	0.939437	0.681883	0.37555	0.409886	0.369345	0.197543	0.261042	0.398075	0.618979	0.44759	0.292638	0.210812	0.222328	0.416124	0.488146	0.341758	0.597291	0.744853	0.734604	0.715273	0.758222	0.472192	0.874187	1.01805	0.821333	0.675248	0.588632	0.717642	0.523891	0.154303
ihec.chipseq.ihec-chipseq-containerv1.1.4.IHECRE00003686.3.05f731d1-35d3-4327-ad52-34ab22707910.fc.signal	0.449505	0.0501013	0	0	0	0	0	0	0	0	0.0415125	0.173207	0	0	0.14601	0.0687104	0	0	0.184659	0.389367	0.277718	0.00715733	0	0	0	0	0.024601	0.384972	0	0	0	0	0	0	0.457916
ihec.chipseq.ihec-chipseq-containerv1.1.4.IHECRE00001022.4.dc7b5661-43e6-4e06-8a03-ce4fe6a31079.fc.signal	0.135186	0.0982921	0	0.0892587	0.392498	0.271953	0.166324	0.0572366	0.200491	0.342534	0.369338	0.694631	0.154171	0.162461	0.150197	0.234002	0.202387	0.286896	0.142531	0.251582	0.246177	0.259096	0.419626	0.339633	0.158421	0.164048	0.363245	0.272162	0.473684	0.264492	0.510446	0.436214	0.392438	0.338527	0.36036
ihec.chipseq.ihec-chipseq-containerv1.1.4.IHECRE00000665.1.c28d3943-9234-4917-b4a0-88d70eac42fc.fc.signal	0.0397566	0.145293	0.0624583	0.331284	0.359744	0.0925234	0.181496	0.332198	0.278223	0.148023	0.202156	0.178856	0.116499	0.247125	0.439361	0.381705	0.130898	0.404996	0.184418	0.574456	0.65712	0.606482	0.286346	0.190878	0.566828	0.560195	0.345745	0.618692	0.0943658	0.188486	0.704512	0.680711	0.726928	0.797843	0.522794
ihec.chipseq.ihec-chipseq-containerv1.1.4.IHECRE00001891.4.285674ca-2d37-4ac8-859e-29db1bf824d3.fc.signal	0.317844	0	0.271319	0.204252	0	0	0	0	0	0.400808	0.113616	0.487467	0.920784	1.15373	0.507693	0.0525969	0	0	0	0	0.227098	0.266309	0.67793	0.151304	0.35372	0.165952	0	0	0.240595	0.0767276	0	0	0	0.211897	0.376095
ihec.chipseq.ihec-chipseq-containerv1.1.4.IHECRE00000099.3.ee9d747c-d2cf-48da-a02d-0b93659fe659.fc.signal	0	0	0.442055	1.15806	0.765814	0.480767	0.495946	0	0	0	0	0.747136	0.388493	0	0	0	0	0	0.224141	0.931858	0.0238733	0	0	0	0	0	0	0	0	0	0	0	0	0	0.52955
ihec.chipseq.ihec-chipseq-containerv1.1.4.IHECRE00000303.2.7eef4baf-7091-4578-bd6a-25890cdd47cd.fc.signal	0.0779709	0.281579	0.0052066	0	0	0	0	0.173568	0.212049	0	0.0618562	0.261565	0.0391047	0	0	0	0.130916	0.287757	0.22435	0.256412	0.445217	0.50882	0.301838	0.528941	0.346037	0.32353	0.404093	0	0	0	0	0.170515	0.203995	0	0.532093
ihec.chipseq.ihec-chipseq-containerv1.1.4.IHECRE00003696.3.56ed3fdb-46a9-4765-a249-372860e042b1.fc.signal	0.216346	0	0	0.101026	0.0862383	0.107149	0	0	0	0	0	0	0	0.0197479	0.206617	0.0167626	0	0	0	0	0	0	0	0	0.142865	0.189509	0.458658	0.0928625	0.1442	0.000865733	0.107149	0.0408187	0	0	0.572752
ihec.chipseq.ihec-chipseq-containerv1.1.4.IHECRE00003694.3.c78458e5-ee0b-451a-90f1-dbb574d13e13.fc.signal	0.362742	0.0899636	0.00809407	0.0718636	0.0473134	0.059054	0.0207528	0	0	0	0.0394524	0.117067	0.142025	0.137477	0.0209133	0	0	0	0	0.0411389	0.126129	0.0880699	0.0195343	0.00406487	0.109199	0.236749	0.121182	0	0	0	0	0	0	0	0.390318
ihec.chipseq.ihec-chipseq-containerv1.1.4.IHECRE00001955.3.409dbfeb-ff68-4d68-8254-ea0d0437a94c.fc.signal	0.0102183	0.11273	0.135403	0.0444749	0.0974614	0.0595217	0.195921	0.022752	0	0	0	0	0	0.192853	0.0585053	0.363427	0.16685	0.176337	0.0905136	0.0819614	0.160031	0.0830607	0.10834	0.00288907	0.0772847	0.412737	0.0910514	0.401654	0.858959	0.0830635	0	0.0653661	0.154109	0.013468	0.599833
ihec.chipseq.ihec-chipseq-containerv1.1.4.IHECRE00003690.3.6941f4c2-9444-41d7-82bb-38a8112f3f75.fc.signal	0.178288	0.133865	0.15507	0.177257	0.255245	0.266641	0.435122	0.322441	0.0961352	0.111676	0.31004	0.124023	0.0475541	0.282659	0.269211	0.106995	0.085284	0.0299783	0.125059	0.263511	0.114404	0.0738733	0.215982	0.138518	0.211844	0.280062	0.17675	0.163775	0.105789	0.00361807	0.0527204	0.148867	0.0744297	0.139945	0.498201
ihec.chipseq.ihec-chipseq-containerv1.1.4.IHECRE00003693.3.c56a1926-3d2b-458d-9800-4140f38e79d1.fc.signal	0.213181	0.187643	0.0824817	0.0762371	0.0560202	0	0.0648325	0.139013	0.0343906	0	0	0	0	0	0	0	0	0	0.0134309	0.0617559	0.0289983	0	0.0466186	0.0491735	0.12185	0.173287	0.14256	0.10627	0.0211191	0.0948907	0.140443	0.0066634	0.0583503	0.200083	0.456991
ihec.chipseq.ihec-chipseq-containerv1.1.4.IHECRE00001852.4.51e98f97-6119-4df6-b770-df4f0c759ed4.fc.signal	0.900133	0.658559	0.687552	0.589472	1.29393	1.19529	0.991736	0.473834	0.201058	0.298689	0.416513	0.61918	0.810668	0.731723	0.347768	0.529682	0.792596	0.611106	0.550464	0.352633	0.698789	0.963985	0.747982	1.10955	0.615631	0.497863	0.706107	0.936024	0.760742	0.905446	0.753398	0.748419	0.851462	0.932042	0.354864
ihec.chipseq.ihec-chipseq-containerv1.1.4.IHECRE00004647.3.d64b3583-2ef0-4033-af25-2e355c9dc564.fc.signal	0.415758	0.584931	0.238832	0.220976	0.531979	0.0885388	0.0806472	0.11161	0.35639	0.356064	0.229782	0.647825	0.520705	0.573177	1.00391	1.03668	0.868451	1.11329	1.26594	0.863281	0.886465	1.09155	1.04421	1.19812	0.598406	0.636718	1.58338	1.50414	1.36587	1.28403	1.45086	1.23247	1.53875	1.1603	0.130081
ihec.chipseq.ihec-chipseq-containerv1.1.4.IHECRE00001957.2.e6bec3c5-fcb0-48f1-bb2d-dd0add2596dc.fc.signal	0.500681	0.451341	0.616869	0.255456	0.666542	0.202086	0.619243	0.438635	0.217606	0.0653475	0.0868797	0.33371	0.147061	0	0.168559	0.115226	0.0283733	0.245582	0.00945633	0.22101	0.320802	0.28619	0.405061	0.791203	0.350909	0.476563	0.36064	0.755938	1.14296	1.29522	1.20661	0.900726	0.205766	0.413267	0.621108
ihec.chipseq.ihec-chipseq-containerv1.1.4.IHECRE00003685.2.c2e20b49-142e-4797-9eba-5be0eab06323.fc.signal	0	0.36421	0.10879	0.282223	0.190777	0	0.20339	0.26961	0	0.0252267	0.413087	0.0346867	0.0400659	0.417817	0.0126133	0.171857	0.69531	0.43989	0.461963	0.12298	0	0.275938	0.548023	0.246908	0.300623	0.204087	0.110551	0.42807	0.0325421	0.100475	0.362633	0.00315333	0.252515	0.274518	0.492251
ihec.chipseq.ihec-chipseq-containerv1.1.4.IHECRE00001854.4.06d474fe-8a5b-49c2-81ef-b754d64a93d0.fc.signal	1.11359	0.648574	0.567813	0.415045	0.532978	0.976449	1.05938	0.811058	0.489445	0.34875	0.290931	0.154015	0.401128	0.16286	0.095531	0.44542	0.312676	0.239236	0.292048	0.436099	0.133215	0.00467327	0.5192	0.791862	0.965316	0.328915	0.416106	0.539579	0.199974	0.555468	0.696602	0.163181	0.171869	0.44835	0
ihec.chipseq.ihec-chipseq-containerv1.1.4.IHECRE00003678.3.8266b146-518b-415f-b011-597d6aa5064e.fc.signal	0.0135243	0.419392	0.293492	0.435391	0.139966	0.191324	0.208736	0.197394	0.006242	0	0.1238	0.121719	0.142556	0.490171	0.0252203	0.173805	0.711126	0.205629	0.283693	0.108195	0.677536	0.843883	0.499214	0.616943	1.20875	1.6849	0.797972	0.876259	0.336166	0.314309	0.527641	0.723627	0.651383	0.634731	0.430435
ihec.chipseq.ihec-chipseq-containerv1.1.4.IHECRE00000228.3.733171c1-b776-4277-a4e8-9b25e6d08804.fc.signal	0	0	0	0	0	0.00398333	0.157144	0.172824	0.0010142	0.0215836	0.0809079	0.135323	0.13545	0.170853	0.115065	0.0975669	0.188348	0.21819	0.0479979	0	0	0	0.0021294	0.0822328	0.117242	0.172457	0.241125	0.274742	0.0932612	0.111276	0.238924	0.188874	0.175174	0.163481	0.559971
ihec.chipseq.ihec-chipseq-containerv1.1.4.IHECRE00000974.7.795c5285-fcfe-49fc-86bb-822787a24420.fc.signal	0	0	0	0	0	0.269509	0.538592	0.0973205	0	0.223286	1.04108	0.492003	0.402173	0.905129	0.563274	0.710198	0.331897	0	0.0790897	0.675727	0.57634	0.2465	0.993027	0.511384	0.213169	0.239491	0.33441	0.639916	0.522124	0.35597	1.3606	0.621184	0.90535	1.44713	0.875182
ihec.chipseq.ihec-chipseq-containerv1.1.4.IHECRE00000001.4.7fa161be-cf7b-4429-a672-c1d72473e2c1.fc.signal	0	0	0	0.0871313	0.0804698	0.0679583	0.18906	0.245817	0.103747	0.119297	0.0802715	0.0753194	0.0721359	0.118174	0.0759292	0.428724	0.590327	0.15491	0.104358	0.063725	0	0.0155288	0.0844661	0.241607	0.782267	0.553825	0.30007	0.131044	0.124995	0.261114	0.167348	0.344318	0.426849	0.0568457	0.258242
ihec.chipseq.ihec-chipseq-containerv1.1.4.IHECRE00000184.3.95e35930-b188-462f-a2e3-786fb18c7d02.fc.signal	0.548538	0	0	0.101481	1.57918	0.476744	0.451907	0	0	0.102895	0.493475	0.481107	0.264954	0	0	0	0.0539705	0.408149	0.20468	0	0.289029	0.127895	0.857686	0.78541	0.161371	0	0.262555	0.498431	1.33742	0.358791	0	0	0	0	0.564298
ihec.chipseq.ihec-chipseq-containerv1.1.4.IHECRE00001015.4.f20ced91-030b-432e-b792-c809b0185614.fc.signal	0	0	0.0997387	0.25166	0.091961	0	0.0862985	0.138154	0	0.209239	0.236234	0.0053784	0	0	0.231969	0.608632	0.369033	0.661448	0.344866	0.389041	0.355731	0.651347	0.241699	0.546608	0.985571	0.552486	0.468431	0.140909	0.334957	0.487453	0.785228	0.572918	0.716741	0.674731	0.432749
ihec.chipseq.ihec-chipseq-containerv1.1.4.IHECRE00001233.5.9e3b4885-f5bc-4ff7-9713-139148fa3034.fc.signal	0	0	0.0102453	0.168893	0.553302	0.150267	0.989536	0.324934	0	0.327265	0.53367	0.863531	0.287155	0.320825	0.184616	0.236244	0.264833	0.231294	0.190964	0.293836	0.236922	0.63481	0.38412	0.221371	0.343245	0.0789948	0.65088	0.997515	0.628041	0.698137	0.535061	0.700842	1.12162	0.815441	0.447619
ihec.chipseq.ihec-chipseq-containerv1.1.4.IHECRE00000233.3.2ce6c7a2-1501-4bf0-9209-c55a1327303d.fc.signal	0.121138	0.100993	0.139524	0.335723	0.179137	0.0923116	0.254626	0.170437	0.0672669	0.0736767	0.193805	0.487317	0.635739	0.501095	0.356866	0.275113	0.503327	0.588774	0.543804	0.710384	0.525803	0.261206	0.236232	0.229964	0.276443	0.554255	0.718318	0.517995	0.473052	0.312855	0.224155	0.255108	0.179971	0.204228	0.55902
ihec.chipseq.ihec-chipseq-containerv1.1.4.IHECRE00004609.2.0c69eda8-716f-44e4-bc94-dce057d4c5a3.fc.signal	0.487034	0.14943	0	0	0	0.166708	0.280072	0.083016	0	0.191859	0.384643	0.343134	0.192782	0.217063	0.131487	0.449213	0.461204	0.0350512	0	0	0	0	0	0.004612	0.256427	0.0064568	0	0	0.152587	0.137918	0.189092	0.534077	0.317597	0.303312	0.48865
ihec.chipseq.ihec-chipseq-containerv1.1.4.IHECRE00000224.3.2f10d695-5b3b-470a-a2e2-55996404a85c.fc.signal	0	0	0	0	0.0681911	0.469731	0.780656	0.363966	0.178722	0.0873993	0	0	0	0.0421081	0.266607	0.534765	0.363596	0.0735181	0.0603839	0.234561	0.203238	0.259315	0.324177	0.625188	0.681339	0.110098	0.116967	0.34724	0.581773	0.435952	0.109807	0.198802	0.323955	0.167303	0.43349
ihec.chipseq.ihec-chipseq-containerv1.1.4.IHECRE00000250.2.662b80be-c09d-4154-bc9d-1e0602218f9c.fc.signal	0	0	0.3882	0.406458	0	0	0	0	0	0	0	0	0	0	0	0	0	0	0	0	0.0658176	0.542817	0.19014	0	0	0	0	0	0	0.292576	0.475734	0	0.349061	0.249697	0.401214
ihec.chipseq.ihec-chipseq-containerv1.1.4.IHECRE00003683.3.0997810a-4867-4ba8-9534-ea6e95022077.fc.signal	0.386936	0.169983	0	0	0	0.070455	0.430566	0.169984	0	0	0	0.104003	0.410418	0.228136	0.541883	0.332411	0.228973	0.0574236	0.11212	0.388793	0.398883	0.0895157	0	0	0	0.136148	0.727003	0.814267	0.670008	0.335494	0	0	0.0178296	0.226122	0.53905
ihec.chipseq.ihec-chipseq-containerv1.1.4.IHECRE00001030.7.1ce7f4a0-1e00-4296-ade7-a069012950ee.fc.signal	0.077348	0	0.515347	0	0	1.02478	0.539446	0.797379	0	0.137271	0.306551	0.301021	0.108692	0.0318814	0.278469	0.0970467	0.109479	0	0.266999	0.257224	0.532649	0.624614	0.776757	0.318582	0.0936851	0.865072	0.439551	0.806049	0.320961	0	0.350701	0.323089	1.05119	0.850923	0.289474
ihec.chipseq.ihec-chipseq-containerv1.1.4.IHECRE00000126.3.2846e92d-580c-47b7-a067-576dcdf07383.fc.signal	0	0.28667	0.215277	0	0.202794	0.987891	1.11547	0.049063	0	0	1.01734	1.02388	0.26992	0	0.126178	0.288967	0.232232	0.736497	0.166814	0	0	0.170085	0.551558	0.927016	0.971664	0.0666045	0.612497	0.412707	0.393258	0.229019	0	0	0	0.18202	0.591348
ihec.chipseq.ihec-chipseq-containerv1.1.4.IHECRE00004618.1.72623753-44fb-49f2-a9eb-e1a5603547b0.fc.signal	0.426821	0.542045	0.238208	0	0.401937	0.497434	0.0727977	0.247077	0	0.299218	0.394875	0.605452	0.414882	0.213196	0.154056	0.253335	0.225937	0.392623	0.315435	0.312092	0.147722	0.324241	0.934105	0.238201	0.465404	0.564902	0.247013	0.511442	0.277822	0.17438	0.134207	0.49643	0.129722	0.293195	0.450684
ihec.chipseq.ihec-chipseq-containerv1.1.4.IHECRE00001236.5.89a447bb-7116-45ed-914d-ea08ca13224b.fc.signal	0	0	0	0.453737	0.734983	0.176842	0.696282	0.270245	0	0.536847	0.617054	0.406179	0.480962	0.800605	0.200277	1.05676	1.32236	0.702961	0.955158	0.990082	0.695247	0.459965	0.97019	1.34817	0.569018	0.655443	0.186411	0.874709	0.7057	0.4212	1.2078	1.56581	1.48662	0.87423	0.379208
ihec.chipseq.ihec-chipseq-containerv1.1.4.IHECRE00003677.3.c8f6239b-cb62-4435-8e19-0a148079f3ba.fc.signal	0.656282	0.210113	0.292572	0.668131	0.390877	0.570186	0.377913	0.403267	0.390099	1.00641	0.750432	0.337409	0.163179	0.570322	0.451396	0.345865	0.529882	0.569106	0.876061	0	0.141676	0.157085	0.407909	0.886734	0.471417	0.235993	1.39028	0.990118	0.209901	0.254318	0.328254	0.231082	0.244788	0.623109	0.543379
ihec.chipseq.ihec-chipseq-containerv1.1.4.IHECRE00000222.3.bc3c5401-2679-4e6a-8d23-b4052eee1a8e.fc.signal	0.0619637	0.176746	0.299143	0.188307	0.0504973	0.201322	0.31966	0.158939	0	0	0.170059	0.474333	0.35456	0.0591837	0	0.102937	0.161318	0.0507738	0.191516	0.341033	0.255647	0.349011	0.525631	0.339881	0.187272	0.240621	0.333527	0.586702	0.804773	0.783116	0.467815	0.0791671	0.133306	0.217561	0.460103
ihec.chipseq.ihec-chipseq-containerv1.1.4.IHECRE00001021.4.42815287-0f19-4aa3-960b-90c95fa6839b.fc.signal	0.104623	0.11427	0.0494963	0.277631	0.457462	0.253512	0.449924	0.204083	0.0950222	0.261555	0.000838467	0.415107	0.211635	0.434082	0.250423	0.119844	0.294402	0.435016	0.516472	0.194679	0.176693	0.454065	1.14009	0.551241	0.548446	0.769864	0.927032	0.705313	0.601008	0.570938	0.957065	0.757388	0.892453	0.481304	0.298507
ihec.chipseq.ihec-chipseq-containerv1.1.4.IHECRE00003684.3.227d235e-5d49-4e40-8c2e-3e1ec3df47e3.fc.signal	0.200458	0.030972	0	0	0.080011	0.169486	0	0	0	0	0.012905	0.243474	0.573055	0.400893	0	0.0757093	0.131631	0.0421563	0	0.00390493	0.185227	0.0507625	0.0361427	0.151586	0.356476	0.197779	0	0	0	0	0.0523753	0.0563975	0.0911498	0.29059	0.483212
ihec.chipseq.ihec-chipseq-containerv1.1.4.IHECRE00004635.3.ac3d233b-983d-44f1-b32e-ea45048d4db5.fc.signal	0.6327	0.905245	0.540459	0.210473	0.461084	0.459153	0.44129	0.166215	0.184651	0.454392	0.637124	0.521342	0.629729	1.21869	0.850389	0.729847	0.539023	0.480405	0.319504	0.903123	0.578602	0.268262	0.495248	0.51066	0.546827	0.51368	0.260018	0.350121	0.770983	0.496478	0.211411	0.194192	0.329052	0.415302	0.44695
ihec.chipseq.ihec-chipseq-containerv1.1.4.IHECRE00001958.3.8880c654-a0c9-41d0-997c-100c289384a4.fc.signal	0.0664587	0.0881649	0	0.0211104	0.218287	0.100142	0.16118	0	0	0	0	0.0947585	0.208821	0.344191	0.276138	0.492108	0.417858	0.273029	0.314243	0.47723	0.224736	0.146362	0.155734	0.335276	0.129245	0.184864	0.0672791	0.164333	0.190888	0.0782037	0.146251	0.190871	0.339643	0.307522	0.571008
ihec.chipseq.ihec-chipseq-containerv1.1.4.IHECRE00004603.3.f7f63af7-a252-4e53-93e7-699016d35fa0.fc.signal	0.417648	0.546228	0.306841	0	0	0	0	0	0	0	0	0	0	0	0	0	0	0	0.0159705	0.337655	0.0064834	0.183842	0.105268	0.119517	0.504562	0.191876	0.181439	0.779359	0.273553	0.180425	0.346131	0.238798	0.633926	0.665828	0.574751
ihec.chipseq.ihec-chipseq-containerv1.1.4.IHECRE00004615.1.ca9877c7-1f2b-4062-b2b9-e0444e14d297.fc.signal	0.30155	0	0.105788	0.599191	0.352975	0.455815	0.122537	0.29466	0.076099	0.165127	0.433098	0.421191	0.297311	0.827258	0.215674	0.307527	0.179147	0.172801	0.610535	0.140324	0.187828	0.120601	0	0	0.181868	0.187576	0.507223	0.313443	0.203433	0.347289	0.124252	0.31356	0.484813	0.219931	0.490468
ihec.chipseq.ihec-chipseq-containerv1.1.4.IHECRE00004605.1.09fb5d7a-926c-40ff-ac15-0bd2ff31967d.fc.signal	0.127769	0.445938	0.28059	0	0	0.372034	0.657634	0.423393	0	0.147813	0.784052	0.79664	0.384563	0.548624	0.244268	0.112512	0.122761	0.127707	0	0	0.351991	0.57226	0.260907	0.199409	0	0.0839287	0.120256	0.644617	0.664321	0.256077	0.179131	0.12777	0.23548	0.029931	0.465359
ihec.chipseq.ihec-chipseq-containerv1.1.4.IHECRE00004900.1.67d0b7ff-4124-4e95-8c9b-1a369432b72d.fc.signal	0.378932	0.0657189	0	0.225042	0.668803	0.375325	0.913751	0.611168	0.171916	0.533292	0.500202	0.472266	0.350743	0.796926	0.989893	0.45053	0.0409916	0.568037	0.911887	0.802798	0.213205	1.25574	1.13152	0.69686	1.0874	0.437218	0.510135	0.384373	0.619697	0.665684	0.464819	0.815163	1.20459	0.847078	0.544238
ihec.chipseq.ihec-chipseq-containerv1.1.4.IHECRE00003676.3.fb569507-616e-4ddb-bce1-2cdd793c15be.fc.signal	0	0.200215	0.0965989	0.301577	0.312752	0.286452	0.52069	0.308817	0	0.263683	0.338621	0.0523469	0.124003	0.43666	0.376383	0.269334	0.279946	0.0893736	0.210395	0.254682	0.0868532	0.241392	0.169636	0.0910483	0.485719	0.311451	0.304529	0.28114	0.493552	0.41716	0.508351	0.339567	0.506081	0.887999	0.60414
ihec.chipseq.ihec-chipseq-containerv1.1.4.IHECRE00000784.3.f2286a0c-dba6-4a30-897c-ba6f1fff3167.fc.signal	0.125709	0	0.0864287	0.403623	0.351893	0.0703885	0.455133	0.444089	0.0640667	0.282795	0.709243	0.139157	0.343444	0	0.258894	0.0951123	1.2109	0.811944	0.244042	0.497778	1.27317	0.921911	0.371354	0.805057	1.18129	0.806302	0.196827	1.02846	0.878943	0.0843701	0.975725	1.1608	1.08487	0.991288	0.334711
ihec.chipseq.ihec-chipseq-containerv1.1.4.IHECRE00001025.7.e0707b51-da3d-4db9-b667-fa81699b438f.fc.signal	0	0	0	0	0.844218	0.507189	0.200524	0	0	0.259553	0.356387	0.647885	0.319015	0.925977	0.899318	0.792233	0.501663	0.400242	0.61522	1.06369	0.901193	0.976891	0.974293	0.722027	0.547897	0.796747	2.16829	2.00169	1.39788	1.30914	0.38676	0.482231	0.649179	1.81103	0.428571
ihec.chipseq.ihec-chipseq-containerv1.1.4.IHECRE00004728.1.2ec80afa-2336-413b-8bd9-49d8ccaa2370.fc.signal	0.299893	0.489823	0.0949669	0	0	0	0	0.0262528	0.294928	0.0412544	0	0	0.153726	0.51787	0.0210944	0.0088176	0.295301	0.0090408	0.106251	0.509084	0	0.0510637	0.232742	0	0.202089	0.0309269	0	0.0211741	0.307442	0	0	0.256197	0.399932	0.200259	0.500944
ihec.chipseq.ihec-chipseq-containerv1.1.4.IHECRE00000969.7.22142533-566c-427b-ba85-c5bd39fb7b54.fc.signal	0.351719	0.144171	0	0	0.0189179	0.597851	0.856906	0.43277	0.640151	0.905445	0.562076	1.07345	0.993093	0.559005	0.186331	0.0909346	1.01289	0.652145	0.654071	0.432726	0.504203	0.528802	0.56332	0.419136	0.20591	0.424518	0.424781	0.805717	1.31105	0.623971	0.696324	0.136436	0.573863	0.802594	0.423881
ihec.chipseq.ihec-chipseq-containerv1.1.4.IHECRE00000223.3.87bd77ec-3829-4467-a200-aa2df0091de8.fc.signal	0	0.0480423	0.11414	0.278179	0.20143	0.0726383	0.218304	0.147588	0.291413	0.355004	0.274335	0.147343	0.0110753	0	0.00917313	0.224211	0.247105	0.0965428	0.177795	0.0871849	0.0847334	0.0932089	0.184913	0.237147	0.186798	0.333751	0.605709	0.542396	0.76966	0.764498	0.696268	0.332349	0.129053	0.49102	0.471098
ihec.chipseq.ihec-chipseq-containerv1.1.4.IHECRE00000235.3.e718e383-8624-4fbc-ae80-8a013cf8e0a0.fc.signal	0	0	0	0	0	0.00756373	0.189591	0.263248	0.153051	0.0681197	0.0158429	0.114044	0.153433	0.146992	0.184443	0.12269	0.0820341	0.0927429	0.0207448	0.0897005	0.0854411	0.0754943	0.130569	0.0602683	0.191773	0.27329	0.216649	0.159629	0.310238	0.235698	0.0123841	0.204823	0.409384	0.34287	0.51207
ihec.chipseq.ihec-chipseq-containerv1.1.4.IHECRE00003675.3.c89e7674-ad0a-4af9-b8e6-347f54ee25d4.fc.signal	0.671349	0.133509	0.0797824	0.285136	0.417833	0.462687	0.325423	0	0.117749	0.234572	0.454179	0.800885	0.453372	0.442301	0.0244917	0.0405499	0.34494	0.265534	0.201782	0.0229177	0.392545	0.405977	0.439922	0.200689	0.245826	0.301447	0.327838	0.308708	0.171469	0.07377	0.247204	0.324542	0.279356	0.656473	0.461739
ihec.chipseq.ihec-chipseq-containerv1.1.4.IHECRE00004610.2.a09fe774-2340-4b95-8e12-12f615ed6e0b.fc.signal	0.261524	0.0499067	0.177702	0.459336	0.49125	0.194723	0.414395	0.259654	0	0.103806	0.0409235	0.27805	0.567345	0.418383	0.0229571	0.230563	0.207554	0.261569	0.126763	0.29363	0.230671	0.12721	0.477954	0.0659047	0.0639147	0.735172	0.396211	0.171474	0.0898931	0.1237	0.362932	0.190975	0.300547	0.231931	0.388418
ihec.chipseq.ihec-chipseq-containerv1.1.4.IHECRE00003679.3.5e5b25af-d97d-461f-8d8a-fbde27405ef2.fc.signal	0.0368109	0.186589	0.0799506	0.134211	0.224274	0.199378	0.163468	0.33454	0	0.0725747	0.226086	0.303316	0.293172	0.225935	0.147496	0.24963	0.269181	0.0147572	0	0.145665	0.293731	0.302599	0.226265	0.418196	0.286651	0.328017	0.43269	0.334591	0.263549	0.213294	0.10613	0.183161	0.0799278	0.656797	0.563528
ihec.chipseq.ihec-chipseq-containerv1.1.4.IHECRE00004608.1.51923222-e72a-4522-b89e-61752ad6e164.fc.signal	0.0675896	0.66526	0.542632	0.220865	0.296256	0.0664725	0	0	0	0.13258	0.353399	0.46131	0.422329	0.303935	0.328311	0.693637	0.16245	0.369045	0.708143	0.47871	0.153196	0.194945	0.655372	0.519742	0.543136	0.271625	0.775154	1.06913	0.841051	0.475586	0.423605	0	0.326107	0.295094	0.521981
ihec.chipseq.ihec-chipseq-containerv1.1.4.IHECRE00001027.7.f9bfafa6-e51d-4d9e-b808-d0c14acada5d.fc.signal	0	0	0	0	0.927122	0.0228326	0	0	0	0.123483	1.55829	0.727488	0	0.823716	0.511526	1.18667	0	0	0	0.564909	0.00488407	1.48845	1.32525	0.152293	0.753982	0	0	0	0.804256	0.90781	0	1.44108	0.485622	2.35522	0.395225
ihec.chipseq.ihec-chipseq-containerv1.1.4.IHECRE00003691.3.d84b63c8-b66b-45e3-807a-f78312228ee9.fc.signal	0.0471206	0	0	0	0	0.133775	0.455752	0.38086	0.107176	0.253307	0.05546	0	0	0.013859	0.255911	0.00739147	0	0	0	0.0203313	0.242079	0	0.069295	0.0896215	0.118263	0.11272	0.114568	0.0498924	0	0	0	0	0.0027718	0.13859	0.48817
ihec.chipseq.ihec-chipseq-containerv1.1.4.IHECRE00000236.3.a73b7d7a-72c8-4781-91d5-38a6f8ee33c5.fc.signal	0	0.160788	0.480464	0.601188	0.593846	0.669306	0.741551	0.551812	0.452265	0.348839	0.240339	0.458669	0.5604	0.642201	0.814837	0.615654	0.452116	0.440078	0.543246	0.61212	0.423616	0.139505	0.119685	0.075496	0.146552	0.203276	0.142211	0.544006	0.59874	0.472203	0.812246	0.68388	0.367614	0.352348	0.470776
ihec.chipseq.ihec-chipseq-containerv1.1.4.IHECRE00001039.6.36c88d13-9712-4dd8-b993-ed15aa2b6721.fc.signal	0.846238	0.233025	0.322613	0.545279	0.361182	0.569801	0.513727	0.0543533	0	0.01052	0.263	0.30508	0.63116	0.629913	0.658534	0.971165	0.873696	0.724912	0.25197	0.128899	0.343751	0.443792	0.879274	0.643277	0.452357	1.28159	1.07318	0.576154	0.14389	0.246629	0.33138	0.285792	0.980012	2.0346	0.424419
ihec.chipseq.ihec-chipseq-containerv1.1.4.IHECRE00000983.7.fbd8e9ac-18c2-44af-965b-f56cc82f5aa5.fc.signal	0	0	0	0	0.0848135	0.619562	0.470762	0.132278	0.262672	0.216872	0.183647	0.243752	0.30566	0.333285	0	0.0915943	0.804054	0.717346	0.184135	0.584298	0.978968	1.29503	0.944852	0.544436	0.460712	0.646496	1.14988	1.50743	1.03341	0.466482	0.451497	0.288241	0.558263	0.876046	0.405702
ihec.chipseq.ihec-chipseq-containerv1.1.4.IHECRE00001019.4.2ddcc9ae-acae-4c28-a3c9-fb754675b0bb.fc.signal	0.177781	0	0.196929	0.285757	0.210507	0.505095	0.694056	0.325752	0.0742693	0.209456	0.854689	1.18399	0.734104	0.689846	0.797518	0.67047	0.494555	0.380065	0.320245	0.0244764	0.345352	0.848536	0.57472	0.401312	0.709457	0.350599	0.44974	0.321985	0.654613	0.804029	0.364499	1.45726	0.721736	0.943898	0.556522
ihec.chipseq.ihec-chipseq-containerv1.1.4.IHECRE00004888.1.f9db8d06-2630-4975-9e52-9172ce2a1bd6.fc.signal	0.383355	0.151272	0.509528	0.878971	0.888717	1.61635	1.61987	0.459893	0.21522	1.06377	1.36713	0.539698	0.470025	0.0032112	0.428595	0.694046	0.76403	0.699205	0.10681	0.429714	1.20193	0.1999	1.06801	1.02698	0.860586	0.665765	0.203707	0.715564	0.375004	0	0.287616	1.75796	1.08151	0.817318	0.321705
ihec.chipseq.ihec-chipseq-containerv1.1.4.IHECRE00004604.3.b5ebcf48-be4a-49da-a893-8701e4421bd8.fc.signal	0.497893	0	0	0	0	0.229238	0.141911	0	0	0.0130242	0.393949	0	0	0	0	0	0	0	0.17344	0.262087	0	0	0	0	0	0.023476	0.27322	0.0316585	0	0.105045	0.274786	0	0.307521	0.336177	0.302395
ihec.chipseq.ihec-chipseq-containerv1.1.4.IHECRE00001335.1.7f84d3cf-3693-41bf-993f-b100bfa2fe24.fc.signal	0.0146505	0.477958	0.113059	0	0.265186	1.45315	0.162938	0.196191	0.505441	0.49879	0.869246	0.567345	0.45796	0.215471	0.253175	0	0	0	0	0.125507	0.301715	0	0.228152	0.259435	0.222656	0.37908	0.469166	0.938682	0.625477	2.20492	2.36095	1.11397	0.430706	0.12437	0.414835
ihec.chipseq.ihec-chipseq-containerv1.1.4.IHECRE00000230.3.ca8ee125-6019-4b2e-8f95-2ea50380d6a6.fc.signal	0	0	0.172409	0.299356	0.377695	0.827935	0.371714	0.105869	0.307362	0.0983715	0	0	0.352973	0.586628	0.360685	0.242708	0.44197	0.538628	0.794742	0.804965	0.403688	0.368301	0.165325	0.395913	0.682541	0.422255	0.411945	0.948185	0.935215	1.10722	0.958485	0.788759	0.749202	0.775454	0.474003
ihec.chipseq.ihec-chipseq-containerv1.1.4.IHECRE00000987.6.8acf33db-7deb-4ee2-849a-9a31ff1a6d2b.fc.signal	0	0	0	0	0.0339167	0.622011	0.571597	0.205167	0	0	0.404994	0.235616	0.236668	0.371123	0.357789	0.345275	0.496996	0.893712	0.484662	0.182475	0.068292	0.347278	0.765374	1.41593	0.44731	0.770858	0.254113	0.776742	0.66299	0.378398	0.493804	0.233436	0.178664	0.245679	0.530885
ihec.chipseq.ihec-chipseq-containerv1.1.4.IHECRE00000243.3.c65b12e4-a68a-4f3c-aa42-e82ee56c7feb.fc.signal	0	0.0797112	0.255241	0.217047	0.0966167	0.0443366	0.0676261	0.0720465	0.183998	0.105039	0	0	0.0295044	0.144868	0.12191	0.0778703	0.311577	0.501067	0.463923	0.227559	0.0960041	0.0977299	0.217929	0.350231	0.544753	0.550236	0.44424	0.638875	0.605831	0.38815	0.426594	0.312913	0.21318	0.305458	0.590062
ihec.chipseq.ihec-chipseq-containerv1.1.4.IHECRE00001964.2.833a4d12-f55a-4d20-8f65-69bf9d8fbcf1.fc.signal	0.462814	0	0.264233	0.649098	0.116512	0.34894	0.257966	0.332823	0.308892	0.0437052	0.329045	0.404743	0.227541	0.87611	0.26982	0.178958	0.439001	0.748953	0.619202	0.619266	0.0165717	0.447874	0.750341	1.0955	1.15504	0.82949	0.968477	1.08333	1.49042	0.750003	0.808259	0.181558	0.523453	0.573455	0.60717
ihec.chipseq.ihec-chipseq-containerv1.1.4.IHECRE00001963.2.01ad782d-8f43-4114-af5f-5d6c1d4f4606.fc.signal	0	0	0	0	0	0	0	0	0	0	0	0.0539996	0.202671	0.113528	0	0.133335	0.328883	0.111637	0.177411	0.17958	0.155128	0.153286	0.0606561	0	0.0502013	0.262596	0.199082	0.0745528	0	0.0060569	0.108345	0.0906646	0.141565	0.134869	0.800693
ihec.chipseq.ihec-chipseq-containerv1.1.4.IHECRE00001962.2.f1bbfa0c-b731-40d3-bbd9-e1d76ee29506.fc.signal	0	0	0	0	0	0	0	0	0	0	0	0	0	0	0	0	0	0	0	0	0	0	0	0	0	0	0	0	0.130917	0.429401	0.197475	0	0	0	0.721741
ihec.chipseq.ihec-chipseq-containerv1.1.4.IHECRE00001893.4.4164b172-b072-474a-8b05-6452f6b50d11.fc.signal	0.141533	0.141752	0.501024	0	0.26773	0.438779	0	0	0	0	0	0.297595	0.837665	0.390198	0.217207	0.252544	0	0	0	0.17237	0.398714	0	0	0.643293	0.708253	0.0363631	0	0	0	0	0	0	0	0	0.480214
ihec.chipseq.ihec-chipseq-containerv1.1.4.IHECRE00004884.1.4a1d8421-a3b2-4222-98f9-a6a8de88d6d4.fc.signal	0.920346	0	0	0	0	0.613971	0.641083	0	0	0.752999	0.887915	0.617415	1.66962	1.09378	0	0.618059	0.48158	0	0	1.11634	1.09647	0.379494	0	0.365921	0.570886	0.148606	0.294116	0.124687	0.237028	0.0442373	0.695351	0.0221191	0	0.367985	0.572483
ihec.chipseq.ihec-chipseq-containerv1.1.4.IHECRE00000964.7.d2d5e859-5f7e-4ba2-9ab4-45b7bd789552.fc.signal	0	0	0	0.139881	0.22998	0.250821	0.439275	0.0669217	0	0	0.399872	0.348873	0.685196	0.646678	0.327704	0.641739	1.14004	0.477243	0.257799	0.152238	0.527653	0.646138	0.482008	0.494672	0.624751	0.607367	0.863739	0.733845	1.00684	1.17122	1.37414	1.21013	0.921778	0.306012	0.448077
ihec.chipseq.ihec-chipseq-containerv1.1.4.IHECRE00000225.3.dc192ce6-d2cc-4825-bd44-c239ac36948f.fc.signal	0.107396	0	0.0806601	0.109125	0.0026852	0	0	0	0.0231216	0.113959	0.0277437	0	0	0	0	0	0	0.092884	0.0997121	0.0461419	0.0713872	0.177303	0.083735	0.0583341	0.0231662	0.0932356	0.0611228	0.127935	0.0470785	0	0.0745371	0.0571176	0.0902877	0.224057	0.350222
ihec.chipseq.ihec-chipseq-containerv1.1.4.IHECRE00004606.2.ab229d27-fab9-498a-94c4-1828601ac534.fc.signal	0.115168	0	0	0.104411	0.762853	0.100833	0.167594	0.0680331	0.208812	0.149611	0.44884	0.226961	0.216689	0.413751	0.27195	0.26904	0.0344427	0	0.261556	0.348746	0.553359	0.818176	0.236217	0.680422	0.866629	0.489807	0.735148	0.602778	0.387311	0.452947	0.559761	0.0944774	0.250977	0.439184	0.558065
ihec.chipseq.ihec-chipseq-containerv1.1.4.IHECRE00004641.3.6bdfceff-da00-46c6-af8d-4738c1100d68.fc.signal	0.492338	0.92428	0.812287	1.01875	1.09444	0.950773	1.33764	0.831868	0.596499	0.715454	0.60696	0.498631	0.60554	0.623726	0.788069	0.82577	0.858302	1.25482	1.08827	1.06831	1.09209	0.622164	1.10404	1.16612	0.662242	0.68599	0.608345	0.452615	0.58947	0.359827	0.237796	0.819125	1.13397	0.834276	0.281369
ihec.chipseq.ihec-chipseq-containerv1.1.4.IHECRE00004607.2.e413ffcf-e079-4615-8c2e-2d70941b24fa.fc.signal	1.48169	0.788877	0.628046	0.787419	0.344205	0.50353	0.696315	0.433882	0.0977715	0.433849	0.226338	0.373486	0.352503	0.756989	0.17771	0.0227721	0.17146	0.121854	0.425806	0.86104	0.248396	0.457583	1.95113	1.29361	1.46233	1.24671	2.38093	1.52931	0.887806	0.791397	0.757911	0.816859	1.33111	1.69049	0.580645
ihec.chipseq.ihec-chipseq-containerv1.1.4.IHECRE00000231.3.884166bc-f176-439f-ae9a-24aaf283ecaf.fc.signal	0	0.0356768	0.323327	0.692917	1.1565	1.34166	1.36325	1.02527	0.829595	0.381448	0.191629	0.197651	0.0755115	0.0888437	0.131464	0.238841	0.3662	0.551325	0.667977	0.981786	1.44667	1.92303	1.61919	1.27229	1.64148	2.34735	3.42319	4.29599	3.39931	2.91685	2.74158	2.73426	2.46781	3.92819	0.609375
ihec.chipseq.ihec-chipseq-containerv1.1.4.IHECRE00001889.4.7866bc38-19c8-460a-b9f2-0b2f5c3d0dca.fc.signal	0	0	0	0.315354	0.975148	0	0	0	0	0	0.211126	0.821482	1.55456	1.18266	0.750385	0.529511	0	0.550498	1.05298	0.969287	2.23591	0.652075	0.255404	3.08223	2.58467	1.09951	0.176284	0.626848	1.32657	0.641622	0.247163	1.1031	0.517955	1.10606	0.6
ihec.chipseq.ihec-chipseq-containerv1.1.4.IHECRE00003695.3.bdb135f7-e7e7-45ee-919a-f8d9bc37c43a.fc.signal	0	0.119201	0.212789	0.11132	0	0	0	0.246283	0.0492567	0	0	0	0	0	0	0	0.164517	0.378286	0.0482715	0.275837	0.239387	0.0758553	0.150725	0.144815	0	0	0.044331	0.18619	0.0650188	0	0	0	0	0	0.504447
ihec.chipseq.ihec-chipseq-containerv1.1.4.IHECRE00000238.3.86299bdf-bbf6-4373-ba38-f36088dd35b0.fc.signal	0.0830461	0.0206008	0.0526553	0.0704953	0.175217	0.15037	0.0716783	0	0.0618895	0.0752847	0.0922262	0.0846363	0.0973939	0.123275	0.237754	0.0725421	0.0708196	0.0376647	0	0.0914513	0.166765	0.0430093	0.0387858	0.0767446	0.0365837	0.0661752	0.166123	0.304529	0.320276	0.291463	0.221389	0.128961	0.0185354	0.0681946	0.352352
ihec.chipseq.ihec-chipseq-containerv1.1.4.IHECRE00003682.3.7f811740-bea6-414e-8ffe-06e6eae70d47.fc.signal	0.357753	0.255125	0.26958	0.207424	0.25049	0.292016	0.427615	0.236208	0.032523	0	0.180683	0.347635	0.156833	0.227661	0.188928	0.0426413	0	0	0.154378	0.340608	0.291262	0.106242	0.324998	0.205568	0.113639	0.440817	0.78059	0.0457791	0.186227	0.366715	0.230551	0.610639	0.653971	0.59763	0.352239
