	chr12:27656316-27656465	chr12:27656466-27656615	chr12:27656616-27656765	chr12:27656766-27656915	chr12:27656916-27657065	chr12:27657066-27657215	chr12:27657216-27657365	chr12:27657366-27657515	chr12:27657516-27657665	chr12:27657666-27657815	chr12:27657816-27657965	chr12:27657966-27658115	chr12:27658116-27658265	chr12:27658266-27658415	chr12:27658416-27658565	chr12:27658566-27658715	chr12:27658716-27658865	chr12:27658866-27659015	chr12:27659016-27659165	chr12:27659166-27659315	chr12:27659316-27659465	chr12:27659466-27659615	chr12:27659616-27659765	chr12:27659766-27659915	chr12:27659916-27660065	chr12:27660066-27660215	chr12:27660216-27660365	chr12:27660366-27660515	chr12:27660516-27660665	chr12:27660666-27660815	chr12:27660816-27660965	chr12:27660966-27661115	chr12:27661116-27661265	chr12:27661266-27661348	Expression
ihec.chipseq.ihec-chipseq-containerv1.1.4.IHECRE00001004.4.b3b3b801-4bf3-4e6f-974d-5cca823d1b91.fc.signal	0	0	0	0	0	0	0	0	0.0774703	1.08821	1.43737	1.60952	1.73248	2.05831	0.37627	0.261923	0.236099	0	0	0.0418093	2.41983	5.26136	1.52223	0.0996045	0.772189	2.70014	0.26559	0	0	0	0.741433	8.2554	6.48357	2.96875	0.557692
ihec.chipseq.ihec-chipseq-containerv1.1.4.IHECRE00001557.1.823ac744-5eeb-40f9-9f65-c42b0b5130dc.fc.signal	2.36246	0.148703	0.101848	2.03706	2.72021	3.3041	3.66395	2.64321	6.47359	5.78236	7.01931	6.69535	6.95327	6.99726	4.93033	7.90314	2.87891	2.50958	4.44074	6.90561	5.2026	5.65485	5.68959	4.97276	2.71623	1.56855	1.77643	3.16964	2.24034	1.97727	2.14184	5.09631	9.30267	7.80916	0.41958
ihec.chipseq.ihec-chipseq-containerv1.1.4.IHECRE00000222.3.123ef280-d4ea-4ca0-978c-a10942825cc4.fc.signal	0	0	0.0556996	0.693605	0.8978	0.141765	0	0.521148	1.22649	1.82812	2.61116	2.16508	3.1867	3.22267	1.32979	0.13989	0	0	0	0.002481	0.782672	1.47012	0.747118	0.286569	0.514188	1.14499	0.77301	0.090041	0	0.0674981	1.09817	2.68423	3.1515	3.21793	0.690556
ihec.chipseq.ihec-chipseq-containerv1.1.4.IHECRE00003838.5.37ca9b25-a545-471a-8ba7-6b638b12b7dd.fc.signal	2.84331	3.0671	2.99979	3.39093	3.02401	2.83202	2.90636	2.47006	2.24497	1.65419	1.63931	1.33659	1.13536	1.29762	1.26946	1.20866	2.20383	1.87215	1.56575	1.29699	1.25126	0.849661	0.907009	1.1857	0.978453	0.905076	1.30659	2.21182	1.44807	1.41095	2.45575	2.62741	3.07816	1.94898	0.102178
ihec.chipseq.ihec-chipseq-containerv1.1.4.IHECRE00003832.2.b7bbc28f-5370-494d-9da9-9e79564dec6e.fc.signal	1.05394	1.14056	1.74541	3.9773	2.22209	1.20462	2.70392	1.6085	2.46334	1.82331	1.66716	2.80109	0.954719	0.75703	1.36938	1.60189	1.47284	0.599309	1.31755	1.05296	1.53675	1.10901	1.00793	1.15977	0.567518	0.974789	0.854896	2.22607	2.13094	1.17266	1.82255	1.55816	2.06394	2.4325	0.423423
ihec.chipseq.ihec-chipseq-containerv1.1.4.IHECRE00001030.7.80d11420-fb58-4105-8d0b-26addcc06923.fc.signal	0	0	0	0.159104	1.14244	0.251293	0	0.108324	1.78633	1.95483	0.420552	1.65273	1.11167	3.51259	1.96979	0	0.694345	0.385914	0.725917	0.549237	1.15948	5.04068	0.854476	1.5707	1.30838	1.14189	0	0	0	0	0	4.19152	3.43169	3.06048	0.634021
ihec.chipseq.ihec-chipseq-containerv1.1.4.IHECRE00003819.1.e6af9ec0-8b4b-4624-8b3a-51f86f371f0f.fc.signal	3.33098	4.98712	5.68154	7.33317	5.47172	3.78588	4.60264	3.67058	6.54314	7.65487	7.79139	6.56256	4.62222	4.11992	2.77449	4.35631	5.7361	5.53903	5.7271	6.20558	6.22258	5.71627	4.93012	4.31491	4.10509	4.22273	3.88618	3.81166	4.38233	3.3925	4.82858	6.98294	7.93267	7.5141	0.439201
ihec.chipseq.ihec-chipseq-containerv1.1.4.IHECRE00001959.2.69eb8040-32c4-4c18-85e7-a74953df6c51.fc.signal	0.317047	0.378971	0.322525	2.03937	2.55867	2.75119	2.08599	3.45112	3.27042	4.16733	2.9494	3.92817	4.33148	4.05063	3.09224	1.3804	1.36638	2.42283	1.97002	2.70862	2.13269	2.57178	3.19323	3.28347	4.25266	3.38412	2.34843	3.50547	4.46881	3.6075	2.60216	3.48092	5.67543	3.41118	0.51374
ihec.chipseq.ihec-chipseq-containerv1.1.4.IHECRE00000060.3.baf1b6b5-96f6-42d1-907a-07181459fd3c.fc.signal	0.884632	0.601321	0.488434	0.491214	1.63032	1.5795	1.45831	2.28809	2.61239	1.52506	2.29682	2.80531	1.96514	2.37346	1.3131	1.17719	2.79094	1.56293	1.26344	1.68985	2.25056	1.30927	1.70594	1.20343	0.941111	2.26677	0.982554	1.02347	2.0768	0.990888	1.88245	2.32975	1.4872	1.61418	0.412587
ihec.chipseq.ihec-chipseq-containerv1.1.4.IHECRE00003404.1.88cb95dd-5a6d-4570-8a21-b967680b5521.fc.signal	0	0	0	2.66844	3.44174	0	0.519202	0.260062	0	0.00585373	0.749195	0.748108	2.25966	1.76882	0.362772	0.39708	0.414975	0.556427	0.791512	0.306049	0.876063	1.18763	0.825996	1.02125	0.0816822	0	0.087806	0.826601	0.457889	1.17423	0.0735062	0.880349	1.20878	2.52494	0.755302
ihec.chipseq.ihec-chipseq-containerv1.1.4.IHECRE00000193.3.fae7194c-2bb7-414d-b747-986b067cce33.fc.signal	0.0922816	0	0.215538	1.05433	1.17198	1.5257	1.3042	1.02826	0.5946	0	0.537803	0.990247	1.19416	0.544763	0.213838	0.617797	0.412645	1.02203	0.625548	0.889404	2.02348	1.66743	0.338328	1.66902	1.16434	0.564686	0.210632	0.273193	0.816517	1.26805	2.38588	1.03302	0.733669	0	0.472222
ihec.chipseq.ihec-chipseq-containerv1.1.4.IHECRE00003829.4.85a47d94-3c5b-4fa0-8468-515ec8dc5b16.fc.signal	1.55167	1.87746	2.77852	3.83797	2.28862	1.24307	2.39929	2.70506	2.02515	1.69395	1.53673	0.668397	0.700262	1.00398	2.86461	1.86279	1.70821	3.21011	3.85429	3.27347	1.29415	1.33425	1.0014	0.750752	1.71107	1.52018	1.34026	1.55789	1.77171	2.9916	3.13137	2.25175	1.23992	0.877412	0.214628
ihec.chipseq.ihec-chipseq-containerv1.1.4.IHECRE00000105.3.fa7c889b-e561-4d9e-9f53-4d27307d9ee3.fc.signal	0.641699	0.503858	1.15264	2.05703	1.18309	1.09479	2.83253	3.66867	5.81244	4.31943	4.13204	2.88938	7.29821	5.85993	2.79655	0.813882	1.75017	3.20575	3.31616	2.98659	1.89197	3.69535	1.33607	1.30851	1.42513	1.59572	2.30609	1.44325	1.96046	1.29872	1.60644	3.55017	3.74157	4.15568	0.408867
ihec.chipseq.ihec-chipseq-containerv1.1.4.IHECRE00001044.7.72ced85f-cc3d-4155-864f-c88e943e41cd.fc.signal	1.02586	1.78485	1.46243	2.78457	2.67348	3.07617	2.20737	3.89479	3.05497	3.2324	2.25298	2.81877	4.53778	2.83253	1.85603	2.37637	2.48831	2.42428	1.57837	2.14001	2.44893	2.29607	2.02704	2.71035	1.98989	1.28865	1.53631	2.43932	3.01392	2.93168	3.15825	3.83421	3.59585	4.56277	0.508485
ihec.chipseq.ihec-chipseq-containerv1.1.4.IHECRE00000223.3.58d4d6b8-e8d9-44c0-a8c7-fcdf9403bfe2.fc.signal	0.279637	0.389442	0.0922362	0.559319	1.23432	0.431941	0	0	0.544693	3.32965	3.85093	2.5756	4.84539	4.17594	1.25191	0.297206	0	0	0	0.288601	1.59069	3.51639	1.04412	0.1696	1.16013	1.81652	0.46862	0.122212	0	0.0274132	2.04041	9.26896	7.08091	4.06602	0.631632
ihec.chipseq.ihec-chipseq-containerv1.1.4.IHECRE00000126.3.0c600fad-76af-4396-b66d-45cc11ce045a.fc.signal	3.51277	5.05824	3.71203	10.671	9.31594	8.08362	6.31018	4.62485	4.92301	8.71159	6.61462	7.0326	8.34639	9.96218	11.2509	8.75545	7.52721	8.8317	6.70578	3.91097	7.49673	7.296	8.28247	8.67674	7.55006	1.76105	2.46401	4.9817	6.18138	8.38147	7.84848	8.76004	5.46637	6.46226	0.590015
ihec.chipseq.ihec-chipseq-containerv1.1.4.IHECRE00000242.3.b264ae9e-8457-4fbc-9ae1-9ad1d872e973.fc.signal	0	0	0	0	0	0	0	0	0.448123	4.50238	7.72623	9.81921	10.6602	5.94866	1.57797	0.199641	0	0	0	0.611659	6.2205	11.2241	4.76891	0.692333	2.33931	3.86843	1.56839	0.0318601	0	0.106202	3.12193	14.8738	15.8411	12.0997	0.612035
ihec.chipseq.ihec-chipseq-containerv1.1.4.IHECRE00000071.3.dfc63e95-4862-4384-a735-dc9483aed805.fc.signal	1.99158	2.55664	1.39417	1.53866	1.0335	1.16102	2.04243	0.934994	2.57303	2.78668	0.835772	1.39828	0.86343	1.39822	0.886844	1.90657	0.553596	1.88095	1.89343	1.40186	1.67242	3.39116	2.00404	1.13466	3.56141	2.02869	2.34916	3.46944	1.55137	0.926095	1.19032	3.59128	5.28638	5.13175	0.472028
ihec.chipseq.ihec-chipseq-containerv1.1.4.IHECRE00001232.5.f1456df1-a617-44a6-a060-cb29786302bd.fc.signal	0.344498	1.13582	1.30545	4.20791	4.77255	2.33911	1.06312	3.04603	4.14919	6.20479	3.15324	2.82334	2.68534	3.7946	3.60565	2.15937	0.774863	1.75938	1.35958	1.48796	4.6441	7.52043	2.86156	2.09615	1.98754	1.77703	0.695798	1.94599	2.47021	2.65648	2.79025	6.86671	5.11803	5.4166	0.589359
ihec.chipseq.ihec-chipseq-containerv1.1.4.IHECRE00001889.4.44df7b1b-5968-426b-8cea-e4fad8f3b32b.fc.signal	0.933665	0.359368	0	0.23854	0.765859	0.538769	1.58602	0.0504976	0.885628	0.477062	0.55362	1.09408	0.941941	1.62551	0.938924	0.408303	0.648602	0.0236385	0	0	0	1.0792	1.84967	0.576476	0	0	0.642616	1.95012	2.19528	1.64024	2.08599	1.7963	0.47989	1.23373	0.43883
ihec.chipseq.ihec-chipseq-containerv1.1.4.IHECRE00002065.1.d29b7bc4-75ef-437b-ab43-12a3fcfc38d5.fc.signal	0.335644	0.477795	0.498822	0.842445	0.87927	1.38169	1.15806	0.619484	1.30477	1.8791	1.87487	2.86731	2.78122	1.6773	2.59754	2.23886	0.815846	0.833604	0.587779	0.80455	2.14442	2.45956	1.61653	2.44271	1.88773	2.65965	0.735243	2.37168	2.61892	1.12276	1.16691	1.28122	2.77269	4.19143	0.247031
ihec.chipseq.ihec-chipseq-containerv1.1.4.IHECRE00001457.1.6d90e020-b6c2-4e95-920f-783e8068ccbc.fc.signal	3.2922	5.52883	2.04305	3.93768	8.15717	5.70492	6.05397	11.1475	7.37881	8.47664	5.40523	7.12139	8.68618	6.61392	6.12326	3.34371	4.88391	8.93413	8.85646	6.27779	5.1254	9.34196	10.4705	9.86671	5.42952	3.25581	6.38398	8.53621	7.47687	6.31515	3.30524	5.35541	6.60733	5.08752	0.38642
ihec.chipseq.ihec-chipseq-containerv1.1.4.IHECRE00004713.2.44d9234d-e938-4209-8bc5-a1f9ee0dcbe4.fc.signal	0.798367	1.30619	0.875297	1.64925	1.87614	1.96066	1.65654	1.89351	1.43673	1.34848	0.724142	0.80316	1.11101	2.20218	1.66618	1.26808	0.875031	1.26957	1.67269	1.92636	1.4801	2.86003	0.280178	2.38304	0.9415	0.685929	3.26772	1.33852	1.62986	3.3381	4.03986	3.37893	1.76421	2.03766	0.512179
ihec.chipseq.ihec-chipseq-containerv1.1.4.IHECRE00003398.1.142e6ed2-5832-4fa6-8a6b-9ed4d6f47d60.fc.signal	0	0	0	0.612833	0.689536	0.406636	0.371143	0.199493	0.545414	0.529582	0	0	0.616624	0.127405	0.574271	0.708978	1.392	1.09758	1.26281	0.482673	1.70572	0.656462	0.0317385	1.42844	0.246757	0.175855	0.448492	0.700287	0.0457163	1.42276	0.478071	1.10508	1.29817	0.560729	0.612105
ihec.chipseq.ihec-chipseq-containerv1.1.4.IHECRE00001508.1.7644257d-84a8-452c-b39d-72874c3d0d4b.fc.signal	0.961777	0.706854	0.556208	1.20513	0.355154	1.96156	1.8411	1.81252	2.88392	2.21675	2.17877	0.968011	0.684133	3.51092	1.93744	2.45736	2.95636	1.8902	2.33096	1.35886	1.30841	1.11509	0.648924	0.504104	0.495392	1.19644	1.77298	1.59655	2.82457	2.97811	2.37763	1.02423	1.13817	1.51307	0.340909
ihec.chipseq.ihec-chipseq-containerv1.1.4.IHECRE00001378.1.8a1df20e-6fe2-48ae-99b1-96a1bc85ea8d.fc.signal	1.08239	1.39587	0.623468	1.55386	2.73118	2.41906	3.38986	3.58306	4.44041	2.44819	3.64254	3.95692	3.78739	2.95301	1.82294	1.05768	2.7941	4.06777	2.39955	2.31318	2.72213	3.23514	3.62232	2.69823	1.91053	0.587667	0.58932	1.20372	3.03544	3.77499	2.6019	4.21007	4.8025	5.29077	0.383754
ihec.chipseq.ihec-chipseq-containerv1.1.4.IHECRE00000225.3.ac643157-1692-4223-8d75-00ef072cf986.fc.signal	2.64013	5.2417	7.25837	9.51604	9.5546	7.5669	6.28618	5.91017	7.29533	9.30072	8.25624	6.11264	6.88877	9.23805	8.67885	6.45974	5.58398	5.20958	4.16508	4.68747	6.81792	7.88906	5.96352	3.14347	2.53569	4.46878	5.01513	4.983	6.94985	6.70879	6.35206	8.06181	11.2226	13.5676	0.338004
ihec.chipseq.ihec-chipseq-containerv1.1.4.IHECRE00000318.2.7ba479df-2d75-4a21-a2dc-30d87eedc37a.fc.signal	0.852676	0.982877	0.542184	1.75474	2.27205	2.2233	1.62638	1.56969	2.1998	2.27786	1.88082	2.36723	1.94233	3.18202	2.55399	1.3015	1.4837	2.78713	2.60486	2.08036	2.00414	2.41859	2.57903	2.68611	1.60771	2.44781	1.09068	1.9367	3.66175	1.90321	1.63663	3.37324	3.08683	1.78164	0.41629
ihec.chipseq.ihec-chipseq-containerv1.1.4.IHECRE00000709.3.de511913-2cf9-43ba-9705-d5ac577dfa6f.fc.signal	0.894107	2.5508	1.69747	2.77594	2.31356	2.0582	2.10731	1.76141	2.60298	2.42933	1.98711	2.67682	2.39166	3.60864	1.35778	1.21479	1.17134	1.84261	2.4087	1.9333	2.26352	2.53192	1.32096	3.07967	1.29094	0.571275	1.59403	4.09605	4.57867	1.88662	0.993223	2.54197	3.13493	4.00947	0.503979
ihec.chipseq.ihec-chipseq-containerv1.1.4.IHECRE00001906.1.5d44418c-818f-4534-8844-0d0e8e0143a7.fc.signal	1.70386	2.50406	2.92591	6.19549	4.2583	4.04093	3.14886	3.72129	4.05525	6.25952	5.64789	5.45957	5.26319	3.20913	2.46312	2.60682	2.41684	2.59988	2.25461	1.69045	2.3838	2.90761	3.15019	3.90202	2.79179	1.85548	1.3141	1.56409	3.00516	3.13	3.57028	5.34399	4.68422	4.57907	0.502439
ihec.chipseq.ihec-chipseq-containerv1.1.4.IHECRE00000665.1.15a517d0-8389-43f7-9ce5-66c163ab4bf7.fc.signal	2.0958	2.87001	2.73151	4.73381	6.22885	5.1823	3.18665	2.6882	2.58062	2.34825	1.75013	3.18325	2.92396	4.68496	4.83715	4.87998	3.88139	4.90329	5.45089	3.13193	4.48227	4.57373	2.45358	4.19461	3.35594	2.58212	2.99223	2.96837	1.43335	2.04567	3.23988	3.18078	4.36084	5.15064	0.549153
ihec.chipseq.ihec-chipseq-containerv1.1.4.IHECRE00003680.3.bb1bb2b2-42c2-4f18-8e8f-61e82ab17b84.fc.signal	0.758877	0.930806	0.898928	0.256619	0.431257	0.660961	0.556289	1.47042	1.12353	1.22142	1.14956	0.67917	1.19321	1.47589	1.17144	1.5921	1.43128	2.20734	2.08486	2.2979	1.71983	1.53072	1.40982	1.53073	0.720756	1.20033	1.2736	1.36702	1.79181	2.30491	2.69987	1.96444	1.29547	1.06491	0.69341
ihec.chipseq.ihec-chipseq-containerv1.1.4.IHECRE00002058.1.4d89e710-5a41-461f-91a2-bc627bddca0a.fc.signal	0.994957	1.12505	0.518188	2.06916	2.44422	1.98606	2.51469	2.45799	1.94063	2.95793	2.72963	2.35825	1.01241	1.49797	1.33978	0.474668	1.39114	3.02526	2.52918	4.27804	4.56964	3.41188	1.5062	2.54924	3.64876	3.64632	1.03388	2.13152	2.99367	1.84291	1.46478	1.99029	2.67247	3.2041	0.243697
ihec.chipseq.ihec-chipseq-containerv1.1.4.IHECRE00001306.1.3ad99a92-6066-418f-95ef-51ed964a0d0c.fc.signal	0.859873	0.240763	0.84959	3.39727	4.14051	6.14824	6.39239	5.88829	3.44353	3.94491	3.92588	4.11325	5.06397	5.73814	4.45827	4.37292	5.26147	3.56189	3.0406	1.82504	3.08087	5.70731	4.60663	3.9843	3.38277	2.98908	2.71686	3.32418	2.75072	2.54275	1.55316	4.74822	4.614	2.37236	0.210728
ihec.chipseq.ihec-chipseq-containerv1.1.4.IHECRE00000339.2.39f2a04f-5ab3-46a3-91a8-91641dbab08a.fc.signal	2.04259	0.441677	0.105809	4.69239	5.39168	6.40379	4.96382	5.46528	1.55495	0.978627	1.53394	3.5423	2.59922	4.59122	4.65721	2.9965	2.42005	2.14618	3.33886	2.29268	2.08588	3.24784	3.4917	4.72464	2.83173	2.83828	4.21484	1.70162	3.97419	1.94407	3.20402	4.59304	4.07912	3.6336	0.22043
ihec.chipseq.ihec-chipseq-containerv1.1.4.IHECRE00001915.1.bcfa2f24-6276-4a64-96e6-3f1abe06b88e.fc.signal	1.20075	2.19962	1.70106	3.14399	3.01934	1.62031	1.46232	1.32714	1.58344	1.41914	1.1059	0.790708	1.61828	1.0184	1.59573	1.98545	1.9679	2.8245	2.8684	2.32134	1.38071	2.29761	1.07379	0.807578	0.882646	0.361297	1.49301	0.991392	1.89314	1.95554	2.0062	1.59114	2.68233	3.1103	0.244094
ihec.chipseq.ihec-chipseq-containerv1.1.4.IHECRE00000974.7.ed39a30d-e8d4-4be8-8a48-6338c0cdb04b.fc.signal	0.105107	0.193493	0.16005	2.56212	2.32708	0.793026	0.418051	0.300288	3.59044	8.81229	3.70243	3.00212	6.94129	6.9472	4.27928	0.838551	0.69668	0.687971	1.65082	1.4032	4.21434	3.66596	1.11501	2.38257	1.12136	3.14092	1.71512	1.72672	0.347853	0.255645	0.0870137	5.28114	5.01674	7.30109	0.589093
ihec.chipseq.ihec-chipseq-containerv1.1.4.IHECRE00003675.3.83e601b8-bef8-49e1-b42e-c29a56e1ac1c.fc.signal	0.653969	1.14738	1.35344	2.30167	2.06843	0.915964	0.503425	0.716207	1.38942	1.13633	1.06561	0.911321	0.467962	0.759947	1.03625	0.508219	0.671417	0.928372	1.06673	1.42668	1.79622	1.22731	1.19418	2.51914	1.03362	1.45432	0.582818	0.618937	1.05723	0.667312	1.14562	1.62085	2.52812	2.56616	0.677316
ihec.chipseq.ihec-chipseq-containerv1.1.4.IHECRE00003685.2.5501f5e6-6354-4e9f-82a5-be852033207e.fc.signal	3.34446	3.20112	2.72341	2.83005	3.69894	4.14698	5.85636	5.06186	4.13	4.03285	3.06785	1.97572	1.76636	1.45908	2.02404	2.92274	2.57804	3.01972	3.27791	2.84064	2.68131	2.41005	1.90723	2.48988	3.08985	2.58978	2.54871	3.21599	4.46862	4.41012	4.5873	5.38782	4.65426	3.5656	0.620797
ihec.chipseq.ihec-chipseq-containerv1.1.4.IHECRE00000260.2.3ac826bb-c219-4eb4-ae1e-412d5ac0b154.fc.signal	1.86458	1.69267	0.421047	2.22516	3.47442	3.07451	4.33699	3.88809	3.27967	2.25695	2.25079	2.69597	6.31474	7.23097	3.84852	1.83956	1.48919	3.16984	0.739554	1.45618	1.13503	3.07382	2.50116	2.85486	1.73477	1.13683	3.67649	3.24749	3.80509	1.27815	1.28035	1.85291	3.32454	1.97915	0.314079
ihec.chipseq.ihec-chipseq-containerv1.1.4.IHECRE00003695.3.a1a38b0a-4e6e-499f-9d4a-f9ed2dd3bf97.fc.signal	4.75315	5.17425	3.7609	4.7647	5.30862	5.50816	4.15598	3.48593	4.3714	3.73458	3.36544	2.32399	2.27065	4.27499	4.58095	4.6886	6.0137	6.19793	5.81181	3.6521	3.23467	2.8978	3.1797	4.07817	4.15531	3.69499	3.27679	4.1774	3.12559	2.9599	4.0663	4.03972	4.50317	4.39952	0.607387
ihec.chipseq.ihec-chipseq-containerv1.1.4.IHECRE00003835.4.21819112-b709-4256-a74d-0e6ec96e0be8.fc.signal	3.10221	2.5367	2.75918	4.23094	4.73295	3.20604	2.68944	1.94848	2.06671	1.43538	2.08863	1.66251	0.640104	1.8402	5.42138	5.65114	4.26308	4.87187	4.53167	3.15978	2.91807	3.79042	2.38631	2.55987	2.91613	4.04798	5.00661	3.88155	3.15955	4.8211	3.04553	4.38618	5.93486	3.83066	0.473048
ihec.chipseq.ihec-chipseq-containerv1.1.4.IHECRE00004607.2.e1fd1411-fa6d-4e9d-8b94-fee7dda1365c.fc.signal	1.34506	1.65106	0.866796	0.739968	0.835454	0.375329	1.01277	1.19432	1.6881	1.10266	1.24171	0.427964	0.406058	1.19997	1.32433	1.28086	0.782091	0.64047	0.546502	0.42697	1.03984	1.62779	1.23446	1.23273	0.506658	0.327277	0.872931	0.86995	0.660074	0.745115	0.918692	1.57333	1.67266	0.76897	0.60523
ihec.chipseq.ihec-chipseq-containerv1.1.4.IHECRE00004603.3.40563a1e-eb2a-4c6e-bd0b-903d353efee9.fc.signal	0.924084	2.32994	3.83543	4.08647	2.34874	1.45568	2.55334	1.63723	1.07916	1.31412	2.55641	1.9614	1.58574	2.09714	3.17169	3.87486	1.27902	4.2023	3.65869	2.33878	2.83045	3.5325	1.9713	1.04742	0.579941	2.61949	1.01625	2.8222	1.39975	1.11425	3.52012	2.23256	3.88209	3.37872	0.655172
ihec.chipseq.ihec-chipseq-containerv1.1.4.IHECRE00000972.6.8e264ed8-afdd-468a-8bbe-7ea6fcae8b7f.fc.signal	0	0	0	0	0.54038	0.455057	0	0	0.606483	1.78904	0.666311	0.743345	2.40024	3.93981	3.15796	0.415425	0	0.371575	1.09871	0.267401	3.22931	2.03263	0.792305	0.721641	0.493547	0.775614	0.0511644	0.700354	0.153941	0	0.0135068	3.63162	3.24312	7.01762	0.595506
ihec.chipseq.ihec-chipseq-containerv1.1.4.IHECRE00000348.2.49890929-0215-4581-a0a6-6082ef7a066c.fc.signal	1.08575	0	0.347968	1.25362	1.15824	1.25025	1.49842	1.56043	1.4193	2.30362	1.30437	2.54553	0.317542	2.46644	3.76332	1.29841	2.14843	1.92564	2.84385	3.86158	1.98714	1.01208	0.746661	0.825507	1.46281	1.68275	0.78494	0.979345	0.866612	1.82595	1.73108	0.836414	2.21573	3.18133	0.3
ihec.chipseq.ihec-chipseq-containerv1.1.4.IHECRE00004681.3.b04c1667-5df4-43cb-a2ab-4a07445dc015.fc.signal	1.91141	1.45815	0.639813	2.27331	2.20671	1.75186	1.58542	1.30611	1.30306	2.42721	1.88737	1.33192	1.86648	2.34696	2.19958	1.08821	1.67548	2.18004	1.86082	2.18296	1.80524	1.3185	1.31507	1.77011	1.85181	1.88815	1.249	2.13132	1.7578	0.979766	1.60738	2.84037	2.02601	2.58596	0.481278
ihec.chipseq.ihec-chipseq-containerv1.1.4.IHECRE00000938.7.8a53f1f1-c833-4865-a1cc-f9cef5611599.fc.signal	0	0	0	0.713725	1.4016	0	0	0	0.139193	1.53518	1.29148	1.16432	1.64101	6.23543	1.21238	0	0	0	3.31258	0.672939	1.35887	1.1744	1.43668	1.86433	0.768921	0	0.412445	0.61098	0.194881	0.0158012	0.642582	5.35326	5.79105	4.76016	0.73545
ihec.chipseq.ihec-chipseq-containerv1.1.4.IHECRE00001956.2.1e76f479-733a-4b6f-88c7-efe3d559775e.fc.signal	3.09324	1.69866	1.34971	3.83279	3.86912	5.34297	3.62656	2.26746	5.37273	4.53324	2.81078	2.34132	2.69036	3.24119	2.08263	2.28358	2.86013	3.4591	2.69685	2.49913	2.6995	3.5359	3.18372	2.17112	2.43892	1.02913	2.34082	3.14597	1.80622	4.11714	4.60404	4.49673	3.95343	3.78375	0.599055
ihec.chipseq.ihec-chipseq-containerv1.1.4.IHECRE00004617.2.bd401bc7-9584-4daf-b6e9-896dcf3c0a4c.fc.signal	1.12393	1.04398	0.891951	1.41979	1.43985	0.652271	0.898916	0.68446	0.457737	0.700283	0.91639	0.701007	0.708018	1.01505	1.01026	0.803768	1.08621	1.10376	1.04308	0.881377	0.657262	0.513859	0.811925	1.31578	0.824297	0.856726	0.821385	1.18948	0.834866	1.23957	1.58823	1.81753	1.02964	1.30073	0.730655
ihec.chipseq.ihec-chipseq-containerv1.1.4.IHECRE00000277.2.32f96f36-e33f-4e3d-b54e-16162d591510.fc.signal	1.93977	1.68948	1.80592	5.69035	4.98678	4.94065	4.56118	3.15289	2.61722	3.95383	5.56882	6.08119	8.31446	6.81191	6.57184	7.72934	3.49045	2.87659	3.12763	3.47701	4.56818	3.72022	5.31425	4.59188	2.31158	1.54586	3.34461	6.10404	4.92677	3.45389	5.13634	5.8246	3.95502	4.34489	0.297814
ihec.chipseq.ihec-chipseq-containerv1.1.4.IHECRE00000238.3.8ee3bcc0-0a54-4209-87cf-967cca7d6071.fc.signal	0.188447	0	0.766207	2.66882	2.46948	1.48225	0.741791	0.977762	2.97803	3.8785	4.40194	1.64635	2.88175	4.11987	2.2864	1.27883	1.21914	1.80363	1.47682	1.63006	2.42879	2.62408	1.96771	2.13182	1.72227	2.28774	1.63412	2.95498	3.42149	0.988599	1.29645	2.64713	5.53024	5.87275	0.75129
ihec.chipseq.ihec-chipseq-containerv1.1.4.IHECRE00001958.3.1ec30665-e127-479e-9308-683342038ede.fc.signal	2.74807	3.95045	3.5457	3.80542	4.18319	3.90117	3.76517	3.506	4.73442	3.8474	3.94946	2.37085	1.95817	4.21875	3.86442	3.05274	2.64497	3.30149	2.85771	3.18944	2.21899	3.27765	3.9712	3.15312	2.98605	2.09639	1.82948	1.91279	2.0095	2.1794	2.53431	3.26927	4.04868	3.57173	0.574949
ihec.chipseq.ihec-chipseq-containerv1.1.4.IHECRE00003690.3.2cafda9b-dfc1-4231-8ed9-6249d923a6a9.fc.signal	0.216222	0.708882	0.949784	1.52267	1.4257	1.13511	1.21415	1.44125	1.66495	1.62021	1.83298	1.31147	1.12325	0.836778	1.06024	0.93879	1.55688	2.01045	2.11967	1.01707	0.522613	0.405467	0.661647	1.13561	0.841341	0.754751	0.816788	1.4609	1.44952	1.19792	1.17218	1.72261	1.53361	1.06762	0.567185
ihec.chipseq.ihec-chipseq-containerv1.1.4.IHECRE00004728.1.12642e26-117b-4636-816e-4fbed6d5c0a2.fc.signal	0.541801	1.32373	1.38133	2.38654	1.08524	1.49466	2.31982	1.58449	1.92463	1.44633	2.5704	2.07835	0.646081	1.95606	2.09803	1.74777	0.854592	1.52856	0.796032	1.01548	1.98726	1.68708	1.03464	1.6275	0.669406	1.63495	1.02002	1.29413	1.03929	1.24093	3.33043	2.59743	1.54008	2.3254	0.788208
ihec.chipseq.ihec-chipseq-containerv1.1.4.IHECRE00000129.3.10d36a04-e044-4c40-9b45-3ef18c963298.fc.signal	2.71144	2.29583	0.747167	2.67867	6.43917	6.90616	5.03199	6.95978	5.73725	4.20663	0.559419	1.15776	3.25422	2.69482	1.65321	2.79898	2.60295	2.00753	1.3635	1.69227	0.685084	2.2219	1.20933	3.39901	0.836364	2.06328	4.05578	3.63898	3.80489	4.42832	5.1903	5.55576	2.78745	1.79837	0.578035
ihec.chipseq.ihec-chipseq-containerv1.1.4.IHECRE00000195.3.78afa2e5-5711-4b0e-8724-55134969481b.fc.signal	0.91275	0.06085	0.40161	0.594758	1.91329	1.4403	1.43902	0.565302	0.420049	0.349527	1.07093	2.79287	3.47436	7.02787	3.56564	1.23737	1.18519	0.561612	0.862071	1.38472	1.91545	0.991342	0.942951	3.591	1.04372	0.364943	1.58855	1.94289	1.55388	1.13025	1.48476	1.64592	1.04714	1.6949	0.634921
ihec.chipseq.ihec-chipseq-containerv1.1.4.IHECRE00001990.1.66fe7e60-cc70-422a-8d7c-594c9a55eec8.fc.signal	1.30545	1.70384	0.262491	1.38739	1.59502	1.04203	1.56857	1.22176	0.999901	0.791603	2.17135	2.46904	2.72785	2.21611	1.9724	1.47046	1.93135	1.34008	2.41931	1.57091	1.1693	2.82408	1.46835	0.91103	1.78278	1.19584	1.97699	1.56804	1.38719	1.08303	1.13625	2.61256	4.67967	2.54669	0.385177
ihec.chipseq.ihec-chipseq-containerv1.1.4.IHECRE00003837.4.d181cff2-e0ec-4d8f-83df-ad2768d9574c.fc.signal	5.76701	4.25807	2.75716	5.13507	2.34548	4.59949	4.72491	4.11553	5.68444	2.85544	2.80372	3.10875	1.28044	1.01607	2.14869	4.69442	6.41935	6.15018	4.74801	4.67539	2.46073	3.26822	2.61564	2.26336	1.54955	1.98617	3.39037	4.34062	2.62879	3.44146	3.02934	4.16161	2.7488	1.37929	0.645445
ihec.chipseq.ihec-chipseq-containerv1.1.4.IHECRE00004610.2.7bdb9455-2f7b-4363-a63c-08451bdd557e.fc.signal	2.00085	2.24226	1.84006	1.92134	2.23448	2.10308	2.68127	2.16624	2.2605	1.53094	1.37477	0.975136	1.69534	1.98459	2.17185	2.49079	3.13506	3.97721	2.9634	2.13741	1.37756	2.00724	1.72725	2.57402	1.3846	1.79056	1.92915	2.19066	1.71817	1.78484	2.52296	2.35763	2.24152	1.80297	0.715697
ihec.chipseq.ihec-chipseq-containerv1.1.4.IHECRE00003400.1.7fc89be2-980d-4ea6-a09b-d10627d38b89.fc.signal	0.976638	1.09272	0	0.0251475	0.697095	0	0	0.0367376	1.72516	0.359616	0.623751	0.407421	0.514914	0.442752	0.752187	0.149194	0	0.744783	0.270085	0.308104	0	0	0	0	0.450057	0.293162	0	0.237203	0.452391	0.337593	0.612726	0.414657	0.518773	0.180438	0.619048
ihec.chipseq.ihec-chipseq-containerv1.1.4.IHECRE00001952.2.58ebbf7c-ff66-46f2-b210-b717cb3c6af7.fc.signal	2.02873	3.27774	4.68245	6.5108	4.27337	2.70711	3.25954	4.04333	4.42379	7.80043	6.05015	4.71117	4.53957	4.05523	3.47987	3.54966	3.57288	5.09251	3.98804	4.53436	2.50859	4.32636	2.88167	4.5315	4.37418	3.47793	2.64708	2.4073	2.67942	2.35516	3.42696	3.86473	4.53501	5.3203	0.497592
ihec.chipseq.ihec-chipseq-containerv1.1.4.IHECRE00001236.5.dd479f7b-7d31-4292-a54c-bd7a49572346.fc.signal	0	0	0.256948	3.22351	3.68999	0.675728	0.028542	0.794752	2.643	4.0642	3.41232	3.94678	2.03861	4.33968	1.53796	0.0477696	0.833806	1.52265	0.339756	0.629856	2.29271	3.00011	0.483459	1.91613	0.881259	1.77717	0.992917	2.37312	2.4537	1.05894	0.396702	4.42517	5.60112	5.03156	0.629315
ihec.chipseq.ihec-chipseq-containerv1.1.4.IHECRE00001009.4.f5f10dc7-df55-4739-a069-9976125518c2.fc.signal	0.712151	1.30452	1.82588	3.44186	5.35815	2.07823	0.823355	1.51839	3.4823	4.79406	2.55962	2.86568	1.61599	2.14249	2.7943	1.75626	1.03242	2.59435	2.88502	3.03618	3.94898	2.87349	3.26467	3.16262	0.785543	0.327699	2.20498	2.80156	2.5189	3.07653	3.73622	4.70395	4.39505	4.27101	0.533784
ihec.chipseq.ihec-chipseq-containerv1.1.4.IHECRE00000343.2.e10bdb64-0a71-475a-a46c-71845129ee7e.fc.signal	0.798907	0.523007	0.889553	2.59803	2.84863	1.94173	1.64755	1.91004	2.66785	1.37494	0.720933	1.66597	2.40093	2.4773	0.509407	1.09952	3.65273	2.82951	2.40421	2.0735	1.90245	1.82304	4.00471	2.653	1.93271	0.496042	1.69623	1.82917	0.908008	1.81462	2.39179	2.88524	4.30122	3.89288	0.445205
ihec.chipseq.ihec-chipseq-containerv1.1.4.IHECRE00003842.2.dde9814b-8b78-4af3-b9ef-87186b3ed1fd.fc.signal	1.92885	0.865135	1.07874	2.30554	2.29572	1.93576	3.65007	2.56309	1.81042	1.56841	1.93751	1.41749	1.25932	0.590858	1.37749	1.88818	2.06636	2.31358	1.91897	2.02814	2.33985	1.58101	0.638493	2.75202	0.910869	1.45228	2.28693	2.62646	1.16815	1.62214	3.88238	4.19536	3.48412	4.32856	0.15
ihec.chipseq.ihec-chipseq-containerv1.1.4.IHECRE00000321.2.34b4c08e-0c15-430a-a6c5-dc1cf4b41a2e.fc.signal	1.91283	1.96477	0.849329	2.82269	5.00573	4.70534	2.81073	4.55581	3.95182	3.72538	5.54182	5.51267	2.60683	3.99749	2.14636	3.20299	1.09986	1.97189	3.90447	3.6262	0.77861	0.691047	0.654465	1.66348	3.69484	1.41715	3.13903	3.33745	2.5851	2.92453	3.75415	1.21874	0	0.0442475	0.317121
ihec.chipseq.ihec-chipseq-containerv1.1.4.IHECRE00000236.3.5cbd82b6-3f49-4678-a37b-78e82b7626ea.fc.signal	0.0138017	0	0.01274	0.219769	0.31851	0.117845	0.124216	1.51404	5.95106	10.387	11.1799	10.1672	11.1628	9.67777	3.86793	0.32488	0.251619	0.60516	0.530843	1.84632	4.39406	6.15347	6.15356	4.18198	3.0388	2.51327	1.82584	0.41033	0	0.370599	3.67088	8.43747	9.43288	5.96248	0.628332
ihec.chipseq.ihec-chipseq-containerv1.1.4.IHECRE00000237.3.2cba5936-f140-44e1-bb8c-03b1b31528e1.fc.signal	0	0	0	0	0	0	0	0.143302	0.468561	0.597057	1.74914	3.00125	3.67566	3.15707	0.987144	0.0841429	0	0	0.0898493	0.559258	1.29303	3.39672	1.80936	0.239061	1.57092	3.07286	0.982747	0	0	0.135336	1.65245	5.66591	5.68779	2.48396	0.452446
ihec.chipseq.ihec-chipseq-containerv1.1.4.IHECRE00001482.1.18665c0d-6177-476e-bfd1-50a3da407753.fc.signal	1.30843	2.71189	1.85902	4.36229	3.04637	2.28728	3.4966	1.80683	1.91009	2.07048	1.77143	1.85108	2.97214	3.10626	2.83426	3.00238	4.0877	3.65887	2.84914	2.16929	1.11543	0.514687	0.844852	1.20465	0.734068	1.19453	0.709141	1.75325	3.3576	2.29428	2.30699	6.28863	5.62668	5.57833	0.344595
ihec.chipseq.ihec-chipseq-containerv1.1.4.IHECRE00000983.7.28efaa97-cdc8-4335-83a3-064d42b1fd10.fc.signal	0	0	0	0.844017	2.62735	2.62379	0.788973	0	2.09643	2.03014	1.59238	0.945526	1.90637	1.00823	0.650492	0.454925	2.40886	3.3354	2.43925	0.862365	4.80986	4.01056	5.79549	1.69961	0	2.27653	0.968397	2.26358	1.62325	3.57247	0.135449	2.90152	5.52547	4.40905	0.614035
ihec.chipseq.ihec-chipseq-containerv1.1.4.IHECRE00000243.3.f32467cb-d7e9-4f5b-9c6b-68e4e838bc49.fc.signal	0.36757	0.0499486	0	0	0	0.206198	0.38422	0.174179	1.08871	1.89945	2.62181	3.08674	1.70989	1.01699	0.39578	0.0704403	0	0	0	0.471331	2.33365	3.63243	3.11112	1.50368	0.487878	0.891459	0.776202	0.0973357	0.180583	0.487954	2.29267	6.32085	5.7163	4.1804	0.725564
ihec.chipseq.ihec-chipseq-containerv1.1.4.IHECRE00001935.1.43a724cd-c3b0-46db-9b56-bc285ebfa0a4.fc.signal	2.55117	2.47804	1.40004	3.42179	2.97513	2.38133	1.29891	1.69769	3.38343	3.81374	4.40412	3.30978	2.41534	2.04372	2.80161	3.94185	2.64937	3.30482	3.76123	2.44822	3.72686	2.4262	2.68913	3.70267	3.72878	2.9695	2.39787	2.5088	1.19208	1.22428	1.97186	3.83275	3.76356	3.15562	0.476861
ihec.chipseq.ihec-chipseq-containerv1.1.4.IHECRE00000240.3.309e9998-5ade-4caa-9bdd-4c0118af9852.fc.signal	0.144422	0	0.00671627	0.43999	0.619676	0.508857	0.21158	0.550796	2.41494	3.39	2.1472	2.41641	2.13533	2.60866	1.18729	0.0721999	0.398011	0.480304	0.0117535	0.666695	2.54241	3.35547	2.09713	0.413649	0.288738	0.0755599	0	0	0	0	0.67636	2.31216	2.94623	2.07189	0.486486
ihec.chipseq.ihec-chipseq-containerv1.1.4.IHECRE00004609.2.6c3f44c6-62c9-4da6-9a58-7978db5e3bda.fc.signal	3.14428	2.90909	2.02871	2.78885	1.60621	3.55719	2.83533	1.67662	1.18997	2.15555	3.04929	2.99332	0.610423	3.12681	2.0378	2.36468	3.2511	2.58483	2.32606	1.0883	0.837709	0.911678	2.32899	1.35106	2.78293	1.87039	2.44689	2.59378	2.10655	2.79994	3.67774	2.29688	3.11105	3.00642	0.662045
ihec.chipseq.ihec-chipseq-containerv1.1.4.IHECRE00004888.1.02118243-425c-40d1-bfb1-ec1fb9f638e9.fc.signal	1.33477	2.75814	1.50248	2.17116	3.27258	3.37816	2.07697	3.09403	4.46812	4.20346	4.55968	3.8743	4.43055	5.58891	3.14545	1.8898	1.21556	2.57664	3.48959	1.65452	3.40843	2.67976	2.65455	2.5154	1.02033	1.58299	1.1253	2.35121	1.83329	1.84404	2.11281	3.15899	2.19207	2.86212	0.551426
ihec.chipseq.ihec-chipseq-containerv1.1.4.IHECRE00001964.2.c9581d4d-c873-4911-9ee7-7d9f4821621a.fc.signal	2.45665	2.42329	2.4056	2.88185	4.07279	2.36673	1.55648	2.16144	2.20466	2.51143	1.64222	1.86862	2.55256	3.09839	1.82776	1.72519	2.35326	1.95526	1.93872	2.32471	2.89104	2.37714	2.56986	2.91277	2.10429	3.37466	3.2272	4.39434	3.61093	4.30066	4.47262	4.196	3.62519	2.79176	0.529064
ihec.chipseq.ihec-chipseq-containerv1.1.4.IHECRE00003813.1.6691e14a-7458-41f2-935d-5eff68a0a0fe.fc.signal	3.12655	3.98397	2.93363	7.62993	7.92055	5.15449	4.01851	3.32084	5.41228	7.56225	5.95574	5.15142	4.68237	4.39564	3.74695	5.93956	6.42199	4.4826	3.54947	4.49419	3.61989	3.43392	4.14669	4.35791	5.11576	4.08634	4.16619	5.05927	6.94222	5.74792	8.04518	7.4646	5.44266	6.16495	0.453052
ihec.chipseq.ihec-chipseq-containerv1.1.4.IHECRE00000121.3.e9ec476a-ba27-4442-9d25-8e1fc0abb738.fc.signal	1.28496	0.889235	0.875499	3.11041	4.62835	2.22016	2.21353	3.58124	5.61606	3.96956	2.46012	5.16595	3.87488	3.0615	1.81079	3.25264	2.65301	3.14709	0.667329	0.800098	1.27545	0.496901	0.672861	0.692308	0.225496	0.431033	2.01076	3.67639	1.50935	1.98077	3.71197	6.06116	5.26663	3.61027	0.458621
ihec.chipseq.ihec-chipseq-containerv1.1.4.IHECRE00001326.1.bfc7ca46-4235-475a-89b8-4d46ea8438fb.fc.signal	0.927023	0.320188	0.42331	2.91403	2.81834	0.887954	1.50606	2.39355	1.68172	3.48201	2.45939	0.801291	2.40913	1.28225	1.78798	1.16433	0.863073	0.465206	2.37034	0.708087	1.70946	1.12243	1.397	2.64684	2.31755	1.05225	0.363166	1.56268	1.24093	1.24563	0.762427	1.27877	1.1616	0.22966	0.236364
ihec.chipseq.ihec-chipseq-containerv1.1.4.IHECRE00000184.3.4719a0c4-8b28-453d-9098-6f0dd0a2bebd.fc.signal	2.42841	2.03382	1.39661	4.33451	6.6044	5.07523	7.4264	3.39583	3.47676	6.1742	7.45857	5.321	3.14818	5.56479	5.37417	4.50264	2.69904	3.02358	3.59693	2.44352	4.27734	4.53234	2.60258	3.53564	3.72562	3.46743	2.95295	4.7526	3.90059	3.75727	4.71175	6.69096	6.34809	6.84779	0.598878
ihec.chipseq.ihec-chipseq-containerv1.1.4.IHECRE00001900.1.dbb73ee4-8810-4120-8cbd-bc932140ca51.fc.signal	2.68017	4.06718	4.81963	5.58047	6.80246	6.26949	4.67557	3.61332	5.11982	6.4844	6.00391	4.35205	4.25027	3.85522	2.81802	4.37716	4.61603	4.3956	5.14063	5.51426	4.72518	4.62053	4.76148	4.72634	3.52416	2.33914	3.26668	3.69392	4.40516	4.21668	4.97521	6.70756	7.1687	6.63725	0.60307
ihec.chipseq.ihec-chipseq-containerv1.1.4.IHECRE00001852.4.7de26b70-374a-4d7c-b754-070af0779bd1.fc.signal	0.720924	1.36587	0.91766	2.3578	2.21075	0.949916	1.30617	1.111	1.26316	1.66586	1.51064	1.08426	0.603867	0.820619	1.80508	1.45417	0.847479	2.21235	1.42913	1.84445	0.885611	0.306042	1.32507	1.84817	2.14114	0.519685	0.866094	1.25875	2.33576	1.03986	1.26309	1.66102	0.736909	0.519509	0.579235
ihec.chipseq.ihec-chipseq-containerv1.1.4.IHECRE00004884.1.e1f8eaf0-5c3e-4eb2-b864-0330dfef44b8.fc.signal	0.165135	1.06422	0.324085	0.72741	1.85587	0.267152	0.363706	0.964828	2.81403	1.88757	2.6864	2.94687	2.53	2.01753	1.92948	0.0884007	0.291571	1.58376	2.31628	1.94297	1.29305	2.27821	2.22555	2.83203	1.06422	3.42044	1.03176	0.774841	0.548906	0.159517	0.695523	1.94272	1.15337	0.962356	0.535551
ihec.chipseq.ihec-chipseq-containerv1.1.4.IHECRE00002086.1.102990be-2f15-4965-9094-d6b665cc5fb0.fc.signal	0.85889	0.775109	1.05502	0.634018	1.17921	1.61348	1.94209	2.20388	2.35749	1.81109	1.17597	1.02951	0.799699	0.913239	1.52482	0.911681	0.680316	1.67986	1.3946	1.63398	2.36337	2.1913	1.30461	1.18789	0.861651	1.16556	2.00004	1.36015	1.00012	1.15354	1.40563	1.46887	2.61235	2.32543	0.284663
ihec.chipseq.ihec-chipseq-containerv1.1.4.IHECRE00001335.1.c1c96665-13fc-49fb-b0cf-b02c0ce3eb01.fc.signal	0.966544	0.423329	1.19	3.94145	4.9912	2.65095	2.35292	2.68908	2.16471	2.36309	4.09805	6.75755	8.72375	8.5322	6.06981	2.43095	3.5612	2.95062	4.63773	5.47402	6.91667	4.52132	4.49467	5.05274	3.50604	3.22133	4.49235	5.80184	5.1087	4.65009	3.01682	3.87058	7.44599	7.69128	0.410169
ihec.chipseq.ihec-chipseq-containerv1.1.4.IHECRE00000228.3.eab68876-e57f-4e6d-b66b-00c271b4eee3.fc.signal	0	0	0	0	0	0	0.0282226	0.527367	1.71284	4.19217	7.29547	7.9892	9.40938	7.41431	0.785835	0.0118832	0	0	0.00401913	0.794866	1.91982	2.83019	1.16232	0.618647	1.25822	1.57741	0.726246	0.179733	0	0.0772437	2.74824	8.72603	8.35376	4.08048	0.682875
ihec.chipseq.ihec-chipseq-containerv1.1.4.IHECRE00000775.1.1ad53715-8cce-4edc-8f16-9e6eba200f6e.fc.signal	1.34597	2.23596	2.09263	2.17702	2.62655	1.98372	1.18281	1.3111	2.12728	1.9627	1.87949	2.38503	3.01029	2.26584	2.06891	1.81856	1.29323	2.58345	3.20653	1.60424	2.13859	2.84996	2.73964	3.51472	2.77833	3.01753	2.24901	1.79693	3.66154	3.59884	3.31728	3.56525	3.01692	3.86763	0.433376
ihec.chipseq.ihec-chipseq-containerv1.1.4.IHECRE00000953.7.ee348280-6b7c-485f-98b3-1dc4a3d7cb47.fc.signal	0	0	0	1.48883	0.397968	0	0	0.135998	1.23009	1.52751	2.69035	0.567032	1.9674	5.12265	1.64217	0.793836	0	0.196188	2.00574	0.877039	2.77147	0.246152	0.600482	2.07384	0.262175	0	0	0	0	0	0.0411071	2.8051	2.82895	3.57352	0.488889
ihec.chipseq.ihec-chipseq-containerv1.1.4.IHECRE00003716.2.3596bec7-569c-4ea1-9600-217bd128de1a.fc.signal	1.79159	1.36008	2.04825	5.97111	5.49842	2.22461	0.586572	2.03046	5.56471	4.99692	4.61968	4.97961	4.68049	5.6151	2.98169	1.94591	2.24335	2.6906	4.2274	4.27051	4.85134	4.26271	4.27566	4.85727	1.88819	0.674332	2.22457	4.08163	3.57402	3.08656	4.22084	3.75843	5.12933	5.99546	0.483878
ihec.chipseq.ihec-chipseq-containerv1.1.4.IHECRE00001875.2.3cf78ad3-7b65-4d3f-ad1a-54ef36e9f84b.fc.signal	0	0	0.0497477	3.802	2.16838	4.27706	1.69289	2.58444	7.16126	2.87312	2.76199	1.92899	1.59381	2.4925	3.28971	3.1222	5.88132	10.5927	3.48151	1.24406	1.91453	1.26148	0.817753	3.92829	0.712152	0.395641	7.52753	9.04005	4.36971	6.90198	9.22379	7.28514	1.9691	3.61993	0.655665
ihec.chipseq.ihec-chipseq-containerv1.1.4.IHECRE00000784.3.5a735e4e-02fc-4cf3-8586-bebcb93dde40.fc.signal	2.38516	3.54099	3.96072	4.70984	2.81561	1.70877	2.47956	2.20546	3.04186	4.24964	3.97071	5.9485	2.71003	4.91662	3.53954	2.14643	2.52545	1.92662	2.07728	2.55817	4.12613	3.9445	3.64661	4.13397	1.22647	3.39283	2.25921	1.87691	2.92487	4.01687	3.48166	4.07017	5.65801	4.54225	0.483705
ihec.chipseq.ihec-chipseq-containerv1.1.4.IHECRE00003812.1.473c7819-46e8-400e-9bbd-6a85f00dc5a7.fc.signal	1.28726	2.56642	2.65338	3.91176	4.55962	3.88519	1.52578	3.55224	4.74389	6.22525	5.45165	3.69019	4.58061	4.37336	1.77524	2.24617	2.85241	4.39291	3.99995	4.38803	4.22477	4.58197	4.5089	3.65651	1.90468	3.26188	1.48227	1.95619	1.64386	1.43787	2.96883	6.78266	7.32262	6.02813	0.617886
ihec.chipseq.ihec-chipseq-containerv1.1.4.IHECRE00003822.3.eda10e48-105b-4e9a-8f60-553c1509df8f.fc.signal	2.70628	4.30224	3.52266	2.8938	2.49246	3.45273	3.82571	3.72217	3.25713	3.06201	2.34097	2.13626	1.92225	2.23166	3.55866	2.83233	3.08563	3.4039	2.79422	3.34926	3.22885	3.06326	2.33953	2.66601	2.31426	1.88386	2.50698	2.33186	2.5103	3.66457	4.76483	3.23748	2.72019	3.18593	0.538462
ihec.chipseq.ihec-chipseq-containerv1.1.4.IHECRE00001002.4.6ef6e344-86f3-4f04-92f8-daa352b5ef4d.fc.signal	0	0	0.0235633	1.15009	0.876694	0	0	0.919114	2.30485	3.41251	2.56883	2.51699	3.10614	3.13914	1.58605	1.28675	0.388861	0.671633	2.41329	0.869621	2.55704	4.48016	2.25537	2.20118	0.471315	0.440699	0.311091	1.15006	1.37629	0.666944	0.504302	3.75191	7.2116	6.8828	0.623865
ihec.chipseq.ihec-chipseq-containerv1.1.4.IHECRE00000942.6.d1423850-21d9-4937-a8c0-bd929b9ce5af.fc.signal	0	0	0	1.21998	1.37252	2.21195	0.1109	0.141706	2.19515	1.90626	0.74874	0.613313	1.53169	4.01679	2.87423	0.114856	0	0	0.363546	0.88306	1.64054	3.19749	1.23996	3.02766	0.552833	0	0	0	0.38786	0.232791	0.214746	3.67072	2.45855	5.75212	0.583851
ihec.chipseq.ihec-chipseq-containerv1.1.4.IHECRE00001888.4.29b3864c-f328-4f09-81c3-fb99bd048848.fc.signal	0.380811	0.849509	0.00976447	3.78843	0.888521	1.17174	3.65174	6.48742	4.62818	6.69807	1.23025	2.01134	3.38952	8.67777	9.82109	2.81318	3.98154	8.86505	5.78683	4.45621	3.91004	3.88197	2.9295	5.52682	0.868196	0.367922	1.53618	2.30972	7.39292	4.4768	4.34531	2.91855	3.52811	5.70477	0.463763
ihec.chipseq.ihec-chipseq-containerv1.1.4.IHECRE00004608.1.932e0a0c-709e-4631-95af-583a27cb7950.fc.signal	1.47131	1.00357	0.805116	1.53744	2.03717	2.08618	2.12283	1.99244	2.402	1.55508	1.56986	1.39603	1.50863	1.35308	1.65323	2.77583	2.4663	2.04037	1.43688	1.71973	2.39044	1.91515	1.22327	4.45809	1.64922	1.6744	1.78188	3.24872	2.91347	2.61915	3.80621	2.50869	2.04045	2.89839	0.780158
ihec.chipseq.ihec-chipseq-containerv1.1.4.IHECRE00003683.3.73c26a8d-02d6-4ea5-b361-6e62367bb307.fc.signal	2.58797	3.33405	3.49282	2.53029	2.178	2.86329	3.71583	3.24779	3.11854	2.92255	2.47368	1.65334	1.17313	1.40104	2.20193	4.23582	5.01349	5.33284	4.71983	3.39738	2.71369	2.03961	2.42743	2.73259	2.70192	2.42958	3.24348	2.65989	1.91725	1.21571	1.84376	2.17685	1.99144	1.3759	0.621697
ihec.chipseq.ihec-chipseq-containerv1.1.4.IHECRE00001235.5.aea2aa2c-6af2-475c-9bb0-3fdc6d0339b3.fc.signal	0	0	0.301794	3.05764	3.76941	1.04141	0.278533	0.993441	1.36484	5.28609	2.09343	4.6731	1.4078	4.3534	3.0495	0.665338	0.354337	0.762886	1.65881	0.256887	1.68771	3.88213	1.46562	4.1829	0.91465	1.38491	0.744305	1.44374	1.2704	0.914521	1.57835	6.87495	6.58071	5.74695	0.635625
ihec.chipseq.ihec-chipseq-containerv1.1.4.IHECRE00004614.1.eddf4881-cfdf-4d09-8ca1-4766009011f8.fc.signal	0.774258	1.01269	1.4112	1.7791	2.07483	1.47896	0.997673	0.692916	0.615357	0.564289	0.61125	0.563339	0.259922	0.622669	0.944495	1.00533	1.02123	2.23301	1.00999	0.329057	0.526492	0.590037	0.64796	0.980059	0.800031	1.17808	0.66444	1.03136	0.6415	0.684301	1.12909	1.13404	0.738299	0.99656	0.600733
ihec.chipseq.ihec-chipseq-containerv1.1.4.IHECRE00001013.4.bfd631c1-ff33-408e-83f7-24c85f85303b.fc.signal	0.541443	0.913806	1.13979	1.64859	3.4095	3.34696	1.68697	2.83746	1.9596	1.81557	2.15099	2.99817	2.38481	4.56351	3.95609	3.06416	2.33507	1.61091	2.0407	2.00156	3.31789	3.12202	1.40122	2.083	0.549362	1.05181	0.954349	2.29717	1.41528	1.14494	1.72087	4.79934	5.67841	4.1667	0.657407
ihec.chipseq.ihec-chipseq-containerv1.1.4.IHECRE00003843.4.c2fb6923-d2e9-4aa0-b49a-8c647a477130.fc.signal	2.23017	2.46748	1.36291	3.0655	3.9748	2.4818	2.02682	2.13797	3.17878	1.99527	0.986268	1.11473	1.48747	1.10891	0.755198	1.83705	3.07211	2.53437	2.33427	2.33189	1.30756	0.909042	0.540674	1.17427	1.43482	2.62172	2.35287	1.86724	1.82178	2.27235	1.30036	1.95614	2.15154	1.06992	1
ihec.chipseq.ihec-chipseq-containerv1.1.4.IHECRE00001854.4.36abf718-9256-42a8-9dd6-975bef0637c8.fc.signal	2.75718	2.56461	0.570499	2.90243	3.09048	2.44981	2.86506	4.07864	3.29441	3.11821	3.65606	2.54717	2.80779	3.56576	4.14306	3.2103	2.55443	2.80576	2.08321	2.91323	3.6853	2.76571	1.67966	3.76358	3.20343	1.98559	3.01751	3.76895	2.64525	2.37188	3.15303	3.79323	4.15968	2.49324	0.522886
ihec.chipseq.ihec-chipseq-containerv1.1.4.IHECRE00001961.2.3b762a00-3a45-430b-9a03-047a2f48270c.fc.signal	1.81567	1.14769	0.0206588	1.75459	2.62467	2.32943	1.1286	3.01382	3.70596	6.10122	4.1652	1.62385	6.18289	4.10586	2.31653	2.23596	2.60015	2.3243	1.90331	1.9524	2.53344	4.98721	2.85638	1.69565	2.34445	3.58197	1.90934	1.83418	0.925426	0.403181	0.745644	2.25052	3.27932	3.38105	0.523117
ihec.chipseq.ihec-chipseq-containerv1.1.4.IHECRE00001878.2.0c107f79-35ef-4ad5-a762-22192d0ee4c1.fc.signal	0.43837	0.686899	0.619671	1.79818	4.14758	3.83707	2.92763	1.85547	3.75118	2.17543	2.69927	3.29275	3.93524	5.09972	4.17295	4.82773	4.49254	3.76711	3.09381	1.24457	1.99898	2.76149	2.83991	3.72456	2.99011	1.78	2.87902	4.16986	3.76961	3.25538	2.86463	4.14417	6.12474	3.8626	0.590517
ihec.chipseq.ihec-chipseq-containerv1.1.4.IHECRE00003833.4.0eee2def-7060-4652-bac9-21261028455b.fc.signal	2.18758	2.12612	2.0172	2.46616	2.56561	1.80106	1.19294	2.18143	2.09179	1.05412	0.934719	0.803279	1.20971	0.959955	0.65278	0.7396	1.5759	1.23402	1.1912	2.93971	2.53711	3.02593	1.60878	1.73209	1.38539	2.46843	1.84614	1.86497	0.647873	0.634122	1.33655	3.163	2.46995	0.979104	0.782274
ihec.chipseq.ihec-chipseq-containerv1.1.4.IHECRE00000055.3.510139c3-77ab-4865-bfdf-41696f4f603b.fc.signal	3.45853	0.674478	1.31345	3.78305	2.34796	3.82361	7.60161	4.44238	2.72319	7.19593	6.01201	6.0266	5.16649	2.1755	4.55472	3.56086	3.08223	2.63903	2.9343	1.67897	2.08276	3.86974	4.96914	2.7871	1.21236	2.81833	2.76345	2.06389	1.86451	3.09329	5.23749	8.60345	6.21211	7.18511	0.456067
ihec.chipseq.ihec-chipseq-containerv1.1.4.IHECRE00001019.4.29b9a930-c799-4888-ba4b-b384862d86c5.fc.signal	0.407548	0.57528	1.24096	1.1126	2.00016	0.992226	0.767967	2.18378	2.21388	2.64673	4.43255	2.30475	1.51375	2.4988	2.23476	2.17405	1.2423	1.75226	2.42892	1.76038	1.89642	2.6793	0.885483	1.84268	0.926957	1.36943	1.04436	2.14647	1.81272	1.09774	1.72088	2.92913	2.63764	1.9615	0.756098
ihec.chipseq.ihec-chipseq-containerv1.1.4.IHECRE00001471.1.abac4394-44be-4aa3-a449-c67db75481d3.fc.signal	1.72302	1.28937	1.3873	2.16127	3.21902	2.56598	2.0226	2.64167	3.81831	4.77585	3.07741	3.3545	3.69411	3.80018	2.41355	2.21262	1.24779	3.23953	2.667	1.84898	1.51131	1.54868	2.38075	2.85002	0.478346	1.71901	0.837735	1.09011	2.0505	3.02752	2.27421	3.46495	3.28716	4.93125	0.512397
ihec.chipseq.ihec-chipseq-containerv1.1.4.IHECRE00001851.4.1fdea0c8-02c6-49d5-977f-4ec727658eb3.fc.signal	0.693118	1.47973	0.934694	1.19953	0.630395	0.478038	1.07985	2.23455	2.54799	0.893345	1.10732	0.8987	0.808404	2.76614	1.04202	0.838179	0.578135	0.89348	0.918419	1.04641	0.894705	0.734465	0.855994	1.95494	0.91648	1.39926	1.97745	1.92354	1.95583	1.6243	0.949853	2.4436	1.93983	1.55804	0.625364
ihec.chipseq.ihec-chipseq-containerv1.1.4.IHECRE00003679.3.f2c7bc19-404e-47af-b24f-cd6109044afb.fc.signal	1.39028	1.48346	0.817565	1.21678	1.40377	1.20699	1.91442	2.0896	1.31159	1.2668	1.55763	1.13121	1.45771	1.67059	2.32059	2.88585	2.24513	1.59835	1.45897	1.37342	1.16634	1.80531	1.82842	1.96349	1.36121	1.60071	1.25417	0.994763	1.35647	1.53326	1.81625	1.40229	1.52802	1.50077	0.642722
ihec.chipseq.ihec-chipseq-containerv1.1.4.IHECRE00003845.2.7673cefe-afff-41e8-b1a7-d52d55271696.fc.signal	3.07176	2.57526	2.27568	2.59442	2.39087	4.30156	5.04858	3.42602	2.66547	2.45882	2.87811	1.41748	1.35831	2.08316	2.59195	2.95893	2.81553	3.58482	2.91108	3.63493	3.47328	3.11839	2.669	2.89663	2.54636	3.2231	3.97471	1.74071	2.54205	2.92961	3.34134	2.71542	2.55538	2.10799	0.406504
ihec.chipseq.ihec-chipseq-containerv1.1.4.IHECRE00000013.3.eeae79e0-ee5e-42e1-9f29-f42824b74440.fc.signal	5.30237	2.42112	1.63085	5.71936	7.99504	3.51723	3.59325	2.25028	8.64838	11.0336	7.23638	8.05125	7.68113	6.80222	11.1973	7.82041	5.8413	4.39871	5.62094	3.44941	1.97411	4.13397	3.11209	1.64106	1.0985	1.56339	1.07464	4.35415	3.49006	1.61326	2.13448	3.92658	6.90507	3.84197	0.487663
ihec.chipseq.ihec-chipseq-containerv1.1.4.IHECRE00000233.3.d999326f-0bb9-43a3-80f2-21bc2de5bd70.fc.signal	0	0	0	0	0	0	0	0.288519	0.664973	1.72567	4.52993	7.31355	6.80795	3.94461	1.59378	0.397059	0.41217	0.28165	0	0.285138	3.55883	4.86272	1.49229	0.201568	0.821977	2.04811	1.09793	0.122715	0	0	1.02079	6.224	6.91558	3.86141	0.583333
ihec.chipseq.ihec-chipseq-containerv1.1.4.IHECRE00001039.6.92d75341-e28f-4aef-b49f-71fb4ab25e3c.fc.signal	0.771056	2.85544	1.946	2.50338	4.39494	4.72086	2.51704	1.68354	3.55911	4.40239	2.23279	1.64354	3.79306	6.86616	4.3996	2.24863	2.24378	3.22165	5.54564	5.14849	3.14143	3.28211	2.39595	5.19595	2.88501	1.07424	3.37284	11.1842	10.4093	6.73392	4.96428	5.38559	5.09758	8.18436	0.317269
ihec.chipseq.ihec-chipseq-containerv1.1.4.IHECRE00000315.2.fd6af78d-f0a5-47ad-b698-d7548dd4cbd0.fc.signal	0.0686752	0.121328	1.54261	0.918631	1.79104	1.76793	0.277323	4.44097	2.7644	0.511875	1.17862	0.86663	1.04574	2.75397	1.99578	2.97074	1.15079	0.889816	1.72598	1.75595	2.32258	0.930184	0.0982181	0.859069	0.226066	0.450648	0.791522	0	1.04574	2.17814	2.39191	1.23062	2.20076	1.87891	0.321608
ihec.chipseq.ihec-chipseq-containerv1.1.4.IHECRE00003677.3.5aafa779-b4bd-44a8-aed7-d566d5881bee.fc.signal	0.778594	1.53162	2.16661	1.61008	1.11001	1.46803	1.10297	0.881685	0.85473	1.80393	2.16879	2.02688	0.847564	1.1519	2.00825	2.11133	2.24176	3.00928	3.27844	2.17638	2.35548	3.13983	2.8236	4.23605	1.82088	2.15332	1.67589	1.4953	1.42828	1.17642	2.18452	3.47431	2.68203	2.53496	0.577244
ihec.chipseq.ihec-chipseq-containerv1.1.4.IHECRE00001973.1.f006c884-d6f7-470d-8586-314761e38a9f.fc.signal	2.18262	1.97425	1.17318	1.87341	1.24055	0.529051	0.911018	0.913641	0.996519	1.76769	1.86783	1.70223	1.92654	1.52373	1.15383	1.50324	1.29339	1.96084	1.50489	0.869742	1.6385	3.2162	1.92893	0.794686	0.237686	1.39654	3.34439	2.78713	0.982508	1.89644	1.58101	1.69767	2.6561	3.06623	0.212871
ihec.chipseq.ihec-chipseq-containerv1.1.4.IHECRE00001914.1.7b3fd507-2fc8-4ffe-b558-9fa2ebdf70a9.fc.signal	0.100414	0.754988	0.226532	0.661871	0.448875	0.455273	0.905025	0.938468	0.686583	0.41218	1.35008	1.45422	0.874205	1.7305	2.14453	1.90124	1.83303	1.77032	1.22999	1.55339	1.15321	1.95472	1.75715	0.70833	0.684215	0.551925	0.454205	0.512216	0.634506	1.46534	1.36307	2.2966	1.71137	0.42972	0.330189
ihec.chipseq.ihec-chipseq-containerv1.1.4.IHECRE00001014.4.ab6bc5c7-ecc1-4ea6-b3f6-c6d3cd30e958.fc.signal	1.33018	1.88503	0.929207	1.44263	3.14123	2.51239	1.52104	1.16887	3.98869	2.6696	1.21125	1.22114	2.01885	5.57218	4.43289	2.49019	2.19578	3.61764	1.94126	2.15399	2.51971	2.23843	1.14896	2.212	1.11714	0.788621	0.633275	1.60394	1.72674	1.34947	2.03445	4.58677	2.69049	3.97153	0.836364
ihec.chipseq.ihec-chipseq-containerv1.1.4.IHECRE00000177.3.fad9bc04-0bdc-4657-b500-fd85f0e8342e.fc.signal	1.4319	2.67021	0.243509	4.279	3.99423	4.26144	4.95653	3.20768	6.21213	6.00614	4.45114	0.665696	2.39848	3.26613	1.67745	1.5394	1.37955	3.52996	1.0124	2.82783	0.201001	3.01739	1.61292	4.76987	1.96399	0.816396	1.69197	2.4581	2.52002	2.54982	2.21627	7.04618	5.53802	4.94961	0.593985
ihec.chipseq.ihec-chipseq-containerv1.1.4.IHECRE00004602.2.6c8f75ec-1feb-4407-8677-6500a59fcb3e.fc.signal	2.80917	2.41742	3.2781	3.55895	2.2907	3.34794	3.41591	5.00965	4.91304	3.99937	4.34521	3.36905	2.15987	2.19441	4.10037	4.86356	4.31745	4.70447	2.79429	2.09143	2.77225	3.26597	2.73896	3.58232	1.44507	2.13423	2.92897	3.62581	2.14786	3.6714	4.65992	4.70764	2.9536	3.53163	0.299578
ihec.chipseq.ihec-chipseq-containerv1.1.4.IHECRE00001903.1.03a5399b-8198-4c5d-9733-643e52230ded.fc.signal	2.01	2.61355	2.00133	4.06292	6.00877	2.89528	1.04329	1.84184	2.74905	1.63903	4.65222	4.88873	3.58281	2.64669	2.44142	2.24977	2.88563	1.8066	2.32474	3.25981	3.71891	2.62855	2.86723	2.50931	2.47555	1.97481	2.64007	2.90443	4.33414	3.30813	4.60147	3.56132	2.97868	4.57297	0.57554
ihec.chipseq.ihec-chipseq-containerv1.1.4.IHECRE00000969.7.cad1b677-714d-4048-b83a-e43043dafcdb.fc.signal	0	0	0.0270347	1.9006	1.70645	0.659984	0.152276	1.57073	2.48793	1.90917	2.19196	2.30789	2.11716	2.8808	1.57556	0.243461	0.13242	0.343289	0.492761	1.13766	2.75629	4.36286	2.59486	3.3109	1.35511	1.02657	0.807868	1.32646	0.669573	0.313459	1.34545	2.46445	3.22595	4.92934	0.425197
ihec.chipseq.ihec-chipseq-containerv1.1.4.IHECRE00001936.1.5334d23f-e014-40d2-bc7a-ac83a243daae.fc.signal	1.36731	1.37364	1.32682	2.05864	3.11474	2.4956	2.70634	1.68883	2.83727	3.50652	5.33449	5.57981	5.77323	5.11636	1.23045	1.40891	1.07404	1.74345	1.64059	1.33938	1.5486	2.80337	2.15088	2.94505	2.28802	1.88035	1.89649	2.18026	3.10697	1.63142	2.72619	4.84085	5.9196	3.21121	0.507692
ihec.chipseq.ihec-chipseq-containerv1.1.4.IHECRE00001904.1.214d1f33-bcb6-4ac8-b4dd-0158df3742ae.fc.signal	0.859672	1.69554	2.07896	2.44579	4.33015	3.39079	2.43919	1.54736	3.09359	6.0851	4.97906	5.28698	3.68589	1.60297	0.992579	1.64638	2.64906	2.25098	2.66153	3.51036	3.2832	5.04812	4.75394	2.24218	2.17668	4.03097	1.98956	1.16489	2.19816	3.40159	3.10803	5.39437	6.51431	4.10897	0.52518
ihec.chipseq.ihec-chipseq-containerv1.1.4.IHECRE00003396.1.caf1b051-51fa-44fc-a0cc-329416432529.fc.signal	0.443621	0.76556	0	0.137901	1.56545	0	1.21654	1.88993	1.40527	1.51342	0	0.683286	1.30917	0.80082	1.29416	0.608107	0.687106	1.00586	0.993897	0.636586	0.806754	0.863962	1.15162	1.79007	0.2252	0.381527	0	0.363815	0.971028	1.02911	0.489245	0.539283	1.75262	2.90041	0.580705
ihec.chipseq.ihec-chipseq-containerv1.1.4.IHECRE00003824.4.d400eb88-91a8-4354-8aa0-a7fcbf52ae8a.fc.signal	4.38591	4.76364	7.38487	6.34299	4.65445	3.72874	3.26728	3.93465	3.03416	3.4948	5.76055	3.69887	3.51407	4.36639	5.79147	5.29115	5.36762	4.74327	4.0079	2.06065	2.18005	3.04909	3.30023	4.29483	3.22723	4.55366	4.58317	4.81006	4.70821	5.49336	4.23955	2.93181	2.73944	3.63743	0.488732
ihec.chipseq.ihec-chipseq-containerv1.1.4.IHECRE00002067.1.2da68f5f-3fe3-4c64-8403-feb46554ae0b.fc.signal	0.725825	0.703206	0.48089	0.966007	2.14919	2.64595	2.58844	3.17285	2.88827	3.30465	3.236	5.02368	4.60895	3.86313	1.48065	1.56412	1.15036	2.29657	1.69439	2.5125	3.25606	3.1358	2.17621	1.74481	1.92485	2.38023	1.60821	1.87864	2.20349	2.30557	1.33158	0.825327	1.76738	2.15215	0.254138
ihec.chipseq.ihec-chipseq-containerv1.1.4.IHECRE00003684.3.bc7bca89-1cba-4915-bcc7-e8d2a2d115f4.fc.signal	2.15737	3.16501	4.04708	3.59425	2.27773	3.48114	6.47103	4.62525	5.05742	3.21617	5.0334	3.09905	1.4506	2.22141	4.79385	3.27827	2.19344	4.87432	4.57862	4.15783	3.32819	2.69646	2.48722	1.79297	0.952874	2.42548	1.43218	2.85299	3.48655	3.69548	4.53166	3.37385	2.79467	2.53098	0.551463
ihec.chipseq.ihec-chipseq-containerv1.1.4.IHECRE00003696.3.ffcc32fa-05fb-403b-ada6-3d600e152e76.fc.signal	2.46631	2.62114	2.04271	3.0146	3.15714	2.94415	2.19145	2.76469	2.98999	2.22969	3.52879	2.09005	1.60003	3.08602	2.3899	2.28308	2.56696	4.79748	4.08106	2.29985	1.99011	2.06959	1.92215	4.58144	1.74073	3.0727	2.59394	4.45989	3.27575	2.2359	2.90065	1.55705	2.49453	3.45042	0.555474
ihec.chipseq.ihec-chipseq-containerv1.1.4.IHECRE00001008.4.6b4448d0-5f4c-4811-8e37-23e51bce62f5.fc.signal	0.70846	0.971971	1.52637	2.66195	5.21561	2.2544	1.64058	1.51982	1.93749	2.98696	1.82912	1.25277	1.78659	1.56825	1.66117	1.335	0.599706	0.890026	2.00291	1.5035	1.5606	1.8037	0.688919	1.39589	1.06288	1.16091	0.483822	1.03873	1.61704	1.15959	1.15507	3.86651	4.53226	2.98531	0.652174
ihec.chipseq.ihec-chipseq-containerv1.1.4.IHECRE00000099.3.caea98b3-0220-46f7-b579-baa97f11da22.fc.signal	2.69499	1.44457	0.817578	1.24408	5.37027	3.4437	4.17334	13.3372	11.6832	5.33875	6.74444	9.51395	8.20921	10.3704	7.08432	9.71176	7.93384	3.99037	4.83541	6.11769	1.65591	6.25393	5.52808	13.9748	5.90185	4.24522	3.2234	7.8377	5.33388	7.63307	11.7927	10.1595	11.6542	12.5828	0.562526
ihec.chipseq.ihec-chipseq-containerv1.1.4.IHECRE00003682.3.aaa0b154-2777-4a76-a919-829c05cb2aa5.fc.signal	1.01876	2.15564	1.76069	0.597505	0.593787	1.55228	1.26964	1.00148	0.82905	0.857626	1.19477	1.0192	1.30791	1.31675	1.04183	0.785563	1.18854	2.88131	2.47088	1.57096	2.45979	2.49523	2.09508	1.87924	0.92008	1.64254	2.40018	2.76025	2.10247	3.3036	3.78471	2.89613	1.20548	1.07918	0.562178
ihec.chipseq.ihec-chipseq-containerv1.1.4.IHECRE00001546.1.07cc470f-4616-4484-aadf-0c38eea20b82.fc.signal	5.82254	4.45135	4.0676	6.51837	6.38023	3.99659	5.96246	12.6223	16.3466	8.00855	12.1157	7.3075	3.25138	8.29745	11.2228	7.97062	4.17055	14.3926	13.1427	8.08334	9.70595	8.70159	9.39193	10.1269	7.69952	6.82511	5.65062	7.15654	9.39543	5.10114	9.05294	17.7853	14.3108	11.7165	0.417752
ihec.chipseq.ihec-chipseq-containerv1.1.4.IHECRE00003810.1.e1477c7f-dd1a-410b-b9aa-d42121abe54b.fc.signal	1.46684	2.45882	2.75265	4.33171	4.13489	3.09505	2.72884	3.3274	3.86574	4.79148	4.21886	4.51703	3.84028	3.90616	3.68627	2.37573	2.10492	2.47229	2.49783	2.39926	2.45607	4.01679	3.59082	2.83492	3.75987	2.90543	1.01941	1.3515	2.68629	2.26363	3.08496	7.26851	7.56101	5.27917	0.482821
ihec.chipseq.ihec-chipseq-containerv1.1.4.IHECRE00001234.5.7911b36d-fd72-410e-af85-0dad0ab68796.fc.signal	0	0.204027	0.202341	1.17035	0.975202	0.819416	0.571614	1.25102	2.52903	2.37486	1.91563	1.71131	1.58139	1.76512	1.35742	0.797559	0.202344	0.637375	2.10922	1.03192	1.7661	3.76137	1.04408	1.36211	0.321767	1.84113	0.160188	1.47355	0.819479	0.409741	0.525127	2.12217	1.9187	3.37838	0.56338
ihec.chipseq.ihec-chipseq-containerv1.1.4.IHECRE00004604.3.ac9c59ba-752b-4ad7-b659-fe5b8abc0ae0.fc.signal	1.19296	2.15546	3.64318	4.74704	3.74981	4.05273	3.41252	2.47595	5.53248	2.90661	1.6491	2.15463	0.900378	1.7582	2.26524	4.01022	4.46459	4.70786	3.67712	1.90153	2.34048	2.73734	2.80532	2.04436	0.956334	1.58292	1.1459	3.12619	1.63427	1.87794	3.56186	1.78023	4.08002	4.42945	0.618218
ihec.chipseq.ihec-chipseq-containerv1.1.4.IHECRE00002063.1.5cbd3cd5-dc33-49dc-ae71-41bb3114f33a.fc.signal	1.3477	0.699354	0.13211	1.48558	2.21919	1.67875	1.83561	1.34118	2.88069	1.86705	1.34589	2.29374	3.58864	2.01836	1.50661	2.61319	2.83843	3.53198	3.51113	2.0383	2.49497	2.38185	3.20812	3.43714	1.55195	1.92577	2.32371	2.65015	2.41058	2.06297	1.51154	2.52102	3.07774	2.4388	0.313869
ihec.chipseq.ihec-chipseq-containerv1.1.4.IHECRE00000221.3.05a353b1-f31c-4062-a970-e6b8e8cfe9a3.fc.signal	0	0	0	1.62649	4.25018	1.3611	1.49	3.93924	4.84545	6.22932	6.95347	6.51367	5.47105	1.76298	0.106157	0	0	0.261604	1.37247	2.56296	2.57433	3.75728	3.47673	0.451169	1.36489	5.399	3.8824	0.993334	2.44164	1.77057	5.64163	14.142	12.5609	8.54438	0.745568
ihec.chipseq.ihec-chipseq-containerv1.1.4.IHECRE00000230.3.248f1915-9924-44db-a3f5-cd90c9f34342.fc.signal	0	0	0	0.980837	1.68089	0.258322	0.0505422	0.986482	4.31246	5.08016	3.06664	3.91153	4.96006	4.33929	2.94859	0.145343	0	0	0	0.660879	4.10377	5.50102	3.20659	3.09452	1.82293	2.23993	1.72667	0.249964	0	0	1.21607	2.59517	2.70863	2.87775	0.670759
ihec.chipseq.ihec-chipseq-containerv1.1.4.IHECRE00003809.1.4a2441ca-55cf-47d7-babd-5b4be2878b1b.fc.signal	1.83782	3.10229	4.47298	5.36071	6.07164	5.40938	3.35346	3.28748	4.10438	5.22225	3.66269	3.72821	4.6584	3.38222	3.15899	3.40432	3.677	4.31813	5.05722	4.33114	3.92005	4.33072	4.44638	5.17679	4.08793	4.20771	3.01335	4.69843	4.47479	5.23524	5.83906	7.43476	7.98013	6.53093	0.443144
ihec.chipseq.ihec-chipseq-containerv1.1.4.IHECRE00000943.7.8ac062ee-be78-42a9-ad2f-ffd51a54aa32.fc.signal	0	0.386787	0.166318	0.134431	0.644096	0.388816	0.538548	0.691916	1.09136	2.87927	0.736876	1.89413	1.21854	2.5329	1.00429	0.276149	0.505422	1.08914	0.935773	0.728432	2.40229	3.29245	1.29067	3.42176	0.584909	2.11336	0.317308	0.909735	0.251446	0	0.359999	3.07578	3.26495	4.30452	0.762419
ihec.chipseq.ihec-chipseq-containerv1.1.4.IHECRE00004643.3.251ac38a-f30f-4eb1-8d54-f10f77bc7dd8.fc.signal	2.08792	2.81061	1.13172	3.31569	3.11283	2.14151	2.16411	2.5057	2.62782	2.65835	3.00504	2.15972	1.2809	1.34636	2.04612	2.60327	1.76035	3.38497	2.82557	1.63705	2.15126	1.97786	1.4788	0.575798	1.48165	1.09366	0.509405	2.36679	1.56128	1.73214	2.19524	2.53496	2.10634	2.25793	0.47561
ihec.chipseq.ihec-chipseq-containerv1.1.4.IHECRE00001965.2.d0a3ffb9-3082-49ca-b6e4-071c93be50ea.fc.signal	2.80587	1.28164	1.54326	3.14369	2.22901	1.51449	2.09124	3.29248	2.79506	2.7962	3.52482	4.08502	3.10086	3.01395	2.73757	2.56366	1.56962	1.52835	3.70693	4.58797	4.23063	2.2503	1.75386	2.45363	1.6773	1.26072	1.76201	2.61293	2.02275	2.51284	3.46759	3.16509	3.43985	2.55893	0.518563
ihec.chipseq.ihec-chipseq-containerv1.1.4.IHECRE00004647.3.8b374ea3-2377-4c12-8ea6-3142fba27eca.fc.signal	1.14501	1.48167	2.4431	2.07237	2.35519	2.09205	2.4673	3.02914	2.88107	2.06568	2.18596	2.23585	1.77782	1.59253	1.48811	2.05218	2.21831	1.42315	1.26922	1.7756	1.90725	1.65652	1.54239	1.2057	1.43343	1.45384	1.52989	1.52262	1.54971	1.8253	2.30777	3.09929	2.82438	1.90086	0.658805
ihec.chipseq.ihec-chipseq-containerv1.1.4.IHECRE00003691.3.cb518c97-2905-470f-ae3d-4e16b45f68a4.fc.signal	1.27229	2.30326	1.55197	1.59566	3.4253	2.15977	2.47697	1.80638	2.44272	2.2293	2.49263	1.76917	1.1448	1.30305	1.29045	2.96573	1.85463	4.12672	3.39003	1.81617	2.33603	1.89249	2.00119	2.61208	1.45095	2.31642	0.864273	2.56442	1.79634	2.16505	3.16082	2.92273	3.30266	5.08212	0.558585
ihec.chipseq.ihec-chipseq-containerv1.1.4.IHECRE00001966.2.b1abd689-f97d-4cbd-88da-9a4dcf233100.fc.signal	2.87434	1.24373	0.963631	3.30863	5.53043	3.25731	4.26997	5.69014	7.50497	8.71287	6.92982	5.44556	4.51867	4.02052	2.63013	3.12534	3.88494	3.93599	4.78145	3.81055	3.70829	3.2042	3.81579	3.71342	3.53389	3.88199	5.30176	5.03064	4.47058	6.29454	4.29413	3.19075	5.03045	5.78065	0.582598
ihec.chipseq.ihec-chipseq-containerv1.1.4.IHECRE00002005.1.40074ae6-828f-47d9-a397-b67f6a5032c3.fc.signal	0.596526	1.38803	0.3421	2.27194	3.28633	0.64703	0.815276	1.5219	2.95933	3.05992	2.91965	2.52743	2.74063	4.43016	2.85189	2.42684	1.01881	2.9073	2.01027	2.77453	3.76352	4.28452	1.39767	3.24313	1.32903	2.82979	1.38523	2.37009	3.13316	2.2716	1.37621	2.36499	2.24982	2.32553	0.250646
ihec.chipseq.ihec-chipseq-containerv1.1.4.IHECRE00000053.3.c68590a6-9876-4cd2-855d-2656b11afb6b.fc.signal	3.65019	2.82266	1.4348	2.82385	4.6156	3.35129	2.72909	1.80859	1.99692	5.67205	5.55405	5.70904	4.9456	6.64446	5.72738	3.20168	5.37569	7.06682	3.37755	2.27193	3.20874	4.14058	3.06549	3.37649	2.62587	1.92847	2.79699	2.06337	3.088	4.41805	6.20392	7.05192	6.21557	4.07393	0.312321
ihec.chipseq.ihec-chipseq-containerv1.1.4.IHECRE00003817.1.366ce028-dbb5-4000-adeb-5cae508bdd78.fc.signal	5.59051	5.94165	6.63052	8.48141	7.21384	7.61105	7.53224	5.00397	6.19592	6.55131	6.723	6.61201	7.80906	7.34076	5.31893	6.46453	7.35001	5.84389	6.37059	5.23861	5.0209	5.65579	3.94055	4.95964	2.98083	2.73188	3.83277	5.13498	4.7801	4.35281	5.10113	7.63643	7.18895	8.86165	0.57702
ihec.chipseq.ihec-chipseq-containerv1.1.4.IHECRE00000231.3.78266b2b-9a41-44a4-9745-bcbbd01d3076.fc.signal	0	0	0	0	0	0	0	0.0166272	0.663104	3.89004	6.19342	6.07519	5.56631	3.59543	0.906001	0.0157001	0	0	0.0406443	0.644656	2.78976	4.18672	2.05604	1.01089	2.14536	3.12721	1.3341	0.100684	0	0.0812625	1.6501	7.56427	6.77355	3.2439	0.485777
ihec.chipseq.ihec-chipseq-containerv1.1.4.IHECRE00000224.3.91059aa1-cc7c-4c6a-8c0d-23bf4bfa5cae.fc.signal	0	0	0	0.228907	0.400142	0.0872107	0	0.302079	3.51577	6.81047	9.96193	11.9388	10.8301	7.03313	1.48386	0	0	0	0	0.643676	2.25351	4.59607	4.06335	2.91764	1.93494	1.85766	0.634823	0	0.277472	0.261201	0.566368	4.34404	6.68569	3.45421	0.574595
ihec.chipseq.ihec-chipseq-containerv1.1.4.IHECRE00003808.1.15fff734-a78a-4288-8d11-37559fec46b7.fc.signal	2.63077	2.32826	3.14491	3.72321	5.03969	5.09402	4.72524	4.49473	4.23415	4.26038	3.01413	3.20771	3.70109	3.16409	2.96583	2.24615	3.91289	5.56442	4.2417	3.46071	2.48951	3.64268	2.89667	2.28133	3.31207	3.15967	2.86073	4.19918	4.71534	5.62296	5.3914	6.22375	7.27698	7.14535	0.461049
ihec.chipseq.ihec-chipseq-containerv1.1.4.IHECRE00001003.4.764910b8-acca-40a8-a519-921f972f38d0.fc.signal	0.481919	1.07433	0.861125	1.61642	2.65583	1.39491	0.968126	1.02433	2.61798	1.69104	1.17281	0.852934	1.16351	1.41596	1.4092	1.70993	1.19251	2.0486	2.21392	1.98268	2.69906	2.39964	1.76021	3.48774	1.18026	1.78293	0.985792	1.26715	1.5687	1.35423	1.4777	2.30952	2.25108	1.71236	0.579365
ihec.chipseq.ihec-chipseq-containerv1.1.4.IHECRE00004635.3.ad2e7f02-8a5b-4f8f-8fa0-495c5d602f92.fc.signal	1.06993	1.30924	1.31843	1.69609	1.84666	2.31827	2.33553	2.32928	2.31425	3.64922	2.51919	2.2911	1.70599	1.38645	1.13349	2.44219	1.70185	1.64559	1.51019	1.25227	1.30445	1.60373	0.873273	1.84345	1.69206	1.87637	0.990643	1.61818	1.78477	0.873556	1.85737	1.92232	2.06822	2.5555	0.463565
ihec.chipseq.ihec-chipseq-containerv1.1.4.IHECRE00003693.3.00bffcc7-6bdd-4dff-a3af-f0bc3467ff95.fc.signal	4.29601	4.1685	5.30854	4.94281	4.55774	4.67686	6.15806	6.26514	5.83042	4.58861	4.56179	3.22595	3.50821	4.42398	5.98024	7.17382	7.12702	7.27229	6.77946	5.16597	3.62242	3.98989	4.76301	3.75639	2.21768	3.19201	3.48038	4.32775	3.8586	4.69521	4.84876	3.56403	3.47904	4.50787	0.612039
ihec.chipseq.ihec-chipseq-containerv1.1.4.IHECRE00001957.2.5bc96241-954a-4559-a55b-8ed7178f6f2d.fc.signal	3.26479	3.14753	2.89866	4.97405	3.99037	3.98097	4.96108	3.71514	3.61593	4.55413	3.40001	2.55522	3.444	3.75608	3.93511	2.81705	2.43281	1.92734	2.97249	3.61114	2.69268	2.78092	3.65462	3.28154	1.67853	3.33761	3.00785	4.09298	3.58813	4.01639	2.79677	4.35494	4.07451	4.48799	0.527864
ihec.chipseq.ihec-chipseq-containerv1.1.4.IHECRE00001962.2.f53f759d-3946-4452-bfdb-d2f97d37ca2c.fc.signal	1.30151	1.91353	1.57494	2.35395	2.45108	1.76	0.803195	1.05066	2.47586	2.27001	1.60297	1.86401	2.83911	2.48665	1.9679	1.62962	0.97301	1.70692	2.08455	1.90336	1.54474	2.04112	2.43807	2.63962	1.32796	1.08231	1.48624	1.65296	1.59699	2.18511	2.15425	1.83166	2.90792	3.11894	0.460094
ihec.chipseq.ihec-chipseq-containerv1.1.4.IHECRE00001025.7.262bd7c5-c486-496a-a8c6-308bf4207448.fc.signal	0	0	0	3.04742	0.991025	0.48898	0	0.416359	1.71483	2.13292	1.30415	0.402553	1.74651	2.34167	1.50832	0.736901	0.956368	1.36536	2.95628	1.31385	2.0314	1.9894	1.51656	3.52154	0.581858	1.66668	1.62239	2.86945	0.726509	0.377957	0.353786	3.02686	3.61294	2.23861	0.591489
ihec.chipseq.ihec-chipseq-containerv1.1.4.IHECRE00003678.3.fc6fd65f-c644-42f3-9ab2-6582bf7f6378.fc.signal	0.00340907	0.387559	1.04378	1.53644	1.29063	1.0516	1.20239	0.211824	1.01448	1.43464	1.59927	1.46328	2.19128	3.53519	1.71012	1.03053	0.964912	1.28253	1.63962	1.13537	1.54174	1.57306	0.58124	0.730872	0.298563	0.546627	0.892447	1.31029	0.499816	0.76945	1.01265	1.03689	0.789587	1.12501	0.6942
ihec.chipseq.ihec-chipseq-containerv1.1.4.IHECRE00001918.1.fbe063d6-2cc4-4e86-b2d8-a5dbab869596.fc.signal	1.44257	1.70744	0.396805	2.96367	2.70092	1.45902	0.696807	0.608544	0.148518	0.522675	2.98963	1.74871	1.70647	1.36404	1.68958	0.127371	2.06266	0.947961	1.14251	3.00022	2.67256	3.22249	1.45841	0.963285	0.11584	0.340258	0.295324	2.06614	2.62019	0.675428	3.37484	5.54733	2.70242	1.76174	0.0403226
ihec.chipseq.ihec-chipseq-containerv1.1.4.IHECRE00001907.1.9f5e6354-a818-4c74-a982-f5d683781afe.fc.signal	1.41242	1.37413	1.73721	4.89676	3.54869	3.01462	1.65243	0.837158	1.26087	2.3151	2.42232	1.42289	2.16394	3.21947	1.20309	1.2291	1.36933	1.48197	1.23274	1.57184	2.29246	2.86008	1.93566	2.47344	1.20742	0.897809	1.35627	2.6511	2.11962	3.02677	1.59629	2.40386	4.24034	2.68265	0.5
ihec.chipseq.ihec-chipseq-containerv1.1.4.IHECRE00000303.2.0092e1bc-1a95-46f7-a164-5f4453e07465.fc.signal	2.54342	3.72888	2.96968	4.76825	5.75019	6.73207	6.06268	6.28757	7.52473	5.8588	5.25729	5.62266	5.47961	7.02771	8.83068	4.65387	4.59239	4.55398	3.21972	2.68299	3.11288	3.09476	2.37622	3.96563	1.91086	2.89135	4.15139	6.09584	6.8193	5.71737	5.48846	5.57921	7.40431	8.19442	0.448337
ihec.chipseq.ihec-chipseq-containerv1.1.4.IHECRE00000084.3.05fcdabc-d11f-4f6c-af26-2868c8125e10.fc.signal	1.27377	2.53807	2.08679	3.29259	4.28369	1.33245	2.52079	4.88751	4.80136	2.49443	4.25605	5.52048	4.94338	4.8565	3.12798	5.14511	2.63627	2.62517	3.72726	3.55797	1.12062	3.70377	4.79222	4.35871	2.95039	1.05426	1.7742	1.47978	0.698503	2.63796	4.61961	7.81313	4.90794	4.05662	0.616162
ihec.chipseq.ihec-chipseq-containerv1.1.4.IHECRE00000949.6.eabfbabf-0398-4a54-beef-06d14e082ca4.fc.signal	0	0	0	0.421431	0.860049	1.18146	0	0.0683552	1.88385	5.1317	4.16462	4.36299	6.14316	3.78059	0.240349	0	0	0	0.250583	0.813932	2.38056	3.06254	1.92137	2.41652	0.98683	3.82344	1.09256	0.731369	0.105271	0.346034	1.48049	7.57956	9.36005	5.92747	0.584501
ihec.chipseq.ihec-chipseq-containerv1.1.4.IHECRE00003694.3.fc8c8322-ec2a-42ca-96d8-185645c9908f.fc.signal	4.16322	3.24981	2.97998	3.06131	2.89097	3.97078	4.01696	4.91645	4.12987	3.47828	4.89892	1.97048	2.75045	3.51717	4.36897	5.52844	4.77313	7.20162	5.70444	5.11681	2.97893	2.39886	2.70884	3.87983	2.14346	3.66335	4.01276	4.90242	5.45551	5.58737	5.92457	3.31186	3.55309	3.07877	0.640977
ihec.chipseq.ihec-chipseq-containerv1.1.4.IHECRE00004616.1.5fc2101e-b79e-4aed-9fe2-994fb8efbe2d.fc.signal	1.33273	0.863835	0.761259	1.05864	0.629113	1.62834	2.10781	0.881186	0.549288	0.485642	0.759958	0.530386	0.381713	0.601903	0.829607	1.45822	0.92599	1.34053	1.56754	1.28622	0.629553	0.621737	0.342038	1.07897	1.26893	1.8172	0.910976	0.547538	0.520077	1.20339	1.38632	1.29788	1.1178	0.967432	0.725437
ihec.chipseq.ihec-chipseq-containerv1.1.4.IHECRE00001963.2.a69914d6-c947-4064-9120-21fa14734e92.fc.signal	1.64552	1.70809	0.882771	1.60072	1.997	2.20878	2.14697	1.91532	2.17141	2.06982	1.8083	1.24645	1.24837	1.60157	1.2568	1.29047	1.4065	1.39766	1.54814	1.25115	1.77809	1.92259	1.51903	1.48878	0.991853	1.79945	1.51293	1.64553	1.63438	1.77013	2.12464	2.21452	2.69007	2.2528	0.436893
ihec.chipseq.ihec-chipseq-containerv1.1.4.IHECRE00000964.7.31304b6b-0e3c-47a2-858e-e0febf9013fe.fc.signal	0	0	0	1.58603	4.95108	0.837585	0	0.452488	1.82708	0.650088	0.449048	1.81015	1.00382	3.09944	1.3995	0.0872949	0.815532	0.303714	0	0.124685	1.62343	4.30428	0.727909	1.31922	0.262902	0.514573	0	0.66495	0.210557	0.683483	0.180941	4.76026	6.88407	5.17555	0.76392
ihec.chipseq.ihec-chipseq-containerv1.1.4.IHECRE00001021.4.b0114014-a1df-4014-b792-073b6721f8fd.fc.signal	0	0.363734	1.20946	3.76394	6.74367	2.4621	0.737345	1.15284	3.78333	6.3161	2.61866	2.63308	3.77613	6.57072	4.04927	0.987512	1.10835	1.3521	2.03787	2.00822	2.36101	3.8578	3.03876	5.19456	1.40582	1.55928	1.58501	3.16889	1.69297	1.66088	2.82634	6.2014	8.2858	8.48872	0.61599
ihec.chipseq.ihec-chipseq-containerv1.1.4.IHECRE00004618.1.209b7d40-2aaf-4f0d-9a2f-e178d8a84b13.fc.signal	1.91555	1.54589	1.4124	1.86599	1.47791	1.60899	1.67583	0.867609	1.20104	1.07364	1.33013	1.1618	0.447558	1.70845	1.09944	1.4041	0.935716	1.31093	0.911443	1.15237	0.655802	1.86714	0.846374	2.06411	0.695724	1.96587	0.710301	1.17039	0.829072	1.12844	1.14803	1.28968	0.961144	1.36158	0.784572
ihec.chipseq.ihec-chipseq-containerv1.1.4.IHECRE00004664.3.6712588d-45c1-44ec-9f01-5f62fc9e99bb.fc.signal	1.1478	1.34832	0.95584	3.15812	3.73619	2.72863	2.55714	2.35628	2.01767	2.60372	3.29433	3.21415	3.04685	3.06262	2.67258	2.67869	1.83703	1.92334	1.72149	1.97332	2.12973	1.90086	2.35902	2.57648	1.9266	2.37893	1.39131	1.7441	2.05533	2.00177	1.95483	2.19529	2.94633	2.64319	0.534884
ihec.chipseq.ihec-chipseq-containerv1.1.4.IHECRE00003806.1.ca0477cb-21d8-4e11-a363-fca55b28eb49.fc.signal	0.698566	0.495802	0.551999	1.04885	0.598496	0.1574	0.291214	0.664816	0.591446	0.476203	0.578356	0.411936	1.3795	0.792156	0.748055	0.383385	0.405861	0.458437	0.299326	0.302402	0.564102	0.661109	0.382389	0.340775	0.172963	0.233403	0.172593	0.0158913	0.48703	0.311418	0.214375	0.388519	0.136005	0.559449	0.231579
ihec.chipseq.ihec-chipseq-containerv1.1.4.IHECRE00001997.1.1f6ac71d-93cf-4d13-a14c-23ecb52e3983.fc.signal	1.76487	1.01637	0.76567	3.24576	3.46563	2.41011	1.34223	2.34106	2.52745	3.2334	2.55428	1.39725	3.34797	5.36331	3.58903	3.03938	2.67505	2.82507	1.33797	2.48989	3.71825	3.32674	1.80512	3.11845	2.27156	1.96638	1.86983	1.25511	1.67184	2.2446	2.16954	2.42056	2.52455	3.55886	0.280564
ihec.chipseq.ihec-chipseq-containerv1.1.4.IHECRE00001027.7.dcf25794-5ac8-4a6d-9033-a30e1a31178f.fc.signal	0.128245	0	0.878485	3.60371	2.82141	1.35299	0	0	1.4175	2.94771	0.95381	1.78201	1.83221	2.69276	2.72592	0.737442	0.589929	0.109009	1.1991	1.0934	0.556287	3.40492	3.9428	4.41165	2.04159	1.79544	0	1.14139	1.78618	0.806675	0.0657277	2.0968	0.851757	2.08875	0.477011
ihec.chipseq.ihec-chipseq-containerv1.1.4.IHECRE00001955.3.f92185be-1c43-4aca-8ad8-6624fd4fe491.fc.signal	3.21866	3.18356	2.76794	3.59016	3.52856	4.60241	4.93784	3.59628	3.3766	4.58959	3.87742	3.04343	2.57592	3.43599	4.99267	3.6719	3.18309	2.95179	3.42503	3.33103	2.78887	3.22171	2.34675	2.13113	1.84482	2.90349	2.50432	3.52753	2.72736	3.44064	3.68955	3.27956	2.79286	3.7558	0.59488
ihec.chipseq.ihec-chipseq-containerv1.1.4.IHECRE00000008.3.248d0803-44a8-4240-ab7f-e2ff74839d74.fc.signal	0.665987	0.926796	2.15409	1.39262	1.15157	1.11326	1.37365	3.11213	4.11943	2.4351	1.48039	4.82315	4.15043	1.62174	3.98955	2.71301	2.30282	2.57923	1.07377	0.919192	1.39047	1.43812	1.29158	3.6088	2.0061	4.43741	2.69757	1.36767	4.29959	4.41299	3.20158	5.20066	2.88149	4.45077	0.492063
ihec.chipseq.ihec-chipseq-containerv1.1.4.IHECRE00004703.3.4357bc0d-92fe-4fdc-9b6c-d1d7e257d833.fc.signal	0.890709	1.28539	1.08965	2.4023	1.94662	1.25425	1.28287	1.39152	1.39974	1.17932	0.984682	1.25721	1.71603	1.51106	1.03121	1.08329	1.32931	1.39257	1.24379	1.06755	1.77734	1.69825	1.50978	0.842061	1.28418	1.4258	0.834784	1.4025	2.03083	1.56036	1.83647	2.53792	1.9472	1.45496	0.570312
ihec.chipseq.ihec-chipseq-containerv1.1.4.IHECRE00003830.4.d292671f-acdf-4c3d-a0bd-85566c15af43.fc.signal	1.77411	2.36672	3.02135	3.34932	1.83091	2.76957	4.04012	3.45004	3.1518	2.63213	2.18701	1.98851	1.98986	2.6426	1.81828	3.32206	2.71664	1.78573	1.59977	2.06073	1.55659	1.63388	1.12678	0.418839	0.141866	0.526581	1.12567	1.55844	2.61653	4.21529	2.56524	3.12629	3.05215	2.67016	0.616071
ihec.chipseq.ihec-chipseq-containerv1.1.4.IHECRE00000250.2.07db7868-f10a-4d85-bd5f-aa9358240c1f.fc.signal	2.17917	1.98208	1.35934	1.37506	3.68287	3.46853	2.88307	2.99243	4.58292	4.14235	4.56212	5.55253	6.52738	6.64227	3.63543	5.43422	4.98721	5.60425	4.17648	2.28506	3.26742	3.78949	4.60589	5.05845	2.59791	1.59684	2.47937	2.54316	3.92129	4.24026	2.81071	3.32949	6.12802	8.58357	0.421359
ihec.chipseq.ihec-chipseq-containerv1.1.4.IHECRE00001893.4.3dc85d16-267c-45c2-b26d-1a0b479796ac.fc.signal	0.554618	1.44305	1.51191	2.00954	2.36663	0.0307366	0.456164	0.826285	2.48752	6.4372	3.20286	1.1841	2.7031	4.03047	1.95495	5.2223	3.64585	3.97761	2.43002	1.68757	0.883197	0	1.33379	3.5716	0.839464	2.65359	1.22946	1.2952	2.15225	0.621062	0.851503	4.04135	4.50837	3.61159	0.549836
ihec.chipseq.ihec-chipseq-containerv1.1.4.IHECRE00000001.4.8f91a2fb-7003-480a-b893-926d784b78c7.fc.signal	0	0	0.684174	3.63164	4.3225	2.13552	0.0962815	0.111069	3.64836	7.85711	8.06454	4.02307	4.3777	7.50415	6.02206	1.37504	0.587153	1.21259	2.48813	2.05857	1.07475	1.17772	1.13916	1.08713	1.66109	2.82348	1.23118	1.11241	1.86851	1.09066	2.26162	7.30676	9.02138	9.26075	0.493306
ihec.chipseq.ihec-chipseq-containerv1.1.4.IHECRE00002076.1.7e792a01-04c2-4297-a3a4-2a7110dfb8d8.fc.signal	0.39852	1.22051	0.715825	3.11311	1.96594	0.904693	0.83496	0.977906	1.66179	1.89541	0.729568	1.48126	1.77457	2.50738	2.07775	1.48918	1.59286	1.03474	1.69038	1.53297	2.0753	3.10276	1.86761	1.80249	1.71604	1.81039	1.23832	1.49386	0.878529	1.81211	2.66195	3.07411	3.76777	3.78387	0.17769
ihec.chipseq.ihec-chipseq-containerv1.1.4.IHECRE00000864.3.807b95cf-3868-4ccf-8959-450b4ce9bd14.fc.signal	0.992779	1.23048	0.935256	1.36312	1.12104	1.07323	2.02974	3.38866	4.07794	3.46153	3.45022	4.23651	2.44215	1.44492	1.16763	2.77883	1.43555	0.361259	1.11814	1.9797	1.79015	1.88549	1.28903	1.36136	1.66204	1.92907	2.75306	2.72991	4.37847	3.99855	2.03033	2.02365	4.64277	5.53117	0.348028
ihec.chipseq.ihec-chipseq-containerv1.1.4.IHECRE00004641.3.f283db42-039d-42b0-abf6-5e11b1f7b362.fc.signal	1.43883	1.52922	0.442058	1.31147	1.73217	1.88161	2.5003	2.13676	0.895614	1.87515	1.18481	0.674768	1.6961	2.85407	1.37949	1.27143	1.48422	1.52747	1.61976	1.35327	1.06035	1.48618	2.81012	1.55756	1.96707	0.910033	1.43587	2.14321	1.12127	0.889598	1.47701	2.08639	1.54334	1.10573	0.494812
ihec.chipseq.ihec-chipseq-containerv1.1.4.IHECRE00001022.4.e3ed522f-2c41-4dc2-8732-fe32436313bd.fc.signal	0.290744	0.744881	1.2102	2.05213	3.63639	1.97729	1.00549	1.02985	1.95881	2.19981	2.86632	2.41008	2.5959	3.37836	2.82642	1.25615	1.24952	2.03436	2.96534	2.08918	1.41846	2.09631	1.63466	1.60026	1.22056	0.716849	1.7628	2.02022	2.84873	1.19052	1.16979	2.0683	1.81909	2.9718	0.512077
ihec.chipseq.ihec-chipseq-containerv1.1.4.IHECRE00000270.2.a5df10b9-ca14-4e65-b2a1-c605818b459b.fc.signal	0	0	0.0367103	3.23395	4.3032	5.23175	4.33639	1.66207	2.29048	1.97978	3.91556	4.01114	3.26485	1.8844	2.62027	3.07901	3.20273	4.46446	3.50592	4.62239	4.01319	3.18983	1.6273	2.68238	4.00265	2.16203	2.09423	7.7338	6.01912	1.59738	1.91784	3.83574	4.30006	5.46636	0.287879
ihec.chipseq.ihec-chipseq-containerv1.1.4.IHECRE00004606.2.5d173747-d877-4237-a9b2-01437c36f68b.fc.signal	0.413679	1.27971	1.00957	1.90952	1.7121	1.50968	2.1444	0.765657	1.86186	2.25978	1.47538	0.540662	0.861847	1.34617	1.64133	1.21187	1.17208	2.25523	2.29538	2.90732	2.06774	2.15193	1.52692	1.74457	0.296141	1.13457	1.03783	1.0919	1.26098	2.47369	1.20209	2.50205	2.55215	3.84066	0.614604
ihec.chipseq.ihec-chipseq-containerv1.1.4.IHECRE00001902.1.a7b50190-d657-4fdf-9077-238ae0258fec.fc.signal	1.99217	3.45836	3.31434	3.87334	3.35222	2.99176	2.53717	3.05633	2.62017	3.70972	3.18196	2.29205	1.40221	2.96382	2.46253	1.82292	2.64075	3.28801	2.64761	2.44259	2.78056	2.18416	1.1715	1.8399	1.48779	1.77096	2.11392	2.51416	3.09941	2.85937	2.88664	4.73969	4.60616	5.61358	0.535236
ihec.chipseq.ihec-chipseq-containerv1.1.4.IHECRE00003686.3.17631993-4bed-42bb-94e8-db02b030412c.fc.signal	2.70443	3.05396	3.20779	4.06978	4.54426	3.7911	3.48139	3.3407	3.38871	3.93889	3.69796	2.34162	1.88217	1.66042	1.98818	3.79261	4.65881	5.30363	2.73103	1.84116	1.97629	2.17406	2.11005	2.09416	1.56343	1.43491	2.09055	1.71715	2.34753	4.33419	4.98753	4.45392	4.56852	3.05725	0.602132
ihec.chipseq.ihec-chipseq-containerv1.1.4.IHECRE00000980.8.b168494f-d47a-403c-8246-740897ab3321.fc.signal	0.153128	0	0	1.0307	4.5881	1.15435	0.0588953	1.27808	2.58647	5.61104	2.72283	1.14761	0.948777	2.44041	1.67238	1.70151	1.17794	2.44423	1.90588	2.03215	3.40745	5.35979	0.916266	2.61095	1.73622	1.28795	1.03411	1.11765	0.833253	0.848514	2.10876	4.12435	2.21069	2.48409	0.444229
ihec.chipseq.ihec-chipseq-containerv1.1.4.IHECRE00000785.3.4a218dc1-3884-4fee-bb45-a93d75aa4c5e.fc.signal	1.70853	1.92547	0.506205	0.926611	2.02589	1.6489	0.134907	0.219705	1.18848	1.98968	0.239723	0.149995	3.71836	1.40669	0	0.349653	1.24611	0.913474	0.917263	0	0.00744587	1.18487	1.40907	1.12003	0	0	2.07681	2.63061	0.768811	0.461136	0.957801	2.61718	0.395016	0.2722	0.328671
ihec.chipseq.ihec-chipseq-containerv1.1.4.IHECRE00004615.1.cf454773-02e8-4ae6-8d9d-05793e9b3346.fc.signal	1.45693	1.56729	1.00361	1.34443	0.773763	1.15825	3.46243	1.48057	0.716426	1.07114	1.19953	1.29073	1.39352	1.51627	1.79805	2.88497	2.48457	2.8184	2.3275	1.99075	1.01644	1.36556	0.763887	1.48973	1.48802	2.90129	0.648352	0.816477	1.33508	1.48316	1.41861	1.63575	1.39792	3.24008	0.752475
ihec.chipseq.ihec-chipseq-containerv1.1.4.IHECRE00004605.1.9bf3f7d0-484d-45f8-8d1f-2e9e5a1c459e.fc.signal	1.96375	1.8459	2.11705	1.59888	1.38846	1.24014	1.20157	1.24309	2.72779	1.96372	1.48346	1.44221	1.66307	1.89723	1.42577	1.59157	2.00573	1.36105	1.55796	2.23304	1.31439	1.86987	1.16341	2.64894	1.6474	2.15913	2.59494	3.09998	0.908233	2.63995	2.29062	1.30458	0.785586	0.519372	0.668027
ihec.chipseq.ihec-chipseq-containerv1.1.4.IHECRE00001011.4.8f80b5ae-2ed4-49bd-9661-ee91c91c6668.fc.signal	0.747437	1.58652	0.828642	2.49025	4.38063	2.78885	1.48	2.43435	3.3241	5.3079	3.64892	3.84037	4.62336	7.23322	3.60439	0.511661	0.820768	0.812912	1.4477	1.50008	3.25163	3.52202	1.81324	3.06797	1.09035	1.09416	1.16546	2.16018	1.96984	1.67906	2.0609	3.70295	4.07321	4.70574	0.807692
ihec.chipseq.ihec-chipseq-containerv1.1.4.IHECRE00001891.4.58c4ce3b-b697-4bca-9ab1-5a18cc61f42e.fc.signal	1.19242	2.42218	0.668208	3.41109	3.27679	1.33634	3.45479	2.70531	2.41607	2.48689	2.80094	1.60964	3.09091	2.88839	5.20388	2.72646	6.88868	2.36624	5.25914	4.00049	2.33586	1.16584	1.25023	5.16197	2.17367	0.312765	3.08912	5.63818	3.77057	2.30403	4.59464	2.10398	1.2619	2.48942	0.499327
ihec.chipseq.ihec-chipseq-containerv1.1.4.IHECRE00003715.2.d19dd174-314a-4acb-be96-200f2ac615ac.fc.signal	1.18274	1.15263	0.766607	1.25	1.88986	2.0851	0.961532	1.05494	2.25751	3.4326	4.78178	4.40948	4.31156	2.56821	2.5949	1.92308	1.70246	2.13773	2.14978	3.53388	3.38705	5.67903	3.29122	2.4824	3.8029	4.63052	2.58097	1.91519	2.68298	2.12504	1.49959	2.4816	3.0992	4.34191	0.461366
ihec.chipseq.ihec-chipseq-containerv1.1.4.IHECRE00000957.7.43e107f7-e0f6-47a5-a7b8-13ab80c11387.fc.signal	0	0	0.0270004	2.3912	4.77082	3.1548	0.840779	0.655687	3.01902	3.70531	4.40764	4.52809	5.71472	8.73304	5.12177	0.115716	0.443556	2.14817	2.65728	1.39227	1.74306	5.31849	3.00362	5.68808	2.25621	2.69972	0.871636	1.07219	0.936428	1.40386	0.619056	3.41538	6.90697	6.89866	0.398463
ihec.chipseq.ihec-chipseq-containerv1.1.4.IHECRE00000987.6.29b8d050-beec-45b5-afda-a75534d88bfc.fc.signal	0.224054	0.648136	0.179216	2.88843	3.74293	2.67518	0.859818	1.28147	2.65078	2.15591	1.83771	1.2468	2.45783	2.36088	1.94019	0.625875	1.00389	2.10527	1.92203	1.96349	2.8674	2.89338	3.54259	1.82146	1.19734	1.71781	0.966676	3.53897	4.05021	2.68801	2.49675	5.13003	3.04778	4.12328	0.573864
ihec.chipseq.ihec-chipseq-containerv1.1.4.IHECRE00000014.2.9f2879ba-e9f8-4912-a9bf-d228f4198556.fc.signal	0.100014	0.668539	1.40754	6.20698	4.00113	1.79711	2.5987	2.09105	4.33581	3.08145	4.45884	5.06852	3.10692	1.86431	1.08186	2.84421	2.11976	3.49346	3.84855	4.41084	4.43678	2.8024	1.31479	2.9607	1.3136	0.915282	1.95189	2.88438	2.76888	4.66248	3.5315	3.01111	3.91498	4.05291	0.320713
ihec.chipseq.ihec-chipseq-containerv1.1.4.IHECRE00001005.4.95f53ebc-36d6-4d56-97fe-845639d80b60.fc.signal	0.735727	0.780981	0.946486	2.17605	3.89267	1.46808	0.616768	1.76095	3.17949	3.12522	1.37835	2.4691	1.16575	1.85174	1.16053	1.07736	0.980106	1.49085	1.55291	1.06858	1.47503	2.46041	1.78102	1.97183	0.591392	1.32017	1.86712	4.5787	3.01646	1.60036	2.08276	2.80682	2.94452	2.87626	0.663793
ihec.chipseq.ihec-chipseq-containerv1.1.4.IHECRE00000227.3.3c5cc6dc-a3c4-4ffa-bcf6-9a6cbcb9395f.fc.signal	0.806593	0.0518554	1.78404	8.39214	10.3049	4.62432	0.670237	1.0159	4.44381	10.3893	10.2588	7.26102	9.62313	11.6914	7.42042	1.66384	0.730903	1.58818	4.18647	4.16534	8.33069	10.1819	4.15382	4.07891	4.31321	4.07124	2.05291	1.38844	1.38653	0.40331	2.5215	10.1051	12.9577	13.6052	0.40585
ihec.chipseq.ihec-chipseq-containerv1.1.4.IHECRE00003847.4.6b7b5a08-0745-4f51-b02b-128b90e0a540.fc.signal	4.08874	4.91315	4.24555	4.45309	3.29083	4.07949	3.90078	2.58626	4.78054	5.59232	3.66669	1.95528	2.38784	4.61451	5.5212	5.12865	4.35969	4.98697	4.70552	2.55317	1.6588	3.36137	3.1786	3.22602	1.69343	1.54175	1.49757	1.59691	2.16012	3.03735	2.64859	2.76311	3.69453	2.1891	0.3416
ihec.chipseq.ihec-chipseq-containerv1.1.4.IHECRE00003846.4.ae11d2f2-b315-4883-b4de-1c58d8435b6e.fc.signal	3.17207	1.82759	3.78874	4.11408	2.60073	2.15759	1.49729	3.22282	4.16466	3.32911	3.84322	3.9267	1.82282	1.53177	2.11949	3.25057	3.29865	4.50211	3.51816	2.23927	1.82865	2.17191	1.49675	2.28936	0.540062	3.21896	1.10264	2.64232	2.72234	1.99869	4.70115	3.18892	2.89466	3.88103	0
ihec.chipseq.ihec-chipseq-containerv1.1.4.IHECRE00001015.4.688452d3-c54d-4af2-a580-0feba801962e.fc.signal	0.717891	1.52603	2.41966	4.8475	2.91497	1.41368	0.682819	2.05618	3.82927	2.8286	2.38438	2.77698	3.04023	5.07486	2.19375	1.11831	1.70575	3.36882	2.06892	2.2626	3.9626	4.15871	2.28466	2.72861	1.76152	2.78315	2.21586	4.16482	2.39856	2.45798	3.94608	5.53369	5.02309	5.96678	0.643299
ihec.chipseq.ihec-chipseq-containerv1.1.4.IHECRE00003825.5.3a6727af-55d3-46f1-8dd6-a5257de4af2e.fc.signal	1.18215	1.2036	1.63018	1.97744	2.46938	3.37714	3.13048	2.02477	2.27069	2.12402	2.0862	1.49815	2.24113	2.36702	2.46995	2.65007	2.55719	5.01145	1.76206	1.12329	1.3937	1.49559	1.74979	2.07075	1.56432	2.01563	2.14641	2.35537	3.01075	3.73088	4.44063	4.43871	3.4364	2.07267	0.382423
ihec.chipseq.ihec-chipseq-containerv1.1.4.IHECRE00003811.1.c1524f24-74eb-4d09-9bfc-c896eff5d9f6.fc.signal	1.67144	2.358	4.94763	8.01631	6.83597	4.32984	3.29254	5.25123	6.13929	5.76911	6.24903	7.15581	6.78206	4.80689	5.11309	5.4344	4.59905	5.42462	6.28649	6.13313	6.13909	7.47217	6.6214	7.3667	5.88137	5.75675	4.95	5.86212	6.43211	5.47657	7.21185	10.803	10.4113	11.9499	0.518129
ihec.chipseq.ihec-chipseq-containerv1.1.4.IHECRE00003827.1.1e656a87-cd07-462f-be4b-e2fe6e07063d.fc.signal	3.60982	3.49669	3.55672	4.33806	2.7098	2.85496	2.92979	3.8269	3.78898	2.81928	2.87334	1.52648	1.18012	2.18771	2.00727	2.84876	2.46521	4.42885	3.80043	4.35426	4.60843	2.56003	1.41042	2.26684	1.25265	2.57441	2.98996	4.29196	2.70266	2.89025	3.55576	2.59123	2.47164	1.61795	0.434109
ihec.chipseq.ihec-chipseq-containerv1.1.4.IHECRE00003402.2.311adcba-a6cb-4a75-a81b-eae38fc76e1e.fc.signal	0.855904	0.633283	0	0.556522	0.287856	0.957012	1.26353	1.9595	3.72759	2.06768	0.705247	2.35554	2.2884	0.958389	3.91452	0.596956	0.585661	1.89901	1.71318	0.95458	1.05669	0.873753	0.93885	1.67146	0.0285655	0.206029	1.61713	2.72971	3.40254	0.959036	0.541861	1.83914	2.41487	2.26774	0.671642
ihec.chipseq.ihec-chipseq-containerv1.1.4.IHECRE00001901.1.d45a4b8e-b4ad-4615-86f1-8880954ce942.fc.signal	1.89461	2.27236	2.81578	5.0281	6.12196	5.22756	4.54479	4.30139	5.09576	6.26979	4.91897	5.10131	4.50967	5.49066	3.68212	4.57487	5.19428	5.31058	4.26544	2.84801	3.26399	4.02909	3.84434	4.05348	2.75864	2.01147	2.46426	3.74995	4.18844	3.23305	4.51459	8.23054	8.41024	6.54709	0.5
ihec.chipseq.ihec-chipseq-containerv1.1.4.IHECRE00000235.3.aaf97294-2366-43c8-9d83-3dd7259e070e.fc.signal	0	0	0.0565239	0.758973	0.73494	0.0325023	0	0.0763056	0.931382	5.80893	8.38723	8.18051	8.31459	6.81024	1.90237	0	0	0	0	1.12643	6.98345	8.34453	4.00222	2.37659	1.86112	2.28072	1.4141	0.4097	0.0260573	0.16158	2.56331	9.35803	8.78111	4.97273	0.5892
ihec.chipseq.ihec-chipseq-containerv1.1.4.IHECRE00003826.4.f503b9d8-64c9-4c5c-b95d-a4926bc8e587.fc.signal	0	0	0	0	0	0	0	0.0706248	0.478681	0.609471	2.03507	0.59901	0	0	0	0	0	0	0	0	0	0	0	0	0	0.385608	0.13204	0	0	0	0	0	0	0	0.371689
ihec.chipseq.ihec-chipseq-containerv1.1.4.IHECRE00003814.1.69bb961e-8a87-48cd-a441-045b27001aeb.fc.signal	1.81443	3.0942	3.6419	6.65674	4.77377	2.29443	3.28941	5.31903	3.42664	3.63962	3.65572	2.86034	2.68915	3.05377	2.15159	1.7178	3.13157	4.02544	3.29441	2.82279	2.37274	2.4875	2.53189	3.6005	3.91377	3.58161	2.45431	2.73373	3.27534	2.20309	3.39822	5.37802	4.56479	3.85855	0.490281
ihec.chipseq.ihec-chipseq-containerv1.1.4.IHECRE00001016.4.a39e5205-5c09-4c97-9b2d-d4bf8542f324.fc.signal	0.610192	1.98765	2.32069	2.34275	3.03037	2.76545	2.4492	2.65081	3.91492	4.52485	3.54684	1.60783	2.17582	3.22488	1.73879	0.922938	0.867491	1.84159	1.68034	1.69769	3.83202	5.8264	1.33999	1.18622	0.785822	0.68012	0.291199	2.00611	1.84408	1.61814	2.34487	3.71831	3.82925	3.44409	0.673077
ihec.chipseq.ihec-chipseq-containerv1.1.4.IHECRE00001548.1.1063dcb8-ca8d-4076-8364-56a3871d88c2.fc.signal	3.74983	1.78361	0.832116	2.94341	7.51368	6.28546	6.15506	2.81125	6.46533	8.70077	7.44872	11.0628	9.15718	8.44782	3.50731	2.91909	1.96743	4.37213	6.28098	3.536	7.25516	7.47947	4.40543	4.08183	6.0151	6.51656	1.56137	8.95369	8.6392	3.04195	9.6885	13.2743	13.7792	12.4601	0.35905
ihec.chipseq.ihec-chipseq-containerv1.1.4.IHECRE00003730.1.c3324cfc-4c0b-4882-aacb-51bd02695154.fc.signal	1.58387	0.522291	0.314224	0.0212313	1.17622	0.751592	1.67304	1.37783	2.3097	1.88409	1.41876	1.9245	1.81741	3.29514	2.20625	1.60485	1.45466	1.29937	0.58609	0.802546	2.10616	1.86837	0.191082	0	0.0594477	0.594334	0.894585	1.38851	0.609477	0.786921	2.35653	1.56053	1.62679	1.75149	0.524706
ihec.chipseq.ihec-chipseq-containerv1.1.4.IHECRE00003401.1.ab8d152a-fa3d-4bf9-9cab-93176cf303af.fc.signal	0	0	0	0.459933	0.919805	0.512458	2.47173	1.17377	0.981605	2.6426	2.15856	1.95743	0.926658	1.92987	2.83187	0.689106	0.937832	2.19052	0.719167	0.908917	0.846986	0.61782	0.361563	1.76403	0.803071	0.172002	0.529036	2.00169	2.31999	0.788242	0.494388	0.643954	0.744452	1.6175	0.542802
ihec.chipseq.ihec-chipseq-containerv1.1.4.IHECRE00004900.1.21a553ba-0627-43d2-9045-d7e885ce5199.fc.signal	0.986422	0.463015	0.819621	1.55655	2.50631	2.59977	1.84345	1.0008	3.32449	1.81088	1.75714	1.35108	1.57875	2.838	0.860351	0.243829	0.755205	1.60614	1.3836	0.950128	1.45484	2.31056	1.14883	0.247822	0.609666	1.98401	0.930881	2.37769	1.95345	1.16823	1.12398	2.73252	4.99539	2.53599	0.523094
ihec.chipseq.ihec-chipseq-containerv1.1.4.IHECRE00003803.1.cbcfbcdb-4d41-42fe-a44e-156c7af5f576.fc.signal	1.02622	0.627662	0.72884	2.43628	2.06177	0.858716	0.198819	0.200778	1.43316	1.13832	1.89091	0.753423	1.43197	2.95755	1.66284	0	1.35521	1.35379	1.31986	0.875695	2.80439	1.41182	1.64608	0.5582	0.82015	2.01395	0.28311	2.55206	1.92147	0.566351	1.26577	2.51642	3.10596	2.98967	0.625731
ihec.chipseq.ihec-chipseq-containerv1.1.4.IHECRE00003818.1.f4551532-527f-469b-8771-a060adbc4ccb.fc.signal	0.394775	0.95537	1.13565	3.65538	2.86139	0.995465	0.743881	0.694067	1.60322	1.75316	2.47651	2.51639	2.43365	2.29089	2.89911	1.01563	0.575172	1.59644	1.9807	2.35179	0.896912	1.27229	1.98299	1.05173	0.912783	1.23804	0.831418	1.8803	1.22145	2.00362	1.38706	2.60294	5.99881	5.35351	0.590604
ihec.chipseq.ihec-chipseq-containerv1.1.4.IHECRE00001050.8.4e18a6eb-11aa-493b-81e3-0b3e288cecdd.fc.signal	0.333932	0.271622	0.478309	1.32561	0.950888	0.891476	1.13581	0.769622	0.88353	1.6863	0.929397	0.728688	1.21705	1.25623	0.843464	0.272484	0.789976	1.04819	1.73438	0.332078	0.650901	1.29291	1.11583	0.331055	0.546227	1.01866	0.571068	0.672379	1.03343	0.829722	0.771469	1.91096	1.15392	1.76148	0.665746
ihec.chipseq.ihec-chipseq-containerv1.1.4.IHECRE00003804.1.0a06c7a0-8757-4a5c-aa19-6550a37855f3.fc.signal	1.7399	3.31704	3.44129	4.43773	5.57187	4.46802	2.80351	3.84492	4.97723	6.1585	4.84239	4.06195	4.29544	5.09679	4.66554	3.79964	4.35446	4.55976	3.21686	1.84886	3.20484	3.93956	3.82294	4.69367	2.01298	2.59806	2.71444	4.60459	3.2098	3.39389	4.39297	5.62393	7.15428	6.48791	0.584699
ihec.chipseq.ihec-chipseq-containerv1.1.4.IHECRE00000992.7.674a18bf-8b42-412f-a2ea-cabb31234aa2.fc.signal	0.0847673	0.0732734	0	2.04371	0.828312	0.501215	0.0531591	1.16333	0.839883	1.54046	0.487905	0.505469	1.31397	2.61545	1.52969	0.235164	0.771625	0.761841	0.942239	0.810208	1.61584	1.43304	0.703807	0.817652	0.468434	0.654973	0.332018	1.55845	0.515614	0.334392	0.499001	1.81813	1.71409	1.57208	0.552273
ihec.chipseq.ihec-chipseq-containerv1.1.4.IHECRE00003676.3.fa45989e-2fad-4f13-b899-3405cf3f81a7.fc.signal	0.46405	0.839626	1.75889	2.26374	1.84017	1.61418	2.86803	1.50738	1.46966	1.32336	2.57835	1.2094	1.57361	1.84666	1.53412	1.43233	1.54203	1.20728	0.790412	2.44968	1.43401	0.756422	0.192941	2.04857	1.05061	1.29871	0.513618	1.87718	2.22323	0.99959	2.26089	2.31244	1.27001	1.20498	0.647059
ihec.chipseq.ihec-chipseq-containerv1.1.4.IHECRE00001012.4.5c8bdd5b-6d3c-4993-a4d6-e582a59f7d7d.fc.signal	1.00514	1.6774	1.67741	2.00398	2.63322	1.01147	0.273962	1.29351	2.57901	5.00171	2.17521	1.82565	1.88646	2.28153	1.77094	1.66208	0.980927	1.95875	1.39469	1.81988	2.64459	1.10146	1.16361	2.65385	1.25723	1.99837	0.778561	1.82385	1.59967	1.30309	1.87559	1.98889	2.87858	2.92542	0.653571
ihec.chipseq.ihec-chipseq-containerv1.1.4.IHECRE00000059.3.0efb30a1-ec4a-41e3-8cd9-c8f03f347482.fc.signal	0	0	0	1.58699	1.42139	1.71838	1.16978	0.731228	0.69278	2.06546	1.77085	1.18988	2.94983	1.34645	1.94873	3.26658	4.54708	1.32477	0.617721	3.24292	2.27355	2.80004	3.3711	6.37061	3.34546	1.20327	0.876482	0.546596	0.640811	1.06983	0.859015	0.639711	0.900492	0.896715	0.577778
ihec.chipseq.ihec-chipseq-containerv1.1.4.IHECRE00001233.5.fc2e2a67-89eb-4b79-90d9-0a29fc9855be.fc.signal	0.057792	0.254285	0.437852	1.99142	0.956657	0.622813	0.332304	0	1.40733	2.93279	1.71023	2.39074	1.24726	2.82803	1.49328	0.666689	1.26592	2.49576	1.06075	1.11279	2.18894	3.98159	0.555749	2.22551	0.271667	1.78768	0.578037	1.71542	1.52026	0.63148	0.680669	4.21967	4.92237	3.97645	0.743056
ihec.chipseq.ihec-chipseq-containerv1.1.4.IHECRE00001954.2.f69d543f-4e4e-4fd7-9774-7bd28fcc565d.fc.signal	1.98465	3.45815	3.41622	4.09672	3.60665	4.45498	3.64976	2.67874	4.10321	5.21796	3.63263	3.39882	2.96942	3.29959	3.36969	3.64587	3.27452	1.96323	1.92984	2.27453	2.45617	2.4715	3.40866	4.85997	2.47214	3.25654	1.63795	1.606	1.69158	1.7314	2.38969	3.13277	4.09047	3.68125	0.503539
ihec.chipseq.ihec-chipseq-containerv1.1.4.IHECRE00003816.1.0deee6d5-e373-405d-893f-0c3ca80f3c2d.fc.signal	0.25098	0.315459	0.129577	1.07476	0.91508	0.911137	0.751785	1.48173	1.11011	1.68218	0.90393	1.09432	1.24546	1.32299	0.800236	0.54654	1.40302	0.794807	0.912389	1.17634	0.854227	0.414548	0.609687	0.592011	0.459438	0.35111	0.265456	0.623225	0.851019	0.859369	1.57326	1.64514	1.34682	2.14702	0.243478
