	chr4:113370033-113370182	chr4:113370183-113370262	chr4:113370263-113370332	chr4:113370333-113370482	chr4:113370483-113370632	chr4:113370633-113370782	chr4:113370783-113370932	chr4:113370933-113370982	chr4:113370983-113371082	chr4:113371083-113371232	chr4:113371233-113371382	chr4:113371383-113371532	chr4:113371533-113371682	chr4:113371683-113371832	chr4:113371833-113371982	chr4:113371983-113372132	chr4:113372133-113372282	chr4:113372283-113372432	chr4:113372433-113372582	chr4:113372583-113372732	chr4:113372733-113372882	chr4:113372883-113373032	chr4:113373033-113373182	chr4:113373183-113373332	chr4:113373333-113373482	chr4:113373483-113373632	chr4:113373633-113373782	chr4:113373783-113373932	chr4:113373933-113374082	chr4:113374083-113374232	chr4:113374233-113374382	chr4:113374383-113374532	chr4:113374533-113374682	chr4:113374683-113374832	chr4:113374833-113374982	chr4:113374983-113375125	Expression
ihec.chipseq.ihec-chipseq-containerv1.1.4.IHECRE00000222.3.123ef280-d4ea-4ca0-978c-a10942825cc4.fc.signal	2.82051	2.50826	1.82518	1.4139	2.32575	3.62604	2.11187	0.121526	0	0	0	0	0	0	0	0	0	0.432026	4.10161	7.82026	8.94914	3.64949	0.479302	1.54584	3.37177	1.74397	2.34586	3.19027	2.82744	3.24234	1.83077	0.118009	0.359456	3.26376	3.49327	0.817843	0.185373
ihec.chipseq.ihec-chipseq-containerv1.1.4.IHECRE00000060.3.baf1b6b5-96f6-42d1-907a-07181459fd3c.fc.signal	0.710349	1.08763	1.16741	1.26127	0.824915	0.270429	0.336156	0.587031	0.385441	0.37445	0.254231	0.33396	0.159955	0.684472	0.755479	0.710803	0.276342	0.519635	1.01027	2.10748	1.13498	0.638104	1.01223	0.524039	0.734381	1.67137	2.26924	1.8458	0.104897	0.711105	0.757479	0.568402	0.362242	0.509952	0.374641	0.656147	0.421053
ihec.chipseq.ihec-chipseq-containerv1.1.4.IHECRE00001889.4.44df7b1b-5968-426b-8cea-e4fad8f3b32b.fc.signal	6.35042	4.03505	2.79786	2.07363	0.27711	2.51228	1.25553	1.03664	0.435527	3.90969	4.04173	2.5234	2.235	2.48737	3.44513	2.54218	1.62081	1.24708	7.27219	7.38011	6.80963	8.13937	6.473	4.88803	10.9164	5.55428	4.76964	6.87284	0.487137	1.94365	3.1366	2.58486	4.21078	3.53536	5.89092	5.56385	0.522843
ihec.chipseq.ihec-chipseq-containerv1.1.4.IHECRE00002065.1.d29b7bc4-75ef-437b-ab43-12a3fcfc38d5.fc.signal	3.62087	3.85389	4.14156	2.20029	4.01462	3.62042	2.31213	0.89966	0.662987	1.06734	0.515402	1.01533	0.999966	0.882517	1.36401	2.12479	1.36005	2.33972	2.13221	1.62942	1.55585	1.00175	0.754193	1.33389	1.14602	1.68668	2.48175	2.64695	1.96639	1.86618	1.78272	1.25219	1.13932	1.78786	2.34753	2.08329	0.198775
ihec.chipseq.ihec-chipseq-containerv1.1.4.IHECRE00004713.2.44d9234d-e938-4209-8bc5-a1f9ee0dcbe4.fc.signal	1.85087	1.96252	0.716905	0.377479	0.575931	1.15605	0.905761	1.26553	0.80323	0.211259	0.715952	1.62263	0.899495	1.19984	0.26215	0.165331	0.54582	0.507154	0.491769	1.65441	1.34082	1.12335	0.95862	1.44838	0.818686	0.88869	0.961912	1.04584	1.46107	1.14524	0.424111	1.06048	0.735766	1.28903	0.899872	1.53347	0.48415
ihec.chipseq.ihec-chipseq-containerv1.1.4.IHECRE00000318.2.7ba479df-2d75-4a21-a2dc-30d87eedc37a.fc.signal	0.246409	0.133907	0.189341	0.4857	0.503612	0.214867	0.180155	0	0	0.0246985	0.575945	0.694509	0.108199	0.305457	0.541154	0.194493	0.154145	0.921806	0.661813	1.0637	0.686037	0.34473	0.304724	0.274349	0.0826427	0	0.183756	0.528291	0.1232	0	0.310492	0.81768	0.929213	0.281427	0.0564827	0.302507	0.566929
ihec.chipseq.ihec-chipseq-containerv1.1.4.IHECRE00000709.3.de511913-2cf9-43ba-9705-d5ac577dfa6f.fc.signal	2.31966	2.52608	1.43485	1.16431	1.75385	2.06195	2.70492	1.74098	1.01827	1.85796	1.43015	1.48988	1.43868	1.71034	1.05267	2.68294	1.85355	1.13856	2.27058	3.50275	1.761	1.577	2.13605	1.7848	2.40564	2.69327	2.60987	2.1005	3.54229	2.79292	3.00857	2.61308	3.27441	2.10996	2.10688	1.11539	0.660288
ihec.chipseq.ihec-chipseq-containerv1.1.4.IHECRE00000665.1.15a517d0-8389-43f7-9ce5-66c163ab4bf7.fc.signal	2.3287	2.02077	2.04164	2.35306	2.30251	3.99382	3.70832	1.67594	0.723341	1.64872	2.01432	1.65115	2.30091	2.49764	1.96125	1.16233	1.31653	1.0932	2.79197	4.17196	3.64888	3.20521	2.12756	2.57621	2.58814	2.86636	2.02124	3.57167	3.57819	3.52424	3.31871	1.80797	2.19857	1.9954	3.60037	2.77484	0.601817
ihec.chipseq.ihec-chipseq-containerv1.1.4.IHECRE00003680.3.bb1bb2b2-42c2-4f18-8e8f-61e82ab17b84.fc.signal	2.94895	2.60508	1.59733	1.69291	2.14486	2.08029	2.37376	1.66774	1.33697	2.19515	2.13565	3.01519	2.71503	2.63788	2.0677	1.85976	2.08951	1.77085	2.30499	2.84731	2.14232	2.65716	2.94895	3.38161	4.18295	4.12537	2.9196	1.94612	2.34774	1.45224	1.09506	2.34525	3.51664	2.2068	1.64678	1.51267	0.281042
ihec.chipseq.ihec-chipseq-containerv1.1.4.IHECRE00002058.1.4d89e710-5a41-461f-91a2-bc627bddca0a.fc.signal	0.775474	0.689325	0.693933	0.773101	1.66207	3.1562	2.05047	1.87282	1.42974	2.76951	3.88182	3.37631	1.64938	2.72035	2.44124	4.02446	4.19099	3.16105	1.80327	3.67806	2.16621	2.10053	2.4148	2.94375	2.58069	2.53696	2.45493	2.43557	3.09636	3.54529	1.98558	2.4378	1.61421	1.30057	2.56267	2.74202	0.185865
ihec.chipseq.ihec-chipseq-containerv1.1.4.IHECRE00003675.3.83e601b8-bef8-49e1-b42e-c29a56e1ac1c.fc.signal	1.50605	1.69474	1.47374	1.80283	2.28583	3.34509	2.64392	1.98727	1.03921	2.20818	1.42721	1.48893	1.83976	1.56523	1.70731	1.68348	1.28646	0.968103	1.96048	1.79329	1.87693	1.46757	2.11556	2.17126	3.41095	3.09066	3.10446	2.24769	2.63238	2.81509	2.36943	2.98714	2.62054	1.39783	2.36018	3.0759	0.37858
ihec.chipseq.ihec-chipseq-containerv1.1.4.IHECRE00003685.2.5501f5e6-6354-4e9f-82a5-be852033207e.fc.signal	2.6075	2.12349	2.04025	2.01967	2.11955	1.82299	1.88105	1.8496	1.29326	1.81683	2.44684	2.83141	3.60754	3.08298	1.77869	1.55968	2.16543	2.15084	1.52076	1.51513	1.6056	1.66873	1.66776	1.66497	2.15422	2.39512	2.56012	3.11511	3.3901	3.04897	3.6645	5.36319	5.19853	4.02143	3.10201	2.03691	0.406417
ihec.chipseq.ihec-chipseq-containerv1.1.4.IHECRE00003695.3.a1a38b0a-4e6e-499f-9d4a-f9ed2dd3bf97.fc.signal	3.50701	2.81176	2.6216	2.95354	2.35094	2.03439	2.30147	2.35378	2.52797	4.16262	4.8683	4.07856	4.20035	3.58172	4.01518	4.7054	3.81714	4.39645	4.05069	4.24015	5.04276	5.53225	5.82532	4.94844	5.62188	5.65676	3.82993	4.32236	4.55928	4.30937	3.7485	4.19795	3.53006	3.59789	3.59346	3.39339	0.346276
ihec.chipseq.ihec-chipseq-containerv1.1.4.IHECRE00000972.6.8e264ed8-afdd-468a-8bbe-7ea6fcae8b7f.fc.signal	0.520333	1.46648	0.0204637	0.526772	1.25803	0.823872	2.00625	0	0	0	0	0	0	0	0	0.402265	0.405685	0.187005	0.493164	1.44524	1.75553	2.40883	4.50569	0.765975	4.57459	1.01906	0.753697	3.4034	1.18134	0.696806	0.298631	0	0	1.23507	1.79901	0.856707	0.697059
ihec.chipseq.ihec-chipseq-containerv1.1.4.IHECRE00004681.3.b04c1667-5df4-43cb-a2ab-4a07445dc015.fc.signal	1.07051	0.734028	0.798505	1.08054	0.841647	0.867804	1.00491	0.985602	0.714107	1.10037	1.73289	1.72132	1.46471	1.15575	1.24978	1.43336	2.05208	1.39634	1.28826	1.00377	1.07182	0.700002	1.06154	1.10116	1.16694	1.70544	1.34855	1.44636	1.12494	0.712889	0.775338	1.05061	1.37021	1.34448	0.939353	0.915893	0.757322
ihec.chipseq.ihec-chipseq-containerv1.1.4.IHECRE00001956.2.1e76f479-733a-4b6f-88c7-efe3d559775e.fc.signal	1.48322	1.58881	1.37205	1.43019	0.663185	0.263722	0.855453	0.54772	0.674213	0.417768	0.447417	0.87191	0.720877	0.0769669	0.445856	0.840548	0.522632	1.00346	0.222308	0.345456	0.282972	0.459078	0.0601901	0	1.06241	0.607894	0.775989	0.552743	0.28123	0.321813	0.499498	1.48398	1.17402	0.648735	0.661133	0.919141	0.784211
ihec.chipseq.ihec-chipseq-containerv1.1.4.IHECRE00004655.3.6d9a89cf-1bb4-4db6-850b-ad32b7e2a591.fc.signal	2.46601	1.89265	1.59861	2.44187	1.07765	2.25107	1.87564	2.7216	3.17865	3.36322	1.90063	1.96454	1.1317	1.14172	1.24657	2.08095	1.41882	2.32981	2.28565	1.80508	1.98816	1.64561	1.70989	2.23194	1.95535	4.35019	3.02824	2.80344	2.66596	3.07025	2.11268	1.01252	1.43134	1.00811	1.60054	1.85597	0.558824
ihec.chipseq.ihec-chipseq-containerv1.1.4.IHECRE00000238.3.8ee3bcc0-0a54-4209-87cf-967cca7d6071.fc.signal	5.44903	3.64408	2.75722	3.2054	2.9538	2.40557	2.93748	1.3182	0.345016	0.975063	1.48362	0.656373	1.26661	0.786535	0.161332	2.11282	4.5769	5.60349	9.25417	8.74561	7.65527	5.96149	5.33498	6.73584	7.33931	4.52888	3.04352	1.74123	2.19644	2.2751	2.40471	0.914034	1.89042	5.31462	7.0274	2.95168	0.526637
ihec.chipseq.ihec-chipseq-containerv1.1.4.IHECRE00003690.3.2cafda9b-dfc1-4231-8ed9-6249d923a6a9.fc.signal	1.05355	1.03682	0.975514	0.817742	0.875919	1.21029	1.03141	0.697161	0.40432	0.508768	0.587235	0.441043	0.937324	0.939519	0.991889	0.538227	0.55982	0.454658	0.676919	0.596677	0.752052	1.1138	1.55923	1.48436	2.05609	1.57762	0.994545	0.775611	0.371956	0.360872	0.52946	0.689684	1.14705	0.830258	0.589784	1.18235	0.400566
ihec.chipseq.ihec-chipseq-containerv1.1.4.IHECRE00004728.1.12642e26-117b-4636-816e-4fbed6d5c0a2.fc.signal	2.1983	2.1533	1.03306	1.30894	0.499315	0.718879	0.587227	0.374409	0	0.740894	1.15473	0.524422	1.23216	1.47382	0.705945	2.55911	2.59769	2.61779	1.09137	1.07658	1.37567	1.15546	1.93085	1.22214	1.79543	3.39852	1.85174	2.52712	3.82143	1.51968	1.34463	4.30819	4.37308	2.9615	3.53099	2.45246	0.752137
ihec.chipseq.ihec-chipseq-containerv1.1.4.IHECRE00000195.3.78afa2e5-5711-4b0e-8724-55134969481b.fc.signal	0.921529	3.44662	2.42954	1.25887	0.711335	0	0	0	0.405274	0.606939	0	0	0	0	0	0	0	0.336659	0.145643	0	0	0	0	1.10884	3.22195	2.38571	0.533976	0.506756	0	0	0	0	0.335626	1.11141	0.820193	0.0393275	0.527174
ihec.chipseq.ihec-chipseq-containerv1.1.4.IHECRE00001990.1.66fe7e60-cc70-422a-8d7c-594c9a55eec8.fc.signal	5.2898	2.88087	2.02022	1.89118	2.2942	2.15829	2.2724	1.10495	0.668322	1.41723	1.18128	1.70391	1.59899	1.30123	1.77695	1.43138	1.59534	2.04413	3.38195	3.84017	4.38563	2.16745	2.80586	1.23734	2.38207	1.93722	3.85034	2.80436	4.48357	2.70061	1.90927	1.77122	3.42994	2.66414	2.47407	1.50265	0.158944
ihec.chipseq.ihec-chipseq-containerv1.1.4.IHECRE00001236.5.dd479f7b-7d31-4292-a54c-bd7a49572346.fc.signal	0.690675	1.23921	0.299372	0.220072	2.27521	2.20975	0.797851	0.14271	0	0	0	0	0.277614	0.0872423	0	0.172789	0.439142	0.217752	0.363312	0.581633	0.626275	0.576386	0.250051	0.281174	0.631417	0.203453	0.160515	0.455812	1.23491	2.37001	0.144319	0	0	0.708792	0.172777	0.194202	0.483221
ihec.chipseq.ihec-chipseq-containerv1.1.4.IHECRE00000236.3.5cbd82b6-3f49-4678-a37b-78e82b7626ea.fc.signal	3.75999	4.15829	3.35589	2.80434	3.1968	4.31022	3.39683	0.723051	0	0	0	0	0	0	0	0.0679467	0.15925	1.53164	5.90769	12.2018	9.20428	4.24591	0.929011	1.02882	1.78902	2.46323	5.51845	6.21219	5.44744	4.82885	3.77835	1.09026	1.60428	5.88948	5.6474	1.38434	0.389485
ihec.chipseq.ihec-chipseq-containerv1.1.4.IHECRE00000983.7.28efaa97-cdc8-4335-83a3-064d42b1fd10.fc.signal	1.3596	0.879041	0	0	0	0	0.655116	2.45863	0.979171	0	0	0	0	0	0	0.0399518	2.04413	1.80208	1.37378	2.25355	3.79357	3.22374	1.97523	0	1.90878	0.507929	2.32177	2.34175	3.01148	4.22009	2.93571	0	0	2.17397	0	0	0.439252
ihec.chipseq.ihec-chipseq-containerv1.1.4.IHECRE00000243.3.f32467cb-d7e9-4f5b-9c6b-68e4e838bc49.fc.signal	3.77786	2.16273	1.36656	1.61682	1.25986	0.755312	0.709692	0.219094	0.018124	0	0	0	0	0	0	0	0	0.785154	5.2757	7.48898	3.42106	1.10664	1.29491	1.03236	0.846661	1.54723	3.46847	6.82037	9.37304	7.54021	3.57861	0.368875	0.257426	1.53185	1.93274	1.28441	0.401023
ihec.chipseq.ihec-chipseq-containerv1.1.4.IHECRE00000240.3.309e9998-5ade-4caa-9bdd-4c0118af9852.fc.signal	2.84147	2.18655	2.00808	2.56487	2.87595	3.52911	4.37607	0.926127	0.0680506	0.428495	0.397997	0.0151116	0	0.283802	0.822877	1.55343	1.33509	1.33574	1.6723	2.4948	3.87604	3.25632	3.71478	2.55938	1.68275	1.61387	3.99355	5.56371	3.70348	3.82395	3.21937	1.01266	1.76167	3.99692	2.22853	0.764529	0.27741
ihec.chipseq.ihec-chipseq-containerv1.1.4.IHECRE00004888.1.02118243-425c-40d1-bfb1-ec1fb9f638e9.fc.signal	3.47795	2.78171	1.16965	1.27417	1.85415	0.676699	0.117659	0	0	0	0.116019	0.595401	0.426457	0.656726	0.761783	0.864143	1.95789	0.919322	2.50735	4.25477	3.03344	3.32901	3.28695	1.66573	3.54982	2.16946	2.43436	2.86473	3.12467	2.65214	1.49481	1.35801	1.20683	1.80407	1.50102	1.68494	0.680982
ihec.chipseq.ihec-chipseq-containerv1.1.4.IHECRE00000121.3.e9ec476a-ba27-4442-9d25-8e1fc0abb738.fc.signal	1.02384	3.15809	2.99082	0.541905	0.0448719	0.48077	0.13141	0	0	0.324226	0.604261	0.357323	0.247077	0	0.198755	0.115194	0.281049	0.401103	0.0456258	0.312054	1.05085	0.630946	0.72499	2.1056	0.735585	0.737775	1.34055	0.812423	0.114551	0.424508	0.666372	0.400076	0.942326	1.22291	1.23375	0.733744	0.466258
ihec.chipseq.ihec-chipseq-containerv1.1.4.IHECRE00001852.4.7de26b70-374a-4d7c-b754-070af0779bd1.fc.signal	1.56477	0.657548	0.214487	0.763778	1.01653	0.442051	0.244694	0.447262	0.277392	0.465672	1.69904	1.39041	0.931122	0.272884	0.466019	0.454072	0.387532	0.689256	0.537665	1.26843	0.510893	1.43377	1.6843	0.956358	1.74991	0.752029	0.420453	0.599116	1.32339	0.867599	0.388278	1.13341	1.05997	0.421507	0.426807	1.44168	0.467213
ihec.chipseq.ihec-chipseq-containerv1.1.4.IHECRE00002086.1.102990be-2f15-4965-9094-d6b665cc5fb0.fc.signal	3.35321	2.80124	1.91365	1.47248	1.81862	3.38138	2.70499	0.883656	0.522481	1.65718	2.57498	2.27904	2.83922	0.943207	2.97044	2.90682	1.63974	0.952584	1.47454	2.18825	1.81242	1.07186	0.805664	2.09106	2.8652	2.91929	2.32634	2.32204	3.52682	2.66438	1.93492	1.1083	1.18045	2.30217	2.00263	1.13495	0.19103
ihec.chipseq.ihec-chipseq-containerv1.1.4.IHECRE00001335.1.c1c96665-13fc-49fb-b0cf-b02c0ce3eb01.fc.signal	4.11676	2.49986	2.13831	2.38246	1.51532	2.33557	2.61478	1.95586	1.18119	1.97393	1.55234	1.02408	1.91125	0.958107	0.608948	1.05826	1.77189	2.55635	3.50558	3.96649	5.12563	3.36876	4.07034	4.58474	5.17395	6.45316	3.94033	3.59067	1.19172	2.98117	2.993	1.6043	2.38748	2.7444	3.70175	2.9549	0.689367
ihec.chipseq.ihec-chipseq-containerv1.1.4.IHECRE00000228.3.eab68876-e57f-4e6d-b66b-00c271b4eee3.fc.signal	1.94388	2.66661	2.34811	1.64498	1.57915	1.09834	0.749344	0.178248	0	0	0	0	0	0	0	0	0.0831824	0.705756	3.46782	4.55542	3.20283	0.65363	0	0.144088	1.09039	0.99978	2.79428	6.35325	9.6013	9.05615	2.57205	0	0	0	0	0	0.708397
ihec.chipseq.ihec-chipseq-containerv1.1.4.IHECRE00000775.1.1ad53715-8cce-4edc-8f16-9e6eba200f6e.fc.signal	3.5763	3.5112	2.37525	2.21838	2.83379	4.40523	3.58804	1.68366	0.80932	0.909177	1.39693	1.74414	2.30692	1.23658	1.31514	1.9866	1.94456	1.13493	2.13762	2.74744	2.02844	2.39323	2.91413	1.94511	1.98164	1.97673	2.54402	2.3761	2.57023	2.77902	2.47469	1.84471	2.08211	3.7166	2.59665	1.74681	0.691786
ihec.chipseq.ihec-chipseq-containerv1.1.4.IHECRE00000784.3.5a735e4e-02fc-4cf3-8586-bebcb93dde40.fc.signal	2.72808	2.59311	2.15578	2.69363	1.60645	3.6761	3.11742	1.37982	0.738074	1.93137	3.72903	3.05231	2.08852	1.93123	3.14008	3.94655	2.65944	1.13291	4.13428	3.81283	3.38292	2.13443	2.66661	1.76969	2.53304	1.40505	1.41558	2.07713	3.35347	3.48813	4.65014	3.58651	2.73725	2.99301	2.0885	2.66869	0.630942
ihec.chipseq.ihec-chipseq-containerv1.1.4.IHECRE00003812.1.473c7819-46e8-400e-9bbd-6a85f00dc5a7.fc.signal	1.25764	1.11595	1.49667	1.18839	0.517239	1.02633	1.62243	1.00196	0.99154	1.34559	1.10374	2.23327	0.886336	0.000892133	0.493649	1.35229	0.852465	0.72036	1.94992	2.04454	1.74344	1.69111	1.05573	2.01565	2.95952	2.10137	1.6375	2.02829	1.65487	1.03906	1.5215	1.36603	0.347699	0.623995	0.780274	0.352608	0.910891
ihec.chipseq.ihec-chipseq-containerv1.1.4.IHECRE00001002.4.6ef6e344-86f3-4f04-92f8-daa352b5ef4d.fc.signal	1.33993	0	0.0252464	1.87978	1.78668	1.36426	0.935775	0.480796	0	0.367641	0.315788	0.056552	0.549125	0.077759	0.101322	0.551466	1.34802	1.10765	2.37558	4.8007	3.58929	0.732979	1.61909	0.183807	2.29308	1.27972	1.87829	2.67957	4.71585	1.87829	0.304018	0.195576	0.261553	3.05433	3.86269	0.867679	0.341543
ihec.chipseq.ihec-chipseq-containerv1.1.4.IHECRE00000153.3.50797fd4-7103-44b7-91ec-249af3af060d.fc.signal	2.43335	1.29265	0.99013	1.01501	1.10759	0.548158	1.37404	2.07381	1.12092	1.36098	0.397326	0.192755	0.209682	0.0129	0.538188	1.14711	0.820559	1.47881	0.421784	1.04034	1.63963	2.06726	1.45146	3.40214	1.75166	1.08414	0.220246	0.387297	0.12121	0.118252	0.530837	0.683708	0.686186	0.941635	1.1904	0.784822	0.317365
ihec.chipseq.ihec-chipseq-containerv1.1.4.IHECRE00004608.1.932e0a0c-709e-4631-95af-583a27cb7950.fc.signal	2.2099	1.7816	0.462521	2.17097	1.07929	0.745897	2.57318	2.73945	0.775027	1.17699	0.484451	0.733025	0.818433	1.60561	1.40793	1.20714	0.91164	2.05411	2.20516	2.06597	2.0727	2.44981	3.495	2.27156	2.45408	2.50435	1.41978	2.74509	1.59909	1.25963	1.78326	2.68834	3.18761	1.83107	2.35491	1.29494	0.648829
ihec.chipseq.ihec-chipseq-containerv1.1.4.IHECRE00003683.3.73c26a8d-02d6-4ea5-b361-6e62367bb307.fc.signal	2.11006	1.80171	1.6241	1.60672	1.70694	1.29857	0.728667	0.732332	0.779144	2.06302	3.22304	3.19182	3.0037	3.11199	2.54758	2.02723	1.9171	1.66015	1.34553	1.04805	1.06759	1.03547	1.35033	1.97029	2.65167	2.80585	3.28204	2.87981	2.67423	2.04191	2.31631	2.52135	1.85422	1.55804	1.94894	2.5285	0.352975
ihec.chipseq.ihec-chipseq-containerv1.1.4.IHECRE00001235.5.aea2aa2c-6af2-475c-9bb0-3fdc6d0339b3.fc.signal	4.95283	6.29582	1.27326	1.99476	2.26065	4.45896	0.945442	0.0649882	0.109129	0.391547	0.51069	0	0	0	0.116068	1.76401	1.03211	1.2387	2.98417	2.30828	3.10069	2.66824	3.50283	1.11179	4.53468	1.99341	0.87399	1.01562	1.77944	2.35525	0.613426	0	0.470487	3.6123	2.3995	1.35422	0.311124
ihec.chipseq.ihec-chipseq-containerv1.1.4.IHECRE00001854.4.36abf718-9256-42a8-9dd6-975bef0637c8.fc.signal	2.30131	1.06272	0.933952	1.3886	0.721534	1.39847	1.05427	0.702446	0.365207	1.19201	1.59356	1.98296	1.37753	1.97636	1.58232	1.60181	0.918898	0.564307	0.842885	0.791211	1.5388	1.51207	1.08175	1.66909	2.10726	1.70212	1.49042	1.00088	1.14065	1.10908	1.87513	1.63674	0.905343	1.10772	1.66506	1.84015	0.903614
ihec.chipseq.ihec-chipseq-containerv1.1.4.IHECRE00003679.3.f2c7bc19-404e-47af-b24f-cd6109044afb.fc.signal	5.74653	6.42495	4.4782	3.44366	4.31011	4.95647	5.82588	4.50229	1.77415	3.31953	4.23916	4.25833	4.10957	3.21044	4.65765	4.49978	3.08609	2.68615	2.68475	3.06745	4.3339	4.77211	4.93865	2.64034	4.32109	5.41172	3.9119	3.90395	3.41915	2.83295	3.60449	5.88539	3.96212	3.29181	3.97411	4.10393	0.353594
ihec.chipseq.ihec-chipseq-containerv1.1.4.IHECRE00000233.3.d999326f-0bb9-43a3-80f2-21bc2de5bd70.fc.signal	2.60897	2.91015	2.57121	2.66242	3.3025	2.65986	1.85702	0.350347	0.0020609	0	0	0	0	0	0	0.19922	0.324243	1.45874	4.2731	7.06092	3.79952	0.1264	0.142887	0.41217	0.200591	0.0710782	0.911726	2.42497	3.21316	2.08336	1.29809	0.654538	0.303634	0	0	0	0.376033
ihec.chipseq.ihec-chipseq-containerv1.1.4.IHECRE00001039.6.92d75341-e28f-4aef-b49f-71fb4ab25e3c.fc.signal	7.41808	5.27299	2.37588	3.66698	2.87224	4.17464	4.29116	2.31716	0.82817	2.75192	8.28596	6.12772	2.58226	1.71102	1.65245	2.16441	2.20174	2.62735	3.07554	3.30705	5.74619	5.36819	5.51161	8.05019	9.83047	8.45925	6.51098	7.34194	4.8071	2.49947	5.00581	7.87904	9.2806	7.60999	5.88918	5.6886	0.314917
ihec.chipseq.ihec-chipseq-containerv1.1.4.IHECRE00003677.3.5aafa779-b4bd-44a8-aed7-d566d5881bee.fc.signal	2.85705	1.8687	1.21825	1.54736	2.00234	2.2731	3.57481	2.67973	1.12349	1.1891	1.57527	2.11774	2.09724	1.61715	1.25889	2.90488	3.16077	1.73393	2.22698	2.82562	3.1167	1.84976	3.00908	2.10342	3.1083	3.10621	2.87044	2.31896	1.9167	1.31991	1.39195	4.08191	3.24078	2.71972	2.9635	2.16283	0.198186
ihec.chipseq.ihec-chipseq-containerv1.1.4.IHECRE00001973.1.f006c884-d6f7-470d-8586-314761e38a9f.fc.signal	3.02678	3.25495	3.40121	3.8596	4.48678	5.02903	5.3378	3.94263	1.85834	2.23678	3.28366	2.56441	3.22527	3.44112	3.83331	2.80412	1.93359	2.5293	2.30314	1.99333	1.98249	1.74276	1.61398	1.90782	2.42255	2.24379	2.87531	2.15443	3.01741	3.05414	1.93728	2.21959	2.76023	4.87088	5.24178	3.35655	0.169143
ihec.chipseq.ihec-chipseq-containerv1.1.4.IHECRE00000969.7.cad1b677-714d-4048-b83a-e43043dafcdb.fc.signal	0.356523	0.759289	1.03597	1.10318	0.165326	0.195383	0.271307	0	0	0	0	0	0	0.0064412	0.834716	0.701537	0.130168	0.143566	0.217752	0.223194	0.489054	0.382002	0.18211	0.0259637	0.314455	0.555389	0.0802995	0.464707	0.566301	0.049488	0	0.135972	0.30354	0.719071	1.03879	0.345647	0.706731
ihec.chipseq.ihec-chipseq-containerv1.1.4.IHECRE00002067.1.2da68f5f-3fe3-4c64-8403-feb46554ae0b.fc.signal	1.80467	5.15011	3.82904	3.50491	3.80384	3.08565	2.61599	1.34998	0.909713	1.34341	2.20368	2.31557	2.61552	2.60051	2.15184	3.19674	2.79134	3.68881	3.66659	2.40423	3.85831	4.43288	5.92499	3.4849	4.46868	4.2715	3.6244	2.70736	2.27283	1.38901	2.08716	2.57	1.87192	1.91716	1.89528	1.58945	0.163739
ihec.chipseq.ihec-chipseq-containerv1.1.4.IHECRE00003684.3.bc7bca89-1cba-4915-bcc7-e8d2a2d115f4.fc.signal	1.69634	0.715703	0.412246	0.716779	0.76224	1.21438	1.33743	1.02507	0.448877	0.632134	0.563448	0.112228	1.14369	1.79922	0.690619	0.62873	0.968692	0.89078	0.650535	0.6858	1.45549	0.629439	1.22436	0.95761	1.59699	1.57885	1.1452	1.18056	0.982009	0.701515	1.03344	1.393	0.499812	0.258294	0.445004	0.650845	0.64
ihec.chipseq.ihec-chipseq-containerv1.1.4.IHECRE00003696.3.ffcc32fa-05fb-403b-ada6-3d600e152e76.fc.signal	3.13688	4.12793	3.28475	3.62721	3.15016	4.90447	3.65527	2.22142	0.759743	2.97003	3.69717	3.50643	4.32288	2.63049	4.16578	3.61448	3.17696	2.54542	2.28768	2.62579	2.58857	3.37696	4.22113	4.06026	3.80234	4.49598	3.51181	3.98034	4.42923	2.58043	2.57969	3.06106	4.63044	3.78259	3.08184	4.50039	0.290698
ihec.chipseq.ihec-chipseq-containerv1.1.4.IHECRE00003682.3.aaa0b154-2777-4a76-a919-829c05cb2aa5.fc.signal	2.60894	3.0563	2.26216	1.39382	1.72743	1.01801	1.36078	1.22834	1.122	1.57507	1.93168	1.7288	2.15372	2.36383	2.69899	3.00091	2.40436	1.55999	1.17158	0.87839	1.3601	1.50226	1.77503	2.04001	2.61869	3.26962	3.39808	2.31805	2.14011	1.96593	2.44429	2.85034	2.30812	1.40553	1.88007	1.93389	0.229711
ihec.chipseq.ihec-chipseq-containerv1.1.4.IHECRE00001234.5.7911b36d-fd72-410e-af85-0dad0ab68796.fc.signal	0.680673	0.7125	0.0332677	0.186576	0.516467	0.872761	0.0335857	0	0	0.628941	0.18042	0	0.551378	0.257985	0	0.573246	1.04531	0.165247	1.8237	0.741325	1.90722	0.401667	0.169201	1.24833	0.92484	0.693359	0.447723	1.7455	0.671134	0.0607754	0	0	0.128151	0.305085	0.926386	1.02624	0.663934
ihec.chipseq.ihec-chipseq-containerv1.1.4.IHECRE00004604.3.ac9c59ba-752b-4ad7-b659-fe5b8abc0ae0.fc.signal	3.70911	5.92225	2.84976	2.25094	1.10637	0.529011	0.682208	0.933183	0.102465	1.59205	1.18018	2.27499	4.57128	3.29109	2.74238	3.16067	2.91096	1.44052	3.15992	8.54738	5.52721	3.35817	5.55697	4.13236	5.94892	7.26885	5.22219	3.51336	3.7841	6.27538	4.75559	1.57496	2.25363	3.09448	2.63249	3.49671	0.761838
ihec.chipseq.ihec-chipseq-containerv1.1.4.IHECRE00002063.1.5cbd3cd5-dc33-49dc-ae71-41bb3114f33a.fc.signal	1.27631	1.55198	2.22873	2.51027	2.2612	3.12488	2.21277	1.49992	1.14525	1.13907	1.7751	3.25728	4.07417	4.13765	1.88551	2.47858	2.98702	2.03885	1.73791	1.73184	2.28817	2.98232	3.68533	2.54469	3.356	2.92282	2.69414	3.01666	2.91287	1.96557	2.48597	2.40654	1.8118	2.23377	3.65503	3.12408	0.217565
ihec.chipseq.ihec-chipseq-containerv1.1.4.IHECRE00000221.3.05a353b1-f31c-4062-a970-e6b8e8cfe9a3.fc.signal	3.73247	3.53605	2.72776	3.4503	3.33223	4.06879	1.92282	1.30978	0.254727	0	0.712775	0.989545	0.079618	0	0.0492873	1.67957	1.9336	2.55159	5.99047	6.21795	4.53455	3.08996	5.48999	5.70611	5.8426	4.27292	4.83407	5.56583	6.91177	7.96576	2.20659	0	0.401881	1.39901	1.38005	0.401669	0.598974
ihec.chipseq.ihec-chipseq-containerv1.1.4.IHECRE00000230.3.248f1915-9924-44db-a3f5-cd90c9f34342.fc.signal	3.03694	3.47562	3.44319	1.96947	1.5716	1.6413	0.74756	0.193241	0.008004	0	0	0	0	0	0	0	0	1.22268	5.09862	5.19015	4.11182	1.83035	0.526013	1.53493	3.66692	1.88537	3.47476	5.67456	2.77395	2.16998	0.926952	0.0298126	0.384139	2.66741	3.31505	0.416276	0.394841
ihec.chipseq.ihec-chipseq-containerv1.1.4.IHECRE00000943.7.8ac062ee-be78-42a9-ad2f-ffd51a54aa32.fc.signal	1.99873	2.19122	0.217118	0.831271	0.540248	0	0	0	0	0	0	0.296941	0	0	0	0.102863	0.154632	0	0.770556	1.14799	1.36383	0	0.292674	0.482384	0.929713	0.226403	1.30269	2.01697	0.845346	0.242186	0.103268	0.66254	0.416354	0.527633	0.0213349	0.59589	0.737631
ihec.chipseq.ihec-chipseq-containerv1.1.4.IHECRE00004647.3.8b374ea3-2377-4c12-8ea6-3142fba27eca.fc.signal	2.9134	2.6178	2.83814	2.93341	1.91842	1.74758	1.55562	1.27932	0.833494	0.701112	1.11703	0.905247	0.947408	0.694216	0.658233	1.09057	0.711657	0.841889	1.67252	2.28875	2.12823	1.36815	1.20169	1.27306	1.39731	1.71834	2.67524	2.0642	1.65568	1.9592	1.18572	1.22958	1.22037	0.833731	0.845053	1.05219	0.741117
ihec.chipseq.ihec-chipseq-containerv1.1.4.IHECRE00003691.3.cb518c97-2905-470f-ae3d-4e16b45f68a4.fc.signal	0.913422	1.38628	0.733634	0.907372	1.07527	1.00492	1.36027	1.02847	0.0648852	0.376581	0.759432	0.719441	1.035	0.672707	0.819438	0.724609	0.489352	0.924764	0.7817	1.42196	1.17843	0.811357	1.26717	1.14561	1.45502	2.04054	0.886094	1.50966	1.36231	1.19161	0.505417	0.979114	0.740079	0.741845	1.05171	1.53576	0.379928
ihec.chipseq.ihec-chipseq-containerv1.1.4.IHECRE00001966.2.b1abd689-f97d-4cbd-88da-9a4dcf233100.fc.signal	1.64019	1.98543	2.04136	1.67447	1.6891	1.44808	2.13951	1.46195	0.362531	1.39856	1.88301	0.381738	0.792113	0.701537	0.399435	0.722532	0.977936	0.889421	1.98583	2.744	3.00144	1.42896	2.438	0.62387	0.4072	0.817162	1.20306	1.32039	0.96648	0.957708	0.686659	1.40122	1.02318	0.844359	1.95724	1.58896	0.821168
ihec.chipseq.ihec-chipseq-containerv1.1.4.IHECRE00002005.1.40074ae6-828f-47d9-a397-b67f6a5032c3.fc.signal	6.33014	6.6164	2.97516	2.42129	2.71686	4.02194	2.85949	1.62612	0.802753	2.1403	2.31662	3.69724	2.7216	2.11616	2.82919	3.53114	3.58423	2.05554	4.5169	3.24086	3.69926	4.40315	4.19048	3.69216	3.54111	4.39968	2.2855	3.46563	4.167	5.60363	1.91381	2.24605	2.64353	3.46417	3.07115	3.82773	0.182604
ihec.chipseq.ihec-chipseq-containerv1.1.4.IHECRE00000224.3.91059aa1-cc7c-4c6a-8c0d-23bf4bfa5cae.fc.signal	0.776481	0.847895	0.35458	0.381661	0.803715	0.512441	0.0725907	0	0	0	0	0	0	0	0	0	0.0716373	0.435056	0.912763	0.96406	0.462295	0.228851	0	0	0.07008	0.2336	0.82366	2.06259	1.25218	0.896612	0.571676	0.00155733	0.0513799	0.7287	0.577685	0.0784112	0.541436
ihec.chipseq.ihec-chipseq-containerv1.1.4.IHECRE00003693.3.00bffcc7-6bdd-4dff-a3af-f0bc3467ff95.fc.signal	3.52121	3.42422	2.74222	2.67231	2.65021	3.54733	5.11109	3.71228	2.22011	4.55964	6.58824	5.26429	5.94754	5.2456	5.55817	5.30318	4.9228	4.74256	3.16275	3.88831	3.95159	4.3311	5.68621	5.82906	6.67944	6.62793	5.06107	5.00727	4.72122	3.3397	4.88807	5.88168	5.5565	3.356	3.71725	5.14614	0.411373
ihec.chipseq.ihec-chipseq-containerv1.1.4.IHECRE00001025.7.262bd7c5-c486-496a-a8c6-308bf4207448.fc.signal	3.29592	2.45376	0.778556	1.21817	1.68352	0	0.412462	0.519747	0	0	0	0.0671341	0.863898	0.104657	0	0	0.22661	0.98358	0.855942	1.60401	1.35676	0.769898	1.3534	2.42054	3.44358	2.10633	0.0658213	0.757048	0.581692	0.557788	0.689481	0	0	2.60156	2.02247	0.490615	0.608
ihec.chipseq.ihec-chipseq-containerv1.1.4.IHECRE00003678.3.fc6fd65f-c644-42f3-9ab2-6582bf7f6378.fc.signal	1.39612	1.05007	0.879887	1.9592	2.54251	1.50548	1.2943	1.09259	0.902794	1.82437	1.81497	1.52393	1.1131	0.808741	1.05918	0.655938	0.971527	0.512641	1.40221	0.870053	0.663749	1.02312	2.21485	1.57974	2.09538	2.51971	1.67466	1.13441	1.26353	1.96541	2.21165	2.02613	2.11503	1.532	1.94307	0.572102	0.434439
ihec.chipseq.ihec-chipseq-containerv1.1.4.IHECRE00000949.6.eabfbabf-0398-4a54-beef-06d14e082ca4.fc.signal	4.27351	6.87138	3.95733	3.96635	3.16844	3.49294	0.925873	0.148803	0	0.144326	0.388866	0.118577	0.234239	0.0399471	0	0.0999721	0.343577	0.287826	4.77804	5.39462	3.17078	0.945205	0.408939	0.378562	1.52865	0.57927	1.27899	3.84772	1.00648	2.39193	0.793452	0.130047	0.577841	2.45217	1.69623	0.129327	0.456813
ihec.chipseq.ihec-chipseq-containerv1.1.4.IHECRE00003694.3.fc8c8322-ec2a-42ca-96d8-185645c9908f.fc.signal	3.5021	3.16792	2.57341	3.25073	3.07735	2.77673	4.3945	2.58158	0.997993	2.60056	4.76412	5.53342	5.03057	3.94678	4.9266	4.37431	4.11328	3.76438	2.90894	4.25332	4.20318	3.57085	4.65962	5.16589	6.59717	7.30642	5.83372	3.85939	3.36269	3.78737	3.52899	4.41463	4.76717	3.27538	4.00668	4.32018	0.369195
ihec.chipseq.ihec-chipseq-containerv1.1.4.IHECRE00001892.4.f92b9e80-4bf7-4519-837e-1a5c78d2d2b2.fc.signal	0.984645	1.41535	1.21663	2.08153	0.330386	0.055404	1.22102	0	0	0.65484	1.10058	0.118956	0.4023	0.247636	0	0.612907	0.69319	0.959271	3.39055	3.06857	2.74993	1.01717	0.686056	1.09577	1.74001	1.66181	1.9768	1.62908	0.549365	0.48273	0.785436	0.287866	1.1693	0.127303	2.44219	2.46696	0.247619
ihec.chipseq.ihec-chipseq-containerv1.1.4.IHECRE00001963.2.a69914d6-c947-4064-9120-21fa14734e92.fc.signal	0.387999	0.218328	0.0875946	0	0	0	0	0	0.0130305	0.164963	0.0221794	0	0.0187512	0.143222	0.133948	0.146267	0.044505	0	0	0	0	0.0399847	0.218061	0.379179	0.495852	0.0998375	0.109248	0.270407	0.0398464	0.160519	0.0288319	0.1268	0.037371	0	0.00147427	0.12525	0.25
ihec.chipseq.ihec-chipseq-containerv1.1.4.IHECRE00004618.1.209b7d40-2aaf-4f0d-9a2f-e178d8a84b13.fc.signal	2.04889	2.02827	1.0051	1.60457	1.64396	1.35261	1.19576	0.475703	0.145321	0.336647	0.851649	0.721914	1.3019	1.58909	1.22155	0.88593	1.51117	0.739333	0.896688	0.594385	1.24231	1.21462	1.74836	1.57389	2.49995	0.948076	1.72046	1.48459	2.86418	1.05456	1.52674	1.03652	1.14167	0.896213	0.706857	1.79997	0.642157
ihec.chipseq.ihec-chipseq-containerv1.1.4.IHECRE00004664.3.6712588d-45c1-44ec-9f01-5f62fc9e99bb.fc.signal	2.90082	3.69839	3.26851	2.17623	1.79207	2.48282	1.99842	1.0639	0.646126	1.51323	1.46603	0.847361	1.47616	1.19665	0.996564	1.80689	2.01059	1.82203	2.17865	2.37054	1.84743	1.96613	2.2024	2.36042	2.49642	2.14906	2.66849	3.94418	3.61586	2.73958	1.95419	2.31882	1.90722	1.36939	1.10422	1.46925	0.694033
ihec.chipseq.ihec-chipseq-containerv1.1.4.IHECRE00001997.1.1f6ac71d-93cf-4d13-a14c-23ecb52e3983.fc.signal	4.95631	3.20336	2.452	2.49341	3.20955	2.63588	2.82883	1.37943	0.754774	1.28703	2.3381	1.32013	2.97839	2.02612	2.68316	2.89751	2.83683	2.76411	5.0876	4.25887	4.2086	3.58694	5.02311	4.86701	5.32935	2.94231	1.43589	3.72957	3.60764	2.22055	1.40052	1.28333	1.41571	1.5222	1.47389	2.33286	0.18895
ihec.chipseq.ihec-chipseq-containerv1.1.4.IHECRE00001027.7.dcf25794-5ac8-4a6d-9033-a30e1a31178f.fc.signal	1.51154	1.5904	1.88247	0.577104	0	0.936192	2.25071	1.55819	0.211605	0	0	0.115421	1.29528	1.44971	1.28153	3.08431	1.53278	0.783485	1.3597	2.65822	3.02469	2.7472	1.80475	3.15319	4.42123	2.42905	3.11484	4.22765	1.63513	1.16703	0.0577104	0	0.968255	2.8299	1.82208	2.12547	0.738189
ihec.chipseq.ihec-chipseq-containerv1.1.4.IHECRE00000250.2.07db7868-f10a-4d85-bd5f-aa9358240c1f.fc.signal	1.83428	2.53337	2.09123	1.24606	0.326686	0.264028	0.389596	0.355448	0.15913	0.130754	0.225204	0.452006	0.974484	0.621696	0.916856	0.438471	0.515073	0.872821	0.688104	0.581017	0.819126	1.06916	0.77579	0.79124	1.51731	1.66128	0.902772	0.59465	0.463174	1.26694	0.933318	0.931163	0.598476	1.11473	0.308588	1.34539	0.787938
ihec.chipseq.ihec-chipseq-containerv1.1.4.IHECRE00000001.4.8f91a2fb-7003-480a-b893-926d784b78c7.fc.signal	1.48826	0.791127	0.414169	0.34848	0.179676	0.109325	0.0802688	0	0.106012	0.494007	0.199063	0	0	0	0.0385283	1.68283	2.02742	0.814654	1.77985	1.84174	2.37704	2.62963	2.31682	2.5577	3.16493	1.88189	1.22281	1.85011	2.34648	2.822	1.21278	0.252593	0.0685848	1.002	1.25006	0.358963	0.531148
ihec.chipseq.ihec-chipseq-containerv1.1.4.IHECRE00002076.1.7e792a01-04c2-4297-a3a4-2a7110dfb8d8.fc.signal	2.92037	2.7562	2.30155	1.51704	2.73013	3.29078	2.45386	0.670192	0.904262	1.75288	1.8776	1.95755	2.08363	2.90197	2.90059	2.40239	3.36959	2.0606	3.55533	4.86967	3.37846	1.93305	1.79266	1.79309	1.62483	1.85197	1.36406	2.34965	2.39862	2.08887	1.01225	1.09144	1.24475	1.50297	2.02467	1.78047	0.187569
ihec.chipseq.ihec-chipseq-containerv1.1.4.IHECRE00000864.3.807b95cf-3868-4ccf-8959-450b4ce9bd14.fc.signal	2.92446	3.44557	3.12587	2.5086	1.87051	2.40717	1.85462	0.743039	0.689297	0.828202	1.08223	1.33068	0.821679	2.02588	2.47513	3.30342	3.35484	2.04398	2.95207	2.33899	0.779159	2.54562	2.87274	1.35924	1.40678	3.91799	5.27233	3.12964	2.55624	2.92001	1.37088	2.29723	3.54307	2.05721	2.50354	1.9537	0.603926
ihec.chipseq.ihec-chipseq-containerv1.1.4.IHECRE00004641.3.f283db42-039d-42b0-abf6-5e11b1f7b362.fc.signal	2.00365	1.70263	1.61534	1.72739	1.44719	1.24422	2.05844	2.5694	2.32428	0.979611	1.73413	1.28912	1.00527	1.24626	1.0907	1.54663	1.4242	1.07037	1.85305	2.11019	1.52963	0.8137	1.12217	0.726816	1.80221	1.97374	1.83274	1.79953	2.00235	1.30186	0.817496	0.989266	2.33833	1.37615	1.51815	1.76437	0.501529
ihec.chipseq.ihec-chipseq-containerv1.1.4.IHECRE00003686.3.17631993-4bed-42bb-94e8-db02b030412c.fc.signal	0.957132	0.462066	0.405574	0.45938	0.572773	0.492444	0.805822	0.702359	0.489517	0.509446	0.806189	1.59514	1.81861	0.944808	0.363946	0.161772	0.152376	0.255784	0.383631	0.435148	0.414836	0.504832	0.52885	0.488056	0.694083	1.22367	1.43962	0.734942	0.497334	0.538077	0.540943	1.29828	0.866879	0.469444	0.714515	0.94681	0.610465
ihec.chipseq.ihec-chipseq-containerv1.1.4.IHECRE00000980.8.b168494f-d47a-403c-8246-740897ab3321.fc.signal	3.7179	2.00152	1.45561	1.43826	0	1.42692	2.2137	0.229051	0	0	0	0	0.771529	0.0824535	0.223802	0.730302	2.26035	1.28249	3.45625	2.87905	2.95463	1.49719	0.89733	0	1.80656	5.08242	2.03571	1.72245	0.665517	0.995327	0.901094	0	0.106012	4.48608	3.56088	0.510967	0.874548
ihec.chipseq.ihec-chipseq-containerv1.1.4.IHECRE00004615.1.cf454773-02e8-4ae6-8d9d-05793e9b3346.fc.signal	1.82079	2.14614	0.806377	1.47525	0.850404	0.689481	0.960966	0.650134	0.455155	1.83862	0.601351	0.783297	0.664067	0.9124	1.12724	0.657792	0.82159	0.762873	0.999884	1.41379	1.33979	1.56779	2.40763	2.54519	1.98356	1.4447	1.66555	2.24897	1.67128	2.06591	2.15214	3.38709	2.72129	1.84155	0.897565	0.789996	0.69419
ihec.chipseq.ihec-chipseq-containerv1.1.4.IHECRE00001011.4.8f80b5ae-2ed4-49bd-9661-ee91c91c6668.fc.signal	0.66025	0.602757	0.446335	0.810486	0.696167	0.38782	0.256993	0.05691	0.0209561	0.511669	0.282006	0.0864076	0.330043	0.199935	0.202556	0.302964	0.516045	1.12809	0.935749	1.41389	2.12571	1.83623	0.330029	0.373721	1.23464	1.16828	0.827779	1.03362	1.50175	2.10867	0.55358	0.20777	0.711627	1.31061	0.457533	0.32972	0.648855
ihec.chipseq.ihec-chipseq-containerv1.1.4.IHECRE00001891.4.58c4ce3b-b697-4bca-9ab1-5a18cc61f42e.fc.signal	0.717263	0.526991	0.621043	0.248102	0	0	0	0	0.38313	0.493468	1.41355	0.941541	1.05455	1.63608	1.35161	0.707463	0.489714	0.236992	0.817389	0.737817	0.540932	0.422074	0.738709	1.14834	0.677773	0.729503	0.259568	1.47332	0.115828	0.424001	0.933867	0.60133	1.54371	3.38739	0.572076	0.638546	0.584967
ihec.chipseq.ihec-chipseq-containerv1.1.4.IHECRE00000957.7.43e107f7-e0f6-47a5-a7b8-13ab80c11387.fc.signal	4.21369	4.32091	2.63672	1.9846	2.1757	0.459007	1.3036	0.856201	0	0.513008	0.0462864	0	0	0	0.019286	3.75537	2.68859	0.726549	1.7441	4.18782	2.11458	2.99801	1.96216	1.66982	2.50419	1.28747	2.04408	2.66493	1.1704	2.20985	0.829224	0	0.165854	2.15089	1.79581	0.4692	0.817619
ihec.chipseq.ihec-chipseq-containerv1.1.4.IHECRE00000987.6.29b8d050-beec-45b5-afda-a75534d88bfc.fc.signal	5.00423	2.56098	1.39569	2.08543	1.72564	0.667259	2.28849	2.54866	0.937675	3.39543	2.68327	0.514309	2.44837	0.664023	3.36019	4.28604	2.62337	1.44059	3.72851	3.29891	3.4845	3.63955	7.21052	5.27113	7.0079	5.09331	5.44417	3.43316	1.08743	1.86934	2.09815	2.24952	4.63353	4.70134	6.71274	5.6021	0.326664
ihec.chipseq.ihec-chipseq-containerv1.1.4.IHECRE00000235.3.aaf97294-2366-43c8-9d83-3dd7259e070e.fc.signal	3.65082	3.83109	3.16839	1.98744	3.11596	3.66739	2.66337	0.427062	0.220443	0	0	0	0	0	0.241651	0.405632	0.241651	2.56242	12.0051	19.2331	10.572	1.34693	0.180873	0.374521	0.624665	0.973782	5.62096	9.09585	11.1657	9.57866	4.35742	0.408437	0.0918493	0.21196	0.288298	0.208996	0.358696
ihec.chipseq.ihec-chipseq-containerv1.1.4.IHECRE00001016.4.a39e5205-5c09-4c97-9b2d-d4bf8542f324.fc.signal	0.606719	0.759958	0	1.2431	0.571068	1.13344	0.752692	0.483536	0	0	0.0902087	0.45669	0.00959667	0	0.355004	0.873042	0.372029	0.0332193	0.794624	0.876981	1.14458	1.1493	1.15225	0.0643149	1.02214	0.199595	0.425139	0.0203837	0	0.0825313	0.527694	0.773299	0.619008	0.917047	0.0431645	0.0196536	0.5
ihec.chipseq.ihec-chipseq-containerv1.1.4.IHECRE00003803.1.cbcfbcdb-4d41-42fe-a44e-156c7af5f576.fc.signal	1.57162	0.0742156	0	0.657416	0.699292	0.0521232	1.06348	1.70831	1.94421	0.945602	0.0918027	0.0915107	1.546	0.796408	0.484045	0.54111	0.13072	1.19624	1.16654	0.143045	0.42128	1.02931	1.75466	2.26009	1.15025	0.856823	1.39442	3.74388	0.443005	0	0	1.06741	2.00974	2.22135	0.226586	0	0.610169
ihec.chipseq.ihec-chipseq-containerv1.1.4.IHECRE00003818.1.f4551532-527f-469b-8771-a060adbc4ccb.fc.signal	1.85737	1.76375	1.31869	1.27931	0.782263	0.609053	0.982727	1.00765	0.631465	0.519308	0.740794	0.365468	0.875862	0.35681	0.401416	1.02677	0.928816	1.32547	1.95167	2.91343	2.41564	1.48845	1.72421	2.05704	1.40304	1.28613	1.83195	0.857967	0.854091	0.658054	1.01693	1.26858	0.287017	1.10307	0.952732	0.957636	0.768817
ihec.chipseq.ihec-chipseq-containerv1.1.4.IHECRE00001050.8.4e18a6eb-11aa-493b-81e3-0b3e288cecdd.fc.signal	5.74801	7.2579	4.02678	3.29132	1.51727	2.69886	2.67819	1.26039	1.4479	2.39435	3.34675	3.19591	1.50575	1.25481	4.25082	3.07935	4.02774	4.96284	6.44723	5.88723	5.9813	6.27439	5.98795	5.39301	8.24005	7.00176	6.00789	7.45785	4.55149	4.2771	3.94688	4.27889	5.14522	7.92379	5.95127	4.54981	0.454756
ihec.chipseq.ihec-chipseq-containerv1.1.4.IHECRE00000992.7.674a18bf-8b42-412f-a2ea-cabb31234aa2.fc.signal	2.12164	3.10368	1.72579	1.33658	0.523097	0.206012	1.52232	0.41356	0	0.18108	0.528668	0.0680384	0.695488	0.317877	0.0237127	0.636738	1.71622	0.889086	1.69082	1.47903	1.52666	1.63404	2.94576	1.818	4.66865	2.16405	1.81214	1.71631	0.546949	0.57505	0.353318	0	0.0733417	3.93138	2.37555	1.73789	0.384384
ihec.chipseq.ihec-chipseq-containerv1.1.4.IHECRE00003676.3.fa45989e-2fad-4f13-b899-3405cf3f81a7.fc.signal	1.05434	3.68004	1.32196	1.9425	1.13068	1.42602	0.582728	0.315511	0.212855	1.26713	0.802772	1.48076	2.08475	1.56653	1.68019	0.533675	1.73776	1.31135	1.56476	1.78071	1.05332	1.52895	3.19817	2.54221	3.36391	2.20256	1.58916	2.9155	3.19951	3.68895	1.85839	2.66603	1.93916	0.858837	0.876233	2.41114	0.454726
ihec.chipseq.ihec-chipseq-containerv1.1.4.IHECRE00001012.4.5c8bdd5b-6d3c-4993-a4d6-e582a59f7d7d.fc.signal	0.553063	1.11104	0.744465	0.426039	0.2837	1.19979	0.492833	0.0573192	0	0.334505	0.541548	0.324907	0.200667	0.221361	0.651475	0.353563	0.337636	0.414169	1.7044	1.54403	1.36358	1.02342	0.711995	0.798046	2.15081	1.80189	0.331853	0.994901	2.05257	1.63876	0.826787	0.546055	1.08969	0.895443	0.937008	0.827092	0.703297
