	chr1:240331618-240331767	chr1:240331768-240331917	chr1:240331918-240332067	chr1:240332068-240332217	chr1:240332218-240332367	chr1:240332368-240332517	chr1:240332518-240332667	chr1:240332668-240332817	chr1:240332818-240332967	chr1:240332968-240333117	chr1:240333118-240333267	chr1:240333268-240333417	chr1:240333418-240333567	chr1:240333568-240333717	chr1:240333718-240333867	chr1:240333868-240334017	chr1:240334018-240334167	chr1:240334168-240334317	chr1:240334318-240334467	chr1:240334468-240334617	chr1:240334618-240334767	chr1:240334768-240334917	chr1:240334918-240335067	chr1:240335068-240335217	chr1:240335218-240335367	chr1:240335368-240335517	chr1:240335518-240335667	chr1:240335668-240335817	chr1:240335818-240335967	chr1:240335968-240336117	chr1:240336118-240336267	chr1:240336268-240336417	chr1:240336418-240336567	chr1:240336568-240336621	Expression
ihec.chipseq.ihec-chipseq-containerv1.1.4.IHECRE00000222.3.123ef280-d4ea-4ca0-978c-a10942825cc4.fc.signal	0	0	0	0	0	0	0	0	0	0	0	0	0	0	0	0	0	0	0	0	0	0	0	0.572111	0.966976	0.238906	0.121981	0.617215	0.427053	0.23726	0.311131	0.356931	0.270707	0	0.218519
ihec.chipseq.ihec-chipseq-containerv1.1.4.IHECRE00003404.1.88cb95dd-5a6d-4570-8a21-b967680b5521.fc.signal	0	0.226823	0.62125	0	1.33502	1.26246	0	0	0	0	0	0	0.099438	1.1867	0.850869	0.960643	0.95705	0.034092	0.159811	0.69419	0	0	0.284937	0.617328	0	0.0527625	0.426889	0.346809	0.124045	0	0.348031	0.555399	0.828103	0.13153	0.57485
ihec.chipseq.ihec-chipseq-containerv1.1.4.IHECRE00002065.1.d29b7bc4-75ef-437b-ab43-12a3fcfc38d5.fc.signal	0.779112	0.879927	0.571651	0.357785	1.16659	1.3873	0.111681	0	0.0632172	0.655772	1.49611	0.551992	0.180189	0.0527791	0.74821	0.837431	0.627785	0.763125	1.00702	0.53897	0.220725	0.351095	0.651507	1.65418	1.23348	0.828746	1.03278	1.73499	1.70691	0.730802	0.393149	0.912453	0.769212	0.341734	0.48594
ihec.chipseq.ihec-chipseq-containerv1.1.4.IHECRE00004713.2.44d9234d-e938-4209-8bc5-a1f9ee0dcbe4.fc.signal	0.700778	1.13777	0.693366	0.829254	0.350299	0.424209	0.152808	0.82535	0.32281	0.154874	1.08365	0.73773	0.693752	1.55005	0.851591	1.10124	0.307085	0.530738	0.740664	0.198019	0.204086	0.952683	0.852887	0.531101	0.632301	0.685883	0.702302	0.422118	0.273407	0.998487	1.03588	0.240344	0.315285	1.33991	0.514706
ihec.chipseq.ihec-chipseq-containerv1.1.4.IHECRE00003398.1.142e6ed2-5832-4fa6-8a6b-9ed4d6f47d60.fc.signal	0.841032	1.3453	0.247522	0.626815	0.875746	0.240909	0.749441	0.606051	0.0204054	0	0.371459	0.519621	0	0.412718	1.10443	0.255919	0.943576	0.506064	0.946468	0.507406	0.847205	0.57052	1.30648	1.18949	1.44295	1.82609	0.617645	1.68506	0.294696	0	0.149624	2.42935	0.585841	0.528986	0.645756
ihec.chipseq.ihec-chipseq-containerv1.1.4.IHECRE00003680.3.bb1bb2b2-42c2-4f18-8e8f-61e82ab17b84.fc.signal	2.42133	3.88517	2.5916	2.65129	2.94475	2.67562	2.22452	3.24394	2.07638	1.45827	1.99472	1.72812	1.0439	2.42322	3.79753	2.98083	3.84866	4.27631	4.3325	5.07958	4.84898	4.01972	3.6546	2.29575	1.98756	2.15551	2.76572	1.26944	1.30682	1.19335	0.82884	1.0548	0.635569	0.274827	0.711123
ihec.chipseq.ihec-chipseq-containerv1.1.4.IHECRE00002058.1.4d89e710-5a41-461f-91a2-bc627bddca0a.fc.signal	0.400316	1.00868	0.874422	0.966296	0.947289	0.771436	0.128933	0.485302	0.62446	0.880326	0.651413	0.702211	0.318526	0.884353	1.4387	0.335649	1.02922	1.08279	0.399555	0.677359	0.232649	0.226312	0.223231	0.477139	0.750879	0.523821	0.322815	0.775984	0.744186	0.497114	0.72641	1.48956	1.11656	0.463399	0.540359
ihec.chipseq.ihec-chipseq-containerv1.1.4.IHECRE00003675.3.83e601b8-bef8-49e1-b42e-c29a56e1ac1c.fc.signal	0.299499	1.6735	1.90225	1.75852	1.56891	1.28821	0.556707	0.359473	0.599146	0.979822	1.37727	1.14243	1.42836	1.0711	0.683927	1.77946	2.22817	2.46299	1.59588	1.51492	0.849579	1.51288	1.42765	1.51624	1.81069	2.32631	2.40153	1.65233	2.04256	1.65671	1.36358	0.667485	0.318408	0.594939	0.514872
ihec.chipseq.ihec-chipseq-containerv1.1.4.IHECRE00001956.2.1e76f479-733a-4b6f-88c7-efe3d559775e.fc.signal	3.56744	2.31873	3.3388	3.21862	3.19418	2.36184	1.09793	2.01869	2.35599	1.25842	2.07283	3.57249	3.38312	2.69326	2.77538	4.51776	4.26726	3.27763	2.43581	1.75298	3.00582	5.52576	3.33478	5.26615	4.66898	2.87406	3.8227	3.27572	3.12708	0.698642	2.09228	2.68763	2.06836	1.94206	0.397516
ihec.chipseq.ihec-chipseq-containerv1.1.4.IHECRE00000238.3.8ee3bcc0-0a54-4209-87cf-967cca7d6071.fc.signal	1.00623	1.83887	0.480057	0.762132	1.66937	0.576337	0.394641	0.250854	0.401424	0.119317	0.146464	0.40685	0.0542441	0.871979	0.726848	0.588553	1.45647	0.981838	0.136972	0	0	0	0.48414	1.09168	1.00353	1.17551	1.20762	0.826186	1.13562	1.1675	0.672976	0.564537	1.169	1.02839	0.27492
ihec.chipseq.ihec-chipseq-containerv1.1.4.IHECRE00004728.1.12642e26-117b-4636-816e-4fbed6d5c0a2.fc.signal	1.22596	0.706809	0.649938	0.433793	0.936857	0.944647	0.142146	0.283706	1.44651	1.40438	0.265365	0.834131	0.769301	1.01099	1.53545	2.92087	0.66077	0.580476	0.445436	1.85929	1.53232	1.94065	0.702308	1.1589	1.20824	0.327118	0.566075	0.595046	0.783123	1.02618	1.29824	1.02182	0.37305	0.588017	0.217822
ihec.chipseq.ihec-chipseq-containerv1.1.4.IHECRE00001990.1.66fe7e60-cc70-422a-8d7c-594c9a55eec8.fc.signal	0.905498	0.854365	0.492036	0.396987	1.06797	0.641716	0.471135	0.694257	0.662852	0.471369	0.784743	0.794747	1.04477	0.739607	0.425261	0.0988795	0.234143	0.998165	0.720585	0.9669	0.527566	1.53977	1.22925	0.620743	1.09065	1.16367	0.494677	1.5401	1.19758	0.98226	0.868666	0.3431	0.771172	0.393407	0.721944
ihec.chipseq.ihec-chipseq-containerv1.1.4.IHECRE00003400.1.7fc89be2-980d-4ea6-a09b-d10627d38b89.fc.signal	0.725077	0.0149101	0.15182	0.164824	0	0	0	0.429026	0.249511	0.584223	0.233366	0	0	0	0.461256	0.129407	0.968068	1.65332	0.836537	0.647555	0.898172	0.641133	0.447808	0.349302	0.41488	0	0.416265	0.00722933	0	0.172869	0.481997	0	0.169903	1.34704	0.343511
ihec.chipseq.ihec-chipseq-containerv1.1.4.IHECRE00000243.3.f32467cb-d7e9-4f5b-9c6b-68e4e838bc49.fc.signal	0.353482	0.229251	0	0	0	0	0.133196	0.311218	0.199794	0.0217725	0	0	0	0	0	0	0	0	0	0	0	0	0.112705	0.626306	0.913256	0.359885	0.41496	2.65514	5.57381	4.53667	1.03874	0.00640367	0	0	0.384887
ihec.chipseq.ihec-chipseq-containerv1.1.4.IHECRE00000240.3.309e9998-5ade-4caa-9bdd-4c0118af9852.fc.signal	0.324118	0.794339	0.582743	0.579381	0.935411	0.347618	0	0.169615	0.50382	0.216638	0	0	0	0	0	0	0.361069	0.50382	0.0486956	0.37784	0.421513	0.171275	1.40059	3.36885	2.07571	0.411434	0.505499	1.71829	3.04739	2.11986	1.17482	0.589452	0.384572	0	0.504121
ihec.chipseq.ihec-chipseq-containerv1.1.4.IHECRE00003836.3.9aa71da8-fe78-48e5-b5e7-94900a3e3afc.fc.signal	0.965752	0.674616	0.325781	0.590371	0.500182	0.425105	0.399265	0.814361	0.808657	0.729664	1.28853	1.35009	0.987229	0.227116	0.38206	0.81839	1.02235	0.556857	1.40505	1.79108	0.878829	0.58809	1.03735	0.754401	0.802467	0.688865	0.784912	1.08721	1.1034	0.638303	0.281365	0.671372	0.416502	0	0.753846
ihec.chipseq.ihec-chipseq-containerv1.1.4.IHECRE00004888.1.02118243-425c-40d1-bfb1-ec1fb9f638e9.fc.signal	2.84269	2.24941	2.12976	0.607155	2.033	1.64337	0.226897	0.668907	1.51829	0.866066	0.386233	0.662297	1.18706	0.609802	1.33474	1.42224	0.794448	0.488418	2.25862	2.64599	1.15431	1.48576	2.10082	2.07734	1.89815	1.85524	1.6872	1.52111	2.96838	1.96605	2.10751	2.13819	1.17208	0.57698	0.451809
ihec.chipseq.ihec-chipseq-containerv1.1.4.IHECRE00002086.1.102990be-2f15-4965-9094-d6b665cc5fb0.fc.signal	1.43458	1.07096	0.681016	0.651189	0.195013	0.372391	0.166345	0.201901	0.603123	0.520763	0.970161	0.667114	0.154883	0.59845	1.63187	1.03481	1.6163	1.55178	1.62091	1.61884	0.941809	1.01818	1.18462	0.587225	0.610694	1.12236	0.697354	0.624794	0.573742	0.412135	0.75575	1.06735	0.412552	0.613864	0.712707
ihec.chipseq.ihec-chipseq-containerv1.1.4.IHECRE00001335.1.c1c96665-13fc-49fb-b0cf-b02c0ce3eb01.fc.signal	1.14742	3.14466	2.71908	1.35464	1.86369	0.747897	0.659848	1.25948	0.857066	1.44536	2.10938	1.17212	0.789522	0.981643	1.22205	1.00411	2.2096	3.15039	3.05029	3.98034	3.04448	3.86024	3.85362	5.99823	6.50411	3.61261	4.46204	5.12022	2.04526	0.13705	1.15442	2.35426	1.12989	0.577269	0.364865
ihec.chipseq.ihec-chipseq-containerv1.1.4.IHECRE00001002.4.6ef6e344-86f3-4f04-92f8-daa352b5ef4d.fc.signal	0.106035	1.17362	1.40695	0.664616	0.749467	0	0	0.242749	0.919144	0.205018	0	0	0	0.155518	0.457181	0.07069	0.148471	0.535008	0	0	0	0	0.240358	1.86654	2.1517	0.730553	1.49884	1.43899	1.57393	1.65945	1.579	2.01263	0.280463	0	0.553068
ihec.chipseq.ihec-chipseq-containerv1.1.4.IHECRE00001854.4.36abf718-9256-42a8-9dd6-975bef0637c8.fc.signal	2.3474	2.2718	2.96274	2.70842	2.0243	1.33814	0.765571	2.06775	2.44247	1.83392	2.03908	2.03192	1.58004	0.983419	2.057	2.21971	2.88164	4.04053	3.74164	2.5574	3.40592	3.04352	2.90678	2.42749	2.26485	2.45003	2.93395	2.74181	1.98696	1.21582	1.30325	2.61618	1.12267	1.19591	0.0544104
ihec.chipseq.ihec-chipseq-containerv1.1.4.IHECRE00003679.3.f2c7bc19-404e-47af-b24f-cd6109044afb.fc.signal	2.74181	2.62565	2.74288	2.84102	3.19127	2.84816	1.84853	1.58212	1.65616	1.42805	1.31367	1.81414	1.70572	1.94082	2.35759	2.49645	3.48746	2.5837	3.06898	2.47792	1.72886	2.76684	3.18097	3.23225	3.74646	2.63315	2.12424	1.64359	2.24129	1.86222	1.69343	2.19958	1.99928	1.55729	0.384527
ihec.chipseq.ihec-chipseq-containerv1.1.4.IHECRE00001039.6.92d75341-e28f-4aef-b49f-71fb4ab25e3c.fc.signal	5.19404	3.91643	4.12802	3.7664	5.34464	4.15871	1.47315	2.27947	3.18682	2.14488	2.35688	3.68664	1.30659	1.62768	1.67048	4.44629	5.00512	5.6682	4.69959	4.7891	2.77083	4.55214	5.09263	7.35835	4.6147	4.63846	4.94697	6.06119	3.12383	0.40897	0.377806	2.39939	5.32346	3.12669	0.766082
ihec.chipseq.ihec-chipseq-containerv1.1.4.IHECRE00003677.3.5aafa779-b4bd-44a8-aed7-d566d5881bee.fc.signal	2.33295	1.42298	1.81128	1.92738	2.23139	1.47907	1.33708	2.34934	2.43037	1.64969	0.856006	1.57167	0.764569	1.27921	1.74666	2.50038	4.27441	3.29989	1.93937	2.84904	1.78235	1.04882	2.16866	1.85917	2.40745	2.14226	2.03695	0.907729	1.24098	1.39335	1.14724	1.48129	1.80696	1.0493	0.770359
ihec.chipseq.ihec-chipseq-containerv1.1.4.IHECRE00001973.1.f006c884-d6f7-470d-8586-314761e38a9f.fc.signal	0.46134	0.340121	0.938951	0.821418	1.07524	0.980877	0.443715	0.379762	0.541326	0.290611	0.810925	0.580347	0.537178	0.747727	0.677766	0.199881	0.372346	1.538	1.11775	1.8125	0.96608	1.09759	0.987532	0.619658	0.306104	1.1781	1.84191	1.86469	1.60612	1.22777	0.910757	0.888211	0.913205	0.235926	0.482805
ihec.chipseq.ihec-chipseq-containerv1.1.4.IHECRE00003396.1.caf1b051-51fa-44fc-a0cc-329416432529.fc.signal	0	0	1.38065	1.14791	0.755252	0.0770202	0.572516	1.13443	0.824188	0	0.177987	0.737974	0.584887	0	0.256544	0.791222	1.53159	0.988786	0.0166123	1.45575	0.852665	1.89973	2.29071	1.59497	1.07268	0.419851	0.555684	2.93666	1.55079	0	1.12864	1.05594	0.448008	0.880232	0.382114
ihec.chipseq.ihec-chipseq-containerv1.1.4.IHECRE00002067.1.2da68f5f-3fe3-4c64-8403-feb46554ae0b.fc.signal	0.72169	1.27258	0.595269	0.550745	0.473999	0.456557	0.224349	0.320494	1.41983	0.933646	0.531414	1.24528	1.28001	0.74113	0.525656	0.295373	0.743781	0.83482	0.792517	1.03617	0.896479	0.962185	0.967922	1.25915	0.34162	0.508049	0.437317	0.39686	0.715213	0.461298	1.55986	1.20471	0.607177	1.68291	0.475598
ihec.chipseq.ihec-chipseq-containerv1.1.4.IHECRE00003682.3.aaa0b154-2777-4a76-a919-829c05cb2aa5.fc.signal	1.91959	1.43599	1.90802	1.12575	1.13326	1.46026	1.88618	1.24879	0.803295	0.882358	0.885122	1.67506	2.25455	2.2804	2.83482	3.06735	2.79423	2.54696	3.2999	4.14667	2.50628	2.27229	2.49305	1.61408	1.42025	1.44305	1.88083	1.1019	1.08194	0.772241	1.55768	1.30742	0.357875	0.647983	0.693966
ihec.chipseq.ihec-chipseq-containerv1.1.4.IHECRE00004604.3.ac9c59ba-752b-4ad7-b659-fe5b8abc0ae0.fc.signal	0.685031	1.1844	2.07864	0.702098	0.89629	2.3582	0.851506	1.73087	1.71588	1.13322	3.15333	1.21095	0.600184	1.6753	2.31338	1.00944	1.38084	0.710644	0.539919	2.35393	1.50666	1.20795	1.87164	2.80864	2.635	1.52899	1.43956	0.640754	1.5	0.558517	0.72732	1.09703	1.04903	0.533477	0.366412
ihec.chipseq.ihec-chipseq-containerv1.1.4.IHECRE00002063.1.5cbd3cd5-dc33-49dc-ae71-41bb3114f33a.fc.signal	1.00498	1.01013	0.343223	0.542349	0.699477	1.15689	0.533529	0.846661	0.452394	0.124398	0.407733	0.407358	0.263924	0.509318	1.78903	1.04798	0.985264	1.9719	1.04504	2.41257	1.2198	1.0953	1.05391	1.40813	0.86112	1.00014	0.700467	0.884289	0.139734	0.225076	0.448102	1.35688	0.792282	0.599984	0.634304
ihec.chipseq.ihec-chipseq-containerv1.1.4.IHECRE00000221.3.05a353b1-f31c-4062-a970-e6b8e8cfe9a3.fc.signal	0.144071	1.77435	3.6397	1.55067	0.0189567	0	0	0	0	0	0	0	0.686235	1.96393	0.913716	0	0	0	0	0	0	0	0	1.39143	2.8094	0.985753	0.159236	2.71843	5.72126	1.91843	0.925092	1.00471	0.185775	0	0.258294
ihec.chipseq.ihec-chipseq-containerv1.1.4.IHECRE00000943.7.8ac062ee-be78-42a9-ad2f-ffd51a54aa32.fc.signal	0.051432	0.316155	0.381152	0.23019	1.4649	0.0457173	0	0.596861	0.601196	0	0.0696216	0.317165	0	0.255279	0.131507	0.386787	0.290717	1.08252	0	0.0645937	0.285986	0	0.429023	1.25522	2.17898	0.368596	0	0.310979	1.60065	0.110307	1.54697	0.429315	0	0	0.111607
ihec.chipseq.ihec-chipseq-containerv1.1.4.IHECRE00001966.2.b1abd689-f97d-4cbd-88da-9a4dcf233100.fc.signal	4.00196	3.58604	3.07791	2.60168	3.51141	1.75931	0.972884	1.37984	1.73417	1.6323	2.81736	1.9825	3.08309	2.47723	2.14459	2.74773	2.70366	1.62829	2.20709	2.36024	2.31031	2.65721	4.35049	4.08165	2.47122	2.0435	2.51254	2.25154	2.32661	0.609909	3.16456	1.91431	1.60082	1.66972	0.401635
ihec.chipseq.ihec-chipseq-containerv1.1.4.IHECRE00002005.1.40074ae6-828f-47d9-a397-b67f6a5032c3.fc.signal	0.94795	0.805351	0.713126	0.805213	0.022837	0.208939	0.0297232	0.100962	0.574317	0.280568	0.442859	0.458304	1.00477	0.690531	1.56151	1.10508	1.65237	0.780818	0.886051	0.522996	0.668722	0.922691	0.984901	0.838412	1.17536	1.69981	0.323511	1.23848	3.48338	2.57408	0.866456	0.570956	1.12711	0.226949	0.493865
ihec.chipseq.ihec-chipseq-containerv1.1.4.IHECRE00001003.4.764910b8-acca-40a8-a519-921f972f38d0.fc.signal	0.480757	0.561947	0.552535	0.733663	0.0756363	0.233476	0.143649	0.361976	0.73365	0.447958	0.809282	0.371687	0.0918057	0	0.0918057	0.0939658	0.730437	0.0324109	0.222565	0.394402	0.222599	0.108036	0.163094	1.02216	0.853586	0.810355	1.29443	0.543162	0.427475	0.887037	0.205262	0.838472	0.804978	0.48622	0.516129
ihec.chipseq.ihec-chipseq-containerv1.1.4.IHECRE00003678.3.fc6fd65f-c644-42f3-9ab2-6582bf7f6378.fc.signal	1.10239	0.612002	0.979164	1.07885	1.02183	0.237051	0.0588143	0.650614	1.03992	0.715964	0.405272	0.581346	0.693311	0.552504	0.494605	1.5573	1.60617	1.40465	0.906262	1.3108	1.23417	1.98806	1.75919	2.75483	2.78644	1.93146	1.36475	0.706439	1.23288	0.84749	1.05074	0.950517	0.829696	0.402488	0.452381
ihec.chipseq.ihec-chipseq-containerv1.1.4.IHECRE00004618.1.209b7d40-2aaf-4f0d-9a2f-e178d8a84b13.fc.signal	0.847996	0.889146	0.479928	0.540234	0.523792	0.7016	0.18609	0.869623	1.05431	1.19585	1.32745	0.300659	0.364026	0.404365	1.04503	1.87038	1.01971	0.859649	1.03347	1.03544	0.863457	1.49123	0.751826	1.1638	1.01312	0.508542	0.942362	0.411836	1.38121	0.674216	1.08977	1.08728	0.452427	0.434889	0.139175
ihec.chipseq.ihec-chipseq-containerv1.1.4.IHECRE00001997.1.1f6ac71d-93cf-4d13-a14c-23ecb52e3983.fc.signal	0.47748	0.273643	1.46633	0.94472	1.03036	0.56964	0.176748	0.253948	0.365076	0.860651	0.395076	0.181223	0.323452	0.840417	0.776411	0.591141	0.691724	0.972715	0.371059	0.265759	0.848166	1.00596	0.800599	1.13096	1.55738	1.64116	2.2158	1.27341	1.67681	1.02624	1.01382	0.952956	0.199127	0.528269	0.512121
ihec.chipseq.ihec-chipseq-containerv1.1.4.IHECRE00000250.2.07db7868-f10a-4d85-bd5f-aa9358240c1f.fc.signal	3.56333	3.14028	3.77431	4.42967	3.02736	2.66049	2.76357	3.00369	3.13335	2.70658	2.8878	2.26375	3.48812	3.59484	3.97104	4.10809	5.26757	5.23346	4.58154	3.75278	4.36641	3.39466	3.18535	3.95152	5.0251	4.11116	5.29489	3.88081	2.5925	1.91491	3.88457	3.28782	1.88202	2.21709	0.16646
ihec.chipseq.ihec-chipseq-containerv1.1.4.IHECRE00002076.1.7e792a01-04c2-4297-a3a4-2a7110dfb8d8.fc.signal	0.735541	1.08882	1.60192	1.137	0.654961	0.41505	0.397537	0.595197	0.313129	0.654787	0.319197	0.219074	0.519454	0.356874	0.669827	0.451048	0.903874	0.800692	0.653106	0.726606	0.263154	0.527778	0.704547	0.464174	0.64029	1.26838	1.13598	0.617975	0.880996	1.65213	0.885766	1.38057	0.638123	0.253569	0.481244
ihec.chipseq.ihec-chipseq-containerv1.1.4.IHECRE00004615.1.cf454773-02e8-4ae6-8d9d-05793e9b3346.fc.signal	1.23625	1.23261	2.51407	0.92025	1.89813	1.82083	1.22413	0.674735	0.522774	0.302177	1.74922	1.851	1.1389	1.80385	1.58784	1.43996	1.40592	1.90117	0.833842	1.22601	0.678486	0.390303	0.809857	0.90166	1.3872	1.76805	1.17846	0.283951	0.356187	0.680695	0.990528	0.480424	0.762262	0.127256	0.213018
ihec.chipseq.ihec-chipseq-containerv1.1.4.IHECRE00001891.4.58c4ce3b-b697-4bca-9ab1-5a18cc61f42e.fc.signal	1.32157	0.408195	0.584859	1.17864	0.46982	0.02567	0.432716	1.20028	2.47554	1.87909	1.14511	1.28757	0.202781	3.49301	2.55842	2.05895	1.1596	2.77361	1.8746	1.43353	2.686	2.21855	2.4392	3.59074	3.29449	3.3336	1.70075	5.64935	1.79833	0.063625	1.00096	2.51583	2.15092	0.930727	0.418782
ihec.chipseq.ihec-chipseq-containerv1.1.4.IHECRE00000987.6.29b8d050-beec-45b5-afda-a75534d88bfc.fc.signal	0.426679	1.31722	1.18837	0.367536	0	0.346552	0.0687376	0.285973	0.302035	0	0.369465	0.0458251	0	0.324664	0.723563	0.678674	0.0658735	0.267534	0.0806255	0.107304	0.220449	0.203079	0.739517	0.81877	1.25708	0.506842	0	0.097123	0.694966	0	0.0486891	0.546985	0.234853	0.381858	0.528302
ihec.chipseq.ihec-chipseq-containerv1.1.4.IHECRE00003730.1.c3324cfc-4c0b-4882-aacb-51bd02695154.fc.signal	0.747347	1.00637	1.71264	2.58115	1.34183	1.07856	0.577496	0.382166	1.88753	1.47628	0.186836	0	0.755838	1.57537	0.847087	0	0.882622	1.65357	0.923445	1.13657	1.58884	1.07919	0.637719	0.859731	0.589839	0.672661	0.769896	0.48881	0.582101	0.139251	0.757807	1.72807	0.88775	2.27498	0.479675
ihec.chipseq.ihec-chipseq-containerv1.1.4.IHECRE00000992.7.674a18bf-8b42-412f-a2ea-cabb31234aa2.fc.signal	0.40644	0.56733	1.06766	0.50302	0.6294	0.611821	0	0.0660712	1.05485	0.0305693	0	0.158041	0	0.315961	0.157985	0.153885	0.873216	0.390654	0	0.165224	0.150857	0.229831	0.442303	1.49742	1.18157	0.0790203	1.07638	0.515109	0.936408	0	0.508404	0.879978	0.811452	0.102005	0.438944
ihec.chipseq.ihec-chipseq-containerv1.1.4.IHECRE00003676.3.fa45989e-2fad-4f13-b899-3405cf3f81a7.fc.signal	1.01464	1.01592	2.26656	1.07865	1.20559	0.694285	0.588834	0.688848	1.08481	0.146762	0.218663	1.38767	0.888148	0.783843	0.467443	1.33553	1.45242	3.24041	1.11853	1.24209	0.15521	1.50727	0.693632	1.066	1.55755	0.796235	0.791385	0.74347	2.61509	1.45668	1.11522	0.745516	0.930099	0.928013	0.338804
ihec.chipseq.ihec-chipseq-containerv1.1.4.IHECRE00001012.4.5c8bdd5b-6d3c-4993-a4d6-e582a59f7d7d.fc.signal	0.657241	0.929472	1.10229	0.619612	0.471471	0.206993	0	0.0286596	1.05452	0.41728	0.562302	0.689703	0.371108	0.665841	0.181556	0.40936	0.194313	0.801253	0.230971	0.162404	0.305779	0.723152	0.485821	1.13928	1.28991	0.308973	0.559869	0.519087	0.739178	0.484908	0.160718	0.672347	0.798087	0.0353822	0.513889
