	chr10:86967700-86967849	chr10:86967850-86967999	chr10:86968000-86968149	chr10:86968150-86968299	chr10:86968300-86968449	chr10:86968450-86968599	chr10:86968600-86968749	chr10:86968750-86968899	chr10:86968900-86969049	chr10:86969050-86969199	chr10:86969200-86969349	chr10:86969350-86969499	chr10:86969500-86969649	chr10:86969650-86969799	chr10:86969800-86969949	chr10:86969950-86970099	chr10:86970100-86970249	chr10:86970250-86970399	chr10:86970400-86970549	chr10:86970550-86970699	chr10:86970700-86970849	chr10:86970850-86970999	chr10:86971000-86971149	chr10:86971150-86971299	chr10:86971300-86971449	chr10:86971450-86971599	chr10:86971600-86971749	chr10:86971750-86971899	chr10:86971900-86972049	chr10:86972050-86972199	chr10:86972200-86972349	chr10:86972350-86972499	chr10:86972500-86972649	chr10:86972650-86972762	Expression
ihec.chipseq.ihec-chipseq-containerv1.1.4.IHECRE00001017.4.35530d7a-23e1-468e-978a-d33955937d72.fc.signal	0.533701	0.19965	0.111853	0.423077	0.285825	0.249488	0.705049	0.395829	0.193841	0.150875	0.497446	0.459939	0.537812	0.755227	0.924487	0.501042	0.228552	0.321603	0.394771	0.638137	0.219122	0.31271	0.229687	0.447401	0.313391	0.470435	0.19031	0.179753	1.039	0.719977	0.431023	0.916661	0.733525	1.048	0.416345
ihec.chipseq.ihec-chipseq-containerv1.1.4.IHECRE00000222.3.123ef280-d4ea-4ca0-978c-a10942825cc4.fc.signal	0.955932	0.554351	0.500459	0.274302	0.832775	1.29383	0.429856	0.156317	0.152505	0.00786167	0.0621083	0.158646	0.23839	0.255192	0.0563132	0.015014	0.239471	0.220924	0.112862	0.510742	0.531757	0.203795	0.300089	0.176021	0	0.0327044	0.420254	0.663479	0.384851	0.422698	0.294254	0.00148867	0.259903	0.386601	0.381583
ihec.chipseq.ihec-chipseq-containerv1.1.4.IHECRE00001030.7.80d11420-fb58-4105-8d0b-26addcc06923.fc.signal	2.06845	0.596678	0.286534	1.93264	0.720344	0.285526	0.81166	0.955918	0	1.39155	1.17832	1.92174	1.40805	1.31111	0.913704	1.32587	0	0.538516	2.11333	0.174143	1.90737	1.85076	2.9993	0.744523	0.0392581	0.181333	0.554126	0.230688	1.23639	0.364327	1.64365	0.0414816	2.23322	1.99959	1
ihec.chipseq.ihec-chipseq-containerv1.1.4.IHECRE00003819.1.e6af9ec0-8b4b-4624-8b3a-51f86f371f0f.fc.signal	0.176103	0.0578915	0.0896109	0.351652	0.0543123	0.163635	0.236136	0.293108	0.162956	0.142549	0.343562	0.251887	0.305003	0.391555	0.595708	0.227694	0.521112	0.738842	1.15247	1.1645	1.11797	0.842807	0.44765	0.464554	0.331879	0.2463	0.332225	0.355177	0.436165	0.356592	0.295467	0.581943	0.465586	0.0238648	0.106972
ihec.chipseq.ihec-chipseq-containerv1.1.4.IHECRE00001959.2.69eb8040-32c4-4c18-85e7-a74953df6c51.fc.signal	1.85771	1.89552	1.04587	0.803497	0.205457	0.200476	0.44106	0.499616	0.820831	1.69451	1.08925	1.78287	1.43494	1.33287	1.33529	1.88517	2.06997	1.14363	1.53925	0.880803	1.1964	0.518848	0.824943	0.440022	0.264617	0.0450148	0.450829	0.0593527	0.376944	0.68707	0.809796	1.57905	1.31942	1.79656	0.698664
ihec.chipseq.ihec-chipseq-containerv1.1.4.IHECRE00003404.1.88cb95dd-5a6d-4570-8a21-b967680b5521.fc.signal	0.990307	1.24571	0.927889	0.861595	0.629832	0.785437	0.799051	0.401698	0.870305	0.123364	2.23707	1.79433	1.03598	2.02768	0.585844	0.930982	0.340535	1.24002	1.12001	0.451695	0.570204	0.398452	0.558381	0.186793	0.500754	2.03944	1.43775	1.36233	1.77697	3.22045	1.10378	2.09522	0.963529	0.310561	0.358173
ihec.chipseq.ihec-chipseq-containerv1.1.4.IHECRE00000223.3.58d4d6b8-e8d9-44c0-a8c7-fcdf9403bfe2.fc.signal	0.193434	0.161408	0.191997	0.0917082	0.133169	0.100338	0.113727	0.160274	0.136872	0.186148	0.133553	0.143154	0.226606	0.323965	0.194263	0.0963863	0.181978	0.241303	0.196566	0.245417	0.268066	0.165339	0.240052	0.222732	0.112718	0.0923994	0.148151	0.177192	0.194447	0.0873953	0.00676193	0.0733328	0.191673	0.293485	0.169689
ihec.chipseq.ihec-chipseq-containerv1.1.4.IHECRE00000126.3.0c600fad-76af-4396-b66d-45cc11ce045a.fc.signal	0	0	0	0	0	0	0	0.382424	0.167488	0	0	0	0	0	0.222853	0.417822	0.266262	0	0	0	0	0	0.459478	0.513808	0	0	0	0	0	0.0604539	0.298305	0.0106848	0	0	0
ihec.chipseq.ihec-chipseq-containerv1.1.4.IHECRE00000242.3.b264ae9e-8457-4fbc-9ae1-9ad1d872e973.fc.signal	0.0769297	0.0691652	0.0812303	0.0677067	0.0520888	0.0744853	0.0778567	0.135924	0.16644	0.218616	0.257181	0.163308	0.0751694	0.105578	0.197064	0.17079	0.10971	0.186115	0.192337	0.185594	0.159753	0.0663557	0.0972775	0.0985413	0.075924	0.0394355	0.0376871	0.0145633	0.0998815	0.125387	0.0419442	0.0040548	0.160674	0.488694	0.34962
ihec.chipseq.ihec-chipseq-containerv1.1.4.IHECRE00001232.5.f1456df1-a617-44a6-a060-cb29786302bd.fc.signal	0.373967	0.626088	0.345146	0.682992	0.751041	0.525137	0.79461	0.657675	1.47495	0.905041	1.27053	1.29887	0.0874207	0.823667	0.790692	0.801975	1.66222	1.76452	1.60239	0.951377	0.189552	0.46338	0.314331	0.22119	0.63327	1.6089	1.78511	1.85578	1.60576	0.736046	0.594854	0.588451	0.828979	1.69651	0.271551
ihec.chipseq.ihec-chipseq-containerv1.1.4.IHECRE00002065.1.d29b7bc4-75ef-437b-ab43-12a3fcfc38d5.fc.signal	0.681407	0.455403	0.323577	1.64988	1.65056	1.89452	1.22016	1.47096	1.98091	0.633046	0.730687	1.11714	1.48773	1.15422	2.46939	2.02262	1.42517	1.47094	2.34399	1.16446	0.3293	1.18001	1.26654	0.0231792	0.349795	0.724326	1.00317	2.14105	2.70368	1.59107	1.37821	1.10189	1.56109	2.24067	0.208238
ihec.chipseq.ihec-chipseq-containerv1.1.4.IHECRE00003398.1.142e6ed2-5832-4fa6-8a6b-9ed4d6f47d60.fc.signal	0.144963	0.758436	1.60399	0.389385	0.983108	1.87839	2.63229	1.76738	0.772678	0.961977	0.497801	1.02671	0.115079	0.838215	0.698174	0	1.29262	0.0811859	1.96605	1.64465	0.914385	0.767385	0.746863	0.733758	0.606675	1.20644	0.829805	0.114512	0	0.406933	1.98178	0.327317	0.928699	0.978465	0.219864
ihec.chipseq.ihec-chipseq-containerv1.1.4.IHECRE00001020.4.42363c6f-0a08-4184-ab8c-bacc5ac39aad.fc.signal	0.543103	0.336408	0.126734	0.172911	0.176778	0.170071	0.261827	0.335617	0.263212	0.393858	0.717971	0.377371	0.450022	0.438477	0.730899	0.356558	0.556168	0.50842	0.545725	0.603474	0.128541	0.0895349	0.271959	0.287276	0.0888735	0.0989339	0.290369	0.124877	0.236826	0.398368	0.549384	0.741604	0.648521	0.935865	0.502712
ihec.chipseq.ihec-chipseq-containerv1.1.4.IHECRE00000225.3.ac643157-1692-4223-8d75-00ef072cf986.fc.signal	1.13514	0.895062	0.694303	0.804789	0.668734	0.601814	0.693471	0.642355	0.387562	0.433721	0.487749	0.368179	0.221155	0.247379	0.505601	0.568183	0.683331	0.610213	0.505025	0.703993	0.608902	0.477622	0.425223	0.417444	0.253446	0.471399	0.466866	0.292479	0.41926	0.6223	0.54814	0.913832	1.28712	1.1732	0.131819
ihec.chipseq.ihec-chipseq-containerv1.1.4.IHECRE00000709.3.de511913-2cf9-43ba-9705-d5ac577dfa6f.fc.signal	0.633177	0.352883	0.421795	0.332058	0.370581	0.438463	0.0121353	0	0.271922	0.812962	2.069	1.41899	1.44525	0.981003	0.347878	0.180877	0.152336	0.086394	0.279157	0.0941517	0.271405	0.265022	0.189375	0.268063	0.00775087	0.29025	0.235961	0.437569	0.886784	0.870657	1.51982	0.543166	0.425804	1.44917	0.222772
ihec.chipseq.ihec-chipseq-containerv1.1.4.IHECRE00000665.1.15a517d0-8389-43f7-9ce5-66c163ab4bf7.fc.signal	1.21786	1.07339	0.448523	0.672744	0.0766505	0.207231	0.410716	0.109742	0.617016	0.506658	1.02119	1.03497	1.37346	0.705061	0.650139	1.12097	0.715429	0.0198699	0.385853	0.705958	0.754816	0.215146	0.475696	0.13816	0	0.128685	0.461828	0.98608	1.45075	1.4343	0.761198	1.06716	1.41762	1.99863	0.157641
ihec.chipseq.ihec-chipseq-containerv1.1.4.IHECRE00003680.3.bb1bb2b2-42c2-4f18-8e8f-61e82ab17b84.fc.signal	0.416944	0.183086	0.441079	0.591968	0.498056	0.195395	0.40165	0.310243	0.374793	0.545458	0.54493	0.397742	0.230236	0.614488	0.292444	0.274646	0.376478	0.336239	0.0830403	0.129124	0.711908	0.165205	0	0.146774	0.53827	0.502219	0.300188	0.424261	0.340431	0.172376	0.130846	0.386673	0.422765	0.207739	0.836066
ihec.chipseq.ihec-chipseq-containerv1.1.4.IHECRE00002058.1.4d89e710-5a41-461f-91a2-bc627bddca0a.fc.signal	0.297099	0.410089	0.636985	0.64319	0.264658	0.283313	0.219236	0.251501	0.404357	0.517034	0.437854	0.478864	0.573929	0.574123	0.685915	0.539521	0.778651	0.586943	0.809384	0.318886	0.122934	0.205882	0.12985	0.277963	0.423684	0.0650849	0.308105	0.498248	0.340246	0.899543	1.01196	0.296526	0.216186	0.24529	0.320641
ihec.chipseq.ihec-chipseq-containerv1.1.4.IHECRE00003675.3.83e601b8-bef8-49e1-b42e-c29a56e1ac1c.fc.signal	0.607804	0.412299	0.760426	1.05147	0.836768	0.732409	0.727157	0.59953	0.400161	0.747011	0.666029	0.811614	1.23081	0.826636	0.885366	0.584381	0.78008	0.927175	0.647777	0.577632	0.417304	0.796963	1.43733	1.07832	0.908978	0.611395	0.542543	0.506763	0.700443	1.20452	0.951485	0.594713	0.71453	0.671036	0.919622
ihec.chipseq.ihec-chipseq-containerv1.1.4.IHECRE00003685.2.5501f5e6-6354-4e9f-82a5-be852033207e.fc.signal	0.27931	0.199658	0.112186	0.0579151	0	0	0.0447361	0.117559	0.103447	0.0384145	0.133097	0.27135	0.277219	0.205185	0.153023	0.227424	0.181735	0.0292338	0	0.130636	0.382429	0.361967	0.293745	0.282283	0.271727	0.39929	0.431739	0.339601	0.123652	0.102654	0.247482	0.468143	0.711658	0.551529	0.906166
ihec.chipseq.ihec-chipseq-containerv1.1.4.IHECRE00003695.3.a1a38b0a-4e6e-499f-9d4a-f9ed2dd3bf97.fc.signal	0.664797	0.494574	0.104738	0.200776	0.048123	0.267261	0.288222	0.0910153	0.217606	0.689204	0.650808	0.544379	0.965453	1.55556	1.27455	0.671128	0.430503	0.165297	0.571738	0.665372	0.442537	0.192496	0.0920615	0.0460299	0.156407	0.0523091	0.067822	0.387962	0.93424	0.8631	0.501118	0.408533	0.358316	0.240945	0.900503
ihec.chipseq.ihec-chipseq-containerv1.1.4.IHECRE00004607.2.e1fd1411-fa6d-4e9d-8b94-fee7dda1365c.fc.signal	0.83091	0.665914	0.434841	0.3774	0.303464	0.265043	0.430812	0.65394	0.928353	0.339102	0.398664	0.802862	0.941326	1.05639	0.868532	0.634316	0.506948	0.0883408	0.463723	0.396633	0.266705	0.141081	0.200933	0	0	0.165868	0.312887	0.370144	0.421421	0.27274	0.285553	0.211195	0.164168	0.241756	0.76451
ihec.chipseq.ihec-chipseq-containerv1.1.4.IHECRE00000972.6.8e264ed8-afdd-468a-8bbe-7ea6fcae8b7f.fc.signal	1.7265	4.81929	1.06642	3.29577	2.99953	3.04503	1.0011	0.28333	1.04777	2.15837	1.31056	0.930571	2.52855	0.398451	1.0675	1.4931	2.45493	0.59088	3.13066	3.14955	1.00035	0.908258	0.898578	1.1614	2.01333	3.31888	1.25247	0.801411	1.4866	0.947955	1.18799	1.15861	1.23177	1.6935	1
ihec.chipseq.ihec-chipseq-containerv1.1.4.IHECRE00004681.3.b04c1667-5df4-43cb-a2ab-4a07445dc015.fc.signal	0.307007	0.551967	0.485918	0.352315	0.268636	0.225389	0.644275	0.711325	0.335353	0.329621	0.595747	0.601928	0.546502	0.400475	0.495946	0.398748	0.203903	0.171523	0.38846	0.340847	0.382627	0.416762	0.458565	0.183791	0.0922573	0.15285	0.164704	0.362003	0.514305	0.393271	0.260387	0.533372	0.720997	0.708432	1
ihec.chipseq.ihec-chipseq-containerv1.1.4.IHECRE00000938.7.8a53f1f1-c833-4865-a1cc-f9cef5611599.fc.signal	0.75267	0.112914	0	0.339149	0.0117695	0.448186	0.509453	0.511663	0.515707	0.57882	0.520442	0.0694285	0.54869	0.178955	0.252342	0.275265	0.153513	0.278948	0.687353	0.174283	0.275678	0.177467	0.313341	0.452714	0.176831	0.19597	0.29376	0.429536	0.090484	0.502059	0.1831	0.639282	1.0397	1.42183	1
ihec.chipseq.ihec-chipseq-containerv1.1.4.IHECRE00001956.2.1e76f479-733a-4b6f-88c7-efe3d559775e.fc.signal	2.14548	2.04011	0.847804	0.651638	0.369069	0.291663	0.242607	0.105601	0.403585	0.550389	0.83909	1.77137	1.3327	0.82415	0.288368	1.00715	0.542887	1.50527	1.54563	0.0630914	0.271823	0.0720896	0	0	0.139674	0.236671	0.567821	0.876124	0.744443	0.932564	0.402215	1.18365	1.49669	1.44083	0.501567
ihec.chipseq.ihec-chipseq-containerv1.1.4.IHECRE00004617.2.bd401bc7-9584-4daf-b6e9-896dcf3c0a4c.fc.signal	0.372207	0.425797	0.281677	0.483053	0.654424	0.788923	0.530552	0.27069	0.638793	0.77376	0.269968	0.413615	0.773057	0.589022	0.695679	0.54566	0.157362	0.306783	0.424753	0.2925	0.145092	0.391236	0.56448	0.261307	0.434544	0.197785	0	0.254087	1.14037	0.686428	0.477137	0.0404239	0.469166	1.01842	0.825873
ihec.chipseq.ihec-chipseq-containerv1.1.4.IHECRE00004655.3.6d9a89cf-1bb4-4db6-850b-ad32b7e2a591.fc.signal	0.086446	0.574318	0.219518	0.149244	0.198974	0.19489	0.493358	1.15399	0.948625	0.627395	0.371136	0.192009	0.2577	0.144833	0.244383	0.527886	0.506469	0.360508	0.529507	0.208913	0.138333	0.463872	0.559925	0.176233	0.0295025	0.251972	0.321042	0.309023	0.232335	0.0498453	0.227129	0.353689	0.761563	1.13468	1
ihec.chipseq.ihec-chipseq-containerv1.1.4.IHECRE00000238.3.8ee3bcc0-0a54-4209-87cf-967cca7d6071.fc.signal	0.0944211	0.0670504	0.0157145	0.0251537	0.0233027	0.00912247	0.0475755	0.110482	0.0456345	0.0397981	0.144288	0.119141	0.0855723	0.085152	0.0866037	0.131489	0.110377	0.0349292	0.0738013	0.0434176	0.0482075	0.071186	0.122228	0.103232	0.10052	0.0445333	0.1279	0.147996	0.0591074	0.0478913	0.105061	0.127227	0.0401423	0.103006	0.638117
ihec.chipseq.ihec-chipseq-containerv1.1.4.IHECRE00001958.3.1ec30665-e127-479e-9308-683342038ede.fc.signal	1.44962	1.64187	0.97393	0.722039	0.915534	0.656139	0.585677	0.558923	0.430589	0.693053	0.69903	0.748523	0.766699	1.27492	0.56039	0.545718	1.14827	0.800266	1.26716	1.1836	0.677073	0.747724	0.841621	0.268852	0.852847	0.571649	0.610924	1.66656	1.19366	0.630775	0.685252	0.711679	0.851339	1.48073	0.119565
ihec.chipseq.ihec-chipseq-containerv1.1.4.IHECRE00003690.3.2cafda9b-dfc1-4231-8ed9-6249d923a6a9.fc.signal	1.01059	0.629709	0.5351	0.132469	0	0	0.000485933	0.229365	0.426391	0.555118	0.245216	0.470335	0.415889	0.515583	0.882404	1.5298	1.0788	0.17724	0.110725	0.311397	0.396471	0.143094	0.0124553	0.264024	0.970881	0.499654	0.217831	0.304712	0.361314	0.445656	0.310376	1.38409	1.5554	0.928818	0.899007
ihec.chipseq.ihec-chipseq-containerv1.1.4.IHECRE00004728.1.12642e26-117b-4636-816e-4fbed6d5c0a2.fc.signal	0.0268498	0	0.278114	0.865642	0.766753	0.0600172	0.352206	0.230592	0.200579	0.637193	0.103573	0.228912	0.102587	0.194365	0.414254	0.377312	0.30982	0.164822	0.144969	0.347445	0.450179	0.712469	0.222695	0.578214	0.405224	1.06877	1.34993	0.793454	1.08277	0.708501	0.396401	0.191718	0.455224	0.472231	1
ihec.chipseq.ihec-chipseq-containerv1.1.4.IHECRE00001010.4.1f4a36e3-e29e-4226-9261-3edae284095c.fc.signal	0.263404	0.345973	0.165919	0.111068	0.223954	0.0212253	0.1791	0.314877	0.0870659	0.145576	0.11868	0.229266	0.0689342	0.198877	0.180666	0.286176	0.208324	0.177502	0.103162	0.0500835	0.175175	0.174515	0.088522	0.0725343	0.00690847	0.239193	0.246956	0.104229	0.311322	0.281534	0.373001	0.346806	0.240789	0.274797	0.361103
ihec.chipseq.ihec-chipseq-containerv1.1.4.IHECRE00001990.1.66fe7e60-cc70-422a-8d7c-594c9a55eec8.fc.signal	0.969291	1.13564	0.813252	0.0299133	0.284177	0.373917	0.750842	0.415795	0.375564	0.312991	0.586301	0.709058	1.60955	1.32022	1.59841	0.606625	0.450933	0.694316	1.32634	0.640648	0.678844	0.792782	0	0	0	0	0.424801	0.798752	1.49583	1.36422	0.879559	0.89209	1.62784	0.813811	0.288754
ihec.chipseq.ihec-chipseq-containerv1.1.4.IHECRE00004610.2.7bdb9455-2f7b-4363-a63c-08451bdd557e.fc.signal	0.17281	0.0725845	0.0422124	0.382	0.513562	0.291959	0.318693	0.576902	0.435507	0.715523	0.818365	0.501646	0.366396	0.0330789	0.141284	0.196334	0.140728	0.48965	0.225157	0.287734	0.241295	0.538271	0.601514	0.279297	0.206138	0.515705	0.347553	0.559307	0.602144	0.37079	0.309872	0.362337	0.336993	0.346489	0.745968
ihec.chipseq.ihec-chipseq-containerv1.1.4.IHECRE00003400.1.7fc89be2-980d-4ea6-a09b-d10627d38b89.fc.signal	1.20137	1.32311	0.918449	1.0929	0.767596	1.84687	0.575178	0.740087	1.82763	1.55086	1.92217	1.57749	1.02747	1.32542	2.1654	1.00708	0.461307	0.516899	2.03862	1.78378	2.28619	0.589738	0.281939	1.71832	0.256206	0.42289	1.21518	1.4197	3.37075	0	0	0	0.851334	1.37939	0.362731
ihec.chipseq.ihec-chipseq-containerv1.1.4.IHECRE00001952.2.58ebbf7c-ff66-46f2-b210-b717cb3c6af7.fc.signal	2.81148	1.99138	2.19494	1.08348	1.04486	0.520106	0.83992	1.19259	1.89019	2.01066	1.93245	1.63983	1.93537	2.10643	1.69254	0.694782	0.822999	0.875202	1.18197	1.58206	1.19499	0.798674	0.590209	0.197854	0.734973	1.06857	1.46918	1.73959	1.30077	1.6493	1.81285	2.52176	1.47425	2.07725	0.20088
ihec.chipseq.ihec-chipseq-containerv1.1.4.IHECRE00001236.5.dd479f7b-7d31-4292-a54c-bd7a49572346.fc.signal	0.630261	0.349036	0.462454	0.496737	0.539391	0.683574	0.68112	0.247499	0.300615	0.948971	0.547092	0.5589	0.805466	0.637661	0.801947	0.44421	0.480027	0.849572	0.588177	0.359847	0.341425	0.194988	0.410139	0.0364563	0	0	0.179218	0.115288	0.292764	0.37641	0.780968	0.555555	0.621266	1.74285	0.727545
ihec.chipseq.ihec-chipseq-containerv1.1.4.IHECRE00001009.4.f5f10dc7-df55-4739-a069-9976125518c2.fc.signal	0.451676	0.45231	0.397729	0.251784	0.110161	0.19789	0.367788	0.134789	0.240728	0.220355	0.312771	0.120492	0	0.0721167	0.648222	0.841336	0.595327	0.688993	1.21591	0.956239	0.415273	0.14913	0.232457	0.395246	0.763798	0.0685335	0.0440121	0.445456	0.516492	0.547712	0.290059	0.429961	0.441003	0.22221	0.740653
ihec.chipseq.ihec-chipseq-containerv1.1.4.IHECRE00000236.3.5cbd82b6-3f49-4678-a37b-78e82b7626ea.fc.signal	0.373993	0.358849	0.314206	0.28607	0.290112	0.46405	0.617804	0.664756	0.802793	0.614935	0.410591	0.592491	0.553149	0.243871	0.159035	0.320396	0.291543	0.240455	0.339222	0.334997	0.25219	0.206317	0.264153	0.344953	0.227261	0.0648484	0.141201	0.304996	0.399462	0.301872	0.142279	0.117961	0.417448	0.549452	0.558442
ihec.chipseq.ihec-chipseq-containerv1.1.4.IHECRE00000983.7.28efaa97-cdc8-4335-83a3-064d42b1fd10.fc.signal	0	0	0	0.339705	3.08103	0	0	0.731068	0.844821	0.823614	0.237645	0	0.29298	2.04887	0.713179	0.581623	0.394773	0.784401	1.96113	0.261005	1.11704	0.236401	0.923575	1.64176	1.62069	0	0	0	0	0.999095	1.66582	1.45728	2.52119	0	1
ihec.chipseq.ihec-chipseq-containerv1.1.4.IHECRE00001018.4.33fd32de-b83a-4d4f-b13a-efed59fd5abe.fc.signal	0.234639	0.266248	0.273699	0.0485762	0.108328	0.0112136	0.41976	0.398944	0.204227	0.0928348	0.356007	0.564115	0.914633	1.00007	0.465669	0.818373	0.970021	0.407871	0.981033	0.750657	1.56772	1.02976	0.757328	0.604758	0.132498	0.87346	1.43906	0.706947	0.61067	0.338113	0.653549	0.43105	0.793074	2.08168	0.363298
ihec.chipseq.ihec-chipseq-containerv1.1.4.IHECRE00000243.3.f32467cb-d7e9-4f5b-9c6b-68e4e838bc49.fc.signal	0.220497	0.360147	0.469081	0.480519	0.28017	0.3272	0.317588	0.196699	0.252014	0.485078	0.498903	0.254473	0.306248	0.478697	0.425183	0.294724	0.451283	0.455892	0.491	0.494196	0.417317	0.276678	0.195706	0.188951	0.377954	0.610907	0.615407	0.49192	0.215587	0.572116	0.762696	0.407847	0.256518	0.443837	0.39779
ihec.chipseq.ihec-chipseq-containerv1.1.4.IHECRE00000240.3.309e9998-5ade-4caa-9bdd-4c0118af9852.fc.signal	0.387301	0.646181	0.693178	0.521962	0.680829	0.60292	0.405039	0.376358	0.416981	0.383319	0.483416	0.412911	0.388225	0.51324	0.470626	0.349895	0.509321	0.781159	0.910311	0.4595	0.316964	0.491634	0.591619	0.793844	0.980965	0.597196	0.561259	0.499086	0.460344	0.436057	0.451479	0.568387	0.673066	0.296675	0.590667
ihec.chipseq.ihec-chipseq-containerv1.1.4.IHECRE00001905.1.4d60b2bb-7496-4719-a8ca-5aac334b58d2.fc.signal	0	0	0	0	0	0	0.239006	0.446568	0.201953	0.239984	0.697758	0.129391	0.300803	0.39092	0.19805	0	0	0.0498987	0.239778	0.0222288	0.0983262	0.202951	0.0851436	0.162202	0.235565	0.0279178	0.123918	0.235105	0	0	0	0.101062	0.165459	0.27427	0
ihec.chipseq.ihec-chipseq-containerv1.1.4.IHECRE00004609.2.6c3f44c6-62c9-4da6-9a58-7978db5e3bda.fc.signal	0.810351	0.383922	0.463346	0.788936	0.101285	0.343801	0.0559902	0.370602	0.053324	0.775585	0.86509	1.38034	0.160752	0.874955	0.216073	0.345783	0.394337	0.690352	0.0373268	0.365269	0.538443	0.679672	1.03421	1.08219	0.357167	0.690372	0.575745	0.760999	0.817908	0.578418	0.271878	0.426445	0.212533	0.283136	0.714286
ihec.chipseq.ihec-chipseq-containerv1.1.4.IHECRE00004888.1.02118243-425c-40d1-bfb1-ec1fb9f638e9.fc.signal	0.688594	1.03376	0.530345	1.23525	0.781279	0.749263	1.51187	1.35305	1.27672	1.63653	0.279628	0.494453	1.25324	1.07707	0.831909	1.11017	1.52671	1.10874	0.531496	1.92118	1.89982	1.80512	1.11792	1.48155	1.06189	0.416953	0.722172	1.15917	1.02714	1.15579	1.37526	0.672234	0.83656	0.262967	0.524066
ihec.chipseq.ihec-chipseq-containerv1.1.4.IHECRE00001964.2.c9581d4d-c873-4911-9ee7-7d9f4821621a.fc.signal	2.12806	2.18151	0.755998	0.441928	1.16695	0.581988	0.619117	0.739942	0.953768	1.10027	1.10429	1.40384	1.56596	2.00077	1.13546	1.11241	0.915595	0.541267	0.461271	0.541045	0.860113	0.578361	0.338988	0.264377	0.0372868	0.653731	0.668491	0.955483	0.838172	1.17432	0.375039	0.574837	1.27541	1.55678	0.257229
ihec.chipseq.ihec-chipseq-containerv1.1.4.IHECRE00003813.1.6691e14a-7458-41f2-935d-5eff68a0a0fe.fc.signal	0	0	0	0.165052	0.356373	0.299029	0	0	0.0705604	0.221668	0.290662	0.303779	0.370592	0.43618	0.348928	0.545708	0.520981	0.382323	0.669036	1.04756	0.62402	0.485484	1.26779	0.155589	0.0868887	0.211675	0.0343513	0.263697	0.409178	0.193313	0.0718747	0.855655	0.672854	0.284175	0.269598
ihec.chipseq.ihec-chipseq-containerv1.1.4.IHECRE00000184.3.4719a0c4-8b28-453d-9098-6f0dd0a2bebd.fc.signal	0	0.191828	0.230108	0.116234	0.6988	0.725683	0.385937	0.277393	0.125611	0.361982	0.424759	0.36206	0.213175	0.0858572	0	0	0.0733826	0.524039	0.699882	0.616381	0.343333	0.851527	0.390135	0.141976	0.532058	0.388406	0.304808	0.357199	0.387091	0.435705	0.377092	0	0.254722	0.251189	0.125749
ihec.chipseq.ihec-chipseq-containerv1.1.4.IHECRE00001900.1.dbb73ee4-8810-4120-8cbd-bc932140ca51.fc.signal	0.105747	0.110683	0.00774053	0.0383535	0.131222	0.159487	0.317618	0.360672	0.381932	0.101267	0	0.103443	0.158669	0.356727	0.274413	0.365119	0.376963	0.422454	0.424471	0.438457	0.500938	0.471804	0.242411	0.0566413	0.0217843	0.18491	0.134289	0.173267	0.230506	0.334962	0.221341	0.307598	0.649363	0.458645	0.410959
ihec.chipseq.ihec-chipseq-containerv1.1.4.IHECRE00004884.1.e1f8eaf0-5c3e-4eb2-b864-0330dfef44b8.fc.signal	0.685446	1.11658	1.2707	1.26554	0.426449	1.04141	1.49076	0.338312	0.781549	0.970929	1.11104	0.357283	0.450239	0.45057	0.616056	0.612487	0.537234	0.3957	1.40666	0.747488	0.325653	1.62892	1.06819	0.587026	0.40334	0.349304	0.662429	0.411179	0.852063	0.441383	1.50515	1.15006	0.109869	0	0.46771
ihec.chipseq.ihec-chipseq-containerv1.1.4.IHECRE00002086.1.102990be-2f15-4965-9094-d6b665cc5fb0.fc.signal	1.09801	0.820044	0.810205	0.908556	1.55251	1.32798	0.93515	0.520301	1.30626	0.529378	0.225481	0.498276	1.00733	1.09039	0.734417	0.481113	1.29638	1.4429	1.2167	1.50759	0.760213	0.348122	0.33422	0.660043	0.25054	0.0598859	0.140862	0.564415	0.152643	0.398473	0.587242	0.382898	1.09578	1.35762	0.32948
ihec.chipseq.ihec-chipseq-containerv1.1.4.IHECRE00001335.1.c1c96665-13fc-49fb-b0cf-b02c0ce3eb01.fc.signal	0.855759	0.137776	0.804693	0.71062	0	0.136465	0.395626	0.659136	0.387299	0.183364	0.668865	0.280844	0.652993	1.15055	0.177814	0	0	0.574257	0.845689	0.670496	0.457047	0.220303	0.50172	0	0	0.102476	0.503896	0.732286	1.28931	0.915124	1.54913	1.12296	0.84083	1.00325	0.0967742
ihec.chipseq.ihec-chipseq-containerv1.1.4.IHECRE00000228.3.eab68876-e57f-4e6d-b66b-00c271b4eee3.fc.signal	0.394842	0.116596	0.0747561	0.185259	0.39938	0.290116	0.0296311	0.0815091	0.0480385	0.0953409	0.263539	0.270837	0.262739	0.271625	0.270872	0.279954	0.23535	0.191294	0.20248	0.326942	0.228941	0.108053	0.0315488	0.124465	0.165033	0.104894	0.190184	0.214212	0.351878	0.536932	0.298262	0.423083	0.695004	0.617813	0.701349
ihec.chipseq.ihec-chipseq-containerv1.1.4.IHECRE00000775.1.1ad53715-8cce-4edc-8f16-9e6eba200f6e.fc.signal	2.18136	1.91931	2.03444	1.06535	0.275807	0.50259	0.101385	0.0635871	0.708822	1.20712	1.60429	1.18199	1.31018	1.50264	2.80765	2.20369	0.657266	0.301576	1.2157	2.18478	1.53013	0.581661	0	0	0.0507125	0.233695	0.272387	1.19336	1.33253	1.31193	1.87206	1.74662	2.32569	2.5158	0.223508
ihec.chipseq.ihec-chipseq-containerv1.1.4.IHECRE00000953.7.ee348280-6b7c-485f-98b3-1dc4a3d7cb47.fc.signal	1.67414	0.751331	0.492872	1.32217	0.852159	0.737547	0.973581	0.926929	1.42318	0.529987	1.63896	0.502819	0.262501	0.980194	0.937971	0.341081	1.65266	0.661442	0.485417	0.838857	0.279649	0.201428	0	0.262054	0.826092	1.76255	3.86337	1.00518	1.1041	0.160443	0.575809	0.288667	1.28123	3.14581	1
ihec.chipseq.ihec-chipseq-containerv1.1.4.IHECRE00003716.2.3596bec7-569c-4ea1-9600-217bd128de1a.fc.signal	1.42655	1.75185	2.02449	1.38439	1.07279	0.476983	1.42933	0.68457	1.09388	1.35548	1.182	0.871351	1.95073	3.26868	2.58567	1.62408	1.6932	1.68154	2.54239	2.00702	1.86223	3.23996	1.60708	0.445881	0.340031	0.345513	0.0508603	0.0776059	0.439095	0.297039	0.742952	0.889724	1.40836	0.854692	0.135839
ihec.chipseq.ihec-chipseq-containerv1.1.4.IHECRE00001875.2.3cf78ad3-7b65-4d3f-ad1a-54ef36e9f84b.fc.signal	0	0.510528	3.90594	1.78667	0.181792	0	0.547459	0.687895	0	0	0.52791	0.570123	1.37705	2.73378	3.17608	0	0	0	0	0.125153	0.841344	0	0	0	0	0	0	0	0.95199	0.41642	1.75768	2.60406	0	0	0.443992
ihec.chipseq.ihec-chipseq-containerv1.1.4.IHECRE00000784.3.5a735e4e-02fc-4cf3-8586-bebcb93dde40.fc.signal	0.94794	1.72688	0.82808	0.575647	0.235522	0.856183	0	0.0794839	0.716865	0.915613	2.0653	1.85027	0.990697	0.926575	0.952588	1.16883	1.41565	0.0720415	0.859661	1.29347	0.436	0.439218	0.528457	0.0088292	0	0	0.28266	0.966646	1.1534	1.70558	1.58324	1.07751	2.35673	1.68048	0.068369
ihec.chipseq.ihec-chipseq-containerv1.1.4.IHECRE00003812.1.473c7819-46e8-400e-9bbd-6a85f00dc5a7.fc.signal	0	0.077612	0.515437	0.92933	0.681618	0.489321	1.66914	0.986272	0.0853936	0.453113	0.796031	0.458802	0.197501	0.905665	0.47053	1.28906	1.08017	0.0984137	0.550543	0.793395	0.398351	0.67597	0.869412	0.665035	0.874837	0.25932	0.852583	0.84387	0.336568	0.847221	0.833047	1.0705	0.853473	0.946238	0.383887
ihec.chipseq.ihec-chipseq-containerv1.1.4.IHECRE00000942.6.d1423850-21d9-4937-a8c0-bd929b9ce5af.fc.signal	0.713678	1.48943	0.433397	1.14136	1.2726	0.810674	0.260459	0.721599	1.01568	1.16355	0.760825	0.631179	1.40353	1.65922	0.839732	0.725611	0.533758	0.822812	0.399296	0.421107	1.26841	0.687044	0.139591	0.133714	0.20217	0.51896	0.214567	0.625647	0.402333	1.33437	0.0143788	0.347577	0.304363	0.0786435	1
ihec.chipseq.ihec-chipseq-containerv1.1.4.IHECRE00001888.4.29b3864c-f328-4f09-81c3-fb99bd048848.fc.signal	2.24444	1.17067	0.393477	0.790102	0.0419712	0.23045	1.64333	0.0481219	0.35104	0.0941459	0.0972537	0.47749	0	0	0	0	0.855394	0.551035	1.49062	0.521699	0.55971	0.603527	0.330474	0.678307	0	0	0	0.421949	0.212266	1.70839	0.312363	0	1.86596	4.19234	0.114304
ihec.chipseq.ihec-chipseq-containerv1.1.4.IHECRE00004608.1.932e0a0c-709e-4631-95af-583a27cb7950.fc.signal	0.536541	0.210128	0.729421	0.884535	1.06439	0.672652	0.707733	0.343536	0.272976	1.01303	0.385479	0.51307	0.773176	0.998474	1.27767	0.703446	0.613008	0.392048	0.637543	0.619072	0.385319	0.425414	0.275831	0	0.398184	0.438249	0.450148	0.1762	0.469878	0.433786	0.616966	0.642144	0.913444	0.803391	0.735016
ihec.chipseq.ihec-chipseq-containerv1.1.4.IHECRE00003683.3.73c26a8d-02d6-4ea5-b361-6e62367bb307.fc.signal	0.664679	0.556204	0.421796	0.313664	0.427463	0.476478	0.413426	0.285264	0.620341	0.598448	0.279849	0.0276989	0	0	0	0	0	0.0430571	0.118229	0.255525	0.131766	0.0589119	0	0	0	0	0	0	0	0	0	0.0666046	0.199345	0.162696	0.934072
ihec.chipseq.ihec-chipseq-containerv1.1.4.IHECRE00001235.5.aea2aa2c-6af2-475c-9bb0-3fdc6d0339b3.fc.signal	0.67622	0.407939	0.377827	0.49679	0.489041	0.53339	0.276101	0.24925	0.577781	0.470413	1.23655	0.498653	0.120856	0.21574	0.371396	0.4093	0.69174	0.253807	0.819434	0.495042	0.257101	0.29273	0.140022	0.464355	0.135563	0.136513	0.332555	0.298069	0.22952	0.42886	0.211176	0.162446	0.470872	0.756814	0.665623
ihec.chipseq.ihec-chipseq-containerv1.1.4.IHECRE00004614.1.eddf4881-cfdf-4d09-8ca1-4766009011f8.fc.signal	0.788217	0.297553	0.214715	0.168143	0.318369	0.42453	0.55406	0.576194	0.372765	0.294989	0.176139	0.171009	0.0889253	0.231715	0.0213767	0	0	0.0769531	0.267626	0.25563	0.423204	0.566768	0.475352	0.176995	0.13168	0.0196665	0.116791	0.0513028	0.115331	0.494138	0.893388	0.63773	0.636058	0.172522	0.695919
ihec.chipseq.ihec-chipseq-containerv1.1.4.IHECRE00001013.4.bfd631c1-ff33-408e-83f7-24c85f85303b.fc.signal	0.533732	0.263939	0.352685	0.733842	0.144974	0.0814535	1.16908	0.180021	0.288091	0.686217	0.576388	0.6496	0.0136876	0.283779	1.00606	0.453904	0.579669	0.0817419	0.446517	0.538051	0.392334	0.243073	0.562127	0.193432	0.160254	0.186275	0.194697	0.0927324	0.116364	0.194273	0.464308	0.266764	0.477217	1.20134	0.45062
ihec.chipseq.ihec-chipseq-containerv1.1.4.IHECRE00001854.4.36abf718-9256-42a8-9dd6-975bef0637c8.fc.signal	0.448131	0.494811	0.417404	0.223144	0.297473	0.285259	0.539581	0.206667	0.555044	0.334231	0.70862	0.309379	0.27193	0.274127	0.325967	0.469282	0.38374	0.122549	0.328008	1.59985	0.976851	1.00048	0.416578	0.0158267	0.106917	0.0606158	0.271486	0.21714	0.291323	0.385415	0.192119	0.654223	0.64119	0.831156	0.0655695
ihec.chipseq.ihec-chipseq-containerv1.1.4.IHECRE00001961.2.3b762a00-3a45-430b-9a03-047a2f48270c.fc.signal	1.3684	0.990154	0.611001	0.814277	1.16981	0.430951	0.469928	0.73265	1.12217	0.802099	0.770757	1.49673	2.08244	0.742339	1.44901	1.41183	1.982	1.3853	1.81832	0.700372	1.09718	2.78975	1.11754	0.314291	0.00667587	0.0990889	0.13442	0.0783317	0.297818	0.268543	0.293575	0.824451	1.21281	0.920891	0.666308
ihec.chipseq.ihec-chipseq-containerv1.1.4.IHECRE00001878.2.0c107f79-35ef-4ad5-a762-22192d0ee4c1.fc.signal	0.825075	0.567656	0.189473	0.773917	0.281738	0.468043	0.191175	0.128917	0.28364	0.463825	0.392452	0.654255	0.819567	1.65286	0.940051	0.97324	1.51004	1.85536	1.25005	0.766048	0.430247	0.45295	0.200986	0.501183	0.0770697	0.606978	0.73801	0.949217	0.63821	0.399629	1.21727	1.27418	0.994987	0.744911	0.586957
ihec.chipseq.ihec-chipseq-containerv1.1.4.IHECRE00001019.4.29b9a930-c799-4888-ba4b-b384862d86c5.fc.signal	0.793571	0.936789	0.724834	0.675575	0.632285	1.13346	0.759184	0.460696	0.823126	1.11121	0.515858	0.349432	1.09074	0.673545	0.601389	0.430037	0.670295	0.462382	0.809289	0.652449	0.148562	0.502738	0.662266	0	0.0197549	0.678621	1.08688	0.456044	0.330481	0.298918	0.226318	0.222184	0.380008	0.801586	0.466634
ihec.chipseq.ihec-chipseq-containerv1.1.4.IHECRE00003679.3.f2c7bc19-404e-47af-b24f-cd6109044afb.fc.signal	0.411911	0.322177	0.0018454	0.239455	0.605123	0.448897	0.279994	0.109774	0.122036	0.740973	0.973825	0.901098	0.731771	0.757138	0.438813	0.210407	0.00468613	0.268327	0.502715	0.501281	0.611528	0.270408	0.231895	0.351858	0.473521	0.166876	0.213028	0.381659	0.28757	0.494743	0.525813	0.0819656	0.0460588	0.0980001	0.931841
ihec.chipseq.ihec-chipseq-containerv1.1.4.IHECRE00000233.3.d999326f-0bb9-43a3-80f2-21bc2de5bd70.fc.signal	0.451015	0.181133	0.156868	0.117454	0.0924121	0.247013	0.471266	0.628506	0.436286	0.372666	0.785413	0.925858	0.732641	0.428398	0.142877	0.387193	0.544896	0.581499	0.634411	0.399669	0.183192	0.0534633	0.0698709	0.2911	0.222705	0.0816299	0.13526	0.235534	0.627122	0.787039	0.50979	0.544697	0.6236	0.498393	0.649331
ihec.chipseq.ihec-chipseq-containerv1.1.4.IHECRE00003677.3.5aafa779-b4bd-44a8-aed7-d566d5881bee.fc.signal	0	0.0260587	0.330319	0.245675	0.1396	0.121917	0.067008	0.233545	0.324713	0.215915	0.449396	0.987197	0.580587	0.050256	0.338937	0.181307	0.191346	0.211261	0.433563	0.262389	0.260587	0.149837	0	0.0130293	0.200093	0.229875	0.152629	0.398236	0.988111	0.703423	0.490362	0.567565	0.609441	0.150684	0.684848
ihec.chipseq.ihec-chipseq-containerv1.1.4.IHECRE00001973.1.f006c884-d6f7-470d-8586-314761e38a9f.fc.signal	1.10678	0.589887	0.824672	0.51051	0.435664	0.28138	0.257888	0.395896	0.109875	0.31697	0.457693	0.687677	1.81064	1.4831	1.18983	1.74023	1.43469	1.08923	1.38097	1.14849	0.765167	0.48296	0.304685	0.25691	0	0	0.132921	0.890386	0.865651	0.680804	0.361315	0.283185	0.248521	1.19679	0.301426
ihec.chipseq.ihec-chipseq-containerv1.1.4.IHECRE00001014.4.ab6bc5c7-ecc1-4ea6-b3f6-c6d3cd30e958.fc.signal	0.384973	0.215565	0.112866	0.0979181	0.129044	0.360058	0.171424	0.23603	0.318631	0.479858	0.363196	0.536623	0.352537	0.278105	0.206061	0.144056	0.227127	0.171302	0.317655	0.224111	0.344726	0.309264	0.432056	0.212036	0	0	0	0.15715	0.599062	0.379156	0.202918	0.527087	0.313729	0.493122	0.573645
ihec.chipseq.ihec-chipseq-containerv1.1.4.IHECRE00000969.7.cad1b677-714d-4048-b83a-e43043dafcdb.fc.signal	0.845146	0.815051	0.551241	1.29345	1.23723	0.98532	0.747483	0.377822	0.134911	0.528952	0.67103	0.467939	0.66807	1.45014	2.27092	1.66709	2.03338	2.04693	1.32277	1.76892	3.00937	0.946588	0.294091	0.0513385	0.406186	0.766142	0.749585	0.660672	1.1797	0.255354	0.667223	0.47667	0.336294	0.37262	0.570588
ihec.chipseq.ihec-chipseq-containerv1.1.4.IHECRE00003396.1.caf1b051-51fa-44fc-a0cc-329416432529.fc.signal	0.239052	0.137901	1.4033	0.11568	1.19238	1.28741	0.66751	0	0.165115	0.51558	1.04112	0.656886	0.851739	0	0	0	0.26614	0.413702	0.384521	1.2313	0.762209	0.108734	1.14453	1.47794	0.547802	0	1.41154	0.849858	0.851739	1.35459	1.20044	0	0.433491	0	0.519498
ihec.chipseq.ihec-chipseq-containerv1.1.4.IHECRE00002067.1.2da68f5f-3fe3-4c64-8403-feb46554ae0b.fc.signal	1.0832	1.17268	0.673757	0.880936	0.971348	1.12877	0.798098	0.690062	0.328462	0.320373	2.0876	1.72171	1.5306	1.15883	1.05145	0.874564	1.44113	1.24869	0.932102	0.276457	0.152542	0.225587	0.130409	0.0671902	0.183538	0.117979	0.486977	0.847928	0.207806	1.05668	1.63716	1.06816	0.572821	0.762504	0.143236
ihec.chipseq.ihec-chipseq-containerv1.1.4.IHECRE00003684.3.bc7bca89-1cba-4915-bcc7-e8d2a2d115f4.fc.signal	0.0659753	0.2184	0.0331303	0.378969	0.0682504	0.0318509	0.105661	0.26501	0.266153	0.253165	0.339266	0.391202	0.360499	0.403746	0.781896	0.374487	0.238233	0	0	0.174442	0.436699	0.330944	0.120579	0.0693895	0	0.0218179	0.201342	0.484444	0.474213	0.669824	0.564067	0.592567	0.323598	0.47203	0.907179
ihec.chipseq.ihec-chipseq-containerv1.1.4.IHECRE00003696.3.ffcc32fa-05fb-403b-ada6-3d600e152e76.fc.signal	0.520151	0.462074	0.449668	0.476438	0.173161	0.147117	0.114507	0.21659	0.255608	0.333888	0.91982	1.0187	0.788545	0.738236	0.868754	0.58781	0.691361	0.534927	1.15062	0.850808	0.706396	0.34255	0.220406	0.147108	0.0833506	0.0220558	0.0678711	0.221373	0.462068	0.841598	0.731078	0.850303	0.713594	1.55859	0.940239
ihec.chipseq.ihec-chipseq-containerv1.1.4.IHECRE00001008.4.6b4448d0-5f4c-4811-8e37-23e51bce62f5.fc.signal	0.823746	0.85772	1.79365	0.717742	0.905793	0.995155	1.61555	0.942726	1.66138	1.53038	0.597318	0.241705	0.749743	1.93455	1.46056	1.04653	1.1276	1.12955	0.961202	1.01944	0.803252	0.224512	0.292675	0.239181	0.409315	0.751212	1.17598	0.571054	0.168448	0	0.217083	0.159183	0.795076	1.82892	0.62341
ihec.chipseq.ihec-chipseq-containerv1.1.4.IHECRE00000099.3.caea98b3-0220-46f7-b579-baa97f11da22.fc.signal	0.199089	2.23222	0.396275	0	0.868664	0.502534	0.133872	1.50693	0.248948	0	0.197886	0.453199	0	0	0	0	0	0	0	0	0.342222	0.243656	0	0	0	0	0	0.0121829	0.932817	0.112829	0.522463	0.454365	0	1.94377	0.0894309
ihec.chipseq.ihec-chipseq-containerv1.1.4.IHECRE00003682.3.aaa0b154-2777-4a76-a919-829c05cb2aa5.fc.signal	0.568428	0.291605	0.0324749	0.0302607	0.168298	0.316727	0.365434	0.469529	0.149084	0.480606	0.675437	0.573102	0.425407	0.31229	0.576194	0.625748	0.427427	0.177868	0.00959487	0.0634737	0.180082	0.0782351	0.276842	0.41786	0.147627	0.0361653	0.107073	0.199165	0.657231	0.490195	0.437373	0.306157	0.384634	0.869232	1
ihec.chipseq.ihec-chipseq-containerv1.1.4.IHECRE00003810.1.e1477c7f-dd1a-410b-b9aa-d42121abe54b.fc.signal	0.205162	0.487648	0.0904557	0.0953409	0.312843	0.232201	0.0438291	0.13988	0.158531	0.323744	0.491212	0.585674	0.239859	0.761428	0.62487	0.645987	0.691829	0.682494	0.759301	0.683648	0.886375	0.660156	0.00186507	0	0	0.0473001	0.287206	0.32859	0.532529	0.648638	0.449287	0.695605	0.785286	0.45391	0.389058
ihec.chipseq.ihec-chipseq-containerv1.1.4.IHECRE00001234.5.7911b36d-fd72-410e-af85-0dad0ab68796.fc.signal	0.902635	0.688321	0.595282	0.553624	0.596828	0.310228	0.245505	0.573415	0.691691	0	0.567719	0.855111	0.208096	0.917423	0.473238	0.786115	0.382845	0.600897	0.559538	0.551324	0.912126	0.237357	0.0571109	0.130689	0.182608	0.249886	0.33632	0.313231	0.149311	0.258592	0.586199	0.246591	0.265109	1.09987	0.786492
ihec.chipseq.ihec-chipseq-containerv1.1.4.IHECRE00002063.1.5cbd3cd5-dc33-49dc-ae71-41bb3114f33a.fc.signal	1.1874	0.565497	1.22085	0.539057	0.140901	0.399879	0.165559	0	0.0457957	1.05524	1.28428	1.26136	1.04292	1.32657	1.04818	0.676801	1.1301	0.91408	0.772692	0.705558	0.630056	0.906824	0.313532	0.114482	0	0	0.366406	1.1434	0.320087	0.774081	1.30895	1.04642	0.956621	1.14117	0.184855
ihec.chipseq.ihec-chipseq-containerv1.1.4.IHECRE00000221.3.05a353b1-f31c-4062-a970-e6b8e8cfe9a3.fc.signal	0.219467	0.297439	0.374441	0.29548	0.232201	0.0372013	0.0787219	0.101723	0.0459461	0	0	0.168166	0.459739	0.212821	0.0758033	0.00945233	0	0	0	0.0329589	0.208179	0.150668	0.298638	0.345089	0.161013	0.366048	0.326657	0.436159	0.650456	1.18534	1.0173	0.484307	0.183545	0.14167	0.489437
ihec.chipseq.ihec-chipseq-containerv1.1.4.IHECRE00000230.3.248f1915-9924-44db-a3f5-cd90c9f34342.fc.signal	0.518769	0.677414	0.415723	0.344388	0.756062	1.05694	0.359726	0.147801	0.259005	0.409963	0.416074	0.593458	0.597486	0.733617	1.08225	0.896475	0.783096	0.574014	0.36747	0.16807	0.145542	0.202955	0.202814	0.160359	0.197347	0.238681	0.450606	0.621104	0.439667	0.461466	0.77851	1.18609	1.21262	0.729419	0.417891
ihec.chipseq.ihec-chipseq-containerv1.1.4.IHECRE00003809.1.4a2441ca-55cf-47d7-babd-5b4be2878b1b.fc.signal	0.162203	0	0.005222	0.206649	0.194392	0.231897	0.293967	0.325251	0.407196	0.299177	0.336398	0.178283	0.00877993	0.115123	0.117685	0.115087	1.03367	1.69742	1.31661	1.29473	1.48648	1.06238	0.909293	0.757118	0.896536	0.351724	0.267882	0.682395	0.37449	0.488355	0.891068	1.02253	0.570705	0.236602	0.433868
ihec.chipseq.ihec-chipseq-containerv1.1.4.IHECRE00004643.3.251ac38a-f30f-4eb1-8d54-f10f77bc7dd8.fc.signal	0.50201	0.504909	0.135972	0.139837	0.418496	0.51886	0.512591	0.414419	0.609325	0.371412	0.763183	0.405663	0.607035	0.377225	0.564285	0.177106	0.307914	0.320138	0.0939224	0.333919	0.48278	0.234017	0.378134	0.42357	0.120699	0.173183	0.152772	0.35091	0.539155	0.558596	0.627858	0.671154	0.682501	1.27646	0.221932
ihec.chipseq.ihec-chipseq-containerv1.1.4.IHECRE00001965.2.d0a3ffb9-3082-49ca-b6e4-071c93be50ea.fc.signal	1.85023	1.39448	1.50033	1.65415	1.06345	0.481021	0.359063	0.879849	0.499921	1.12071	0.970145	0.716072	1.16359	1.43612	1.08629	1.31489	0.960573	0.801433	0.90634	1.20859	0.929255	0.434691	0.169652	0.215301	0.489197	0.571639	0.632851	0.715748	1.50086	0.641816	1.22144	1.42726	1.00217	1.75898	0.281024
ihec.chipseq.ihec-chipseq-containerv1.1.4.IHECRE00003691.3.cb518c97-2905-470f-ae3d-4e16b45f68a4.fc.signal	0.117279	0.114716	0.566112	0.172873	0.25621	0.185238	0.41875	0.311625	0.0156619	0.184191	0.338053	0.534339	0.413089	0.501205	0.72087	0.0670878	0.491428	0.409831	0.22427	0.0145487	0.296925	0.301171	0.293741	0.101805	0.325971	0.27507	0.277567	0.139003	0	0.29187	0.271957	0.4219	0.576103	0.830891	0.8989
ihec.chipseq.ihec-chipseq-containerv1.1.4.IHECRE00001966.2.b1abd689-f97d-4cbd-88da-9a4dcf233100.fc.signal	1.24776	0.958121	1.39015	1.29583	0.475651	0.676441	0.398313	1.3975	1.26047	1.91144	2.43005	1.73035	2.42302	2.48443	1.32889	0.980156	0.829732	0.643047	0.460476	0.168199	0.665017	0.545403	0	0	0.172361	0.082388	0.287831	1.01072	0.604075	0.389796	0.413687	0.347391	0.681975	1.26052	0.508353
ihec.chipseq.ihec-chipseq-containerv1.1.4.IHECRE00002005.1.40074ae6-828f-47d9-a397-b67f6a5032c3.fc.signal	0.878313	0.949257	0.314678	0.448616	0.227943	0.265286	0.298366	0.534358	0.622651	0.525864	1.1223	1.38484	1.01689	0.58898	0.670886	0.757932	0.736955	1.19322	0.636561	0.771908	0.203356	0.439817	0.146147	0.168014	0.392117	0.501316	0.475733	0.562119	1.00435	1.11192	1.06524	0.884834	0.355418	1.04529	0.192935
ihec.chipseq.ihec-chipseq-containerv1.1.4.IHECRE00003817.1.366ce028-dbb5-4000-adeb-5cae508bdd78.fc.signal	0.0578362	0.109171	0.202697	0.210558	0.57938	0.364345	0.197691	0.292579	0.302569	0.0945236	0	0	0.237397	0.22732	0.127868	0.0437348	0.0167687	0.373437	0.58537	1.0407	0.538706	0.334915	0.280825	0.18786	0.0931869	0.0293799	0	0.39062	0.365912	0.46391	0.477408	0.306294	0.0790537	0.245428	0.288204
ihec.chipseq.ihec-chipseq-containerv1.1.4.IHECRE00000231.3.78266b2b-9a41-44a4-9745-bcbbd01d3076.fc.signal	0.354991	0.317173	0.14939	0.0721584	0.179525	0.384803	0.359431	0.301649	0.145324	0.154572	0.22941	0.27224	0.334957	0.228702	0.106912	0.225792	0.150694	0.202335	0.306376	0.340219	0.362602	0.399798	0.254268	0.0637332	0	0.00323947	0.069888	0.109958	0.0839366	0.134658	0.20137	0.283509	0.422496	0.442341	0.207802
ihec.chipseq.ihec-chipseq-containerv1.1.4.IHECRE00000224.3.91059aa1-cc7c-4c6a-8c0d-23bf4bfa5cae.fc.signal	0.280598	0.157375	0.344393	0.16683	0.0889397	0.333338	0.565721	0.48775	0.274596	0.338938	0.403125	0.21746	0.118232	0.133365	0.221201	0.494903	0.434074	0.395997	0.66818	0.770816	0.71276	0.530628	0.484759	0.316334	0.167394	0.147405	0.201307	0.1045	0.117018	0.28628	0.379374	0.222047	0.346433	0.644308	0.583418
ihec.chipseq.ihec-chipseq-containerv1.1.4.IHECRE00003808.1.15fff734-a78a-4288-8d11-37559fec46b7.fc.signal	0.18384	0.140476	0.327211	0.352253	0.351326	0.230591	0.218711	0.496971	0.828561	0.387355	0.417212	0.779545	0.600742	0.883957	0.885252	0.511522	0.558172	1.13112	1.14843	0.892261	1.17107	0.788588	0.254055	0.428711	0.274413	0.39041	0.540127	0.168948	0.524342	0.612435	0.75644	0.400886	0.745534	0.832993	0.304266
ihec.chipseq.ihec-chipseq-containerv1.1.4.IHECRE00001003.4.764910b8-acca-40a8-a519-921f972f38d0.fc.signal	0.0656048	0.452297	0.717348	0.352951	0.512523	1.17694	0.698053	0.400051	0.922269	0.995857	1.27645	1.17416	0.512646	1.03209	0.460456	0.578656	0.483651	0.529731	0.640686	0.414705	0.674349	0.755586	0.103287	0.263748	0.0452501	0.153789	0.589042	0.552821	0.416585	0.448765	0.402843	0.779229	0.276273	0.651969	0.763594
ihec.chipseq.ihec-chipseq-containerv1.1.4.IHECRE00003693.3.00bffcc7-6bdd-4dff-a3af-f0bc3467ff95.fc.signal	0.8118	1.16406	0.581165	0.341847	0.19022	0.180679	0.169239	0.265821	0.500231	0.61397	0.765976	0.789025	0.679722	0.541111	0.505054	0.723208	0.792082	0.483924	0.869365	0.476067	0.227606	0.174293	0.168795	0.0470535	0.0203523	0.191619	0.202011	0.363251	0.877762	0.804889	0.642843	1.20903	1.14888	0.617218	0.907587
ihec.chipseq.ihec-chipseq-containerv1.1.4.IHECRE00001957.2.5bc96241-954a-4559-a55b-8ed7178f6f2d.fc.signal	1.56267	1.13083	0.92781	1.39544	1.06722	0.644862	0.528412	1.27027	0.615349	1.25223	1.65645	1.87565	1.23824	1.15574	0.776809	0.784787	0.836927	0.899641	0.62291	1.36309	1.21486	0.576656	0.817499	0.451533	1.20322	0.801322	0.793002	1.41791	1.46892	1.52361	1.75525	1.55511	1.35134	1.89656	0.33501
ihec.chipseq.ihec-chipseq-containerv1.1.4.IHECRE00001962.2.f53f759d-3946-4452-bfdb-d2f97d37ca2c.fc.signal	4.22079	2.90204	1.7536	1.28115	1.05468	0.722638	0.58476	1.20171	1.28112	1.86131	2.47403	1.99293	1.46708	1.37682	1.3103	1.27908	1.14138	0.967641	1.49354	0.955418	0.850267	1.28397	1.72243	1.4459	1.39038	0.966971	1.00229	1.33269	2.57923	1.61216	1.22266	1.4027	1.7935	3.26118	0.310838
ihec.chipseq.ihec-chipseq-containerv1.1.4.IHECRE00001025.7.262bd7c5-c486-496a-a8c6-308bf4207448.fc.signal	0.288036	0.430026	0.140829	0.0821636	0.989007	0.703751	0.0171281	0.631567	0.865665	0.603057	0.320168	1.18631	0.373282	0.207637	0.750717	0.472214	0.7573	1.06298	1.02134	0.382965	0.671865	1.32646	0.624754	0.665698	0.463282	1.09803	0.731354	1.10548	0.711495	0.688298	0.79926	0.399853	0.401549	1.39418	1
ihec.chipseq.ihec-chipseq-containerv1.1.4.IHECRE00003678.3.fc6fd65f-c644-42f3-9ab2-6582bf7f6378.fc.signal	0.698105	0.614173	0.231977	0.191148	0.348492	0.113722	0.0487388	0.394127	0.654154	0.477645	0.509343	0.805979	0.828526	0.300898	0.54122	1.20029	0.969191	0.136316	0.246254	0.385604	0.411626	0.158997	0.331757	0.222357	0.580041	0.778813	0.553121	0.168444	0.304253	1.05576	0.764306	0.178705	0.717285	0.709698	0.921733
ihec.chipseq.ihec-chipseq-containerv1.1.4.IHECRE00001918.1.fbe063d6-2cc4-4e86-b2d8-a5dbab869596.fc.signal	1.02648	0.561512	0	0.566465	0.203273	0	0.69248	0.171001	0	0.188398	0.70364	0.221306	0.650825	0.438594	0.496579	0	0.22999	0.945386	0	0	0	0	0.500244	0.9394	0.582806	0.567009	1.35437	0.860433	1.09474	0.87707	0	0	0.613534	0.642209	0.195266
ihec.chipseq.ihec-chipseq-containerv1.1.4.IHECRE00000303.2.0092e1bc-1a95-46f7-a164-5f4453e07465.fc.signal	0	0	0.031852	0.308645	0.101626	0.0574864	0.493376	0.45746	0.0215574	0	0	0	0	0	0	0	0.25904	0.155854	0.284183	0.669742	0.476179	0.288648	0	0	0.170348	0.35057	0.222714	0.170376	0.861386	1.33129	0.597145	0.0934154	0.421544	0.49914	0.0381098
ihec.chipseq.ihec-chipseq-containerv1.1.4.IHECRE00000949.6.eabfbabf-0398-4a54-beef-06d14e082ca4.fc.signal	1.66754	0.653896	0.883622	1.23419	0.757136	0.966569	0.269069	0	0.205074	1.17128	1.49868	1.18931	0.360064	0.766999	0.952292	0.794327	0.965386	2.5255	1.5332	1.11643	2.45019	1.54421	0.175286	0.362126	0.371452	1.76474	0.844597	1.25331	2.53134	3.80046	1.89643	2.18711	1.98199	2.00442	0.816143
ihec.chipseq.ihec-chipseq-containerv1.1.4.IHECRE00003694.3.fc8c8322-ec2a-42ca-96d8-185645c9908f.fc.signal	0.168842	0.575009	0.79221	0.737627	0.442091	0.157537	0.0324206	0.012688	0.196681	0.601671	1.06008	0.751856	0.657177	0.591262	0.537246	0.360596	0.352165	0.127841	0.346336	0.324338	0.149198	0.0087112	0.189043	0.136838	0.0729959	0.287907	0.3076	0.323112	0.6253	0.699678	0.348917	0.330682	0.61801	0.684431	0.899106
ihec.chipseq.ihec-chipseq-containerv1.1.4.IHECRE00004616.1.5fc2101e-b79e-4aed-9fe2-994fb8efbe2d.fc.signal	0.781126	0.506724	0.548847	0.744626	0.713712	0.644029	0.443223	0.570521	0.178092	0.118764	0.158874	0.306895	0.318348	0.222632	0.34171	0.438102	0.751517	1.03722	0.835545	0.889885	0.5637	0.516723	0.528848	0.173546	0.443966	0.261406	0	0.0462299	0.118224	0.812202	0.519911	0.433082	0.534235	0.625911	0.544104
ihec.chipseq.ihec-chipseq-containerv1.1.4.IHECRE00001963.2.a69914d6-c947-4064-9120-21fa14734e92.fc.signal	3.47379	2.42949	1.95199	1.38227	1.31728	0.644664	0.463082	0.588111	1.20459	1.56989	2.12576	1.70104	2.08317	1.88823	1.57828	1.2655	0.465658	0.507703	0.74437	0.968651	0.372183	0.366399	0.50708	0.160866	0.0269361	0	0.658317	1.53053	1.58724	1.00693	1.34801	1.98276	2.11129	3.17218	0.640625
ihec.chipseq.ihec-chipseq-containerv1.1.4.IHECRE00000964.7.31304b6b-0e3c-47a2-858e-e0febf9013fe.fc.signal	0.978849	0.95923	1.0792	1.6597	0.345057	0.126743	0.969349	0	0.692808	0.767002	0.0736488	0	0.0763792	0.31866	0.859852	0.44221	0.376518	1.17875	1.13839	2.02647	1.55241	1.52258	0.411406	0.706477	0.153257	1.88765	0.6456	0	0.460969	0.403586	0.911675	1.36852	0.958267	1.23776	0.587463
ihec.chipseq.ihec-chipseq-containerv1.1.4.IHECRE00001021.4.b0114014-a1df-4014-b792-073b6721f8fd.fc.signal	0.962758	0.490412	0.317338	0.488173	0.487766	0.631422	1.38824	0.584511	0.282781	0.583498	0.18732	0.37012	0.718244	0.808489	0.361264	0.391982	0.546204	0.403677	0.0797204	0	0.173799	0.300975	0.518743	0.369394	0.466862	0.514735	0.559781	0.398464	0	0.0066674	0.476949	0.516017	0.232344	0.172538	0.319979
ihec.chipseq.ihec-chipseq-containerv1.1.4.IHECRE00004618.1.209b7d40-2aaf-4f0d-9a2f-e178d8a84b13.fc.signal	1.11933	0.86042	0.666404	0.67675	0.899971	0.597398	0.268957	0.34062	0.269843	0.768892	0.574354	0.389193	0.667702	1.18776	0.577744	0.371177	0.450045	0.674268	0.520877	1.12094	0.855773	0.76422	0.537814	0.245095	0.367475	0.0688037	0.460439	0.252899	0.227898	0.729278	0.907617	0.903721	0.401303	1.27348	0.730507
ihec.chipseq.ihec-chipseq-containerv1.1.4.IHECRE00001997.1.1f6ac71d-93cf-4d13-a14c-23ecb52e3983.fc.signal	1.79226	2.38424	1.43064	1.55041	0.202515	0.119581	0.217947	0.189016	0.241091	0.827363	1.55638	1.23029	1.62749	1.04186	0.924485	1.83392	1.01855	0.9658	0.636733	1.02984	0.572827	0.177443	0.190942	0.486034	0.524607	0.160083	0.28931	0.583803	0.252916	0.484246	0.996568	1.17078	0.743216	1.05202	0.25
ihec.chipseq.ihec-chipseq-containerv1.1.4.IHECRE00001027.7.dcf25794-5ac8-4a6d-9033-a30e1a31178f.fc.signal	0.0842967	0.638596	0.421701	0.489391	0.0530071	0	0.176792	0.588987	1.59393	0.466519	0.457115	0.171904	0.23937	0.175398	0.272901	0.0579153	0	0.593835	0.593371	0.0285197	0	0	0.206727	0.115616	0.195802	0	0.123197	0.108281	0.395668	0.422055	0.495393	0.007568	0	0.498162	1
ihec.chipseq.ihec-chipseq-containerv1.1.4.IHECRE00000250.2.07db7868-f10a-4d85-bd5f-aa9358240c1f.fc.signal	0.790746	0.311516	0.0688027	0.150842	0.807894	0.741658	0.540494	1.21012	0.524317	0.986168	0.800765	0.688192	0.636446	0.293986	0.155333	0.299431	0.122441	0.60933	0.322948	0.680769	0.649375	0.634316	0.499702	0.175406	0.300363	0.500246	0.847556	0.37029	0.373059	0.843885	0.591312	1.61128	2.60661	2.97818	0.102395
ihec.chipseq.ihec-chipseq-containerv1.1.4.IHECRE00000001.4.8f91a2fb-7003-480a-b893-926d784b78c7.fc.signal	0.172454	0.0581267	0.0616561	0.0509652	0.00860373	0.179898	0.291932	0.261783	0.260676	0.140838	0.116549	0.245377	0.328859	0.59533	0.849691	0.425855	0.633846	1.22531	1.30275	0.966738	0.332931	0.111807	0.358534	0.12924	0	0.0998479	0.267421	0.18474	0.287266	0.217759	0.11465	0.0887496	0.288158	0.639602	0.0365231
ihec.chipseq.ihec-chipseq-containerv1.1.4.IHECRE00002076.1.7e792a01-04c2-4297-a3a4-2a7110dfb8d8.fc.signal	2.69712	1.54282	1.02684	1.45535	1.28599	0.286646	0.611241	0.52809	1.33734	1.29429	2.01281	1.17638	0.533618	0.872009	0.661716	0.53736	1.11507	1.70164	1.33795	1.91386	0.601421	0.661889	0.523696	0.294956	0.251681	0.0808099	0.11606	0.538661	0.938568	1.47068	1.60612	1.62082	1.17535	1.21723	0.339181
ihec.chipseq.ihec-chipseq-containerv1.1.4.IHECRE00000864.3.807b95cf-3868-4ccf-8959-450b4ce9bd14.fc.signal	1.61708	1.04827	1.26098	0.359833	0	0.310259	0.233701	0.531872	0.012088	0	0.782385	2.44457	1.43066	1.49882	1.27915	1.18791	0.588004	0.345727	0.697924	0.841907	0.481236	0	0	0	0	0	0	0.134983	1.67789	1.03241	2.61889	1.92317	0.253847	1.19269	1
ihec.chipseq.ihec-chipseq-containerv1.1.4.IHECRE00004641.3.f283db42-039d-42b0-abf6-5e11b1f7b362.fc.signal	0.26261	0.182187	0.146439	0.382587	0.438209	0.207142	0.346742	0.353732	0.334205	0.482569	0.360454	0.0955447	0.0819975	0.444607	0.40998	0.134123	0.0481112	0.712694	0.528606	0.446979	0.512001	0.577429	0.426795	0.101059	0.194999	0.334185	0.559012	0.513313	0.419856	0.567314	0.67793	0.491217	0.492602	0.658585	1
ihec.chipseq.ihec-chipseq-containerv1.1.4.IHECRE00001006.4.732d1f82-feba-4a67-aa61-d02368a35bbb.fc.signal	0.88055	0.426326	0.528167	0.505348	0.458661	0.336481	0.368715	0.324257	0.493367	0.298909	0.610304	1.08796	0.684776	1.32627	0.650601	0.540238	0.645111	0.843087	1.08454	0.938265	0.839338	1.19399	0.500572	0.42987	0.92702	0.549696	0.327546	0.254137	0.40888	0.250068	1.0104	0.422249	0.197257	1.03566	0.74964
ihec.chipseq.ihec-chipseq-containerv1.1.4.IHECRE00001022.4.e3ed522f-2c41-4dc2-8732-fe32436313bd.fc.signal	0.641561	0.202079	0.338642	0.517325	0.626749	0.498799	0.486856	0.311979	0.295154	0.633174	0.79712	0.487343	1.13394	0.880894	0.928168	0.805262	0.794626	0.741759	1.05803	0.235952	0.633707	0.656429	0.287606	0.435594	0.384715	0.540809	0.268712	0.172918	0.0612344	0.24132	0.473831	0.765747	0.993197	2.3201	0.706445
ihec.chipseq.ihec-chipseq-containerv1.1.4.IHECRE00004606.2.5d173747-d877-4237-a9b2-01437c36f68b.fc.signal	0.331962	1.00607	1.24266	0.915382	0.341091	0.283986	0.254661	0.0447586	0.354982	0	0.114638	0.274725	0.486199	1.06943	0.37659	0.906546	0.327357	0.188334	0.236367	0.0492007	0.52428	0.358733	0.401524	0.328928	0.573473	0.651491	0.390577	0.214533	0.282442	0	0.344846	0.455381	0.585051	0.950839	0.606164
ihec.chipseq.ihec-chipseq-containerv1.1.4.IHECRE00001902.1.a7b50190-d657-4fdf-9077-238ae0258fec.fc.signal	0.395541	0.210918	0.178048	0.215059	0.324926	0.412541	0.627226	0.951462	0.549908	0.426574	0.434184	0.0963067	0.615848	1.35512	0.556041	0.155409	0.162463	0.467268	0.716869	1.32003	1.42464	0.878028	0.854914	0.514534	0.369102	0.378571	0.697043	1.17552	1.25783	1.49182	1.39653	2.30325	2.05991	1.68761	0.516105
ihec.chipseq.ihec-chipseq-containerv1.1.4.IHECRE00003686.3.17631993-4bed-42bb-94e8-db02b030412c.fc.signal	0.320769	0.299734	0.0920222	0.164887	0.15503	0.159331	0.0252179	0.144583	0.502259	0.428283	0.458912	0.525436	0.155105	0.0506871	0.084346	0.118499	0.233328	0.375643	0.237137	0.001952	0	0	0.042456	0.3141	0.540347	0.308739	0.156093	0.158005	0.111797	0.0218823	0.118179	0.286151	0.344518	0.40166	0.924055
ihec.chipseq.ihec-chipseq-containerv1.1.4.IHECRE00000980.8.b168494f-d47a-403c-8246-740897ab3321.fc.signal	0.0866811	0.607228	0.361633	0.30663	0.317441	0.240018	0.193316	0.928772	0.293388	1.41403	0.921282	0.0880692	0.34659	0.122067	0.100021	0.288386	0.853671	1.26482	0.774609	0.308782	0.423769	0.951242	1.47755	0.232399	0.401329	0.472576	1.13817	0.985947	0.171339	0.355397	0.156753	0.196313	0.372442	0.6351	0.391339
ihec.chipseq.ihec-chipseq-containerv1.1.4.IHECRE00004615.1.cf454773-02e8-4ae6-8d9d-05793e9b3346.fc.signal	0.798079	0.850874	0.524929	0.536752	0.161802	0.137967	0.265824	0	0.061114	0.598151	0.458509	1.1579	0.932076	0.292508	0.265413	0.347127	0.26233	0.540813	0.581252	0.54457	0.79198	0.785441	0.30415	0.129944	0.556897	0.363924	0.452932	0.194092	0.435954	0.941346	0.391401	0.414827	0.269569	0.36982	0.898876
ihec.chipseq.ihec-chipseq-containerv1.1.4.IHECRE00004605.1.9bf3f7d0-484d-45f8-8d1f-2e9e5a1c459e.fc.signal	0.365875	0.513555	0.0691843	0.166308	0.513552	0.606685	0.376519	0.408448	0.376522	0.562781	0.318293	0.196909	0.275407	0.0505577	0.447034	0.53085	0.396477	0.115751	0.123733	0.685184	0.145019	0.25811	0.588059	0.317979	0.172961	0.690503	0.471172	0.664462	1.0311	0.576179	0.0446532	0.550806	0.574757	1.04729	0.640625
ihec.chipseq.ihec-chipseq-containerv1.1.4.IHECRE00001011.4.8f80b5ae-2ed4-49bd-9661-ee91c91c6668.fc.signal	0.144762	0.0804286	0.171441	0.138904	0.0826775	0.100535	0.143188	0.0889596	0.169112	0.111426	0.0715377	0.123355	0.14618	0.326464	0.220981	0.130384	0.144882	0.13551	0.182463	0.171291	0.153476	0.167348	0.0183629	0.115223	0.205096	0.275849	0.31661	0.174453	0.161632	0.0894962	0.141324	0.251034	0.412127	0.927765	0.415481
ihec.chipseq.ihec-chipseq-containerv1.1.4.IHECRE00001891.4.58c4ce3b-b697-4bca-9ab1-5a18cc61f42e.fc.signal	1.47268	1.74082	0.820366	1.16729	0.36562	0.958467	0.120084	0.305844	0.872815	1.71115	0.785816	0.290656	0.278898	0.708945	1.19706	0.328704	0.776622	0.155083	0.553643	0.426858	0.522235	0.548408	0.184719	0.0108381	0.323038	0.188592	0.873002	0.773065	1.19693	0.930333	0.224794	0.250875	0.162248	0.767971	1
ihec.chipseq.ihec-chipseq-containerv1.1.4.IHECRE00003715.2.d19dd174-314a-4acb-be96-200f2ac615ac.fc.signal	2.02746	1.24143	0.685899	0.960374	1.4223	1.97288	2.90989	1.63999	1.8808	2.17776	1.43788	2.20838	2.2074	1.4671	1.74651	2.32364	2.82369	2.83161	2.08167	2.29521	3.10435	2.82433	2.93928	3.21751	1.6378	1.18884	1.20117	1.32557	1.03481	1.544	2.06204	1.50166	2.70749	1.9882	0.140146
ihec.chipseq.ihec-chipseq-containerv1.1.4.IHECRE00000957.7.43e107f7-e0f6-47a5-a7b8-13ab80c11387.fc.signal	0.423858	0.3771	0.351036	0.114398	0.217423	0.443281	0.360519	0.316327	0.218042	0.449901	0.321838	0.802969	0.291537	0.211436	0.335657	0.0965445	0	0.0232866	0.262426	0.452923	0.340053	0.253702	0.346269	0.135272	0.269453	0.360852	0.35778	0.374636	0.254923	0.484451	0.439246	1.05535	0.82904	0.697754	0.414125
ihec.chipseq.ihec-chipseq-containerv1.1.4.IHECRE00000987.6.29b8d050-beec-45b5-afda-a75534d88bfc.fc.signal	0.220728	0.628523	0.625701	0.810724	0.25119	0.548312	0.0087172	0.195846	0.558294	1.07298	0.403069	0.479807	0.269917	0.448726	0.460236	0.251143	0.446316	0.649885	0.203134	0.0744951	0.234768	0.155063	0.416773	0.949357	0.177837	0.576664	0.287291	0.655862	0.581462	0.907666	0.445142	0.855913	0.514433	1.04391	0.569149
ihec.chipseq.ihec-chipseq-containerv1.1.4.IHECRE00001005.4.95f53ebc-36d6-4d56-97fe-845639d80b60.fc.signal	0.246075	0.436145	0.382914	0.286141	0.418368	0.312181	0.110785	0.336313	0.399271	0.360454	0.341135	0.192924	0.216157	0.199157	0.691785	0.674254	1.22862	1.04933	0.720125	0.222835	0.583108	0.870717	0.277397	0.236247	0.245626	0.243592	0.313818	0.631005	0.684953	0.569988	0.579985	0.925158	1.00097	1.32659	0.549908
ihec.chipseq.ihec-chipseq-containerv1.1.4.IHECRE00000227.3.3c5cc6dc-a3c4-4ffa-bcf6-9a6cbcb9395f.fc.signal	0.567387	0.383596	0.293708	0.312504	0.203509	0.131534	0.33238	0.559519	0.682278	0.941984	0.659877	0.581359	0.569798	0.572645	0.780698	0.612221	0.413897	0.412745	0.735296	1.05826	0.823279	0.510387	0.492872	0.255062	0.152829	0.375054	0.454168	0.181684	0.300835	0.401108	0.42335	0.749211	0.894866	0.944304	0.115496
ihec.chipseq.ihec-chipseq-containerv1.1.4.IHECRE00001015.4.688452d3-c54d-4af2-a580-0feba801962e.fc.signal	1.24823	0.382457	0.308868	0.719017	0.238215	0.950225	1.12522	1.10522	1.3252	1.19734	1.29242	0.596796	0.522608	0.590505	0.761665	0.447165	0.352133	0.703111	0.221374	0.177809	0.182934	0.430628	0.769084	0.898108	1.14131	0.654644	0.939232	0.939362	0.303049	0.569693	0.456078	0.322876	0.0291302	0.257201	0.526559
ihec.chipseq.ihec-chipseq-containerv1.1.4.IHECRE00003811.1.c1524f24-74eb-4d09-9bfc-c896eff5d9f6.fc.signal	0.398011	0.124788	0.0229931	0.203216	0.126863	0.143954	0.125059	0.202291	0.0418533	0	0	0	0.0442094	0.291621	0.909383	1.16815	1.40416	1.24113	0.669643	1.02129	0.815319	0.593894	0.943672	0.481606	0.192203	0.399565	0.243315	0.208062	0.48137	0.742611	0.700818	0.418176	0.310478	0.530701	0.37066
ihec.chipseq.ihec-chipseq-containerv1.1.4.IHECRE00003402.2.311adcba-a6cb-4a75-a81b-eae38fc76e1e.fc.signal	0	0.37392	0.591461	0.418772	0.730958	0.362379	0.434934	0.373902	0.823761	1.23269	1.24515	0.554333	0.565704	1.11415	0.015741	0	0	0	0.906738	0.660236	0	0	0	0	0	0.0697253	0.624334	1.48941	0.835889	1.10138	0.798863	0	0.210549	0.782045	0.240765
ihec.chipseq.ihec-chipseq-containerv1.1.4.IHECRE00001007.4.0c298cd2-cf14-4428-9865-01a844349556.fc.signal	0.564514	0.503089	0.758042	0.737859	0.843956	0.319472	0.519327	0.154261	0.336228	0.172595	0.206352	0.299054	0.154012	0.565112	0.400038	0.342463	0.569294	0.745272	1.05248	0.62857	0.62953	0.288652	0.3633	0.371792	0.276426	0.252059	0.202513	0.39716	0.450351	0.753418	0.327982	0.347418	0.891207	1.08126	0.539091
ihec.chipseq.ihec-chipseq-containerv1.1.4.IHECRE00001901.1.d45a4b8e-b4ad-4615-86f1-8880954ce942.fc.signal	0.00952113	0.316797	0.43918	0.347192	0.106458	0.237113	0.224406	0.300843	0.182072	0.207544	0.0779436	0.0227489	0.14574	0.376613	0.254621	0.136663	0.370535	0.600653	0.806338	0.608674	0.357761	0.361403	0.386062	0.251579	0.209119	0.100603	0.631239	0.258138	0.267221	0.256656	0.0464326	0.176504	0.316038	0.474653	0.544192
ihec.chipseq.ihec-chipseq-containerv1.1.4.IHECRE00000235.3.aaf97294-2366-43c8-9d83-3dd7259e070e.fc.signal	0.405628	0.635591	0.752119	0.58276	0.330106	0.414072	0.673227	0.735906	0.652333	0.552447	0.540983	0.431805	0.407615	0.654254	0.734881	0.582579	0.518017	0.463804	0.358175	0.52685	0.631798	0.514963	0.484028	0.471863	0.385651	0.319729	0.426789	0.268205	0.318445	0.519276	0.481667	0.338813	0.205087	0.351884	0.726815
ihec.chipseq.ihec-chipseq-containerv1.1.4.IHECRE00003814.1.69bb961e-8a87-48cd-a441-045b27001aeb.fc.signal	0.321695	0.423336	0.468653	1.24543	0.350119	0.0013232	0.48012	1.13348	0.855449	0.39166	0.160689	0.563129	0.174242	0.0694315	0.388298	0.399217	0.262393	0.603167	0.206026	0.36571	0.257112	0.605606	1.33645	0.780597	0.341718	0	0.00992027	0.235845	0.41041	0.638307	0.45992	0.364358	0.826975	0.233579	0.325622
ihec.chipseq.ihec-chipseq-containerv1.1.4.IHECRE00001016.4.a39e5205-5c09-4c97-9b2d-d4bf8542f324.fc.signal	0.548556	0.330102	0.45186	0.65725	0.286001	0.406289	1.12949	0.385036	1.03033	0.530239	0.683805	0.333117	0.784525	0.441756	0.237193	0.408095	1.02985	1.49125	0.843127	0.855517	0.908133	0.418084	0.447839	0	0	0	0.365705	0.29137	0.935031	0.909639	0.217494	0.642927	0.356363	0.743505	0.441052
ihec.chipseq.ihec-chipseq-containerv1.1.4.IHECRE00003730.1.c3324cfc-4c0b-4882-aacb-51bd02695154.fc.signal	1.9381	0.826122	0.180348	0.722446	0.196103	0.307841	0.05407	0	0.385678	1.00986	1.15362	0.794368	1.06374	0.935312	0.838109	1.08496	1.02239	0.364051	1.35062	1.6834	0.0144179	0	0.172855	0.52667	0.388064	0.281553	0.181704	0.4046	0	0.0908888	0.739996	1.41503	1.19055	1.13972	0.286286
ihec.chipseq.ihec-chipseq-containerv1.1.4.IHECRE00003401.1.ab8d152a-fa3d-4bf9-9cab-93176cf303af.fc.signal	1.27992	0.252888	0.262384	0.318948	0.406052	1.89265	0.36628	0	0	0	0.140939	0.469538	0.996805	0.782429	0.905606	1.41628	1.42426	1.82581	1.76401	1.03654	0.0137293	0.495147	1.61945	0.527293	0	0	0.61782	0.314173	1.90098	1.8483	0.425549	0.155515	1.13618	0.940393	0.333684
ihec.chipseq.ihec-chipseq-containerv1.1.4.IHECRE00004900.1.21a553ba-0627-43d2-9045-d7e885ce5199.fc.signal	0.829021	0.679503	1.08279	2.41474	1.44613	0.550219	1.51751	1.66437	1.4211	0.922344	1.60728	0.999539	1.68782	1.33168	0.737407	0.598278	1.36171	1.00653	0.516374	0.316967	0.721931	0.376194	0.286442	0.417741	0.719272	0.567854	0.373839	0.310504	1.02279	1.41068	1.41589	1.45742	0.986386	1.45843	0.450704
ihec.chipseq.ihec-chipseq-containerv1.1.4.IHECRE00003803.1.cbcfbcdb-4d41-42fe-a44e-156c7af5f576.fc.signal	0	0	0	0.0160723	0.553692	0.818438	0.917366	0.953795	0.790487	0.822369	1.34569	0.700191	0.513029	1.08397	0.207259	1.30223	1.22039	0.112934	0	0.284395	0.82349	0.0935933	0.52837	0.559518	0	0	0	0	0	0.904055	0.215423	0.399428	1.19827	0.700174	0.264317
ihec.chipseq.ihec-chipseq-containerv1.1.4.IHECRE00003818.1.f4551532-527f-469b-8771-a060adbc4ccb.fc.signal	0.55684	0.0946247	0.744159	0.867311	0.737964	0.570322	0.460622	0.153719	0.280112	0.41163	0.496869	1.23179	1.37835	1.10806	0.885876	0.740976	0.225209	0.833795	0.623236	0.0814363	0.235127	0.903641	1.49071	1.17456	0.103494	0.298061	0.174276	0.107665	0.164233	0.250994	0.895598	1.13321	0.791204	0.994953	0.351384
ihec.chipseq.ihec-chipseq-containerv1.1.4.IHECRE00003804.1.0a06c7a0-8757-4a5c-aa19-6550a37855f3.fc.signal	0.375005	0.117938	0.0754832	0.0364752	0.0887566	0.232203	0.777747	1.15368	0.805148	0.0136328	0.155346	0.789041	0.487859	0.371538	0.479043	0.823001	0.715112	1.50137	0.444486	0.112149	0.686064	0.278261	0.576378	0.16897	0.343253	0.63647	0.622138	0.528656	0.498034	0.758404	0.866998	1.19477	0.819941	1.36673	0.148961
ihec.chipseq.ihec-chipseq-containerv1.1.4.IHECRE00003676.3.fa45989e-2fad-4f13-b899-3405cf3f81a7.fc.signal	0.488635	0.206232	0.669884	0.59393	0.52783	0.983379	0.335525	0.132581	0.131844	0.25526	0.212485	0.382735	0.190283	0.184937	0.359066	0.370221	0.435779	0.311536	0.534159	0.33766	0.474471	1.0073	0.293996	0.429926	0.431708	0.296557	0.189211	0.952242	0.820403	0.908495	0.664737	0.529585	0.267131	0.415433	0.957301
ihec.chipseq.ihec-chipseq-containerv1.1.4.IHECRE00001012.4.5c8bdd5b-6d3c-4993-a4d6-e582a59f7d7d.fc.signal	0.256812	0.424341	0.251531	0.283084	0	0.394039	0.887805	0.341059	0.153294	0.305635	0.3953	0.326035	0.251748	0.327495	0.430296	0.274227	0.409098	0.353387	0.334083	0.376737	0.387	0.479014	0.287509	0.0229888	0.109004	0.366367	0.392208	0.103436	0.147089	0.115315	0.14311	0.161342	0.556124	1.08876	0.750796
ihec.chipseq.ihec-chipseq-containerv1.1.4.IHECRE00001233.5.fc2e2a67-89eb-4b79-90d9-0a29fc9855be.fc.signal	0.63451	0.284984	0.375261	0.530519	0.195734	0.392057	0.994293	0.321611	0.257185	0.24369	0.594614	0.165061	0.229426	0.728917	0.748099	0.565029	0.307891	0.112476	0.368467	0.668555	0.628639	0.870208	0.376233	0.252011	0.237429	0.0944738	0.334163	0.481638	0.0722119	0.289449	0.471499	0.408884	0.530494	1.55354	0.438886
ihec.chipseq.ihec-chipseq-containerv1.1.4.IHECRE00001954.2.f69d543f-4e4e-4fd7-9774-7bd28fcc565d.fc.signal	2.4569	2.69275	2.24057	1.12887	1.22363	1.15619	0.900965	1.32265	1.27699	0.4123	0.972751	2.2485	1.22827	1.7882	1.48029	1.52442	1.38373	0.579058	0.104631	0.201408	0.266766	0.2975	0.522745	0.498145	0.0976291	0.268288	0.455095	0.744144	0.881748	2.19784	2.46191	1.39224	2.15305	2.397	0.206873
ihec.chipseq.ihec-chipseq-containerv1.1.4.IHECRE00003816.1.0deee6d5-e373-405d-893f-0c3ca80f3c2d.fc.signal	0.443939	0.451058	1.08735	1.23871	1.40683	1.05972	0.385732	0.80254	1.67411	0.758732	0.811424	0.593277	0.421419	0.702876	0.472402	0.776626	0.447881	0.579544	0.477097	0.51075	0.676882	0.520081	0.46796	0.151122	0.102527	0.867029	0.585783	0.229404	0.328898	0.408029	0.243007	0.590579	0.484969	0.811464	0
