	chr12:122989255-122989404	chr12:122989405-122989554	chr12:122989555-122989704	chr12:122989705-122989854	chr12:122989855-122990004	chr12:122990005-122990154	chr12:122990155-122990304	chr12:122990305-122990454	chr12:122990455-122990604	chr12:122990605-122990754	chr12:122990755-122990904	chr12:122990905-122991054	chr12:122991055-122991204	chr12:122991205-122991354	chr12:122991355-122991504	chr12:122991505-122991654	chr12:122991655-122991804	chr12:122991805-122991954	chr12:122991955-122992104	chr12:122992105-122992254	chr12:122992255-122992404	chr12:122992405-122992554	chr12:122992555-122992704	chr12:122992705-122992854	chr12:122992855-122993004	chr12:122993005-122993154	chr12:122993155-122993304	chr12:122993305-122993454	chr12:122993455-122993604	chr12:122993605-122993754	chr12:122993755-122993904	chr12:122993905-122994054	chr12:122994055-122994204	chr12:122994205-122994354	chr12:122994355-122994398	Expression
ihec.chipseq.ihec-chipseq-containerv1.1.4.IHECRE00001017.4.35530d7a-23e1-468e-978a-d33955937d72.fc.signal	1.50124	1.19224	1.41241	1.23775	1.20875	2.76478	2.28392	1.92666	2.11886	2.92442	2.60428	2.19986	2.84401	3.2207	2.14045	2.73388	2.80229	1.26036	2.34853	2.68661	2.13419	3.49382	3.54535	1.28072	1.42383	1.50562	2.06969	2.61244	2.08478	1.45969	0.566869	1.10572	1.24506	2.59201	2.92566	0.69403
ihec.chipseq.ihec-chipseq-containerv1.1.4.IHECRE00001004.4.b3b3b801-4bf3-4e6f-974d-5cca823d1b91.fc.signal	0.921252	0.706045	0.551381	0.521846	0.321822	0.590528	0.571888	1.0298	1.32012	1.02698	0.745185	0.616695	0.507273	0.367245	0.535478	0.643117	0.584746	0.615532	0.718905	0.616533	0.765443	1.19095	0.835491	0.389866	0.435487	0.354209	0.510989	0.380708	0.137504	0.465988	0.478578	0.434241	0.423434	0.697386	0.675097	0.246883
ihec.chipseq.ihec-chipseq-containerv1.1.4.IHECRE00000222.3.123ef280-d4ea-4ca0-978c-a10942825cc4.fc.signal	2.29181	1.67317	1.36724	1.07753	0.479945	1.87567	3.10891	3.50789	2.90454	2.44306	1.6378	1.17418	1.83149	1.93388	1.7602	1.56437	1.8499	2.33644	2.01107	1.55698	1.9929	1.81168	1.10712	0.690764	0.63917	0.585833	0.630906	0.65256	0.649673	0.985805	1.20591	0.80822	1.09371	2.26609	2.1202	0.532663
ihec.chipseq.ihec-chipseq-containerv1.1.4.IHECRE00003838.5.37ca9b25-a545-471a-8ba7-6b638b12b7dd.fc.signal	1.49325	1.70213	0.719551	0.077381	0.195379	1.12961	1.4681	1.58221	2.31625	1.48163	1.09383	0.404292	0.422671	1.22538	1.75048	2.13251	1.64509	0.984536	1.71762	0.917806	0.86171	0.736973	0.720514	0.860337	2.01739	2.05802	1.85525	1.99807	1.1151	1.05515	1.35109	1.00224	0.960293	1.16062	1.44374	0.464213
ihec.chipseq.ihec-chipseq-containerv1.1.4.IHECRE00003832.2.b7bbc28f-5370-494d-9da9-9e79564dec6e.fc.signal	0.505021	0.65967	0.729439	0.477665	0.052382	1.20581	0.842752	1.04057	1.32493	1.79749	0.977465	0.588207	0.811967	0.889849	1.23814	1.10946	0.745221	1.05272	0.822307	1.27966	0.591609	0.958277	1.09825	2.16766	1.82602	2.03315	2.57126	2.39816	2.06529	2.77599	2.04747	2.36169	1.8619	0.742102	1.48662	0.264803
ihec.chipseq.ihec-chipseq-containerv1.1.4.IHECRE00001030.7.80d11420-fb58-4105-8d0b-26addcc06923.fc.signal	6.90958	0.982736	2.77945	2.01084	0.0588468	3.9025	1.76788	2.91973	3.50806	6.62581	8.23843	3.31553	3.5505	6.35561	1.15418	3.78076	8.13136	4.0086	2.4932	4.32263	4.27825	7.52133	1.33799	2.23424	2.0842	0.0304803	4.15223	1.58865	0.421955	1.77397	1.80382	0	0.562818	5.07097	4.30257	0.575342
ihec.chipseq.ihec-chipseq-containerv1.1.4.IHECRE00003819.1.e6af9ec0-8b4b-4624-8b3a-51f86f371f0f.fc.signal	10.0109	7.97336	9.13265	8.57536	9.5638	12.4042	12.0889	9.69545	9.93479	10.4254	8.77993	7.02613	8.71014	10.181	10.7999	11.0136	11.1622	9.28231	9.31975	9.24446	8.63972	8.8868	5.75272	3.0895	2.56228	2.55386	2.41208	1.41479	0.64059	0.305582	0.247246	0.221204	0.530103	0.834942	1.25193	0.569948
ihec.chipseq.ihec-chipseq-containerv1.1.4.IHECRE00001959.2.69eb8040-32c4-4c18-85e7-a74953df6c51.fc.signal	4.58035	3.71383	2.3296	2.86259	4.00234	4.34198	5.24764	3.75472	2.48547	4.79752	4.02776	2.39234	3.76548	4.54028	2.43717	4.7147	3.63214	3.56962	1.94477	3.44638	2.4743	3.21162	3.93678	3.58573	2.13719	2.34721	3.30873	1.85944	1.62172	3.0955	2.14336	0.817457	2.03811	3.43484	3.7192	0.477578
ihec.chipseq.ihec-chipseq-containerv1.1.4.IHECRE00003404.1.88cb95dd-5a6d-4570-8a21-b967680b5521.fc.signal	0.292665	0	0	0.0175612	1.48088	1.1941	0.468299	0.387702	1.54526	1.04192	2.86811	1.00682	0.677914	0.691064	0.945294	0.505762	0.660864	1.14558	1.49256	0.273095	0.434172	0.208108	0.444557	0.501275	0.134636	1.31126	0.685247	1.65209	2.19331	1.4119	2.01356	0	0	0.586273	1.75596	0.397727
ihec.chipseq.ihec-chipseq-containerv1.1.4.IHECRE00000105.3.fa7c889b-e561-4d9e-9f53-4d27307d9ee3.fc.signal	9.22003	11.9052	10.9878	7.67786	6.5393	3.48039	12.173	10.0095	9.36135	12.3925	8.39006	4.61202	6.32704	6.91112	10.4596	10.5407	10.2239	7.87504	6.55441	5.40924	5.60813	13.296	16.637	8.91303	8.16744	4.6685	6.40332	3.84688	3.52678	8.32939	5.58953	0.630371	1.41508	5.31101	4.6876	0.435897
ihec.chipseq.ihec-chipseq-containerv1.1.4.IHECRE00001044.7.72ced85f-cc3d-4155-864f-c88e943e41cd.fc.signal	2.68751	1.82447	2.57591	2.03941	1.62132	2.95272	4.48307	4.40131	2.89897	2.65271	3.96782	3.78733	3.33225	2.68493	3.52914	4.39545	7.1673	5.70639	4.45839	3.52508	3.32762	3.8475	4.04803	1.90672	0.92559	0.961071	2.06497	3.4412	3.31781	3.87976	3.21806	0.731216	1.84346	2.62565	3.26073	0.384486
ihec.chipseq.ihec-chipseq-containerv1.1.4.IHECRE00000242.3.b264ae9e-8457-4fbc-9ae1-9ad1d872e973.fc.signal	0.938816	1.00697	0.906638	0.409666	0.211711	0.760261	1.01231	1.47375	1.47238	1.27071	1.19719	0.877414	0.642997	0.700127	0.879912	0.633789	0.514146	0.866012	1.12569	0.924064	0.787964	0.674249	0.479002	0.438953	0.495967	0.52758	0.601125	0.345396	0.191864	0.332077	0.566896	0.54586	0.238489	0.288294	0.352125	0.516378
ihec.chipseq.ihec-chipseq-containerv1.1.4.IHECRE00001232.5.f1456df1-a617-44a6-a060-cb29786302bd.fc.signal	3.08079	2.48128	1.7664	1.45187	0.995723	1.36582	2.32472	2.04035	2.7231	3.02664	2.927	2.41309	1.88989	2.12289	2.20957	3.13838	3.44658	2.57901	2.87427	3.05908	1.98903	2.39509	1.96916	1.18426	1.6703	0.417695	0.841877	1.99048	1.61423	1.54918	1.33589	1.24095	0.914941	2.7671	3.69773	0.684211
ihec.chipseq.ihec-chipseq-containerv1.1.4.IHECRE00002065.1.d29b7bc4-75ef-437b-ab43-12a3fcfc38d5.fc.signal	3.02799	3.51295	3.24109	1.99758	2.20579	3.07672	3.23966	3.12399	3.80403	3.78901	3.34017	3.04688	2.78167	2.94445	2.60199	3.25587	2.81329	2.37949	1.68235	1.53933	2.28956	2.30354	1.3746	1.66728	2.22586	1.05351	0.930082	0.853255	0.569609	2.30983	2.44348	2.2548	2.43817	3.50933	3.33665	0.589091
ihec.chipseq.ihec-chipseq-containerv1.1.4.IHECRE00004713.2.44d9234d-e938-4209-8bc5-a1f9ee0dcbe4.fc.signal	1.0037	0.865576	0.322274	0.791938	0.101015	0.22154	0	0.868669	0.196431	0.884018	0.0153447	0.328376	0.365203	0.709021	0.303824	0.209552	0.408091	0.0797923	0.278581	1.37204	0.687495	0.500252	0.423513	0.595025	1.51563	1.25825	0.30242	0.797153	0.207208	1.07892	0.811628	0	0.420461	0.819506	0.92086	0.350554
ihec.chipseq.ihec-chipseq-containerv1.1.4.IHECRE00000808.1.5ce8eb53-7a16-437f-b9a4-a14e0471dbdc.fc.signal	1.26882	1.77151	1.73735	0.874007	0.10437	1.14368	1.45819	0.346646	0.940617	1.89136	1.12653	0.124395	0.421783	1.19661	0.660489	1.18229	1.81701	1.27951	1.7427	0.574726	1.02078	1.17247	0.615277	0.75628	1.04398	1.06834	0.758714	0.36391	1.03314	1.10496	0.80011	2.09435	1.35813	0.884908	1.02317	0.504065
ihec.chipseq.ihec-chipseq-containerv1.1.4.IHECRE00000738.3.ee79ddae-147f-498b-b43d-cce1548cb6a9.fc.signal	0.52926	0.453453	1.0957	1.13571	0.326116	0.603658	0.330417	0.812522	0.656579	0.361902	0.846831	0.30982	0.21741	1.23013	0.706673	0.553553	0.741005	0.562168	0.56932	0.892767	2.03569	0.973818	0.749493	1.60492	1.19581	1.06423	0.487123	1.05138	1.88817	2.24	1.36459	1.36319	0.739529	0.340417	0.634	0.39
ihec.chipseq.ihec-chipseq-containerv1.1.4.IHECRE00003398.1.142e6ed2-5832-4fa6-8a6b-9ed4d6f47d60.fc.signal	0.340836	0.327845	0.684293	0.753632	0	0.396726	0.778007	0.553812	0.784567	0.523827	0	0.171418	0.778084	0.572387	0.883462	0.283499	0	0	0	0	0.72523	0.230755	0.494475	0	0	0	0.0181381	0.567049	1.13885	0.278829	1.11506	1.60852	0	0.376903	1.97766	0.364078
ihec.chipseq.ihec-chipseq-containerv1.1.4.IHECRE00003828.3.bcd61aac-63db-4cfa-a058-a141a50b928e.fc.signal	0.242283	0.280108	0.280108	0.326586	0.314318	0.489177	0.304861	0.678608	0.0899722	0.0746145	0.323206	0.0432027	0	0	0	0	0	0.0295621	0.866388	0.694453	0.0461317	0.668984	1.15576	0.293542	0.24182	0.216113	0.00364453	0.083525	0.186738	0.0544887	0.264132	0.578427	0.299642	0.0574904	0	0.320261
ihec.chipseq.ihec-chipseq-containerv1.1.4.IHECRE00001020.4.42363c6f-0a08-4184-ab8c-bacc5ac39aad.fc.signal	1.8686	1.77036	1.69657	2.03917	0.983885	1.88323	2.09791	1.86175	2.63815	3.62232	3.20018	2.75853	2.17899	2.08366	2.0902	2.47977	2.36846	2.07423	2.63999	2.41025	1.19445	3.02272	1.91196	1.22062	1.46225	0.822454	1.30837	1.57026	0.961497	1.19717	1.29811	1.5722	1.10111	1.60139	1.75739	0.699605
ihec.chipseq.ihec-chipseq-containerv1.1.4.IHECRE00001378.1.8a1df20e-6fe2-48ae-99b1-96a1bc85ea8d.fc.signal	11.4516	9.59174	7.50305	10.6029	9.46962	17.8374	9.07776	6.89148	13.5646	11.6681	9.9029	6.83678	5.35316	9.48628	9.12678	8.47	9.9884	10.1087	9.1788	8.20012	6.66218	10.331	11.2044	6.36955	2.80925	1.56342	1.99544	1.67915	3.63859	4.4565	2.12326	1.59696	4.71783	3.1588	1.72213	0.371951
ihec.chipseq.ihec-chipseq-containerv1.1.4.IHECRE00000225.3.ac643157-1692-4223-8d75-00ef072cf986.fc.signal	0.898885	0.953656	0.889421	0.620977	0.602922	1.15176	0.987809	0.87547	1.17518	1.31005	1.13422	1.15214	0.815234	0.615122	1.10102	1.53292	1.92849	2.04714	1.09773	0.747763	1.11756	1.1493	0.66997	0.557871	0.656954	0.594971	1.09616	1.12815	0.969487	0.869561	0.315848	0.243543	0.455197	0.783746	1.33288	0.464286
ihec.chipseq.ihec-chipseq-containerv1.1.4.IHECRE00003689.3.cde87e50-dbba-4734-bd22-f35203f3b601.fc.signal	5.22421	2.76666	3.37572	4.81835	1.62885	3.3394	3.98519	4.88011	6.1417	5.50922	3.52768	3.68894	3.97236	3.39077	2.63514	4.42208	3.40521	2.99862	3.29301	2.85296	2.08005	5.58843	3.60661	1.54636	2.71745	1.99969	2.24883	2.14219	0.9437	0.928693	1.34731	1.3955	1.43861	2.45444	2.79861	0.395323
ihec.chipseq.ihec-chipseq-containerv1.1.4.IHECRE00000867.3.27069d93-b631-4404-a40f-fc7ac420cf42.fc.signal	0	0	0	0	0	0	0	0	0	0	0	0	0	0	0	0	0	0	0	0	0	0	0	0	0	0	0	0	0	0	0	0	0	0	0	0.304762
ihec.chipseq.ihec-chipseq-containerv1.1.4.IHECRE00003680.3.bb1bb2b2-42c2-4f18-8e8f-61e82ab17b84.fc.signal	2.0677	0.752968	0.554254	0.346295	0.0662705	0.306905	0.628019	0.77992	0.742078	0.626456	0.389078	0.478563	0.209635	0.641425	1.2267	0.760507	0.876194	1.58138	0.725277	0.768918	0.586901	0.224715	0.30018	0.664928	1.66522	0.939213	0.970283	0.652648	0.714688	0.770943	1.12725	1.18309	0.962582	0.549392	0.699961	0.782696
ihec.chipseq.ihec-chipseq-containerv1.1.4.IHECRE00002058.1.4d89e710-5a41-461f-91a2-bc627bddca0a.fc.signal	2.8324	2.44882	1.00818	0.758983	1.43717	2.67501	2.08755	2.44634	0.952797	2.11179	1.56103	1.02861	2.12273	2.36614	2.09669	2.46477	1.42104	0.923159	1.23834	2.01256	1.50107	0.837659	0.809583	0.382949	1.14661	1.00292	0.752659	0.751565	0.74347	1.19751	1.33422	0.705474	1.36813	2.50209	2.55467	0.641905
ihec.chipseq.ihec-chipseq-containerv1.1.4.IHECRE00001915.1.bcfa2f24-6276-4a64-96e6-3f1abe06b88e.fc.signal	2.25705	1.36817	1.643	1.7451	0.75472	1.11793	0.792558	1.82346	2.00839	1.49264	1.25621	0.550343	0.904586	1.14302	0.84281	0.806346	0.676839	0.801444	0.824733	0.923999	1.32543	1.52483	1.13913	0.964979	1.23385	1.40288	1.66624	0.903889	0.909971	1.50198	1.12369	0.393983	0.567657	0.683045	0.92758	0.354728
ihec.chipseq.ihec-chipseq-containerv1.1.4.IHECRE00001460.1.82b45364-a56c-42d4-addc-99df97d473fb.fc.signal	14.0107	14.7975	12.4236	10.92	11.6672	15.8459	17.1747	17.017	16.6821	21.99	20.5123	15.3797	15.9701	14.9748	16.03	9.58759	16.1256	15.7122	12.8444	12.4638	14.1507	15.2516	15.9769	8.82426	5.90397	4.54219	7.28382	7.32226	7.16891	8.35829	8.67497	3.27094	5.51489	9.29942	13.4489	0.396278
ihec.chipseq.ihec-chipseq-containerv1.1.4.IHECRE00000974.7.ed39a30d-e8d4-4be8-8a48-6338c0cdb04b.fc.signal	1.51996	1.55063	1.96968	1.62356	0.347126	1.94526	1.3864	1.39076	2.10739	2.71008	2.23617	2.20659	1.9552	1.96076	1.27633	1.10111	2.71492	1.0714	2.10395	1.25121	1.75261	2.18086	1.57459	1.02787	0.906891	0.0894337	0.522436	1.07609	1.02336	1.47434	0.821567	0.16096	0.368106	1.52045	2.04391	0.378277
ihec.chipseq.ihec-chipseq-containerv1.1.4.IHECRE00003675.3.83e601b8-bef8-49e1-b42e-c29a56e1ac1c.fc.signal	0.605124	0.516907	1.23828	0.464904	0.0263276	0.282936	0.741719	1.48726	0.87879	0.429146	0.65654	1.09805	1.42421	1.44495	1.38063	1.32965	1.41087	1.25905	1.37791	0.407629	0.302956	0.539149	1.09252	1.28011	1.689	1.23153	1.04344	1.15037	0.746998	1.27876	1.1219	0.758821	0.516229	0.544552	0.69241	0.791391
ihec.chipseq.ihec-chipseq-containerv1.1.4.IHECRE00003685.2.5501f5e6-6354-4e9f-82a5-be852033207e.fc.signal	0.574871	0.341666	0.30359	0.157293	0.0673213	0.327316	0.499398	0.382351	0.695279	0.910498	0.655748	0.386917	0.156072	0.0276748	0	0.0822211	0.284803	0.353255	0.193714	0.207537	0.33118	0.249481	0.35822	0.423891	0.40734	0.739629	1.29433	0.988136	0.629679	0.539267	0.627051	0.779905	0.407335	0.184518	0.178457	0.475043
ihec.chipseq.ihec-chipseq-containerv1.1.4.IHECRE00003695.3.a1a38b0a-4e6e-499f-9d4a-f9ed2dd3bf97.fc.signal	0.746451	0.834329	0.978703	0.678972	0.230681	0.732824	1.08288	1.67356	1.6409	1.13772	0.68525	0.862578	1.076	0.832237	0.549247	0.624849	0.956209	0.836945	0.806084	0.725005	0.787777	0.539831	0.390224	0.290312	0.327454	0.685798	1.26588	1.70315	2.02687	1.40659	1.16545	0.873039	1.21719	0.479937	0.374327	0.573123
ihec.chipseq.ihec-chipseq-containerv1.1.4.IHECRE00003835.4.21819112-b709-4256-a74d-0e6ec96e0be8.fc.signal	0.538022	0.474679	0.799023	0.39737	0.0318439	0.807105	1.49999	3.01193	2.55354	0.999952	0.848494	1.14146	0.738709	0.451863	0.335999	0.319312	0.79077	1.49516	1.68647	1.06413	0.924786	1.13819	0.801496	1.43136	1.44839	1.49659	1.88804	0.565304	0	0.0636879	0.697022	0.894381	0.87175	0.833509	0.550092	0.341513
ihec.chipseq.ihec-chipseq-containerv1.1.4.IHECRE00000972.6.8e264ed8-afdd-468a-8bbe-7ea6fcae8b7f.fc.signal	3.86229	2.59234	3.49832	2.23707	2.43714	5.53934	7.40455	5.1617	9.13745	13.788	4.50174	3.32814	6.28597	3.96677	2.72865	5.26126	4.76264	7.29369	5.81667	5.85778	3.27744	5.25291	5.06457	0.499506	0.739468	1.08792	0.853991	1.63819	1.13769	3.56602	1.44987	0.703916	1.50032	2.93684	4.67861	0.440299
ihec.chipseq.ihec-chipseq-containerv1.1.4.IHECRE00001916.1.b8e8499a-a8fb-45d6-acd8-26f02567ad12.fc.signal	3.81485	2.53147	3.57754	2.99378	2.64665	2.63002	2.56209	1.55692	3.61301	4.87189	1.64149	1.41551	2.81299	3.03627	1.39612	1.64708	3.51179	4.03028	4.25629	2.28622	2.12279	2.55935	2.07855	1.56887	1.21376	0.534474	1.20766	0.558252	0.743793	2.08549	1.57142	1.1071	0.851206	2.23058	2.24964	0.298387
ihec.chipseq.ihec-chipseq-containerv1.1.4.IHECRE00001909.1.71c9825b-8f84-4929-97f3-4b92c6206f1e.fc.signal	1.65684	1.38144	1.13656	1.15917	1.18596	1.39919	0.885262	1.11822	1.78881	0.783585	0.653702	0.68899	0.793109	0.763806	1.36389	1.15207	1.45285	1.41614	1.38222	0.478624	0.535123	1.50083	1.44857	0.914905	0.0776644	0.985485	1.38583	0.748186	0.567893	0.669436	0.861095	0.437641	0.364247	0.519545	0.577571	0.236765
ihec.chipseq.ihec-chipseq-containerv1.1.4.IHECRE00003688.3.a403a141-f90f-4e1e-98ae-0bc5d07833bf.fc.signal	6.79796	4.33563	5.5634	2.88592	1.90127	5.73089	5.69499	7.10783	5.91698	5.66242	6.12872	4.94948	3.90376	5.65732	3.91418	5.41466	5.96168	6.47545	6.13452	5.50504	3.45329	5.86376	4.55252	1.87116	1.9943	1.42164	1.89113	1.84694	1.73611	2.53232	2.04374	1.73771	2.13229	2.61967	2.23806	0.327734
ihec.chipseq.ihec-chipseq-containerv1.1.4.IHECRE00004681.3.b04c1667-5df4-43cb-a2ab-4a07445dc015.fc.signal	0.260896	0.665993	0.751629	1.00203	1.3733	1.38004	1.16273	1.45682	1.47115	1.08721	0.501259	0.824683	1.10976	1.16132	1.24979	1.17632	0.703488	0.597224	0.642341	1.17668	1.35288	0.987441	1.17744	0.949262	0.878902	0.700868	1.06134	0.832137	0.533349	0.522096	0.318918	0.717072	0.908985	0.695728	0.578261	0.843537
ihec.chipseq.ihec-chipseq-containerv1.1.4.IHECRE00000241.3.05642e3c-a160-4342-bda6-fdaa4b0b7e66.fc.signal	2.02879	2.0225	2.22242	1.05095	0.992565	2.64373	3.12485	2.65292	2.41372	2.557	2.9081	2.52349	2.31821	2.14545	2.28415	2.14919	2.28424	3.03334	3.21899	2.9493	2.24935	2.19459	2.09232	1.80816	1.8447	1.7381	1.52082	0.977848	0.558871	1.31226	1.55533	1.53759	1.80747	1.78275	2.01381	0.280749
ihec.chipseq.ihec-chipseq-containerv1.1.4.IHECRE00001956.2.1e76f479-733a-4b6f-88c7-efe3d559775e.fc.signal	2.57832	1.7943	4.73024	3.51702	4.20774	4.13961	4.33758	5.01193	4.67073	3.66065	3.31438	2.72622	2.86593	2.92452	2.42656	1.86777	3.15658	1.54785	1.31127	1.40606	2.16355	2.18223	1.50341	0.913129	0.586474	0.657275	1.0354	1.00319	2.17471	1.35951	2.43912	0.426074	0.835908	2.45437	2.65369	0.559078
ihec.chipseq.ihec-chipseq-containerv1.1.4.IHECRE00000238.3.8ee3bcc0-0a54-4209-87cf-967cca7d6071.fc.signal	0.349606	0.497956	0.285312	0.0291621	0.119552	0.389452	0.531459	0.792722	0.708398	0.530109	0.408379	0.367257	0.334342	0.185541	0.325178	0.259345	0.226097	0.360754	0.439703	0.3565	0.229639	0.298158	0.445532	0.28131	0.152207	0.308632	0.17211	0.171642	0.352913	0.372063	0.245174	0.20427	0.136797	0.163341	0.230865	0.561798
ihec.chipseq.ihec-chipseq-containerv1.1.4.IHECRE00001958.3.1ec30665-e127-479e-9308-683342038ede.fc.signal	2.89507	3.72566	4.61366	3.47153	3.99489	5.53555	4.97111	4.30037	4.47083	4.50441	3.1598	2.9255	5.00739	4.84072	3.80148	5.284	5.21557	4.5103	3.57742	3.68219	3.72481	3.31995	3.92381	3.966	3.68607	3.33323	3.32814	2.50285	3.07936	3.26989	3.36652	3.00454	4.30443	5.68273	4.27901	0.394964
ihec.chipseq.ihec-chipseq-containerv1.1.4.IHECRE00003690.3.2cafda9b-dfc1-4231-8ed9-6249d923a6a9.fc.signal	0.38713	0.168062	0.0154908	0	0	0.184706	0.293038	0.292469	0.162331	0.566621	0.560885	0.216791	0.115891	0.287875	0.306253	0.391138	0.758767	0.877519	0.695134	0.0682714	0	0	0.0228266	0.522873	0.73616	0.558499	0.486023	0.24265	0.427572	0.463397	0.21508	0.494379	0.543117	0.360165	0.32886	0.575581
ihec.chipseq.ihec-chipseq-containerv1.1.4.IHECRE00001315.1.cf49d1cb-058e-408d-80ee-cd8819b68335.fc.signal	4.71851	3.06801	4.90493	3.97414	3.68175	10.3665	6.31279	9.98826	9.67398	12.2598	7.61418	4.50702	5.95397	5.56337	8.31559	6.04437	5.10693	5.52748	4.79258	5.19028	4.99125	7.02134	4.15193	4.28951	1.60589	0.528467	3.10576	1.06603	2.21055	2.89037	2.01071	0.843761	1.13481	2.30544	3.73919	0.29805
ihec.chipseq.ihec-chipseq-containerv1.1.4.IHECRE00000188.3.edd174d9-379d-4ee2-93f9-dcd7dae1e0ef.fc.signal	14.1163	14.6821	20.5065	18.7682	17.412	19.1882	21.0548	23.6097	17.3391	19.2086	17.9049	14.7813	13.1743	16.9414	14.4138	11.0422	16.1696	14.3146	11.2522	13.5155	14.9796	12.2292	7.62395	4.38655	5.27906	3.01432	1.87681	3.09516	2.59882	3.52812	2.88792	1.6146	4.39355	7.9486	9.1034	0.448842
ihec.chipseq.ihec-chipseq-containerv1.1.4.IHECRE00004728.1.12642e26-117b-4636-816e-4fbed6d5c0a2.fc.signal	1.2745	0.996722	0.868832	0.270077	0.395127	0.285554	0.409313	0.107694	0.268528	0.78245	0.388608	0.696472	0.344131	0.0898554	0.259022	0.352264	0.595543	0.279482	0.561963	0.474689	0.0804303	0.38899	0.774372	0.289356	1.42322	1.59942	1.23838	1.14192	1.38753	0.478405	0.208913	1.04934	0.307989	0.341901	0	0.302013
ihec.chipseq.ihec-chipseq-containerv1.1.4.IHECRE00001913.1.f508f1a3-4076-4925-b02f-30538e0b1e91.fc.signal	1.29466	3.32505	4.7066	2.73772	2.00205	4.4393	3.01089	4.65586	4.34563	3.44606	1.98252	2.38843	1.98839	2.15233	2.30452	1.31712	1.9513	2.24914	1.57276	1.79131	1.70935	1.81235	0.610754	0.199077	0.243967	0.903176	2.06481	1.89507	1.15273	0.6704	0.93582	0.173577	0.710279	1.75618	2.48131	0.429858
ihec.chipseq.ihec-chipseq-containerv1.1.4.IHECRE00001010.4.1f4a36e3-e29e-4226-9261-3edae284095c.fc.signal	0.755806	1.09927	1.17228	0.573298	0.394349	1.08077	0.994363	1.62594	1.47772	1.4512	1.34793	0.908298	1.0646	1.03343	0.998716	0.838136	0.996756	0.773714	0.930734	0.7391	0.856651	1.6068	1.1748	0.677668	0.505541	0.56664	0.710486	0.702564	0.850468	0.723924	0.449231	0.920672	0.703243	0.773944	0.707334	0.638095
ihec.chipseq.ihec-chipseq-containerv1.1.4.IHECRE00001990.1.66fe7e60-cc70-422a-8d7c-594c9a55eec8.fc.signal	3.59273	4.51151	3.87427	2.51006	0.969291	1.58259	4.15276	2.71786	2.88402	2.00147	4.55937	0.457693	2.07026	3.99992	3.2532	3.01263	2.59682	2.35143	1.95956	1.72318	1.56166	1.11886	1.22055	2.12411	1.64543	1.57663	1.69034	1.74743	2.56645	1.18436	3.71571	2.24284	1.52021	1.74415	3.21286	0.560178
ihec.chipseq.ihec-chipseq-containerv1.1.4.IHECRE00003837.4.d181cff2-e0ec-4d8f-83df-ad2768d9574c.fc.signal	1.15169	0.971755	0.959774	0.338565	0	0.883134	1.28155	2.46107	1.19971	0.810637	0.805208	0.311221	0.246006	1.47788	1.62252	1.83808	2.51219	2.20983	3.67932	1.57287	1.04866	0.308845	0.341857	1.12722	2.71039	1.19072	1.3533	1.16629	1.88276	0.6931	0.370151	0.995843	1.19187	0.655497	1.23866	0.443867
ihec.chipseq.ihec-chipseq-containerv1.1.4.IHECRE00003400.1.7fc89be2-980d-4ea6-a09b-d10627d38b89.fc.signal	0.268753	1.60182	0.0728027	0	1.04844	2.4184	0.0728027	0.794483	2.16616	1.01201	0	0	1.52803	0.361623	0.961836	1.00925	1.4183	0	0	0.501047	0.81121	0.509619	0.327612	0	0	0.0650624	1.68671	0.655237	0.697518	0.0542167	0.387105	0.334892	0	2.0605	1.09204	0.135802
ihec.chipseq.ihec-chipseq-containerv1.1.4.IHECRE00001952.2.58ebbf7c-ff66-46f2-b210-b717cb3c6af7.fc.signal	4.07059	4.10818	2.76515	1.46943	1.72702	4.56168	3.71262	3.29679	3.08162	3.18679	3.40148	2.20503	2.67897	2.71212	4.30119	4.96403	3.48975	2.97743	2.9041	3.99338	1.97145	2.11681	1.22821	0.646439	1.73467	1.0601	2.13645	1.94918	1.22339	2.49705	1.82614	1.8791	1.63676	1.97012	4.06892	0.553966
ihec.chipseq.ihec-chipseq-containerv1.1.4.IHECRE00001236.5.dd479f7b-7d31-4292-a54c-bd7a49572346.fc.signal	2.06475	1.71127	1.09923	0.626053	0.572122	1.72704	2.2004	2.2224	1.93004	2.36832	1.41155	1.08742	1.7714	1.76388	0.945056	1.64233	1.90734	2.24912	0.926445	0.809686	0.748323	1.98936	1.72556	0.538147	0.593123	0.474407	1.44863	1.38231	0.559933	0.863205	0.588364	0.909483	0.829917	1.74206	2.94384	0.674797
ihec.chipseq.ihec-chipseq-containerv1.1.4.IHECRE00003842.2.dde9814b-8b78-4af3-b9ef-87186b3ed1fd.fc.signal	0.454977	0.735743	1.12943	0.366968	0.0594136	0.635834	0.867044	1.30109	1.02168	0.838329	0.862704	0.41854	0.21423	0.268148	0.140393	0.726069	0.93931	0.634358	0.086561	1.1476	0.696929	0.448496	0.105458	0.558523	0.892602	0.736163	1.34756	1.60037	0.723203	0.396847	0.344381	0.567831	0.562936	0.585178	0.669023	0.210583
ihec.chipseq.ihec-chipseq-containerv1.1.4.IHECRE00000236.3.5cbd82b6-3f49-4678-a37b-78e82b7626ea.fc.signal	2.31295	1.89115	1.43534	0.603124	0.451882	1.5633	2.48391	2.30469	1.84364	1.47351	1.47884	1.39821	1.34457	1.47034	1.67987	1.51306	1.23714	1.48274	1.52226	0.7966	0.444274	0.764403	0.825812	0.736966	0.905888	1.01147	0.921847	0.562007	0.456084	0.573983	0.942514	1.18144	1.42048	1.82823	2.04523	0.47541
ihec.chipseq.ihec-chipseq-containerv1.1.4.IHECRE00000237.3.2cba5936-f140-44e1-bb8c-03b1b31528e1.fc.signal	1.87754	1.67681	1.68156	0.57562	0.669666	2.1538	2.26972	1.73919	1.89634	2.1066	1.94297	1.41332	1.595	1.75963	1.44322	1.21938	0.865691	0.922727	1.47516	1.38255	1.03863	1.11648	1.26522	1.08257	1.19246	1.17309	1.40463	1.18454	0.957186	1.54232	1.02035	1.01951	1.38079	1.49365	2.04849	0.393417
ihec.chipseq.ihec-chipseq-containerv1.1.4.IHECRE00000983.7.28efaa97-cdc8-4335-83a3-064d42b1fd10.fc.signal	0.712081	3.65024	1.86971	1.74057	3.06643	2.61217	3.19352	2.70224	1.65134	2.50904	2.97783	0.247624	0.981938	0.945109	1.13633	0.439073	0.430406	0.963881	0.882189	1.13741	0.847219	3.21282	2.8777	0.578286	1.24591	0.0195112	1.2477	0.044391	0	0.149668	1.93669	0.531954	0	0	1.21192	0.625592
ihec.chipseq.ihec-chipseq-containerv1.1.4.IHECRE00000243.3.f32467cb-d7e9-4f5b-9c6b-68e4e838bc49.fc.signal	1.65741	1.92057	1.95583	0.779459	0.305427	1.37583	2.11404	2.51182	2.93218	3.31045	2.73343	1.60875	1.18778	1.59032	1.87905	2.08075	1.78339	1.75699	2.4273	2.20958	1.52457	2.08165	2.27483	1.55057	1.49138	1.2957	1.55133	1.54942	0.919992	1.08235	1.11753	1.08841	0.892367	1.0575	1.02105	0.787162
ihec.chipseq.ihec-chipseq-containerv1.1.4.IHECRE00000229.3.88fcdf4d-dd2c-424a-91c6-ca3469132544.fc.signal	4.66317	4.34554	4.66609	2.24746	1.89447	4.94034	4.97211	6.51672	5.72772	4.37379	4.58655	4.96259	3.21004	3.88422	6.28383	5.96615	5.17786	4.50978	4.383	4.17856	4.26769	4.65237	4.03322	2.21412	1.66767	1.9688	1.81995	1.61939	2.1606	2.36613	2.13702	1.72661	1.73463	3.62248	3.7595	0.295717
ihec.chipseq.ihec-chipseq-containerv1.1.4.IHECRE00000240.3.309e9998-5ade-4caa-9bdd-4c0118af9852.fc.signal	2.60454	2.94946	3.42629	2.41906	2.44167	5.96913	5.16915	3.74285	3.85487	4.21517	3.62894	3.19627	2.07119	2.39529	3.75906	4.38685	4.19742	3.59744	4.45276	4.02379	2.73546	3.12747	3.42228	2.30668	2.11987	1.85996	2.35393	2.19257	1.59417	2.2571	2.55318	2.38968	2.60766	2.76492	2.66505	0.632768
ihec.chipseq.ihec-chipseq-containerv1.1.4.IHECRE00004609.2.6c3f44c6-62c9-4da6-9a58-7978db5e3bda.fc.signal	0.916768	0.877354	0.628273	0.218628	0.293212	0.661039	0.339225	0.212956	0.170637	0.214817	0.037703	0	0.832395	0.456466	0.683129	1.51652	0.618211	0.405124	0	0.407319	0.423062	0	0	0.19993	0.665208	0.980143	0.326829	0.399983	1.17995	0.314872	0.455966	1.22214	0.799747	0.589806	0.32711	0.7
ihec.chipseq.ihec-chipseq-containerv1.1.4.IHECRE00004888.1.02118243-425c-40d1-bfb1-ec1fb9f638e9.fc.signal	2.66794	2.58363	2.14085	2.10171	1.49055	1.68332	2.58039	3.02864	5.06566	3.7414	2.65377	2.29194	3.24461	2.66352	2.13505	1.49651	1.55319	2.67241	2.24398	1.9547	1.94354	3.54159	3.2916	1.17964	1.43876	2.27554	2.81797	1.67914	1.97741	1.44545	2.02902	1.21567	2.11719	1.40421	2.25215	0.518786
ihec.chipseq.ihec-chipseq-containerv1.1.4.IHECRE00001964.2.c9581d4d-c873-4911-9ee7-7d9f4821621a.fc.signal	2.28988	1.93713	1.30317	0.599143	0.606072	1.70289	1.56396	1.81939	1.08871	0.561323	2.09662	2.33236	3.61559	2.1425	2.11272	1.77152	1.66195	2.03932	1.83991	1.73756	0.979738	2.56993	1.29448	0.824557	1.48684	0.836179	1.28537	2.13555	1.78438	1.30663	1.45793	1.77117	1.06902	0.886203	1.00082	0.389571
ihec.chipseq.ihec-chipseq-containerv1.1.4.IHECRE00003813.1.6691e14a-7458-41f2-935d-5eff68a0a0fe.fc.signal	11.3763	12.0611	9.13743	8.11004	8.19739	9.28142	9.5488	6.52975	7.87065	7.73285	6.49046	6.33099	5.02921	5.0732	7.11009	6.74708	8.81254	9.55439	6.95926	7.50797	6.7452	7.35989	5.55527	3.40478	2.41221	1.8026	1.08478	0.81019	0.83107	0.975648	1.00635	0.184711	0.327737	0.519602	0.563517	0.580838
ihec.chipseq.ihec-chipseq-containerv1.1.4.IHECRE00000246.3.ce270c8d-29f4-452f-bda1-9304aa0691fd.fc.signal	1.27115	1.14052	1.08966	0.621374	0.47177	1.29141	1.78366	2.3065	1.93913	1.53798	1.12182	0.735462	0.852042	1.19479	1.40378	1.2642	1.32061	1.71457	1.54083	1.50735	1.24506	1.20619	0.961246	0.828899	0.909965	0.864852	0.818298	0.450621	0.306381	0.503745	0.44099	0.341647	0.433495	0.854358	1.12846	0.271585
ihec.chipseq.ihec-chipseq-containerv1.1.4.IHECRE00001900.1.dbb73ee4-8810-4120-8cbd-bc932140ca51.fc.signal	8.91807	8.8477	8.26487	6.92759	8.28917	10.2835	9.96703	9.27413	8.36232	8.77351	8.57116	7.30973	6.06274	5.68191	6.70337	7.16642	6.86955	4.13938	3.75567	4.73924	4.55275	5.49426	4.57301	2.77969	1.62752	1.03713	1.0395	0.510205	0.409279	0.623603	0.577036	0.546598	0.70449	0.831336	0.977097	0.45098
ihec.chipseq.ihec-chipseq-containerv1.1.4.IHECRE00001852.4.7de26b70-374a-4d7c-b754-070af0779bd1.fc.signal	0.233028	0.619265	0.392835	0.381754	0.510491	0.57932	0.69312	0.55932	0.472726	0.583757	0	0.213037	0.239666	0.326221	0.639267	1.02764	1.22982	0.837839	0.230803	0	0.146498	0.699168	0.186407	0.328432	0.286268	0.330651	0.597019	1.09198	0.643695	0.506068	0.0821079	0.574879	0.0310679	0.0399444	0.49939	0.771341
ihec.chipseq.ihec-chipseq-containerv1.1.4.IHECRE00004884.1.e1f8eaf0-5c3e-4eb2-b864-0330dfef44b8.fc.signal	3.52582	3.04304	3.2116	1.54503	1.47211	4.88506	4.34701	2.28786	2.50663	1.7591	2.4152	1.29294	2.46911	3.06856	3.6082	3.18857	4.51451	3.30185	4.79485	4.30627	4.3792	6.34802	3.72248	1.56935	2.10321	1.52829	2.3179	1.48323	0.72615	1.99637	1.09881	1.75541	2.04256	1.35365	2.50499	0.361548
ihec.chipseq.ihec-chipseq-containerv1.1.4.IHECRE00002086.1.102990be-2f15-4965-9094-d6b665cc5fb0.fc.signal	1.13407	1.65661	1.72435	1.74073	1.76777	2.008	3.79311	1.60253	1.27017	2.45713	2.39798	1.4856	1.31961	3.83362	3.28905	3.44154	2.71783	1.1952	1.04045	0.963781	1.18349	0.82399	2.27147	2.51092	1.59437	2.13142	2.12128	1.82784	1.86016	2.34258	3.04652	2.17652	1.42272	1.67663	2.26483	0.656821
ihec.chipseq.ihec-chipseq-containerv1.1.4.IHECRE00000234.3.d628a7a7-c77f-436d-8ccd-d018c7458990.fc.signal	0.970979	1.28622	1.3112	0.469589	0.643245	1.52894	1.76619	1.86105	2.06527	1.94318	1.62164	1.24942	1.23418	1.34903	1.41114	1.28784	1.13119	1.01895	1.1384	1.00297	1.01568	1.20777	1.01375	0.94114	1.12884	0.856489	0.607691	0.485234	0.349486	0.646928	0.821308	0.732057	0.595638	0.451928	0.557162	0.349282
ihec.chipseq.ihec-chipseq-containerv1.1.4.IHECRE00000228.3.eab68876-e57f-4e6d-b66b-00c271b4eee3.fc.signal	0.725216	0.89299	0.798382	0.222259	0.34181	1.51859	2.35521	1.68584	1.03781	1.35292	1.29988	0.947673	1.11506	1.10349	1.27831	1.05062	1.35053	1.21687	1.40185	1.245	0.623769	0.656384	0.516558	0.288537	0.522145	0.593821	0.715993	0.790198	0.235893	0.248883	0.351178	0.347452	0.19793	0.311722	0.52398	0.385475
ihec.chipseq.ihec-chipseq-containerv1.1.4.IHECRE00003716.2.3596bec7-569c-4ea1-9600-217bd128de1a.fc.signal	2.80324	1.61056	3.74689	2.99864	2.58622	3.01769	3.07231	3.46996	3.16032	3.87158	3.379	2.76335	3.28317	3.39636	2.65371	2.15772	3.43552	3.98388	3.01536	5.18954	5.79516	5.71595	3.37142	2.15593	1.50291	2.57675	1.96842	2.69597	3.2092	3.54322	1.19331	0.986033	0.966798	1.18752	1.8834	0.3125
ihec.chipseq.ihec-chipseq-containerv1.1.4.IHECRE00001875.2.3cf78ad3-7b65-4d3f-ad1a-54ef36e9f84b.fc.signal	2.92677	2.60387	4.22357	3.41717	2.80229	5.21252	3.96054	8.11834	3.5169	10.2033	5.97794	5.67359	0.929738	2.85851	1.74528	1.97803	5.41535	3.17215	3.07939	1.43333	0.0429853	4.58699	5.10254	4.93839	1.38093	1.93552	1.22183	0	0	0.516517	0.267762	0	0.121274	2.27215	1.32694	0.346479
ihec.chipseq.ihec-chipseq-containerv1.1.4.IHECRE00000152.3.82c5eb6b-94f5-436e-9a8c-a2c4b0dd0ad2.fc.signal	12.2787	14.7872	15.1049	16.4508	16.7454	18.6906	18.7035	20.8813	13.2915	12.052	14.6864	10.7287	8.5277	8.11692	7.69446	10.139	6.25524	10.1386	11.3487	13.2914	10.9535	11.8861	7.75854	2.71196	2.43868	1.21819	0.56851	1.55839	0.910489	1.54742	2.42834	1.53454	0.663704	3.47967	5.8038	0.389316
ihec.chipseq.ihec-chipseq-containerv1.1.4.IHECRE00003812.1.473c7819-46e8-400e-9bbd-6a85f00dc5a7.fc.signal	4.21842	5.84808	6.49313	6.0455	5.15242	7.27723	7.71781	6.9094	9.70832	6.51285	5.27523	5.64591	6.93937	5.69033	5.04027	7.74373	6.80225	4.75035	2.63129	5.35071	5.00642	6.08141	4.75823	3.49111	2.52921	2.21401	4.30457	2.93303	2.94444	3.89661	2.73571	1.47282	2.15007	4.72587	4.3894	0.627706
ihec.chipseq.ihec-chipseq-containerv1.1.4.IHECRE00003822.3.eda10e48-105b-4e9a-8f60-553c1509df8f.fc.signal	0.791035	1.54322	1.34475	0.472729	0.34997	1.32603	1.26756	1.38981	1.40324	0.977032	0.901289	1.29968	1.39125	1.08394	0.74455	1.67851	1.47247	0.699421	2.19416	1.35866	0.715309	0.896971	1.14243	1.25749	1.36103	1.77205	1.71996	1.82298	2.46172	2.2468	2.31317	2.18006	1.46269	0.841165	1.25353	0.262725
ihec.chipseq.ihec-chipseq-containerv1.1.4.IHECRE00001002.4.6ef6e344-86f3-4f04-92f8-daa352b5ef4d.fc.signal	0.705945	0.344838	0.500142	0.240268	0.202578	0.472878	0.690461	0.687249	1.15937	1.01882	0.692888	0.368595	0.351901	0.448797	0.573465	0.737263	0.674784	0.539967	0.701582	0.710292	0.462723	0.52835	0.696896	0.372085	0.394126	0.307647	0.583147	0.633273	0.248321	0.151701	0.213996	0.249716	0.50968	0.39281	0.526751	0.745152
ihec.chipseq.ihec-chipseq-containerv1.1.4.IHECRE00000153.3.50797fd4-7103-44b7-91ec-249af3af060d.fc.signal	1.37529	0.576108	0.706608	1.99432	0.804792	1.19835	3.04685	3.6615	2.51952	0.787099	0.278582	1.59632	1.72013	1.90585	0.54334	1.44176	2.56481	0.883718	2.30253	3.5305	2.14027	2.7638	2.18007	1.6627	3.06009	1.13644	1.20277	2.26084	1.28904	0.790617	2.14217	1.77206	0.49314	0.921774	0.782073	0.388591
ihec.chipseq.ihec-chipseq-containerv1.1.4.IHECRE00000942.6.d1423850-21d9-4937-a8c0-bd929b9ce5af.fc.signal	1.03777	1.4133	2.07719	2.68048	0.743693	3.47862	2.17241	2.03618	7.74118	4.3236	5.2866	2.6745	1.47122	0.937736	2.53722	1.83867	4.66703	1.9972	5.58166	4.35167	2.36683	4.93892	3.49414	0.565118	1.95204	0.673608	1.33173	0.806277	1.37346	0.575439	0.0772604	0	1.23677	2.74282	3.92503	0.602996
ihec.chipseq.ihec-chipseq-containerv1.1.4.IHECRE00003687.3.9a4057a4-e12c-4d7b-b060-e24f27faf568.fc.signal	4.50954	3.52239	4.04967	2.97499	1.44543	4.21662	4.21656	4.66598	4.74678	3.86778	3.83963	2.60229	3.64461	2.90092	2.38319	3.14449	2.28237	2.20012	3.20735	3.20239	2.28972	4.54303	2.83326	1.1904	1.27733	1.89995	2.68476	2.08027	1.43586	2.35266	1.47734	0.979668	1.53434	3.56877	3.0484	0.294971
ihec.chipseq.ihec-chipseq-containerv1.1.4.IHECRE00001888.4.29b3864c-f328-4f09-81c3-fb99bd048848.fc.signal	1.66254	0.688259	0.893277	0.970101	0.0691941	1.02435	0	0.189711	1.67845	1.32659	1.90939	0	0.521185	0.360904	1.04381	1.31821	1.98716	0.864486	0	1.50704	2.07476	2.79932	1.41367	1.25681	0.298682	0.915107	2.75818	1.28389	1.38006	1.29617	0.00652827	0.972258	0	0	0	0.425606
ihec.chipseq.ihec-chipseq-containerv1.1.4.IHECRE00004608.1.932e0a0c-709e-4631-95af-583a27cb7950.fc.signal	0.628254	0.441495	0.958379	1.10111	0.019272	0.390131	1.04991	0.269742	0.309802	0.321065	0.767371	0.513702	0.439869	0.571538	0.292229	0.232761	0.618071	0.573076	1.02263	0.855278	1.32445	0.932686	0.648554	1.20401	0.776888	1.30756	1.09213	1.66963	0.725611	1.41112	1.0002	0.667857	0.73659	0.574535	0.54727	0.582418
ihec.chipseq.ihec-chipseq-containerv1.1.4.IHECRE00003683.3.73c26a8d-02d6-4ea5-b361-6e62367bb307.fc.signal	0.595991	0.170855	0	0	0.0917467	0.176884	0.23019	0.123786	0.0238075	0.235822	0.423068	0.443262	0.490051	0.68461	0.709964	0.250805	0.0366773	0	0	0	0	0.530443	0.68827	0.776393	0.57626	0.718144	0.510502	0.644965	1.02231	0.950704	0.665211	0.663497	0.655245	0.672941	0.48708	0.516456
ihec.chipseq.ihec-chipseq-containerv1.1.4.IHECRE00001235.5.aea2aa2c-6af2-475c-9bb0-3fdc6d0339b3.fc.signal	1.93207	1.22082	1.62599	1.07717	0.757179	0.84434	0.88093	1.32789	3.45103	3.32319	2.57589	2.16885	2.27641	1.84556	2.12765	2.26793	1.90888	1.47311	1.76919	1.57295	0.989196	2.34959	1.58385	0.733269	1.21965	0.358912	1.01672	0.921962	0.771829	1.10763	1.10374	0.814268	0.664738	1.72643	1.21445	0.558824
ihec.chipseq.ihec-chipseq-containerv1.1.4.IHECRE00000704.1.34a6aaf4-d685-456d-a66b-4e602e93fb03.fc.signal	1.67182	0.984636	1.43732	0.462416	0.0146763	1.28645	1.38554	2.64629	3.34918	1.69751	1.52134	1.4461	1.81681	1.27545	0.645915	0.939593	1.71622	3.01517	1.00933	2.24806	1.28277	1.37087	0.546853	2.18566	1.73253	1.27692	3.49232	2.5784	2.14165	1.91776	2.15997	1.23872	1.71957	1.23137	1.34511	0.651376
ihec.chipseq.ihec-chipseq-containerv1.1.4.IHECRE00003843.4.c2fb6923-d2e9-4aa0-b49a-8c647a477130.fc.signal	0.550347	0.816402	0.218072	0	0.080557	0.767522	1.47011	1.34377	0.429169	0.0994207	0.35626	0.231369	0.420695	0.337765	0.814151	0.515956	0.390135	0.293425	0.416262	0.457674	0.170686	0.158326	0.471754	0.510105	1.08641	1.33789	1.3669	1.56762	0.59419	0.842671	0.468239	0.261839	0.676724	0.844924	0.970166	0.499044
ihec.chipseq.ihec-chipseq-containerv1.1.4.IHECRE00001961.2.3b762a00-3a45-430b-9a03-047a2f48270c.fc.signal	2.7646	3.34209	3.67678	2.50173	2.77867	2.54318	2.90012	2.51889	1.8284	2.75703	2.72209	2.48775	3.68665	3.80501	2.76903	1.69218	3.92848	3.43983	1.80827	2.50823	2.72962	2.53643	3.28476	0.693198	0.600763	1.03679	1.44718	1.55147	1.0958	1.49813	1.45136	0.600138	0.611533	1.29504	1.61517	0.467105
ihec.chipseq.ihec-chipseq-containerv1.1.4.IHECRE00003692.4.f878ad9b-d6d3-4a62-ad1c-aebee9337a47.fc.signal	0.319075	0.129742	0.132699	0	0	0.0185369	0.292528	0.268234	0.23445	0.0783509	0.149124	0.0115241	0	0	0	0	0.0763179	0.045648	0.0902365	0.171811	0.0678299	0.267536	0.0131071	0.230546	0.178192	0	0.53452	0.485486	0.363015	0	0	0.0220558	0.126426	0.0115447	0.111937	0.286344
ihec.chipseq.ihec-chipseq-containerv1.1.4.IHECRE00001878.2.0c107f79-35ef-4ad5-a762-22192d0ee4c1.fc.signal	7.15622	8.68287	6.35082	4.33508	3.2471	6.20091	4.18979	6.75892	8.65477	9.28334	9.56518	5.48549	6.35098	8.10979	5.1075	4.41532	8.36942	6.66238	7.34366	8.78645	6.22386	5.91256	5.90378	3.21988	1.11662	1.62739	0.630919	1.07583	0.830955	1.61617	0.773586	0.350955	1.97106	1.79349	1.05826	0.385167
ihec.chipseq.ihec-chipseq-containerv1.1.4.IHECRE00000226.3.6bd86a0d-9ca9-4cf3-b822-a5f283f5194f.fc.signal	2.08087	2.57096	3.07315	1.16625	1.58156	3.4554	3.37868	3.54167	3.6241	3.60966	3.55475	2.74146	2.89393	2.6767	2.65934	2.61665	2.11823	1.94856	1.78421	1.76512	1.79676	1.87772	1.65617	1.48623	1.28078	0.746617	0.979803	0.750814	0.281775	0.429828	0.736716	1.35769	1.86773	1.96429	2.23774	0.377651
ihec.chipseq.ihec-chipseq-containerv1.1.4.IHECRE00003833.4.0eee2def-7060-4652-bac9-21261028455b.fc.signal	0.135764	0.137195	0.362114	0.006863	0.196279	0.704242	0.890937	0.240167	0.230744	0.501619	0.788612	0.364458	0.140002	0.512622	0.339265	0.431039	0.60953	0.507922	0.314624	0.476331	0.233338	0.236085	0.455721	0.230603	0.72348	0.274854	0.308556	0.602101	0.340438	1.01058	0.1757	0.61038	0.485239	0.322259	0.26421	0
ihec.chipseq.ihec-chipseq-containerv1.1.4.IHECRE00001517.1.51f7a6e7-e584-46ff-92a5-bdc9cc73913e.fc.signal	3.88749	4.26645	2.33963	3.73111	5.4342	3.23655	2.88285	2.11343	4.49782	4.28293	2.98413	1.81069	1.68649	1.85246	2.52361	2.31337	1.93759	2.24884	0.9753	1.98758	3.06735	2.5641	1.96837	1.20673	0.698759	0.552472	0.388739	0.876665	1.49747	2.64472	1.19149	0.312624	0.404976	2.10668	4.51442	0.572581
ihec.chipseq.ihec-chipseq-containerv1.1.4.IHECRE00001019.4.29b9a930-c799-4888-ba4b-b384862d86c5.fc.signal	2.34349	2.26122	1.8637	1.29466	1.09571	2.40353	2.38831	2.36467	3.81809	4.50101	4.22339	2.76289	2.55354	1.93499	2.13011	1.96413	2.95512	2.20664	2.0048	3.35515	2.22075	4.085	4.89956	1.86315	1.8524	0.721324	1.21915	1.34153	0.981741	1.0766	1.62049	1.7021	1.38543	2.01397	1.80347	0.445255
ihec.chipseq.ihec-chipseq-containerv1.1.4.IHECRE00003679.3.f2c7bc19-404e-47af-b24f-cd6109044afb.fc.signal	0.72127	1.01614	0.820449	0.347084	0.208931	0.476681	1.1973	1.8098	1.16679	0.983914	0.798608	1.08985	1.01424	0.976708	0.679239	1.12305	1.48674	1.24389	1.44132	1.25452	0.801926	0.787387	0.9196	1.14772	2.20024	1.34494	1.36145	1.28639	0.999761	0.971124	1.09578	0.795102	0.991585	0.964009	0.862154	0.577011
ihec.chipseq.ihec-chipseq-containerv1.1.4.IHECRE00003845.2.7673cefe-afff-41e8-b1a7-d52d55271696.fc.signal	2.71164	1.61482	2.85869	1.83606	0.635263	1.47345	1.8	2.67516	2.97868	1.85549	1.38466	0.816147	0.643228	1.37286	2.61164	1.82198	2.24018	1.94457	1.69489	1.39227	1.08877	1.48225	1.44256	2.30104	2.33634	2.41223	3.39445	1.96201	2.9573	2.25473	1.76173	1.72402	2.32489	1.77255	1.97016	0.314839
ihec.chipseq.ihec-chipseq-containerv1.1.4.IHECRE00004905.1.aa4ec0d5-3aea-4f13-89c0-cd2057b2cb93.fc.signal	0.538017	0.851366	0	0	1.50763	5.17464	2.50562	2.2666	0.733123	2.71374	3.50007	2.68937	0.519672	0.0529992	0.448059	2.80234	3.26417	0.902867	1.24158	2.14843	0.331015	0.987353	3.03892	1.17655	0.798156	1.16103	2.42583	2.69973	0.585031	0.0529984	1.15344	1.96208	0.863167	0.106421	0	0.151067
ihec.chipseq.ihec-chipseq-containerv1.1.4.IHECRE00000233.3.d999326f-0bb9-43a3-80f2-21bc2de5bd70.fc.signal	1.60925	1.86488	1.45737	0.688044	0.854382	2.01871	2.27059	1.90786	1.62002	1.48114	1.18132	1.29987	1.1921	1.12258	1.83402	1.64786	1.59748	1.74644	1.58204	1.22686	0.943914	0.83483	0.585075	0.319982	0.478695	0.580158	0.799032	0.652224	0.380681	0.836814	0.712319	0.686492	0.999026	1.13309	1.13549	0.506329
ihec.chipseq.ihec-chipseq-containerv1.1.4.IHECRE00003677.3.5aafa779-b4bd-44a8-aed7-d566d5881bee.fc.signal	0.229011	0.785107	0.951288	0.774008	0.781556	0.835955	0.513255	0.745371	0.498528	0.442777	0.294507	0.185765	0.315755	0.605638	0.94329	0.805696	0.583186	0.529964	1.21118	1.16348	0.638315	0.738021	0.961014	0.563011	1.22511	1.51165	1.55817	1.0081	0.704471	1.54021	1.31397	0.563084	0.933894	1.21878	1.12104	0.756614
ihec.chipseq.ihec-chipseq-containerv1.1.4.IHECRE00001973.1.f006c884-d6f7-470d-8586-314761e38a9f.fc.signal	2.00485	1.57111	1.96148	2.2567	2.07684	1.52477	2.32417	4.75895	3.58528	4.18232	2.3575	1.70501	2.22462	2.72529	2.38033	2.98218	2.27728	2.62661	3.30073	2.97957	2.74228	2.35098	2.12646	3.31366	3.37416	2.22637	1.41399	2.06707	3.07879	1.92865	2.46449	2.80156	1.12726	1.57015	1.21673	0.558091
ihec.chipseq.ihec-chipseq-containerv1.1.4.IHECRE00001914.1.7b3fd507-2fc8-4ffe-b558-9fa2ebdf70a9.fc.signal	3.28407	0.847887	1.7696	2.43136	1.1545	0.888901	1.66249	4.19899	1.63273	1.37609	2.66295	1.17527	0.734563	1.75548	1.95073	1.39471	1.99349	0.619262	0.513223	0.238089	1.59181	2.27243	1.82799	1.4728	0.267798	0	0.458407	0.462957	0.568782	0.96138	1.17898	1.53972	1.22172	1.96932	1.75607	0.399449
ihec.chipseq.ihec-chipseq-containerv1.1.4.IHECRE00004602.2.6c8f75ec-1feb-4407-8677-6500a59fcb3e.fc.signal	3.02116	2.22089	1.57873	1.2336	0.66312	2.8167	3.45072	4.45568	3.13997	1.56473	2.61664	2.65245	0.909528	1.71417	1.79192	1.4232	1.9011	1.65445	1.68786	1.73344	1.33845	1.43369	1.3935	1.54379	2.5939	1.8271	3.49427	3.07958	4.09	3.84144	3.00979	1.47734	1.54989	2.32574	2.43632	0.522423
ihec.chipseq.ihec-chipseq-containerv1.1.4.IHECRE00000969.7.cad1b677-714d-4048-b83a-e43043dafcdb.fc.signal	7.53877	5.25188	5.8378	6.90469	7.14191	12.051	11.2026	10.9702	19.4403	16.0342	14.4735	11	9.86679	12.2634	13.8396	16.3607	15.3415	12.0572	13.2021	14.3463	8.67522	9.83071	5.38328	8.28209	6.52013	5.28974	7.34344	7.32095	6.17696	6.15834	2.58777	3.7429	4.55743	6.48305	10.5225	0.298604
ihec.chipseq.ihec-chipseq-containerv1.1.4.IHECRE00003396.1.caf1b051-51fa-44fc-a0cc-329416432529.fc.signal	1.33865	0.669788	0.0394937	0	0.673265	2.72537	0.859851	0	0	0	0	0	0.851739	0.424931	0.454246	2.10078	0	0.72195	0.981528	0.163102	0.452839	0	0.575938	1.11943	0.0081118	1.56589	1.53016	0.72195	0.851739	0	0.373143	0.478596	0	1.18424	2.11588	0.314815
ihec.chipseq.ihec-chipseq-containerv1.1.4.IHECRE00003824.4.d400eb88-91a8-4354-8aa0-a7fcbf52ae8a.fc.signal	2.04371	1.1602	0.602756	0.228639	0.298182	0.67927	1.32726	2.36203	1.12671	1.01973	1.09873	1.01712	0.87724	0.841136	0.64967	1.20219	1.65932	1.10453	2.19983	1.89289	1.18791	0.825333	0.838501	0.814639	1.04469	2.25607	2.22385	2.08462	1.1481	1.58495	1.37091	1.01505	0.90716	0.547876	0.842696	0.17094
ihec.chipseq.ihec-chipseq-containerv1.1.4.IHECRE00000244.3.139b0f99-dbed-4fbd-849b-3404a3da6f2d.fc.signal	2.60935	2.5112	1.78066	0.791649	0.402079	1.75274	2.53396	2.56422	2.48421	2.18156	1.756	1.5374	1.03402	0.973069	1.18391	0.991459	1.07746	0.936711	0.799012	0.543198	0.357426	0.577903	0.503021	0.377984	0.487133	0.470152	0.39082	0.266957	0.449888	0.508164	0.480521	0.428684	0.415816	0.531173	0.532594	0.322937
ihec.chipseq.ihec-chipseq-containerv1.1.4.IHECRE00002067.1.2da68f5f-3fe3-4c64-8403-feb46554ae0b.fc.signal	4.52679	3.91475	4.59464	2.96345	3.67907	3.10749	3.27181	1.65956	1.71245	1.7894	1.81763	1.76629	3.17396	3.09116	2.83505	2.95397	2.23088	4.18481	1.99668	1.74436	2.60105	2.50862	5.11368	2.48822	3.07295	1.96495	1.92117	1.51067	1.97978	1.77379	1.64019	1.68287	1.54659	4.27487	4.09996	0.62254
ihec.chipseq.ihec-chipseq-containerv1.1.4.IHECRE00003684.3.bc7bca89-1cba-4915-bcc7-e8d2a2d115f4.fc.signal	0.158755	0.159251	0.139917	0.00227507	0.21367	0.145063	0.191247	0.326486	0.320396	0.381165	0.546382	0.304729	0.363813	0.161418	0.534693	0.179336	0.142192	0	0	0.111478	0.243415	0.477555	0.293014	0.115428	0.628824	0.307101	1.04431	0.530613	0.806835	0.407368	0.727887	0.3	0.445806	0.41432	0.360574	0.411111
ihec.chipseq.ihec-chipseq-containerv1.1.4.IHECRE00001008.4.6b4448d0-5f4c-4811-8e37-23e51bce62f5.fc.signal	2.04526	1.93102	2.12911	0.60873	1.94597	1.7973	1.40319	1.97543	2.53933	3.23993	3.29325	2.78204	2.03921	2.35208	2.02254	2.16538	2.30691	1.85124	2.8029	2.36624	1.0165	1.88755	1.97138	0.939121	0.636202	0.229648	1.29886	1.47246	0.728617	0.665185	0.546567	1.11476	0.796814	1.83952	2.01362	0.56391
ihec.chipseq.ihec-chipseq-containerv1.1.4.IHECRE00003682.3.aaa0b154-2777-4a76-a919-829c05cb2aa5.fc.signal	0.397919	0.369864	0.504957	0.170526	0.121788	0.42008	0.673988	0.771464	0.980934	1.12655	0.680579	0.452577	1.02096	1.31037	1.52195	1.1568	0.281276	0.179344	0.525607	0.684963	0.656639	1.03205	0.720985	0.831218	1.00957	0.698803	0.545618	0.694574	0.94331	0.738457	0.697056	0.669667	0.501759	1.66029	1.61824	0.692308
ihec.chipseq.ihec-chipseq-containerv1.1.4.IHECRE00003810.1.e1477c7f-dd1a-410b-b9aa-d42121abe54b.fc.signal	13.4735	11.0501	15.6199	12.0861	8.73038	10.5028	12.329	13.9362	13.3373	11.9561	12.556	9.91724	11.1331	12.1597	12.2802	8.2965	10.9198	12.5682	7.63567	7.81308	8.55032	10.528	6.89901	3.12771	1.78743	1.68766	1.93478	1.51986	0.85688	1.04246	0.726323	0.822374	0.543572	0.620016	0.899563	0.617571
ihec.chipseq.ihec-chipseq-containerv1.1.4.IHECRE00001234.5.7911b36d-fd72-410e-af85-0dad0ab68796.fc.signal	2.90372	1.24393	2.0566	2.07758	1.70682	2.914	1.68197	1.63324	2.53389	2.13683	1.30626	1.40988	2.17263	1.2795	1.16653	2.78928	1.74341	1.4977	2.36192	1.54218	1.07163	1.99024	1.59058	0.63809	1.05504	0.33534	0.910733	1.45376	1.26629	1.01147	0.80745	0.852511	0.923396	0.846098	1.19896	0.496894
ihec.chipseq.ihec-chipseq-containerv1.1.4.IHECRE00004604.3.ac9c59ba-752b-4ad7-b659-fe5b8abc0ae0.fc.signal	0.510557	0.297077	0.447651	0.225917	0.0223406	0.246438	1.13474	0.763156	1.00091	0.126301	0.195048	0.480421	0.328681	0.0790737	0.193573	0.281912	0.421326	0	0.159663	0.411458	0.19554	0.0163104	0.333418	0.157032	0.119404	0.0434775	0.446138	0.842121	0.980128	0.96525	1.04168	1.02763	0.612136	0.332438	0.289089	0.489362
ihec.chipseq.ihec-chipseq-containerv1.1.4.IHECRE00002063.1.5cbd3cd5-dc33-49dc-ae71-41bb3114f33a.fc.signal	3.01254	1.64192	1.50276	1.67189	1.05526	2.07178	2.06121	1.56265	1.27218	0.794504	1.45868	0.701123	1.18032	1.63311	1.43405	1.10988	1.69829	2.47873	1.91146	1.5133	1.878	1.77933	1.57497	0.718775	1.04645	1.52412	0.951046	1.50989	0.768099	1.09929	1.094	0.868518	1.20323	1.76346	2.57654	0.62931
ihec.chipseq.ihec-chipseq-containerv1.1.4.IHECRE00000221.3.05a353b1-f31c-4062-a970-e6b8e8cfe9a3.fc.signal	1.69152	1.31973	1.50491	1.3001	0.892055	1.53593	2.01853	1.99539	1.63587	1.65369	0.858284	1.37261	2.05986	1.97078	2.39136	2.64452	2.69183	2.57158	3.55875	3.05202	1.94544	2.77547	2.68108	1.5028	1.44422	1.22246	1.72019	1.63307	0.949964	1.07486	1.12796	1.48737	1.26104	1.51556	1.66835	0.731092
ihec.chipseq.ihec-chipseq-containerv1.1.4.IHECRE00003809.1.4a2441ca-55cf-47d7-babd-5b4be2878b1b.fc.signal	9.02203	8.13285	8.00727	8.65577	7.44578	11.6197	13.431	13.3609	15.1412	13.5449	8.67125	8.48903	11.986	12.3577	9.49217	9.88614	7.1465	5.70624	7.17202	8.78053	7.41091	8.15464	6.51643	3.09785	2.20131	1.88968	2.08741	1.62272	0.701532	0.572296	0.401011	0.162201	0	0.373558	0.736119	0.537815
ihec.chipseq.ihec-chipseq-containerv1.1.4.IHECRE00000943.7.8ac062ee-be78-42a9-ad2f-ffd51a54aa32.fc.signal	2.81582	1.82604	1.62844	2.36736	1.88111	4.71953	2.51747	2.30795	4.81449	3.25317	3.09393	2.44545	3.07233	1.46539	1.94943	3.24301	1.31502	2.24858	1.73194	1.68431	1.43535	3.49252	3.15489	0.823277	0.737335	0.368157	2.26285	0.33695	0	1.31356	0.983832	0.689213	0.653684	1.56331	4.49515	0.364548
ihec.chipseq.ihec-chipseq-containerv1.1.4.IHECRE00004643.3.251ac38a-f30f-4eb1-8d54-f10f77bc7dd8.fc.signal	2.44	3.1653	2.3732	3.34995	2.9268	3.12964	2.47501	2.83548	3.31246	1.77225	2.19947	1.90154	1.73363	1.73753	1.68984	2.15438	2.41759	2.53955	2.01057	2.5641	2.3322	2.96378	2.73359	1.63621	1.38764	0.612414	1.48201	1.66473	1.5472	1.92345	2.45094	1.19253	1.69798	2.98732	2.27529	0.227129
ihec.chipseq.ihec-chipseq-containerv1.1.4.IHECRE00000298.2.ce12d455-2495-4a8c-afeb-20e007471704.fc.signal	3.01778	2.19879	2.66998	1.73889	1.55561	2.42318	4.15085	2.61763	1.36867	0.235602	1.23611	1.92956	1.83981	1.61543	1.95198	1.52194	1.40606	1.68277	0.882544	1.97066	2.32967	3.04021	1.85852	0.258042	1.28639	0.501122	0.875062	1.57055	1.11069	0.878823	0.897528	0.66169	0.320073	0.41511	0.56096	0.63
ihec.chipseq.ihec-chipseq-containerv1.1.4.IHECRE00001965.2.d0a3ffb9-3082-49ca-b6e4-071c93be50ea.fc.signal	1.58466	2.04113	1.88307	0.591388	0.352806	0.676542	0.940633	1.61952	2.3122	1.92683	1.2072	2.37835	2.16445	1.43305	1.8506	1.49986	1.26688	1.93861	1.47224	0.827625	0.506782	1.41503	1.51312	0.554598	0.886923	1.04028	1.38065	1.33382	1.64074	1.30394	0.686097	0.917143	1.38619	1.60843	1.35858	0.447084
ihec.chipseq.ihec-chipseq-containerv1.1.4.IHECRE00004647.3.8b374ea3-2377-4c12-8ea6-3142fba27eca.fc.signal	2.09358	3.05849	2.50384	1.70253	2.53101	2.1436	1.9659	3.24713	3.41872	2.97486	2.57746	1.93597	1.813	1.23594	0.85292	1.21087	1.60176	1.45629	1.1324	1.04066	1.57887	1.68038	1.93916	1.73828	1.74469	1.53652	0.924736	0.855238	0.587517	0.922731	1.63533	1.20301	1.25509	1.45527	1.23637	0.491228
ihec.chipseq.ihec-chipseq-containerv1.1.4.IHECRE00003691.3.cb518c97-2905-470f-ae3d-4e16b45f68a4.fc.signal	0.223178	0.332825	0.106697	0.0783093	0.065586	0.363168	0.134106	0.426796	0.215355	0.295288	0.138938	0.279701	0.281998	0	0.21144	0.170326	0.106989	0.304808	0.126733	0.567919	0.0701421	0	0	0.06468	0.371283	0.410267	1.38443	0.597712	0.470347	0.140742	0.106013	0.146755	0.0868783	0.202078	0.827807	0.534247
ihec.chipseq.ihec-chipseq-containerv1.1.4.IHECRE00001966.2.b1abd689-f97d-4cbd-88da-9a4dcf233100.fc.signal	2.9916	2.71681	4.32963	3.94454	3.11615	3.45143	2.81012	3.68228	4.379	3.59581	2.82065	2.26925	2.01455	1.33268	2.27258	2.17414	1.34458	2.06704	2.54095	3.19758	1.84666	3.07592	2.25914	1.47917	1.6667	1.17127	0.581753	0.967983	1.38493	1.16908	0.820738	0.959906	1.1871	2.63549	3.19555	0.512727
ihec.chipseq.ihec-chipseq-containerv1.1.4.IHECRE00001488.1.9c87582b-a516-48aa-abd1-be5f17779ae6.fc.signal	7.41857	7.32502	5.34403	4.721	5.7648	7.92386	6.043	4.6451	6.29494	5.83624	7.49527	3.07559	3.55976	4.50701	5.55962	4.88274	8.41252	6.48419	2.83039	4.01679	3.76653	3.44154	5.2014	3.63695	1.59043	1.53649	2.61686	2.65096	2.29383	3.34614	2.82736	1.35314	1.69974	4.27532	5.46955	0.520325
ihec.chipseq.ihec-chipseq-containerv1.1.4.IHECRE00002005.1.40074ae6-828f-47d9-a397-b67f6a5032c3.fc.signal	4.46255	2.60516	4.3656	2.2677	2.76581	3.71819	4.4777	3.63915	4.84784	4.08081	4.93645	4.08108	4.29589	3.35783	2.00617	2.38091	3.32801	3.74795	1.85482	4.51424	2.7311	1.82343	2.7965	1.58983	2.53916	3.15016	2.79763	1.90727	2.51875	3.31372	3.50179	3.94155	2.75892	5.01858	5.31038	0.623077
ihec.chipseq.ihec-chipseq-containerv1.1.4.IHECRE00000053.3.c68590a6-9876-4cd2-855d-2656b11afb6b.fc.signal	5.26615	6.75758	5.20283	2.58541	4.97461	8.21628	6.1583	5.68905	2.47461	5.45981	4.90314	7.19016	6.66935	4.9273	7.29439	7.05117	5.12082	4.30615	5.41867	7.9059	7.33549	8.26694	5.54983	3.63073	2.29242	3.34084	1.44469	1.35603	5.683	5.18285	4.03384	2.31173	2.51191	6.06423	5.93631	0.450777
ihec.chipseq.ihec-chipseq-containerv1.1.4.IHECRE00003817.1.366ce028-dbb5-4000-adeb-5cae508bdd78.fc.signal	13.5908	15.956	15.5309	13.3716	14.2406	18.248	17.5641	20.4228	18.445	16.3857	15.3435	11.9378	9.90038	13.731	12.109	11.1498	14.9116	11.4334	11.2911	9.67844	9.23401	12.135	9.56297	5.40218	3.84725	2.35991	1.807	1.62901	0.605737	0.644877	0.767116	0.6454	0.760451	0.512828	0.837772	0.516892
ihec.chipseq.ihec-chipseq-containerv1.1.4.IHECRE00000224.3.91059aa1-cc7c-4c6a-8c0d-23bf4bfa5cae.fc.signal	1.97087	1.80447	1.80876	0.58256	0.955813	2.95817	4.07528	4.24908	3.63468	3.59284	2.56229	1.89313	2.44315	2.13858	2.17934	2.06023	2.7738	2.55415	2.55119	2.58445	2.27793	2.69525	2.71686	1.7743	1.7445	1.54375	1.22571	0.810775	0.443097	1.21041	1.4381	1.27291	1.3784	1.25137	1.48059	0.493878
ihec.chipseq.ihec-chipseq-containerv1.1.4.IHECRE00003808.1.15fff734-a78a-4288-8d11-37559fec46b7.fc.signal	12.3778	11.8762	8.51929	6.99827	6.93513	10.1193	10.1056	11.3267	10.8383	10.9185	10.4389	9.76065	6.15115	5.60753	7.2586	6.77553	7.73465	6.96518	7.39659	7.87808	5.58667	7.86429	6.89139	3.21654	2.85226	2.53642	2.55838	1.63967	1.49921	1.07388	1.29047	0.89112	0.542487	0.914549	0.887025	0.46789
ihec.chipseq.ihec-chipseq-containerv1.1.4.IHECRE00004635.3.ad2e7f02-8a5b-4f8f-8fa0-495c5d602f92.fc.signal	0.222174	0.233783	0.400584	0.226276	0.0214942	0.469935	0.36995	0.396636	0.736169	0.574015	0.251847	0.339948	0.741249	1.34123	0.651146	0.752554	0.819059	0.957867	0.929707	0.53893	0.451583	0.705445	0.554498	0.747424	0.789403	1.52347	0.924527	0.282316	0.514288	0.428072	0.506879	0.567992	0.246752	0.654241	0.788875	0.756757
ihec.chipseq.ihec-chipseq-containerv1.1.4.IHECRE00003693.3.00bffcc7-6bdd-4dff-a3af-f0bc3467ff95.fc.signal	0.683223	0.768367	0.574834	0.0447575	0.0244855	0.323416	0.50984	0.783671	0.772115	0.740478	0.380132	0.181952	0.19304	0.27958	0.374615	0.438523	0.403887	0.332759	0.414193	0.22856	0.0783549	0.240194	0.241374	0.366049	0.861085	0.742664	0.652039	0.692248	1.00953	0.89364	0.946558	0.899354	0.982161	0.474007	0.486905	0.52008
ihec.chipseq.ihec-chipseq-containerv1.1.4.IHECRE00001957.2.5bc96241-954a-4559-a55b-8ed7178f6f2d.fc.signal	1.59851	1.45785	1.15414	0.881191	0.848753	2.17846	1.89305	2.99145	2.15065	1.478	2.02202	2.18128	1.6003	1.13048	2.47803	1.89844	1.02554	0.839621	1.80782	0.755577	0.619898	1.19324	1.27896	0.718925	1.62678	1.88722	0.607058	0.745144	0.83704	0.840503	0.787181	1.69584	0.678986	1.29891	2.34595	0.598901
ihec.chipseq.ihec-chipseq-containerv1.1.4.IHECRE00001962.2.f53f759d-3946-4452-bfdb-d2f97d37ca2c.fc.signal	6.46829	6.01367	7.04938	5.17245	4.36318	5.97441	7.95422	10.6793	9.62897	7.57994	6.94646	6.95331	7.57549	7.14732	7.41536	8.04507	7.89407	5.29351	3.71881	4.63756	5.33955	7.08492	6.83111	4.88295	4.8531	3.35481	4.92999	2.97877	4.03683	5.35496	5.42618	5.82302	6.05348	7.53523	6.37607	0.710855
ihec.chipseq.ihec-chipseq-containerv1.1.4.IHECRE00001025.7.262bd7c5-c486-496a-a8c6-308bf4207448.fc.signal	3.3923	2.58283	3.45966	2.27207	2.40222	3.08741	2.88236	3.25684	3.56301	2.32553	2.76639	2.52584	2.1717	1.88017	1.8567	1.25518	2.16834	2.81175	2.94235	2.63044	2.88232	4.09183	4.04316	1.64745	1.54455	1.447	1.81792	1.678	0.951461	2.46957	1.59956	0.963413	1.27909	1.53042	2.01822	0.597744
ihec.chipseq.ihec-chipseq-containerv1.1.4.IHECRE00003678.3.fc6fd65f-c644-42f3-9ab2-6582bf7f6378.fc.signal	0.857477	0.253086	0.0393331	0.247102	0.882277	0.967778	0.731786	0.584391	0.741782	1.38134	0.44344	0.509026	0.362423	0.278243	0.622672	0.990063	0.805131	0.66673	0.638553	1.20885	0.779832	0.76654	0.539892	0.840307	0.931914	0.869027	1.24981	1.13499	0.923064	0.735208	0.609564	0.411018	0.199389	0.298518	0.603535	0.764384
ihec.chipseq.ihec-chipseq-containerv1.1.4.IHECRE00001918.1.fbe063d6-2cc4-4e86-b2d8-a5dbab869596.fc.signal	7.45775	4.34034	6.75926	5.89856	4.25249	3.86311	6.08586	7.68281	7.39286	10.4086	6.36738	2.75591	7.33812	4.15691	4.01427	3.31763	3.24718	6.21539	1.91897	6.00667	3.81905	4.55681	5.49781	2.56004	1.26922	0.0662473	3.69982	3.53859	1.14215	3.37866	6.75046	2.7452	0.413897	5.02227	1.24654	0.36018
ihec.chipseq.ihec-chipseq-containerv1.1.4.IHECRE00000303.2.0092e1bc-1a95-46f7-a164-5f4453e07465.fc.signal	1.61416	1.95905	2.4931	1.30626	1.47579	3.90371	3.78548	3.19454	2.37097	2.22967	2.64004	1.40586	2.10574	3.42305	1.65607	1.83094	3.73641	3.78014	3.88301	4.5653	2.56196	1.70691	1.65545	1.38047	1.35549	0.629872	1.08983	1.24295	2.0117	1.55059	0.52858	0.668168	0.643239	2.44438	3.60053	0.575472
ihec.chipseq.ihec-chipseq-containerv1.1.4.IHECRE00000949.6.eabfbabf-0398-4a54-beef-06d14e082ca4.fc.signal	4.55062	5.63333	5.29599	2.7309	1.24519	6.03721	8.38283	7.29679	7.52615	5.9527	6.10224	5.20172	3.52741	4.40746	4.44163	8.07237	6.96986	3.52671	5.01433	4.90587	3.92659	4.71344	4.4182	2.0742	1.67432	1.58408	1.90758	0.847622	1.78885	1.57422	0.456559	0.209488	0.887434	1.19008	2.16174	0.563492
ihec.chipseq.ihec-chipseq-containerv1.1.4.IHECRE00001447.1.2d82798a-f83d-476e-85d2-c494f324979a.fc.signal	20.3224	19.0152	17.0694	15.9618	9.83636	20.3	23.2248	22.4553	15.3543	18.1612	13.2669	11.7916	10.1757	10.2727	16.8954	11.1477	14.2186	16.0774	12.5174	11.6749	11.2971	12.1586	11.1721	5.04663	2.11705	2.55342	2.06694	1.37818	2.0093	2.88472	4.65881	2.15508	3.70413	7.63382	8.84769	0.374341
ihec.chipseq.ihec-chipseq-containerv1.1.4.IHECRE00001963.2.a69914d6-c947-4064-9120-21fa14734e92.fc.signal	7.1201	7.91895	7.57452	6.96496	5.70302	7.13528	8.05042	8.61886	9.47205	7.81243	7.36613	9.0026	7.49522	7.62257	6.27905	5.32961	6.71179	6.98926	5.04141	5.7645	5.89849	7.47591	6.09897	4.82025	4.0376	3.94557	5.40432	5.75744	5.33892	5.3443	5.28652	3.82906	4.0626	4.36401	4.78729	0.558603
ihec.chipseq.ihec-chipseq-containerv1.1.4.IHECRE00000964.7.31304b6b-0e3c-47a2-858e-e0febf9013fe.fc.signal	4.75995	2.01179	3.04991	4.94495	2.10081	6.14129	5.46524	1.76924	4.23645	3.63291	2.28397	2.12715	2.6743	2.94873	5.49656	5.01356	6.83996	2.93073	3.0573	2.79399	3.62187	5.60327	5.02011	2.61252	1.88446	0.26034	1.5019	1.41301	1.61772	1.37141	1.89479	2.21642	1.0848	3.90628	5.11173	0.403805
ihec.chipseq.ihec-chipseq-containerv1.1.4.IHECRE00000160.3.993737f8-5756-4ad4-ba82-616379757fdf.fc.signal	2.87111	3.97529	4.12584	3.66451	5.99411	7.95547	6.71258	5.04505	9.35569	6.95905	3.11354	1.26995	1.63337	3.4542	4.9908	4.18486	2.32319	3.04228	3.5293	2.58536	3.28284	4.54147	5.98886	2.91573	0.797103	0	1.28896	2.49351	1.36344	1.95803	3.21204	1.64603	1.40411	0.367421	2.59751	0.440678
ihec.chipseq.ihec-chipseq-containerv1.1.4.IHECRE00000290.2.87138227-2f20-4f69-8c58-63c9bb6aa67e.fc.signal	5.20304	2.28768	4.03366	2.88764	3.45449	4.41974	6.02582	6.83911	4.6169	8.63822	7.5374	4.04596	4.60414	2.25987	3.25795	5.16321	4.02953	3.3929	4.02546	8.55607	5.12626	4.28417	2.89995	2.55902	2.15239	0.0369702	0.22309	1.38557	0.0677752	1.8676	4.35812	1.35139	0.254684	1.5116	3.75287	0.444976
ihec.chipseq.ihec-chipseq-containerv1.1.4.IHECRE00004618.1.209b7d40-2aaf-4f0d-9a2f-e178d8a84b13.fc.signal	1.04376	1.02968	0.379388	0.311182	0.393768	0.451407	0.49043	0.822636	0.653705	0.493422	0.353962	0.482048	0.444311	0.565198	0.738258	0.792874	0.682384	0.755967	0.726216	0.836378	0.712702	0.12875	0.265087	0.290037	0.624373	0.945712	1.34817	0.9	0.579276	0.700727	0.532017	0.152755	0.362616	0.573629	0.910655	0.397163
ihec.chipseq.ihec-chipseq-containerv1.1.4.IHECRE00004664.3.6712588d-45c1-44ec-9f01-5f62fc9e99bb.fc.signal	3.2054	2.60532	2.74388	2.0065	1.75277	2.98925	3.86763	3.35677	4.44045	3.40922	2.94134	2.27541	1.5782	2.60336	2.82395	2.73604	3.18358	3.64084	2.26032	1.83861	2.05288	2.19784	1.96946	1.84518	1.40981	1.10101	1.20037	2.55005	2.48467	1.99874	2.0211	1.95659	1.75586	2.30028	2.66002	0.243077
ihec.chipseq.ihec-chipseq-containerv1.1.4.IHECRE00003806.1.ca0477cb-21d8-4e11-a363-fca55b28eb49.fc.signal	0.792668	0.875051	0.814794	0.448803	0.395417	0.312048	0.530771	0.422663	0.134404	0.212135	0.790964	0.609404	0.218293	0.402669	0.672561	0.786659	0.875924	0.848774	0.534475	0.34616	0.221759	0.213358	0.209907	0.390037	0.681354	0.80348	0.553196	0.438553	0.135085	0.611856	0.532864	0.231738	0.228813	0.219158	0.174672	0.402863
ihec.chipseq.ihec-chipseq-containerv1.1.4.IHECRE00001997.1.1f6ac71d-93cf-4d13-a14c-23ecb52e3983.fc.signal	2.65177	2.55536	1.88702	2.76169	2.025	2.41264	2.46251	1.73933	3.17243	2.91211	3.15123	2.42723	2.29115	2.05393	2.01535	2.14844	2.50906	2.11755	2.79652	2.74674	1.97853	2.70837	1.9112	2.38179	1.41166	1.45246	2.70191	2.11511	1.58718	2.80603	2.90052	1.59941	1.30388	1.57874	1.36942	0.636986
ihec.chipseq.ihec-chipseq-containerv1.1.4.IHECRE00001027.7.dcf25794-5ac8-4a6d-9033-a30e1a31178f.fc.signal	0.999388	2.37786	1.76451	0.969483	0.733673	1.1297	1.43498	1.14415	1.28383	1.43358	0.508563	1.06866	0.527836	0.838037	1.53481	2.3143	2.69797	1.39206	1.81819	1.16893	1.03408	1.64607	0.887896	0.169398	0.551087	0.214866	0.896096	1.39838	0.115919	1.67458	1.51903	0.0909093	0.0589169	0.312987	0.188113	0.661202
ihec.chipseq.ihec-chipseq-containerv1.1.4.IHECRE00001955.3.f92185be-1c43-4aca-8ad8-6624fd4fe491.fc.signal	5.14028	2.60257	3.54717	2.31585	1.29304	3.55563	4.20104	3.25614	3.61672	5.25303	4.53322	4.09506	3.78748	3.2181	3.31121	4.90879	2.57834	2.68192	3.97093	3.59667	3.19978	4.06302	3.67405	2.4522	3.33508	5.13953	2.45163	1.79482	2.96148	2.77051	2.50587	3.05552	3.33564	3.82411	4.00208	0.408142
ihec.chipseq.ihec-chipseq-containerv1.1.4.IHECRE00000194.3.24e7f5e2-3e69-4be2-9441-12552d685d59.fc.signal	2.77724	4.60671	3.30572	3.73044	2.9478	4.63617	3.61227	3.93427	4.4584	6.63472	3.23327	3.73774	6.03421	4.15086	4.94293	6.39139	6.56858	4.58246	3.5808	2.92953	3.44575	1.41726	2.66156	3.45908	0.713086	0.417973	3.93223	4.18704	1.59245	0.59465	2.98914	0.629379	1.64791	3.05123	2.828	0.680147
ihec.chipseq.ihec-chipseq-containerv1.1.4.IHECRE00000666.1.5711d167-820d-45fb-b803-6acb7e7ac244.fc.signal	1.72764	2.9614	0.781496	0.306723	1.20605	3.42756	3.76718	3.68226	1.72224	0.0606643	0.051998	0.61688	0.937446	0.301528	0.756562	1.46941	1.16792	0.729531	0.653293	0.849101	0.414142	1.25345	1.13435	0.786323	0.528537	2.53859	2.56112	1.57169	1.10379	0.925912	0.819615	0.474791	0.731481	1.14475	1.4834	0.429752
ihec.chipseq.ihec-chipseq-containerv1.1.4.IHECRE00003830.4.d292671f-acdf-4c3d-a0bd-85566c15af43.fc.signal	0.381058	0.235014	0.533698	0.266821	0.140808	0	0.203256	0.406574	0.516084	0.352398	0.223671	0.0968939	0	0.114916	0.418753	0.25035	0.247212	0.209948	0.00848133	0.10198	0.270154	0.00186733	0	0.0468738	0.203709	0.101707	0.140322	0.702038	0.585027	0.487891	0.390668	0.038346	0.0424292	0.172907	0.0823318	0.219298
ihec.chipseq.ihec-chipseq-containerv1.1.4.IHECRE00000232.3.deeb1740-ff27-48b5-993b-e759c8aa7550.fc.signal	1.89233	1.76281	1.89677	0.894136	0.708962	2.1603	2.15444	2.10817	2.48452	2.26004	1.61432	1.39342	1.60902	1.66493	1.39866	1.27534	1.40831	1.49327	1.99166	2.01444	1.52565	1.54157	1.49464	1.33068	1.23184	1.10902	1.21046	0.869097	0.575519	0.895721	0.879423	0.721568	0.799179	1.06332	1.30796	0.345187
ihec.chipseq.ihec-chipseq-containerv1.1.4.IHECRE00000247.3.d48138c2-a252-44ae-9d3c-40d754a464fb.fc.signal	2.81676	3.02205	1.97545	0.927505	1.01042	2.30743	1.94907	1.75127	2.21654	2.06025	1.83148	2.01796	1.97845	1.38623	1.62752	1.98909	2.10969	1.49026	2.04741	2.0776	1.62884	2.00847	1.65523	1.29526	1.09315	1.26088	1.63953	1.04195	0.560396	0.983772	1.36001	1.15593	0.991069	1.31669	1.4194	0.348823
ihec.chipseq.ihec-chipseq-containerv1.1.4.IHECRE00001893.4.3dc85d16-267c-45c2-b26d-1a0b479796ac.fc.signal	2.0921	1.18203	0	0	0	3.20678	4.41575	0.942589	3.6166	2.10033	2.8585	0.840134	0	0	0.379085	3.61661	5.30708	2.5204	2.62286	1.53683	0	0.29712	1.53683	0.163929	0.451982	2.56424	1.56388	1.15881	2.45629	0.835437	0	0	1.05529	2.00699	2.8128	0.514986
ihec.chipseq.ihec-chipseq-containerv1.1.4.IHECRE00000001.4.8f91a2fb-7003-480a-b893-926d784b78c7.fc.signal	0.257878	0.128453	0.188062	0.120035	0.132207	0.345712	0.467745	0.665416	0.731935	0.650894	0.843295	0.629838	0.313572	0.321976	0.652465	0.637404	0.37105	0.255566	0.24795	0.194158	0.0490805	0.153984	0.0960275	0.226975	0.359817	0.386157	0.273632	0.215511	0.0508859	0	0	0	0.0858917	0.258421	0.297793	0.49652
ihec.chipseq.ihec-chipseq-containerv1.1.4.IHECRE00002076.1.7e792a01-04c2-4297-a3a4-2a7110dfb8d8.fc.signal	2.43771	3.02693	4.23997	3.35672	4.09131	4.14133	2.47831	1.97451	2.3918	1.91153	2.76213	1.92719	3.49377	4.20027	3.43832	5.00472	3.75513	3.75272	2.98701	3.39159	1.88143	2.3615	2.44321	1.86733	1.50974	2.4368	2.39242	1.80844	0.93678	1.52336	1.23336	1.66715	1.42957	3.08686	4.23326	0.704918
ihec.chipseq.ihec-chipseq-containerv1.1.4.IHECRE00004641.3.f283db42-039d-42b0-abf6-5e11b1f7b362.fc.signal	0.654351	0.368863	0.724984	0.513068	0.388955	1.14129	1.31605	0.951853	0.806324	0.178709	0.534024	0.655862	0.341504	0.568092	0.405018	0.815507	0.974543	1.58239	1.58203	0.826263	0.581465	0.610411	0.679921	0.84311	0.353068	0.220993	0.656598	0.933962	0.605395	1.00813	0.963685	0.479336	0.877159	0.319828	0.372232	0.381503
ihec.chipseq.ihec-chipseq-containerv1.1.4.IHECRE00001022.4.e3ed522f-2c41-4dc2-8732-fe32436313bd.fc.signal	2.23446	2.46415	2.06171	0.975263	0.901154	1.74975	2.00613	2.98965	4.35439	2.66987	2.96465	2.70277	2.02298	1.80989	1.34502	1.377	0.809156	1.60535	1.97228	1.36675	1.85867	2.45374	2.22493	1.43094	1.0701	0.761587	2.0278	1.76318	1.69599	1.4636	1.11443	0.466861	1.86832	1.67728	1.75673	0.737705
ihec.chipseq.ihec-chipseq-containerv1.1.4.IHECRE00000261.2.20c90732-f1ce-4c90-b4ad-94c2dcd3076f.fc.signal	6.03135	3.82075	4.40267	2.73086	2.20747	3.68838	6.86568	8.04179	6.38266	4.16025	3.09414	3.16499	2.41377	3.56214	3.63296	2.75859	2.77669	4.00106	3.91311	4.71362	4.02088	4.23024	3.0757	1.79184	1.11762	1.66872	2.38321	2.57169	2.64098	1.62709	1.83768	1.40392	2.29063	5.72346	6.71735	0.534483
ihec.chipseq.ihec-chipseq-containerv1.1.4.IHECRE00000891.3.c1b7baf5-133f-4f33-8df5-9ee656a1dfe7.fc.signal	0.769995	0.578845	0.906304	1.09564	0.178788	2.20367	1.30097	1.12395	0.982368	1.53455	0.389252	0.550484	1.10271	0.999499	0.899091	0.53635	1.4213	1.17885	1.65135	1.65312	1.09567	1.07443	1.193	0.746971	0.83504	1.05092	0.870019	1.56816	1.5346	1.47081	0.704479	1.70051	1.24429	1.57878	1.93691	0.686486
ihec.chipseq.ihec-chipseq-containerv1.1.4.IHECRE00000734.3.ffba017b-0023-4eb4-8b81-e7126e673308.fc.signal	0.210015	0	0	0	0	0	0	0	0	0	0	0	0	0.324977	0.149994	0	0	0.160683	0.125017	0.162492	0.732499	0.530041	0	0.910015	2.06152	2.86852	0.609978	0.471337	0.742584	0.00500147	0.945086	0	0.540073	0.392501	0	0.567376
ihec.chipseq.ihec-chipseq-containerv1.1.4.IHECRE00001467.1.1c2dbbd8-e506-4239-944f-76f68d1c1b78.fc.signal	18.019	17.5141	12.958	14.3958	14.3912	19.2736	22.4618	19.1929	24.9192	26.7996	19.6431	13.1797	15.2761	12.1599	14.0326	18.7299	19.3215	18.5601	16.9086	13.6575	8.86733	14.9059	17.8836	11.9104	6.71918	4.85934	8.48547	9.11539	5.19818	8.12106	7.72139	3.74954	5.83281	6.58332	8.88784	0.40407
ihec.chipseq.ihec-chipseq-containerv1.1.4.IHECRE00001887.4.8d92c560-11be-4c39-83b5-4989c5ac9c68.fc.signal	1.23094	1.3879	0.909646	1.73635	0	0.829823	0.486723	0	0	0	0	0.825363	0.350491	0	0	0.675525	0.272415	0.810037	0.142931	0.842383	2.32659	0.402606	0	0	0.869718	0.733331	1.86985	2.89302	0.92723	0.471604	0	0	0	0	0	0.561728
ihec.chipseq.ihec-chipseq-containerv1.1.4.IHECRE00001902.1.a7b50190-d657-4fdf-9077-238ae0258fec.fc.signal	6.69225	8.66065	8.12649	8.70295	7.68275	10.4014	9.92806	11.5749	10.9823	7.27142	7.98482	10.7962	9.02563	10.7472	10.7382	8.99661	10.2682	10.8292	8.93895	6.43729	4.43607	7.22557	7.22481	3.3376	3.56026	2.51795	1.56944	0.593108	1.34157	1.53111	0.714181	0.799952	1.01368	1.11929	1.53571	0.557491
ihec.chipseq.ihec-chipseq-containerv1.1.4.IHECRE00003686.3.17631993-4bed-42bb-94e8-db02b030412c.fc.signal	0.148919	0.0530916	0.171529	0.202908	0.0917161	0.175961	0.134865	0.342597	0.533942	0.363961	0.166195	0.306501	0.484269	0.299497	0.125267	0.347268	0.262385	0.0595118	0.14629	0.049255	0.05124	0.0809963	0.297979	0.363861	0.320424	0.381161	0.468019	0.50709	0.400444	0.24287	0.155098	0.425791	0.527391	0.327552	0.400375	0.381974
ihec.chipseq.ihec-chipseq-containerv1.1.4.IHECRE00000980.8.b168494f-d47a-403c-8246-740897ab3321.fc.signal	3.2032	2.53587	2.76855	2.94016	1.41233	2.25254	2.64353	4.45101	3.7297	4.66757	3.11185	3.43475	2.47249	1.95344	1.42222	3.87583	2.53318	2.92217	2.12906	2.12362	2.14159	3.90411	2.33173	0.889479	1.34158	1.43339	1.6978	1.3685	1.82206	3.0619	2.25876	0.646055	1.77552	2.3576	3.76795	0.300725
ihec.chipseq.ihec-chipseq-containerv1.1.4.IHECRE00004615.1.cf454773-02e8-4ae6-8d9d-05793e9b3346.fc.signal	0.546349	0.39323	0.707412	0.716073	0.517058	0.501457	0.606122	0.801103	0.395049	1.1127	0.698111	0.760356	0.362288	0.194681	0.439771	0.670081	0.667796	0.521301	0.34203	1.11303	1.07102	0.419846	0.38353	1.09828	0.743542	0.776202	0.758466	0.682697	0.912279	0.919796	0.32333	0	0.464761	0.452931	0.752931	0.48954
ihec.chipseq.ihec-chipseq-containerv1.1.4.IHECRE00001011.4.8f80b5ae-2ed4-49bd-9661-ee91c91c6668.fc.signal	1.77817	1.4615	1.62923	0.866775	0.934882	2.28523	1.83375	2.60217	2.97509	1.98272	1.66848	1.11048	1.01925	1.10882	1.4616	2.17533	2.28381	1.67752	1.7952	1.52418	1.3632	2.43204	1.56515	0.567911	0.83404	0.645875	0.759284	0.842118	0.752389	0.892001	0.698036	0.721477	0.923752	1.01236	0.87388	0.62201
ihec.chipseq.ihec-chipseq-containerv1.1.4.IHECRE00001891.4.58c4ce3b-b697-4bca-9ab1-5a18cc61f42e.fc.signal	0.496117	0.330275	0.297669	0.595803	0.624367	0.611633	0.552815	0.733521	0.431279	0.420941	1.3125	0.635618	1.4706	1.57204	1.11708	0.496216	0.855	1.1991	0.663042	0.962367	0.375797	0.395122	0.801438	0.983169	0.268214	0.342206	1.6736	2.38842	0.891612	0.926732	1.47305	0	0.0808479	1.02661	0.140007	0.417143
ihec.chipseq.ihec-chipseq-containerv1.1.4.IHECRE00003715.2.d19dd174-314a-4acb-be96-200f2ac615ac.fc.signal	3.51108	4.49779	5.58006	4.09559	3.33188	3.86805	4.12178	5.15913	4.14686	3.18713	5.11338	6.52449	4.29943	3.03733	3.68773	4.60474	3.80691	5.13351	5.30563	3.5819	3.68607	4.86934	4.03387	3.9262	4.02094	2.2184	1.80465	1.52431	1.28378	2.67124	1.91618	2.12317	3.34338	4.25597	3.47798	0.30303
ihec.chipseq.ihec-chipseq-containerv1.1.4.IHECRE00000957.7.43e107f7-e0f6-47a5-a7b8-13ab80c11387.fc.signal	1.41909	1.78674	1.92959	1.51424	1.22547	3.13974	2.13644	3.95771	2.58951	2.05627	2.96299	2.12475	1.6914	1.53545	1.06934	0.684727	1.50617	1.44126	2.30542	1.3473	1.31283	2.58742	2.13314	1.86295	0.671715	0.867812	2.07711	1.68869	1.33465	2.20381	0.96826	0.37181	0.352394	0.886625	1.23391	0.359184
ihec.chipseq.ihec-chipseq-containerv1.1.4.IHECRE00000987.6.29b8d050-beec-45b5-afda-a75534d88bfc.fc.signal	3.22718	1.87275	2.09324	2.09038	0.956437	1.38884	2.46181	2.95908	2.24524	2.40596	1.48332	2.2851	4.13726	2.66784	2.65896	1.56989	1.49439	2.61971	1.72074	1.38802	1.78969	3.16136	3.02962	1.57397	1.00512	0.983624	1.62255	0.692924	0.505708	0.145454	1.03252	0.562982	0.193201	2.27085	4.68265	0.647287
ihec.chipseq.ihec-chipseq-containerv1.1.4.IHECRE00001005.4.95f53ebc-36d6-4d56-97fe-845639d80b60.fc.signal	1.86689	1.84405	2.36167	1.48533	0.622722	2.10767	1.46522	1.51736	2.804	2.26953	1.58709	1.84131	1.11837	0.811468	1.46778	1.98958	2.4607	1.95156	2.39517	2.06159	0.625875	2.55795	2.05055	1.06846	0.95616	0.654603	0.975279	1.28511	0.702108	1.34991	0.978648	0.761459	0.865272	1.13169	1.68167	0.726852
ihec.chipseq.ihec-chipseq-containerv1.1.4.IHECRE00000227.3.3c5cc6dc-a3c4-4ffa-bcf6-9a6cbcb9395f.fc.signal	0.864984	0.584172	0.622113	0.505025	0.45472	0.805722	0.672083	0.554423	0.617557	0.69281	0.522493	0.5008	0.557056	0.742897	0.917583	0.789418	0.539754	0.748077	1.03579	0.562852	0.522321	0.859845	0.88703	0.463614	0.554927	0.460303	0.328791	0.383503	0.346659	0.551923	0.859004	0.540854	0.303084	0.37072	0.473589	0.525105
ihec.chipseq.ihec-chipseq-containerv1.1.4.IHECRE00003660.4.ccafd7f0-6a4c-4b4d-bd48-59c73047b9a9.fc.signal	4.07933	3.02704	3.4461	2.93733	1.74121	3.7826	3.81538	3.12236	3.93734	3.81761	3.51545	3.20672	2.22957	2.22246	2.86156	4.55998	4.6497	3.43677	4.25408	2.59043	2.06377	5.42956	3.80992	1.32942	0.913752	1.62534	2.44444	2.37506	1.12622	1.71288	0.727846	1.3037	1.28405	2.96255	3.39574	0.412008
ihec.chipseq.ihec-chipseq-containerv1.1.4.IHECRE00003847.4.6b7b5a08-0745-4f51-b02b-128b90e0a540.fc.signal	1.32098	0.887732	1.41681	0.814	0.414401	1.40616	1.47756	2.85839	2.56657	2.2619	2.71349	1.9676	0.980337	0.669884	1.20813	0.878389	0.859448	0.86647	0.943189	0.948527	0.66517	0.395213	0.581338	0.723343	0.96228	1.8519	0.84407	1.32006	1.59331	1.29952	1.02642	1.44547	1.65484	0.792634	0.439574	0.379965
ihec.chipseq.ihec-chipseq-containerv1.1.4.IHECRE00003846.4.ae11d2f2-b315-4883-b4de-1c58d8435b6e.fc.signal	0.290978	0.799743	0.905113	0.617633	0.525661	1.26241	0.702503	1.378	1.29064	1.06622	0.242285	0.488272	0.87433	1.41951	0.863775	0.481897	0.922506	1.28435	1.38785	1.28568	0.190876	0.331066	0.491052	1.06931	1.1589	2.33995	3.06745	1.68682	2.25133	1.58193	0.4062	0.665255	0.482093	0.487834	0.61446	0
ihec.chipseq.ihec-chipseq-containerv1.1.4.IHECRE00000239.3.8ce1f18a-d03e-4c19-95a1-c9c301ff06b5.fc.signal	1.96702	2.31655	1.85482	0.730903	0.298009	1.24258	2.09199	2.16845	1.9395	1.64503	1.57965	1.27327	0.982948	1.06036	1.09862	1.13728	1.34607	1.64134	1.87986	1.72564	1.28752	1.04288	0.980633	1.41617	1.33104	0.81706	1.05971	0.83633	0.525164	1.00862	0.842764	0.624492	1.18084	1.23337	1.00078	0.344408
ihec.chipseq.ihec-chipseq-containerv1.1.4.IHECRE00003825.5.3a6727af-55d3-46f1-8dd6-a5257de4af2e.fc.signal	2.28825	1.16289	1.22824	0.578749	0.374045	2.36756	2.34722	2.06263	1.18067	1.26253	1.58194	1.45549	0.463523	0.735466	1.20896	0.588702	1.00213	1.45837	1.59066	1.80825	0.733081	0.906741	1.10183	1.39428	1.82738	1.51529	1.26335	1.64657	1.30729	2.15877	1.99349	2.29787	1.0092	1.3961	1.96789	0.431911
ihec.chipseq.ihec-chipseq-containerv1.1.4.IHECRE00003811.1.c1524f24-74eb-4d09-9bfc-c896eff5d9f6.fc.signal	11.1795	12.9429	12.6708	11.8012	10.1973	10.1556	10.0875	14.1748	12.2418	11.8201	12.8597	11.2746	10.9069	10.2316	9.2211	8.88166	9.35019	8.5895	8.37636	7.84504	6.4271	7.22199	5.85954	2.60432	1.99226	1.39692	1.98074	1.25922	0.961435	0.776111	0.504698	0.168063	0.199721	0.192174	0.68903	0.715116
ihec.chipseq.ihec-chipseq-containerv1.1.4.IHECRE00003827.1.1e656a87-cd07-462f-be4b-e2fe6e07063d.fc.signal	1.31436	0.808668	1.8074	1.06736	0.24921	0.894532	1.34835	1.07621	0.68492	0.710701	0.952996	0.619996	0.406711	0.480054	1.01786	0.949138	1.24219	0.902587	0.896105	0.78602	0.662695	0.650186	0.66133	0.617145	0.809483	1.21314	1.21955	1.53226	2.313	1.2243	1.39523	1.20944	1.02709	0.659168	1.06263	0.250186
ihec.chipseq.ihec-chipseq-containerv1.1.4.IHECRE00000297.2.fdeb937b-d372-4c32-8fbc-64b953a4f70d.fc.signal	7.29618	6.85905	5.93638	5.9073	8.65738	8.62159	4.45708	5.43154	8.3287	11.4884	6.39294	8.78352	5.98588	3.21147	5.39859	3.28624	4.43812	4.60916	3.2105	5.97447	6.11081	8.70148	6.7304	2.63294	1.92581	2.48102	3.31619	1.91803	1.48876	2.67048	2.77403	1.38014	0.886415	5.3459	6.32561	0.500698
ihec.chipseq.ihec-chipseq-containerv1.1.4.IHECRE00003402.2.311adcba-a6cb-4a75-a81b-eae38fc76e1e.fc.signal	0.806158	1.08629	1.23382	0.108718	0	0	0.369302	0.518481	1.27723	0.893614	0.710045	0.129535	0.353852	1.19889	0.926305	0.389403	0.943781	0.974742	0.468018	0.0151371	1.40768	0.609256	0.901987	0.265263	1.19122	1.34377	0.064274	0.139508	0.862153	0.664557	1.08452	0.548244	0.719265	1.03984	1.14778	0.640553
ihec.chipseq.ihec-chipseq-containerv1.1.4.IHECRE00001007.4.0c298cd2-cf14-4428-9865-01a844349556.fc.signal	1.96959	1.90864	2.12323	1.42513	1.55241	1.72779	2.07131	3.22347	2.81042	2.62148	2.01571	2.59243	1.71766	1.63298	2.34921	2.57424	2.74773	3.18857	2.42097	1.87096	1.77507	4.67782	2.64983	0.730114	1.32665	1.43406	2.18987	2.2716	1.92306	1.35392	1.12135	1.39876	1.21701	2.6366	3.36381	0.440559
ihec.chipseq.ihec-chipseq-containerv1.1.4.IHECRE00001901.1.d45a4b8e-b4ad-4615-86f1-8880954ce942.fc.signal	8.4659	6.45466	7.40525	6.99085	8.36224	9.39487	11.6685	12.1987	12.1162	10.6353	9.99329	8.65082	7.68526	9.22993	10.1504	8.68066	7.8364	6.8174	7.81809	6.11905	5.62543	6.08873	5.14532	1.94332	0.884729	1.03023	0.358578	0.955194	0.842104	0.77366	0.753193	0.354246	0.558992	0.829555	1.15286	0.316547
ihec.chipseq.ihec-chipseq-containerv1.1.4.IHECRE00000235.3.aaf97294-2366-43c8-9d83-3dd7259e070e.fc.signal	0.992837	1.10807	0.637816	0.120175	0.311484	1.16751	1.579	1.91384	1.83997	1.25608	1.54836	1.73842	1.31106	0.842475	0.948264	1.08618	1.06255	0.974765	1.14621	0.865223	0.513771	0.895583	1.2989	1.25657	0.817191	0.552184	1.12163	1.01534	0.671009	0.808493	0.739485	0.431573	0.773329	1.26488	1.42775	0.59887
ihec.chipseq.ihec-chipseq-containerv1.1.4.IHECRE00003826.4.f503b9d8-64c9-4c5c-b95d-a4926bc8e587.fc.signal	27.1759	18.779	24.8059	15.2215	6.24399	24.5287	25.4414	33.4301	28.8346	20.9996	13.9218	12.2378	15.7996	19.6815	26.0746	20.9542	32.8511	26.5638	29.2058	20.9345	10.1363	24.4737	23.0612	10.4816	9.0612	2.52194	19.8529	8.76593	0.747882	6.85607	8.97231	17.1416	22.2957	17.9237	24.6661	0.427308
ihec.chipseq.ihec-chipseq-containerv1.1.4.IHECRE00003814.1.69bb961e-8a87-48cd-a441-045b27001aeb.fc.signal	6.54548	6.46299	5.48716	6.96949	5.07753	5.07121	8.93323	9.32629	9.51821	6.90997	8.44346	7.31761	7.27417	7.83782	10.4604	6.6081	8.83202	8.79817	7.43658	7.2709	5.99708	5.57467	2.86647	2.35869	2.07156	1.37029	2.3242	0.424226	0.921602	0.812138	0.261205	0.34084	0.273839	0.529707	1.03202	0.529412
ihec.chipseq.ihec-chipseq-containerv1.1.4.IHECRE00001379.1.7d4e5854-5230-4df2-bc46-1fc026016238.fc.signal	7.32564	8.81858	7.80247	6.46575	6.91423	10.2412	11.4318	12.3877	13.6046	14.5605	8.14256	7.62998	7.72821	5.13859	4.51577	3.19927	2.42062	4.47925	5.42496	5.26412	3.7792	7.93422	5.68179	3.80512	1.98115	1.68888	1.86815	1.52756	1.43881	1.26796	1.84227	1.30318	1.1403	2.78886	1.96405	0.279661
ihec.chipseq.ihec-chipseq-containerv1.1.4.IHECRE00000316.2.b4d4bcf0-a916-4308-9d7a-be69b7080f7f.fc.signal	4.35679	4.76101	6.1207	10.2456	6.49736	5.90259	8.72929	10.0299	11.8505	10.5198	5.59339	5.15376	6.54884	3.29237	6.87764	9.11836	8.68492	7.42107	5.06784	8.73713	5.5964	9.00481	9.54762	4.75746	1.54392	1.70498	5.69447	5.1059	3.35657	2.50293	3.62608	1.16284	1.08259	4.3256	2.24995	0.278261
ihec.chipseq.ihec-chipseq-containerv1.1.4.IHECRE00000868.3.0d69236f-5b3f-4881-9a86-232f49ff0789.fc.signal	1.13497	1.41612	1.24539	1.36609	0	0.624732	2.21384	2.24069	1.84922	0.645571	0.697598	0.864269	1.17251	0.745507	0.96632	0.705942	0.645545	0.970531	0.572639	1.74589	1.57755	2.46151	0.999684	1.03294	0.953821	0.80178	1.11208	1.73678	1.94336	1.15375	1.21829	1.13291	1.11212	2.24073	1.43411	0.486239
ihec.chipseq.ihec-chipseq-containerv1.1.4.IHECRE00000147.3.23a32481-9876-4715-ad0f-313308ce5df2.fc.signal	1.52876	2.67729	1.93697	1.22818	0.501712	2.5868	3.89594	2.756	3.15769	5.18014	1.76078	1.30688	0.668466	0.53044	1.12855	1.52092	1.92064	2.06901	2.67529	3.88274	2.017	0.806608	1.92219	3.43367	1.13652	1.38959	1.84437	2.35004	1.72992	4.16385	4.41974	0.76674	0.57225	3.42568	5.5118	0.571429
ihec.chipseq.ihec-chipseq-containerv1.1.4.IHECRE00001921.1.da848ea8-5f53-41fe-9d26-01e6bed31a73.fc.signal	0.315386	0.84379	0.760937	0.552043	0.554569	0.831896	1.03047	0.861737	0.642249	0.948422	1.04234	0.554165	1.13474	1.03038	0.44608	0.209267	0.345738	0.0797693	0.0672948	0.324739	0.20977	0.636093	0.524384	0.443523	0.327716	0.0204405	0.0982007	0.385099	0.377641	0.252548	0.241267	0.150408	0.065917	0.286888	0.311064	0.337748
ihec.chipseq.ihec-chipseq-containerv1.1.4.IHECRE00003730.1.c3324cfc-4c0b-4882-aacb-51bd02695154.fc.signal	2.02933	1.56403	1.7078	3.12535	0.852219	2.37792	1.74622	0.165805	0.633866	0.618826	0.245055	0.448486	1.05876	0.729417	0.526442	3.12526	0.535341	1.57386	1.03855	0.691773	1.94604	3.23569	2.44586	0.653928	0.144374	1.34673	0.631437	1.40126	1.30338	1.95316	2.30893	0.673046	0.577492	0.82529	0.554745	0.503356
ihec.chipseq.ihec-chipseq-containerv1.1.4.IHECRE00003401.1.ab8d152a-fa3d-4bf9-9cab-93176cf303af.fc.signal	1.44143	1.93563	3.00639	0	1.27742	3.48313	0.869489	1.73897	3.17401	2.57811	2.04116	2.70186	0.763981	2.20964	0.926339	0.668686	1.0674	0.168859	1.92882	3.26037	2.91205	3.00182	1.64053	3.20542	0.446203	1.04329	0.924707	1.92745	1.73661	3.3152	2.31999	0.768843	0.391286	0.226534	0.444643	0.446215
ihec.chipseq.ihec-chipseq-containerv1.1.4.IHECRE00004900.1.21a553ba-0627-43d2-9045-d7e885ce5199.fc.signal	2.33645	2.21444	1.93139	1.33497	0.117373	2.68688	3.59103	2.81738	3.20814	3.69412	3.92665	2.92132	2.13663	2.32919	2.77267	1.818	2.77128	4.95005	4.43788	1.99098	1.18336	1.93772	2.24586	1.99691	2.88246	1.03319	1.96376	1.62972	1.16722	1.67778	1.54606	1.40777	1.84151	3.48906	2.22105	0.359748
ihec.chipseq.ihec-chipseq-containerv1.1.4.IHECRE00003803.1.cbcfbcdb-4d41-42fe-a44e-156c7af5f576.fc.signal	1.00376	2.56761	1.27703	1.94091	1.39796	3.07362	2.14928	5.1067	5.94816	6.05833	3.97698	1.04664	0.371828	2.84885	1.76598	1.61755	2.26702	3.87563	1.2	0.301953	3.88388	3.8419	1.93235	2.61478	1.32312	2.88235	1.29079	1.78288	3.49648	0.571513	0.731891	0	0	1.03054	2.21268	0.621711
ihec.chipseq.ihec-chipseq-containerv1.1.4.IHECRE00003818.1.f4551532-527f-469b-8771-a060adbc4ccb.fc.signal	2.43935	3.2135	1.03081	1.36449	1.35313	1.56564	1.71826	4.86247	5.15554	4.08207	2.15742	1.95766	2.82406	3.61991	3.12146	4.90137	2.93012	2.74837	3.95549	4.2767	2.06536	2.54112	2.78604	1.67432	0.863549	0.773448	1.97256	2.48517	2.09622	2.03229	2.1124	0.62622	0.126547	2.0542	2.41721	0.735
ihec.chipseq.ihec-chipseq-containerv1.1.4.IHECRE00003804.1.0a06c7a0-8757-4a5c-aa19-6550a37855f3.fc.signal	7.86054	7.1912	4.10928	4.6733	5.72353	8.24492	8.85103	8.53626	7.03131	8.46899	6.43306	5.31284	4.84961	3.63895	7.34094	7.73199	7.44186	7.56796	5.12941	5.9769	5.31784	5.8303	5.41063	3.22455	1.46976	1.12509	0.916611	0.687307	0.821038	0.99611	0.577989	0.460042	0.489297	0.900999	0.551755	0.657343
ihec.chipseq.ihec-chipseq-containerv1.1.4.IHECRE00001526.1.550205ac-8a7f-4b71-8ea4-36643fa7f2d7.fc.signal	14.6811	17.5434	11.8941	10.1576	17.3759	21.8344	18.2915	16.8025	17.5335	19.7357	17.3242	16.5507	14.686	9.96638	12.0823	11.7759	15.8708	11.7071	13.0201	12.3927	13.4322	14.5431	13.4741	7.46617	4.79597	3.18445	4.00504	1.96173	1.86854	3.14542	2.55728	2.12043	2.92144	7.86768	10.5389	0.46732
ihec.chipseq.ihec-chipseq-containerv1.1.4.IHECRE00003676.3.fa45989e-2fad-4f13-b899-3405cf3f81a7.fc.signal	0.702283	0.452979	0.504133	0.322158	0.413656	0.248397	1.21934	0.429009	0.411621	0.264458	0.254928	0.225784	0	0.0295122	0.58429	1.26538	0.7424	0.225985	0.62713	1.25415	0.542304	0.0431768	0.198289	0.378471	0.314201	1.35896	1.73357	0.532225	0.577888	0.778896	0.699092	0.745809	0.859162	0.42289	0.620312	0.700704
ihec.chipseq.ihec-chipseq-containerv1.1.4.IHECRE00001012.4.5c8bdd5b-6d3c-4993-a4d6-e582a59f7d7d.fc.signal	1.0362	0.875953	0.568978	0.575826	0.632892	1.48671	1.22373	1.09141	1.75371	1.66578	1.97568	1.52279	1.03291	0.955621	0.893109	1.83038	1.95809	1.3832	1.53632	1.51199	1.19747	1.73085	1.14947	0.782569	0.781966	0.288943	1.03732	1.06169	0.822613	0.696928	0.765541	0.888029	0.661117	1.15207	0.910858	0.715054
ihec.chipseq.ihec-chipseq-containerv1.1.4.IHECRE00003821.3.51d4846d-06bc-4866-a76b-054529993101.fc.signal	0.155049	0.594826	0.240321	0.0218573	0	0.128982	0.283892	0.160423	0.0284814	0.199076	0.0113117	0.11437	0.28325	0.487791	0.388025	0.408268	0.237465	0.287886	0.165701	0.248635	0.245934	0.0552229	0	0.0684084	0.330371	0.462369	0.477116	0.261923	0.196772	0.257084	0	0.256077	0.529557	0.426375	0.532086	0.44958
ihec.chipseq.ihec-chipseq-containerv1.1.4.IHECRE00001233.5.fc2e2a67-89eb-4b79-90d9-0a29fc9855be.fc.signal	1.50937	1.31701	1.66737	1.89508	0.875979	1.58366	2.31995	2.02797	2.37448	1.87425	2.10239	1.29542	1.54996	1.87293	1.33289	2.34783	2.62159	1.63602	1.91049	2.07329	1.45387	2.69493	1.08616	0.554604	0.957779	0.554333	1.08096	0.927912	0.698287	0.604898	0.421619	1.66725	0.727504	1.74355	1.2803	0.819672
ihec.chipseq.ihec-chipseq-containerv1.1.4.IHECRE00001954.2.f69d543f-4e4e-4fd7-9774-7bd28fcc565d.fc.signal	4.29419	3.81681	1.85574	1.23614	1.51827	2.67215	2.52301	3.26177	4.16975	4.12774	2.35696	2.72058	1.39219	1.96875	2.8751	3.23717	3.82065	3.31174	3.38862	2.40001	0.972458	1.9649	1.89879	1.20308	1.42294	1.20044	1.33858	0.728967	1.32111	2.68982	3.14598	2.55453	2.48534	1.81733	2.67969	0.416974
ihec.chipseq.ihec-chipseq-containerv1.1.4.IHECRE00000142.3.3e42cce2-67d7-4eef-b1a6-edb5e23eb51a.fc.signal	6.99502	9.52143	9.51403	4.91659	2.82426	4.46307	9.30768	10.8924	10.1019	8.01644	8.0291	5.11094	5.00821	5.57406	6.47992	7.54436	4.29029	5.60965	5.87636	6.07792	6.67066	8.00955	8.35748	4.71502	3.54888	4.25136	3.69072	3.5117	4.91242	5.01652	5.41434	1.81402	2.39301	3.90602	6.38051	0.207207
ihec.chipseq.ihec-chipseq-containerv1.1.4.IHECRE00001458.1.4d3ac697-5cb9-4af3-b417-68c0dbb6d214.fc.signal	5.55042	3.69676	6.32346	6.89346	8.74297	8.60146	9.99196	10.0006	6.59992	4.6112	6.45373	4.87208	3.6974	2.81908	2.59202	3.69794	4.72701	4.80485	5.3179	5.73542	4.21752	8.32194	5.61161	2.83055	0.786855	1.59071	1.25505	0.839254	1.952	3.10256	2.54428	1.23029	1.28786	2.35566	5.01779	0.383871
ihec.chipseq.ihec-chipseq-containerv1.1.4.IHECRE00003816.1.0deee6d5-e373-405d-893f-0c3ca80f3c2d.fc.signal	2.05394	2.02507	1.71729	0.339428	0.875671	2.53491	2.57072	1.93208	1.83402	2.11594	1.85347	1.14806	1.23053	1.09318	2.03135	1.86816	1.88527	1.9894	1.71569	0.769345	1.18326	2.04904	2.29686	1.42276	0.965699	0.932477	1.33773	1.35591	1.1683	0.782579	0.958172	0.609418	0.391109	1.30531	1.60154	0
