	chr4:8596953-8597102	chr4:8597103-8597252	chr4:8597253-8597402	chr4:8597403-8597552	chr4:8597553-8597702	chr4:8597703-8597852	chr4:8597853-8598002	chr4:8598003-8598152	chr4:8598153-8598302	chr4:8598303-8598452	chr4:8598453-8598602	chr4:8598603-8598752	chr4:8598753-8598902	chr4:8598903-8599052	chr4:8599053-8599202	chr4:8599203-8599352	chr4:8599353-8599502	chr4:8599503-8599652	chr4:8599653-8599802	chr4:8599803-8599952	chr4:8599953-8600052	chr4:8600053-8600102	chr4:8600103-8600172	chr4:8600173-8600252	chr4:8600253-8600402	chr4:8600403-8600552	chr4:8600553-8600702	chr4:8600703-8600852	chr4:8600853-8601002	chr4:8601003-8601152	chr4:8601153-8601302	chr4:8601303-8601452	chr4:8601453-8601602	chr4:8601603-8601752	chr4:8601753-8601902	chr4:8601903-8601985	Expression
ihec.chipseq.ihec-chipseq-containerv1.1.4.IHECRE00000222.3.123ef280-d4ea-4ca0-978c-a10942825cc4.fc.signal	0.951687	1.1898	0.924416	1.24838	1.9404	1.47611	0.847092	1.00461	1.00892	1.28443	1.14081	0.736814	0.988131	1.07374	0.892373	0.890325	1.14017	1.90708	2.14148	1.57866	0.843083	0.382872	0.461819	0.786221	1.9948	1.97082	2.09269	2.83186	3.45009	3.84851	3.25006	2.71984	2.58379	2.11306	1.56818	1.36127	0.523529
ihec.chipseq.ihec-chipseq-containerv1.1.4.IHECRE00001030.7.80d11420-fb58-4105-8d0b-26addcc06923.fc.signal	1.2252	0.964687	0.20814	2.35209	1.2946	2.03199	0.780185	1.11392	0.705733	0.130242	1.60436	1.79341	0.844099	2.0479	1.0793	0.183727	0.261101	0.27421	0.799057	0.454794	0.421788	0	0.108984	0.85029	0.618223	1.98248	2.02048	1.30015	0.606825	1.46804	1.96465	1.44532	1.55021	2.39338	1.34758	0.333936	0
ihec.chipseq.ihec-chipseq-containerv1.1.4.IHECRE00001889.4.44df7b1b-5968-426b-8cea-e4fad8f3b32b.fc.signal	1.12957	0.693709	0.859428	1.64017	2.09419	1.60141	2.39905	4.52846	1.59575	2.39214	0.746629	0.889593	1.6412	3.24579	1.22357	1.13454	2.60344	1.74436	3.97293	2.03658	2.60973	2.0534	0.636996	0.0777753	6.07008	5.10231	3.15588	2.5467	4.56996	2.18474	5.07462	2.6618	2.54512	3.2969	2.64101	2.68633	0.392261
ihec.chipseq.ihec-chipseq-containerv1.1.4.IHECRE00000974.7.ed39a30d-e8d4-4be8-8a48-6338c0cdb04b.fc.signal	4.20909	2.55942	2.15369	5.39259	4.52005	3.89055	2.94855	3.15567	3.64363	3.56808	4.16308	3.50041	4.85206	3.3576	2.63688	4.82519	7.16721	4.23107	5.96135	7.6081	4.60755	1.35304	0.63226	2.57952	6.0826	6.53623	5.75143	8.43483	8.79612	6.14922	8.43318	7.85626	6.24123	7.20382	6.67449	4.2462	0.724932
ihec.chipseq.ihec-chipseq-containerv1.1.4.IHECRE00003685.2.5501f5e6-6354-4e9f-82a5-be852033207e.fc.signal	0.343011	0.53927	0.388572	0.0546292	0.16555	0.161687	0.16555	0.177948	0.162755	0.153965	0.227971	0.259429	0.159479	0.142923	0.0881591	0.0159125	0.0706399	0.27899	0.51419	0.303312	0.190444	0.283173	0.492044	0.789638	0.852746	0.677265	0.55978	0.232836	0.186019	0.213323	0.0422935	0.0672763	0.128393	0.138822	0.0950099	0.0897514	0.528329
ihec.chipseq.ihec-chipseq-containerv1.1.4.IHECRE00003695.3.a1a38b0a-4e6e-499f-9d4a-f9ed2dd3bf97.fc.signal	0.790653	0.776142	1.02309	1.08228	0.748542	0.65648	0.920639	0.906516	1.14296	0.5686	0.907562	1.17905	0.793414	0.666948	0.90774	0.773866	0.876313	1.29436	1.35347	0.876826	0.776003	0.64797	0.507423	0.857379	0.865315	0.708585	0.837475	1.19736	1.06606	0.223882	0.22022	0.752729	1.06344	0.671649	0.998059	1.09755	0.494128
ihec.chipseq.ihec-chipseq-containerv1.1.4.IHECRE00004681.3.b04c1667-5df4-43cb-a2ab-4a07445dc015.fc.signal	0.515039	0.63546	0.613432	0.426058	0.272484	0.61599	1.10155	1.01329	0.700445	0.598039	0.965057	1.37705	1.11582	0.765656	0.858791	0.465476	0.836913	0.775863	0.496634	0.955636	0.680792	0.560651	0.816113	0.887641	0.658962	0.946561	0.869851	0.581696	0.419827	0.530225	0.634768	0.906546	0.309876	0.448632	0.70085	0.71117	0
ihec.chipseq.ihec-chipseq-containerv1.1.4.IHECRE00001956.2.1e76f479-733a-4b6f-88c7-efe3d559775e.fc.signal	0.509095	0.690077	0.578677	0.322967	1.23664	1.00264	0.966601	1.14718	0.156118	0.976777	1.51476	2.01547	0.903987	0.250806	0.502437	0.806631	0.626362	0.552055	0.531748	1.23693	0.959822	0.33792	0.173787	0	1.00262	0.876486	1.40139	2.44458	0.929432	0.896342	0.673727	1.05622	0.798301	0.696783	0.321417	1.13044	0.3663
ihec.chipseq.ihec-chipseq-containerv1.1.4.IHECRE00004617.2.bd401bc7-9584-4daf-b6e9-896dcf3c0a4c.fc.signal	0.606012	0.716777	0.389795	0.788194	0.83221	0.847355	0.363807	0.511784	0.45981	0.512505	0.3768	0.793237	0.671305	0.367414	0.263742	0.531996	0.742509	0.75716	1.14371	0.803347	0.731945	0.703795	0.542927	0.699733	0.558706	0.360198	0.692244	0.371748	0.469918	0.825701	0.890669	0.650353	1.16058	0.529814	0.866103	0.678597	0.324324
ihec.chipseq.ihec-chipseq-containerv1.1.4.IHECRE00000238.3.8ee3bcc0-0a54-4209-87cf-967cca7d6071.fc.signal	0.0178359	0.0484036	0.00688747	0	0.0458071	0.10977	0.136448	0.0468759	0.108875	0.140123	0.152253	0.109749	0.0529686	0.0602084	0.0563391	0.00885193	0.0518949	0.0817218	0.0855506	0.0900688	0.059464	0.0530528	0.0752174	0.145533	0.131414	0.0402085	0.0366542	0.174722	0.214818	0.153612	0.145448	0.017985	0.0036772	0.0414749	0.0158351	0.0256612	0
ihec.chipseq.ihec-chipseq-containerv1.1.4.IHECRE00001958.3.1ec30665-e127-479e-9308-683342038ede.fc.signal	2.17307	3.26358	2.91742	2.31491	1.71458	2.07437	3.24813	2.73005	2.60242	3.56827	2.68606	3.45425	3.14168	1.86707	1.86762	3.21322	3.26038	3.79333	3.18178	3.55799	1.70519	1.22005	1.45814	2.22374	2.77593	2.51693	3.38937	4.72065	3.3389	2.6732	3.59007	4.67202	4.81242	4.14012	5.50788	6.23233	0.117447
ihec.chipseq.ihec-chipseq-containerv1.1.4.IHECRE00003690.3.2cafda9b-dfc1-4231-8ed9-6249d923a6a9.fc.signal	0.27698	0.700276	1.21703	0.747316	0.394588	0.687049	0.616593	0.324611	0.184135	0.232283	0.383686	0.481322	0.896131	0.720126	0.52418	0.897593	0.737541	0.560338	0.587851	0.753004	1.07107	0.855148	0.623071	0.558781	0.538581	0.941397	1.22884	0.93025	0.799766	0.667014	0.507582	0.951498	0.810372	0.627422	1.08511	1.09143	0.58744
ihec.chipseq.ihec-chipseq-containerv1.1.4.IHECRE00004728.1.12642e26-117b-4636-816e-4fbed6d5c0a2.fc.signal	1.05021	0.560761	0.469192	0.363262	0.562388	0.631977	0.757097	0.461304	0.28361	0.114444	0.268498	0.616377	0.901095	0.147685	0.276836	0.287004	1.05884	0.706105	1.01152	1.01452	0.31819	0.0045948	0.197565	1.71623	0.80274	0.366591	1.90992	1.00706	0.298271	0.18129	0.249545	0.585952	0.557393	0.756534	0.176471	0.376773	0.495665
ihec.chipseq.ihec-chipseq-containerv1.1.4.IHECRE00001952.2.58ebbf7c-ff66-46f2-b210-b717cb3c6af7.fc.signal	1.51495	1.19328	0.950075	0.836458	0.240044	0.61236	1.59611	1.68745	0.977316	1.46201	2.08209	2.13617	1.91871	0.960884	1.3811	1.27845	2.07834	1.57475	1.02956	1.42901	1.08213	0.873858	0.949039	0.666216	1.10608	1.40499	1.33886	2.16671	1.31792	0.844237	1.9142	1.3353	1.07769	1.62163	2.01921	2.41148	0.134594
ihec.chipseq.ihec-chipseq-containerv1.1.4.IHECRE00001236.5.dd479f7b-7d31-4292-a54c-bd7a49572346.fc.signal	0.710554	0.588763	0.609401	0.252471	0.612818	0.307478	0.858198	1.36151	1.18443	0.565968	1.64314	0.949424	0.85933	0.373412	0.502761	1.41236	1.29094	0.513224	0.580136	0.68676	0.407259	0.0486444	0.0629564	0.702561	1.14106	0.552303	0.684823	1.74116	0.791043	0.690946	0.836582	1.09434	1.09134	1.21386	0.630434	0.716667	0.47651
ihec.chipseq.ihec-chipseq-containerv1.1.4.IHECRE00000236.3.5cbd82b6-3f49-4678-a37b-78e82b7626ea.fc.signal	1.38105	1.24513	0.977905	0.775105	0.995938	1.17141	0.866055	0.929676	1.36753	1.28442	0.825954	0.75135	0.869737	1.01638	1.27646	1.41893	1.87495	1.94626	1.96706	1.75251	0.865176	0.542111	0.646143	0.916325	1.54458	2.03316	2.58024	3.52331	4.10298	3.48719	2.96468	2.99093	2.35675	1.48498	1.1691	1.08869	0.415112
ihec.chipseq.ihec-chipseq-containerv1.1.4.IHECRE00000983.7.28efaa97-cdc8-4335-83a3-064d42b1fd10.fc.signal	0.149144	0	1.16025	0	0	0	0.240172	0.580592	0	0	0.679348	0.469397	0	0.483389	0.314715	0	0	0	0	0.355993	0.929534	0	0	0	0	0	0	1.28383	0.124295	1.00344	1.067	0.299619	0.808909	0.630661	0.713005	0.968342	0.34188
ihec.chipseq.ihec-chipseq-containerv1.1.4.IHECRE00004888.1.02118243-425c-40d1-bfb1-ec1fb9f638e9.fc.signal	1.78518	0.75362	1.95311	1.65625	1.34842	2.29799	1.84604	1.91866	1.3196	2.38668	3.43995	1.11168	1.05629	1.45828	1.17094	1.72698	1.18443	1.48034	1.51987	1.08501	0.128106	0	0.23675	1.50889	1.52366	2.5029	2.76497	4.10965	2.29893	2.26593	2.09132	1.76662	2.46542	1.66071	3.60824	3.32575	0.433628
ihec.chipseq.ihec-chipseq-containerv1.1.4.IHECRE00001964.2.c9581d4d-c873-4911-9ee7-7d9f4821621a.fc.signal	1.2815	1.06298	1.05432	1.00229	1.34998	1.15558	0.654459	0.487249	0.965388	1.12513	0.965004	0.772968	1.82003	1.29361	0.394879	0.555017	1.10184	0.579346	0.832347	1.48005	0.924395	0.361032	0.298326	1.01041	0.947166	1.5095	1.88384	1.40462	1.53195	1.51903	0.704305	0.464145	0.926872	1.05519	1.86766	1.52936	0.146789
ihec.chipseq.ihec-chipseq-containerv1.1.4.IHECRE00001852.4.7de26b70-374a-4d7c-b754-070af0779bd1.fc.signal	0.67477	0.157558	0.0177531	0.326213	0.159778	0.952176	1.33618	0.472747	0.608183	0.821249	0.53044	0.691275	0.33094	0.219694	0.321774	0	1.11194	0.989931	0.845643	0.14554	0.672482	0.983072	0.575213	0.596705	1.75624	1.00989	1.15639	0.640447	0.388192	0.372835	0.557243	0.659033	0.0840461	0.0244105	0.319555	0	0.499135
ihec.chipseq.ihec-chipseq-containerv1.1.4.IHECRE00004884.1.e1f8eaf0-5c3e-4eb2-b864-0330dfef44b8.fc.signal	1.79991	1.87084	2.10969	2.62015	3.62458	3.27243	4.02028	4.60868	5.14465	3.64852	4.68312	4.36951	1.61205	4.72409	3.1998	2.18291	4.57301	4.76038	5.84947	5.87554	2.15492	0.948624	1.07387	1.84643	3.27435	7.85212	7.63574	4.91933	6.80725	4.55271	2.36234	5.22356	4.34824	5.05511	5.04418	4.52378	0.125817
ihec.chipseq.ihec-chipseq-containerv1.1.4.IHECRE00001335.1.c1c96665-13fc-49fb-b0cf-b02c0ce3eb01.fc.signal	3.3987	2.86189	3.00302	2.80669	4.06735	3.33489	4.31858	4.56274	3.86769	1.27185	0.861939	1.93731	1.96013	1.54615	3.04822	2.56856	4.37145	3.2945	5.92736	2.5	1.867	1.41508	0.866343	1.12087	1.50677	2.98148	5.33449	5.84276	6.88446	8.6892	9.0997	6.56612	10.1409	9.15623	6.16895	4.04139	0.486711
ihec.chipseq.ihec-chipseq-containerv1.1.4.IHECRE00000228.3.eab68876-e57f-4e6d-b66b-00c271b4eee3.fc.signal	1.17669	1.40401	1.08097	1.05766	1.61021	1.15979	1.29668	1.93467	1.19596	0.559466	0.537372	0.818605	0.834497	0.800218	0.908882	0.986033	0.98844	1.32354	1.12672	0.955492	0.918296	0.649785	0.625917	0.880085	1.53556	1.65306	1.5762	1.19219	1.55468	1.56678	1.41947	1.72823	1.52642	1.65177	1.40167	1.18577	0.400344
ihec.chipseq.ihec-chipseq-containerv1.1.4.IHECRE00004608.1.932e0a0c-709e-4631-95af-583a27cb7950.fc.signal	0.136035	0.280094	0.654261	1.55847	0.816098	0.72	0.399783	0.163082	1.05254	0.464628	0.500198	0.479945	0.583135	1.04031	1.68726	0.959939	1.02515	1.38458	1.80766	0.779651	0.70241	0.476274	0.571064	1.90095	0.89507	1.62457	1.73384	1.38865	0.756132	0.860451	1.40154	0.603646	0.4865	0.0318297	0.730184	1.56671	0.310829
ihec.chipseq.ihec-chipseq-containerv1.1.4.IHECRE00003683.3.73c26a8d-02d6-4ea5-b361-6e62367bb307.fc.signal	0.301812	0.259659	0.271796	0.147304	0.115464	0.167349	0.309253	0.337951	0.267569	0.103253	0	0	0	0.0748587	0.177447	0.149926	0.0564647	0.132364	0.398602	0.734157	0.744059	0.625463	0.767011	0.946298	0.692028	0.498423	0.24406	0.438251	0.460912	0.339387	0.183595	0.135541	0.258469	0.141836	0.223077	0.467777	0.541636
ihec.chipseq.ihec-chipseq-containerv1.1.4.IHECRE00001235.5.aea2aa2c-6af2-475c-9bb0-3fdc6d0339b3.fc.signal	1.17146	0.883989	0.56743	1.41354	2.10011	1.53356	1.38358	2.04256	0.983977	1.13188	1.68773	0.937621	0.465194	0.813931	0.845349	1.51604	1.80735	1.5218	1.90103	1.8937	1.17193	0.309048	0.286936	1.68712	2.49661	3.82041	2.8766	1.9376	1.55418	2.72351	2.63345	2.87604	2.92436	2.03537	2.44062	2.60256	0.430206
ihec.chipseq.ihec-chipseq-containerv1.1.4.IHECRE00001854.4.36abf718-9256-42a8-9dd6-975bef0637c8.fc.signal	1.04053	0.551817	0.726941	0.423843	1.08651	0.65012	0.245549	0.74368	0.518863	0.177276	0.399973	0.199192	0.540728	0.353624	0.235295	0.337343	0.281803	0.572794	0.172828	0.195968	0.643007	0.578777	0.44976	0.927045	0.985311	0.471791	0.430372	0.528893	0.869385	1.68157	1.58277	0.742751	0.962064	0.765917	0.738141	0.131136	0.638944
ihec.chipseq.ihec-chipseq-containerv1.1.4.IHECRE00000233.3.d999326f-0bb9-43a3-80f2-21bc2de5bd70.fc.signal	1.16812	1.04435	0.706833	0.909686	1.05022	1.26949	1.65744	1.70294	1.44849	1.24143	1.37631	1.07669	0.537436	0.637718	0.720884	0.704597	0.613182	0.599028	0.689903	0.751993	0.48183	0.368245	0.321168	0.633027	1.56279	1.89836	1.35106	1.45681	1.37251	1.16993	2.01157	1.86315	1.71873	1.87589	1.83451	1.6937	0.514043
ihec.chipseq.ihec-chipseq-containerv1.1.4.IHECRE00001039.6.92d75341-e28f-4aef-b49f-71fb4ab25e3c.fc.signal	2.34292	3.90406	2.80707	0.747483	0	1.33129	2.50651	1.40512	1.83277	2.42572	1.67935	3.83803	4.31564	2.52242	1.71059	1.68543	1.28294	5.64923	5.54053	3.32016	2.57666	1.0781	0.423539	0.483378	2.61934	3.03944	2.16138	1.5309	0.510301	1.99089	2.70603	2.18495	1.73574	1.26856	1.27935	1.90291	0.427673
ihec.chipseq.ihec-chipseq-containerv1.1.4.IHECRE00000969.7.cad1b677-714d-4048-b83a-e43043dafcdb.fc.signal	0.129722	0.0968462	0.282986	1.01927	1.17028	0.794022	0.740228	0.309671	0.320005	0.117466	0.741164	1.03301	0.853367	0.769762	1.02212	1.3442	0.710319	0.747726	0.396635	0.209805	0.391605	0.249414	0.0660467	0	0.149495	0.5889	0.535618	0.349596	0.685106	1.11555	1.23775	0.62776	1.23076	1.67811	1.40874	0.679911	0.056962
ihec.chipseq.ihec-chipseq-containerv1.1.4.IHECRE00003684.3.bc7bca89-1cba-4915-bcc7-e8d2a2d115f4.fc.signal	0.270274	0.328977	0.178427	0.226393	0.35092	0.386307	1.19119	0.430756	0.265191	0.235073	0.312308	0.561429	0.662905	0.311601	0.674783	0.291391	0.516041	0.790724	0.77136	0.78528	1.72229	1.09084	0.421589	0.917738	0.851558	0.568838	0.739428	1.48028	0.599354	0.250525	0.417282	0.399927	1.3559	0.996158	0.651577	0.350417	0.432688
ihec.chipseq.ihec-chipseq-containerv1.1.4.IHECRE00003696.3.ffcc32fa-05fb-403b-ada6-3d600e152e76.fc.signal	1.07527	1.02144	0.896095	1.26961	0.825313	0.9198	1.3011	1.03683	1.20405	0.852436	1.00301	0.826469	1.3067	1.07093	1.01176	1.53794	1.40219	1.52017	1.89423	2.181	2.339	1.02342	0.798191	2.47697	1.69411	0.892635	0.934622	0.912157	1.03958	0.516615	0.566512	0.581664	0.972436	1.18029	1.11472	1.32155	0.560239
ihec.chipseq.ihec-chipseq-containerv1.1.4.IHECRE00001008.4.6b4448d0-5f4c-4811-8e37-23e51bce62f5.fc.signal	0.538518	1.34645	0.540936	0.881019	1.31259	1.1053	0.441507	0.872072	0.45149	0.844465	0.528237	0.306972	0.573664	0.0482966	0.374248	0.412561	0.855777	0.353943	1.11253	0.246536	0.0256794	0	0	0.180452	0.776814	0.260472	0.123639	1.02127	1.35606	1.45476	1.06505	1.06089	0.623754	0.668455	0.20732	0.418845	0.226415
ihec.chipseq.ihec-chipseq-containerv1.1.4.IHECRE00001234.5.7911b36d-fd72-410e-af85-0dad0ab68796.fc.signal	1.3609	0.959995	0.52953	1.16706	1.77574	1.88532	1.14173	0.927596	1.03262	0.962946	1.99484	0.527217	0.259855	0.410409	0.597984	1.14672	1.27571	0.171944	0.78422	0.185673	0.297206	0.0859556	0.210367	1.21198	2.35157	0.508164	0.531695	1.27542	1.62569	1.67337	1.11957	1.50514	0.644518	0.686215	1.07799	0.790859	0.158621
ihec.chipseq.ihec-chipseq-containerv1.1.4.IHECRE00004604.3.ac9c59ba-752b-4ad7-b659-fe5b8abc0ae0.fc.signal	0.44012	0.279463	0.570458	0.17508	0.249412	0.53209	1.00923	0.761873	0.521178	0.637792	0.27426	0.578879	0.26064	0.381853	0.284026	0.0765505	0.44955	1.24808	1.42662	0.579766	1.037	1.18628	1.14616	1.01174	0.458771	0.419831	1.58797	0.653218	0.940096	0.596598	0.325127	0.680291	0.673375	1.0987	0.482386	0.809	0.565657
ihec.chipseq.ihec-chipseq-containerv1.1.4.IHECRE00000221.3.05a353b1-f31c-4062-a970-e6b8e8cfe9a3.fc.signal	0.413383	0.468922	0.11191	0.138781	0.31407	0.186916	0.592456	0.545018	0.0440534	0.189121	0.173228	0.101308	0.329588	0.45277	0.465627	0.298486	0.260473	0.211024	0.14745	0.0355131	0	0	0	0.0204963	0.260874	0.433765	0.252609	0.212018	0.11818	0.201663	0.306763	0.594141	0.167063	0.459578	0.626587	0.31741	0.465278
ihec.chipseq.ihec-chipseq-containerv1.1.4.IHECRE00000230.3.248f1915-9924-44db-a3f5-cd90c9f34342.fc.signal	0.756293	0.82799	0.569421	0.702132	1.28872	0.602501	0.922999	0.924593	0.86531	1.15043	1.23898	1.29708	1.06598	1.53015	1.31877	0.649545	1.10127	1.48629	1.46505	1.26857	0.819724	0.531556	0.677376	0.644726	0.921178	1.02507	1.09788	1.4242	1.3974	1.12203	1.64376	1.95004	1.7103	1.20769	0.9181	0.852915	0.396296
ihec.chipseq.ihec-chipseq-containerv1.1.4.IHECRE00000943.7.8ac062ee-be78-42a9-ad2f-ffd51a54aa32.fc.signal	1.95506	1.61764	1.17168	1.92616	1.86959	0.940869	0.984304	1.80393	0.820536	1.46993	1.88451	1.93847	0.821801	1.02209	3.18636	2.25718	0.842704	0.506171	1.16139	1.21191	0.36561	0.380588	0.0969163	0.662617	0.760253	1.79716	1.29769	1.81094	0.93084	2.12394	3.31845	1.96334	0.880634	0.939405	1.90809	1.52407	0.71785
ihec.chipseq.ihec-chipseq-containerv1.1.4.IHECRE00001965.2.d0a3ffb9-3082-49ca-b6e4-071c93be50ea.fc.signal	0.971304	0.517493	0.419892	0.841756	1.18489	1.97521	2.3198	1.48245	1.21091	1.02271	1.24673	1.941	1.22425	0.861159	1.63644	2.39199	2.2048	1.09682	0.90335	0.446049	0.20494	0.358717	0.622024	0.643199	0.752177	1.31479	0.905699	0.724244	0.379503	0.78281	0.58487	0.149116	0.381045	0.53123	0.535528	0.581186	0.139028
ihec.chipseq.ihec-chipseq-containerv1.1.4.IHECRE00003691.3.cb518c97-2905-470f-ae3d-4e16b45f68a4.fc.signal	0.485774	0.557497	0.40564	0.545784	0.332109	0.840779	0.476365	0.429232	0.369284	0.14879	0.346526	0.507383	0.284692	0.633059	0.499066	0.352198	0.492071	0.232841	0.609179	0.704498	0.55213	0.403907	0.196811	0.494291	0.712512	0.424256	0.705708	0.617383	0.56293	0.0935577	0.299804	0.235046	0.664027	0.319204	0.240809	0.263031	0.376894
ihec.chipseq.ihec-chipseq-containerv1.1.4.IHECRE00001966.2.b1abd689-f97d-4cbd-88da-9a4dcf233100.fc.signal	1.65454	2.02985	1.87046	3.41481	3.11209	2.39623	1.65798	2.18739	2.77284	2.50292	2.48578	2.26982	2.06282	3.4533	2.52361	1.48703	0.821529	0.753028	0.539725	0.182816	0.376132	0.515984	0.846183	1.36033	1.3897	2.79876	3.33963	2.59729	4.13685	2.53407	3.07104	3.91153	2.42534	3.55971	2.06281	1.34594	0.474201
ihec.chipseq.ihec-chipseq-containerv1.1.4.IHECRE00000231.3.78266b2b-9a41-44a4-9745-bcbbd01d3076.fc.signal	0.342141	0.364702	0.280245	0.131915	0.338151	0.383355	0.340857	0.161275	0.11605	0.296706	0.487766	0.555939	0.269287	0.155782	0.419628	0.484444	0.400759	0.339403	0.31679	0.230241	0.106311	0.0537744	0.0851506	0.240412	0.473111	0.615641	0.501697	0.442245	0.514545	0.597878	0.468145	0.45174	0.493203	0.546864	0.578588	0.598376	0.924242
ihec.chipseq.ihec-chipseq-containerv1.1.4.IHECRE00000224.3.91059aa1-cc7c-4c6a-8c0d-23bf4bfa5cae.fc.signal	0.452607	0.204639	0.263666	0.354965	0.367208	0.230336	0.261887	0.427998	0.274736	0.107027	0.182933	0.147626	0.321062	0.228706	0.162104	0.283694	0.282598	0.351247	0.212702	0.214036	0.459576	0.427929	0.185825	0.0999995	0.123391	0.438215	0.648062	0.717681	0.683422	0.355989	0.215023	0.268987	0.380676	0.652745	0.577663	0.464074	0.290076
ihec.chipseq.ihec-chipseq-containerv1.1.4.IHECRE00004635.3.ad2e7f02-8a5b-4f8f-8fa0-495c5d602f92.fc.signal	1.22338	1.28201	0.443343	0.285695	0.250859	0.799638	0.957312	0.880509	0.065027	0.415825	0.582568	0.484404	0.489497	0.682579	0.79632	0.355528	0.341784	0.438762	1.07749	0.853272	0.374352	0.243963	0.482252	1.32488	1.21738	0.506794	0.632723	0.781176	0.572334	0.326654	1.02797	1.26129	0.872243	1.12688	1.21325	0.655006	0.262841
ihec.chipseq.ihec-chipseq-containerv1.1.4.IHECRE00003693.3.00bffcc7-6bdd-4dff-a3af-f0bc3467ff95.fc.signal	0.233585	0.549765	0.351957	0.39769	0.170943	0.274361	0.364842	0.343273	0.379313	0.120633	0.131041	0.263627	0.328223	0.281887	0.367245	0.452718	0.715851	0.852536	0.641006	0.652848	0.749702	0.560347	0.531704	0.783002	0.744512	0.950346	0.755082	1.02741	0.810357	0.559099	0.711431	0.768877	0.601453	0.457182	0.523398	0.5072	0.61872
ihec.chipseq.ihec-chipseq-containerv1.1.4.IHECRE00001957.2.5bc96241-954a-4559-a55b-8ed7178f6f2d.fc.signal	1.22404	0.571665	0.58164	0.656548	0.919484	2.02209	1.33442	0.904754	1.41571	0.709302	1.12026	1.51861	1.9746	0.724771	0.899529	1.49277	0.966074	1.09958	0.9206	1.26965	1.31907	0.905532	0.926248	0.833842	0.558239	0.482057	0.537384	1.2887	0.877611	1.4099	0.716408	1.33636	1.16686	1.11807	0.81118	1.23012	0.0191083
ihec.chipseq.ihec-chipseq-containerv1.1.4.IHECRE00001962.2.f53f759d-3946-4452-bfdb-d2f97d37ca2c.fc.signal	5.96324	7.39805	6.3816	5.81442	6.03896	5.1126	6.40752	5.91431	5.93226	4.13434	5.84712	5.85376	6.06716	7.23825	7.20703	6.78033	6.36623	6.71078	7.29076	6.76757	4.57194	4.06387	4.35258	5.42211	5.86447	6.70866	6.73501	7.37081	7.68936	7.97362	8.82391	8.62337	8.14884	8.6623	8.90379	10.2422	0.0147005
ihec.chipseq.ihec-chipseq-containerv1.1.4.IHECRE00003694.3.fc8c8322-ec2a-42ca-96d8-185645c9908f.fc.signal	0.287911	0.296357	0.184641	0.698809	0.768976	0.663653	1.12104	0.24941	0.278051	0.201411	0.326882	0.266879	0.40928	0.323811	0.511179	0.558037	0.278044	0.506417	0.514802	0.285004	0.868178	0.987407	0.695741	1.14874	0.88408	0.590538	1.01429	0.649745	0.942127	0.531484	0.237456	0.329067	0.523258	0.198548	0.220914	0.267676	0.513749
ihec.chipseq.ihec-chipseq-containerv1.1.4.IHECRE00001963.2.a69914d6-c947-4064-9120-21fa14734e92.fc.signal	7.08444	5.83758	6.65142	6.39368	7.85177	8.06829	6.53337	6.46199	6.65309	5.93458	7.02246	7.40816	5.85023	6.04665	7.57968	5.46749	6.83417	6.96554	8.11229	6.44224	4.28161	4.02025	4.66528	6.38205	6.36094	5.61125	6.43166	7.54265	7.86483	5.78215	6.8629	5.60245	6.03901	8.07577	8.65527	10.5724	0.0070594
ihec.chipseq.ihec-chipseq-containerv1.1.4.IHECRE00004618.1.209b7d40-2aaf-4f0d-9a2f-e178d8a84b13.fc.signal	0.587364	0.489795	0.684022	0.298308	0.857731	0.317333	0.862601	0.906853	0.562098	0.591223	1.2279	0.82212	1.03707	0.564781	0.318927	0.69153	1.19508	0.665415	1.04984	0.628615	1.71738	1.02579	0.44776	1.45716	0.716696	1.11363	1.12301	0.901019	0.732041	0.326474	0	0.169173	0.52764	0.597345	0.69485	1.40955	0.349333
ihec.chipseq.ihec-chipseq-containerv1.1.4.IHECRE00001955.3.f92185be-1c43-4aca-8ad8-6624fd4fe491.fc.signal	4.35076	2.47169	2.1498	2.22258	1.97939	2.96562	3.19596	4.00195	3.35777	1.98991	0.987701	2.79549	4.56476	3.75975	2.40273	3.41644	3.33008	3.0839	3.28419	3.94065	5.05678	4.12366	4.08997	4.09537	5.63891	5.06754	4.84923	6.28039	5.68351	4.90038	4.74177	4.50721	4.67552	5.11947	4.29277	4.02936	0.0377685
ihec.chipseq.ihec-chipseq-containerv1.1.4.IHECRE00000250.2.07db7868-f10a-4d85-bd5f-aa9358240c1f.fc.signal	0.414039	1.15849	1.48075	1.37877	0.536031	0.307243	0.539683	0.454702	0.475141	0.40996	0.701622	1.41752	1.55418	0.620038	0.722018	0.606845	0.415545	0.0886769	0.399762	0.648593	0.55987	0.373247	0.826038	1.12051	1.76833	1.31252	1.84217	1.82415	0.60054	1.18892	2.28435	2.23948	3.66516	1.66635	0.736296	1.24588	0.259036
ihec.chipseq.ihec-chipseq-containerv1.1.4.IHECRE00004641.3.f283db42-039d-42b0-abf6-5e11b1f7b362.fc.signal	0.232736	0.513135	0.369653	0.550859	0.501398	0.873021	0.482892	0.855623	0.4552	0.266959	0.791119	1.10103	0.476568	0.507577	0.807308	0.564458	0.414524	0.569497	0.324727	0.385691	0.219043	0.174667	0.458369	0.605871	0.398406	0.556081	0.241891	0.372432	0.439149	0.690702	0.629744	0.699277	0.766493	0.259493	0.427228	1.33907	0.34375
ihec.chipseq.ihec-chipseq-containerv1.1.4.IHECRE00001022.4.e3ed522f-2c41-4dc2-8732-fe32436313bd.fc.signal	0.515922	0.352602	0.111783	0.0213003	0.658844	0.583021	1.24882	0.827637	0.674915	0.722993	1.54049	1.10775	0.552348	0.35286	0.170259	0.129072	0.769631	0.57911	0.9063	0.551016	0.377446	0.0930084	0.196764	0.375454	0.767727	1.04918	1.50154	1.12847	0.894022	0.705923	0.306031	0.291599	0.368186	0.971322	0.724867	0.896843	0.293333
ihec.chipseq.ihec-chipseq-containerv1.1.4.IHECRE00003686.3.17631993-4bed-42bb-94e8-db02b030412c.fc.signal	0.10627	0.046848	0.0873091	0.570636	0.49211	0.177873	0.0330468	0	0.0877894	0.263338	0.271135	0.162411	0.246787	0.134148	0	0.000796267	0.189614	0.520606	0.251497	0.201707	0.452958	0.469084	0.471405	0.832624	0.922031	0.720785	0.459697	0.396064	0.283407	0.284824	0.438472	0.41672	0.486748	0.522838	0.252627	0.151582	0.703779
ihec.chipseq.ihec-chipseq-containerv1.1.4.IHECRE00004615.1.cf454773-02e8-4ae6-8d9d-05793e9b3346.fc.signal	0	0.0706098	0.199805	0.0433826	0.453979	0.206894	0.586877	0.635579	0.184362	0.374827	0.101562	0.199321	0.194082	0.15332	0.322509	0.238926	0.644397	0.642432	0.800903	0.539836	1.44913	0.624389	0.287106	1.39499	0.903839	0.378182	0.599564	0.352164	0.712146	0.799861	0.225417	0.776265	0.498817	0.655701	0.312478	0.503715	0.276596
ihec.chipseq.ihec-chipseq-containerv1.1.4.IHECRE00001891.4.58c4ce3b-b697-4bca-9ab1-5a18cc61f42e.fc.signal	1.33129	0.0877584	0	0.258757	0.290734	0.0267957	0.374909	1.0598	1.03758	0.0365064	0	0.675354	0.919056	0.448354	0.323278	0.516002	0.54996	1.00612	0.766247	0.327976	0.542425	0.835615	0.67277	1.06093	1.96768	0.376443	0.917739	1.91774	1.38803	0.799666	0.850918	0.0405477	1.19045	1.67676	2.05047	0.32882	0.406951
ihec.chipseq.ihec-chipseq-containerv1.1.4.IHECRE00000987.6.29b8d050-beec-45b5-afda-a75534d88bfc.fc.signal	0.375165	0.455341	0.0315047	0.535534	1.24565	0.932055	1.13396	0.398593	0.520711	0.391156	0	0.123155	0.584201	1.1225	1.15115	1.66372	1.26126	0.739202	1.04733	1.5346	1.32381	0.386993	0.235133	0.678125	0.360555	1.75249	1.65225	0.793229	0.747381	1.30866	1.24568	1.21126	1.82693	1.71932	1.5606	0.890104	0.511364
ihec.chipseq.ihec-chipseq-containerv1.1.4.IHECRE00000235.3.aaf97294-2366-43c8-9d83-3dd7259e070e.fc.signal	0.579479	0.648583	0.831791	0.947563	0.812793	0.661134	1.36399	1.66938	1.57082	1.18839	0.839245	0.647667	0.435894	0.489939	0.638814	0.856563	0.863898	1.25205	1.34344	1.24739	0.792362	0.549373	0.486524	0.704205	1.31893	1.85732	2.27236	2.49687	2.31584	1.80484	1.4686	1.37187	0.846787	1.12243	1.59349	1.15898	0.491575
ihec.chipseq.ihec-chipseq-containerv1.1.4.IHECRE00004900.1.21a553ba-0627-43d2-9045-d7e885ce5199.fc.signal	2.49765	3.0948	2.49688	3.65845	4.92875	3.80883	5.32719	3.63456	3.20136	2.59528	3.47576	4.36208	2.96105	2.31469	5.06034	5.65589	4.94242	1.83797	3.25035	3.22668	1.21	1.04535	1.56675	2.15358	2.70755	3.84723	4.25115	3.62802	2.24023	3.90195	2.94784	4.72832	4.60873	6.19508	3.10044	4.34054	0.16058
ihec.chipseq.ihec-chipseq-containerv1.1.4.IHECRE00003803.1.cbcfbcdb-4d41-42fe-a44e-156c7af5f576.fc.signal	0.626692	1.03545	0.754798	0.457689	0.871126	0	1.02502	3.21352	1.8062	0.597347	0	0.712381	1.4993	0.140042	0.59166	0.0897399	1.62437	4.07831	1.59392	1.46324	0.403912	0	0	0	0.671783	3.80747	1.87296	1.18782	0.185704	1.27073	2.28369	1.66434	0.637255	2.30829	2.68891	1.84422	0.346535
ihec.chipseq.ihec-chipseq-containerv1.1.4.IHECRE00001050.8.4e18a6eb-11aa-493b-81e3-0b3e288cecdd.fc.signal	2.02312	1.47097	1.5171	3.07428	3.56979	3.00993	1.87045	2.96492	1.32177	1.90609	1.65173	1.66406	1.45163	1.89737	1.81537	2.17804	2.63408	2.03279	3.03936	2.79063	4.95023	1.67448	0.630923	2.09499	3.05542	4.00789	2.67488	4.2418	4.54215	6.59298	5.66235	6.56291	6.05602	3.34262	4.05662	2.95481	0.6971
ihec.chipseq.ihec-chipseq-containerv1.1.4.IHECRE00000992.7.674a18bf-8b42-412f-a2ea-cabb31234aa2.fc.signal	1.24644	0.688716	0.877241	0.959283	0.686282	1.05314	0.481902	0.732103	1.17182	1.20877	1.04662	0.876005	1.00413	0.384218	0.39949	1.10733	1.03842	0.962362	1.60984	1.07456	1.75835	0.673271	0.184393	0.80392	1.17096	1.51769	1.93681	1.85274	2.0743	0.852101	1.25996	1.26168	1.5687	0.745158	1.03194	1.28686	0.230321
ihec.chipseq.ihec-chipseq-containerv1.1.4.IHECRE00003676.3.fa45989e-2fad-4f13-b899-3405cf3f81a7.fc.signal	0.254622	0.0258807	0.269849	0	0.23275	0.537196	0.657697	0.0262238	0	0	0	0	0	0.0648512	0.246087	0	0	0	0.154128	0.197834	0.818303	0.378361	0.24671	0.514983	0.690183	0.555439	0.189573	0.261377	0.81382	0.47746	0.123172	0.0886684	0.2256	0.274136	0.398962	0.298552	0.932927
ihec.chipseq.ihec-chipseq-containerv1.1.4.IHECRE00001954.2.f69d543f-4e4e-4fd7-9774-7bd28fcc565d.fc.signal	2.19616	2.36696	1.07335	0.684889	1.26169	0.853745	0.74645	1.20064	1.13171	0.848648	0.878518	1.04474	1.22018	0.913265	1.43217	2.43538	2.71289	1.56823	1.80885	0.987832	0.968614	0.69187	0.439831	0.292602	1.12621	1.47522	1.3476	1.66971	1.24152	0.993213	1.09084	1.57823	2.10789	1.22845	0.592703	0.579338	0.083016
