	chr21:36033460-36033609	chr21:36033610-36033759	chr21:36033760-36033909	chr21:36033910-36034059	chr21:36034060-36034209	chr21:36034210-36034359	chr21:36034360-36034509	chr21:36034510-36034659	chr21:36034660-36034809	chr21:36034810-36034959	chr21:36034960-36035109	chr21:36035110-36035259	chr21:36035260-36035409	chr21:36035410-36035559	chr21:36035560-36035709	chr21:36035710-36035859	chr21:36035860-36036009	chr21:36036010-36036159	chr21:36036160-36036309	chr21:36036310-36036459	chr21:36036460-36036609	chr21:36036610-36036759	chr21:36036760-36036909	chr21:36036910-36037059	chr21:36037060-36037209	chr21:36037210-36037359	chr21:36037360-36037509	chr21:36037510-36037659	chr21:36037660-36037809	chr21:36037810-36037959	chr21:36037960-36038109	chr21:36038110-36038259	chr21:36038260-36038409	chr21:36038410-36038559	chr21:36038560-36038585	Expression
ihec.chipseq.ihec-chipseq-containerv1.1.4.IHECRE00001017.4.35530d7a-23e1-468e-978a-d33955937d72.fc.signal	2.58006	1.94528	3.53797	3.05243	2.30435	4.31577	5.14275	4.31269	4.00657	2.07043	2.91464	4.30549	3.88334	4.25347	4.41735	3.31309	4.42289	3.27049	2.72516	3.72324	3.51111	2.25786	4.48342	5.65643	3.78908	2.91286	3.22155	1.69927	4.13413	5.33064	4.27042	3.28299	4.13852	4.56259	4.52986	0.212389
ihec.chipseq.ihec-chipseq-containerv1.1.4.IHECRE00001004.4.b3b3b801-4bf3-4e6f-974d-5cca823d1b91.fc.signal	1.43916	1.30955	1.66416	1.91997	1.0583	2.94698	3.91078	2.46026	3.32385	1.15918	1.67243	2.49427	2.13851	1.35147	1.9376	2.54873	1.39823	0.698312	0.330567	0.0172321	0	0	0	0	0.0947691	1.03073	1.98741	1.09791	2.99494	3.28673	1.8797	0.281416	0.721493	5.00635	8.73466	0.272727
ihec.chipseq.ihec-chipseq-containerv1.1.4.IHECRE00001557.1.823ac744-5eeb-40f9-9f65-c42b0b5130dc.fc.signal	9.89198	4.54396	4.47365	5.14458	4.80606	7.57897	10.1952	11.5859	14.7264	7.74127	9.97845	11.453	18.8982	13.1606	13.379	13.0475	10.4971	8.51287	6.5222	6.55597	7.20549	6.35853	7.54876	8.9142	7.74897	5.11301	3.52816	3.23891	3.55261	2.4386	3.91169	7.96558	8.1482	16.606	11.8697	0.24031
ihec.chipseq.ihec-chipseq-containerv1.1.4.IHECRE00000222.3.123ef280-d4ea-4ca0-978c-a10942825cc4.fc.signal	1.06729	1.2632	2.04813	1.99251	1.90783	1.9702	1.99143	2.67406	2.15361	0.879185	1.20896	2.07381	2.38193	1.77592	1.93577	2.86656	3.42654	3.28334	1.70225	1.12168	1.15814	0.30294	1.65914	2.59772	0.994015	1.86919	2.12194	1.7394	1.36412	1.44616	1.1257	0.256216	1.19168	3.07626	4.24317	0.490991
ihec.chipseq.ihec-chipseq-containerv1.1.4.IHECRE00003838.5.37ca9b25-a545-471a-8ba7-6b638b12b7dd.fc.signal	0.961367	0.538728	1.80174	2.31165	1.08179	2.92383	3.38973	5.61697	6.21466	5.28463	4.21682	2.47291	3.93131	5.04057	4.19339	4.4023	4.38004	6.51351	7.83716	7.04448	6.42066	7.96613	5.76399	5.14792	7.05318	4.61989	3.35201	2.4942	4.7224	5.51252	6.32683	6.9439	4.57928	3.44291	3.82195	0.277311
ihec.chipseq.ihec-chipseq-containerv1.1.4.IHECRE00003832.2.b7bbc28f-5370-494d-9da9-9e79564dec6e.fc.signal	1.42844	0.62135	1.4986	2.64115	2.41543	2.33197	2.86765	3.23405	2.17483	1.7841	2.43791	2.80408	3.64582	2.42139	2.36122	4.12593	4.04467	4.92245	3.2916	1.87387	2.23969	1.95278	2.41991	2.11064	4.29097	2.43078	2.56765	0.848721	2.42839	3.04144	3.47233	4.71273	2.73441	2.32278	6.16705	0.890882
ihec.chipseq.ihec-chipseq-containerv1.1.4.IHECRE00001030.7.80d11420-fb58-4105-8d0b-26addcc06923.fc.signal	1.4077	2.02133	2.141	3.01715	1.19591	5.59129	2.4699	3.24482	5.59411	0.772227	1.84474	5.04265	2.14984	1.67802	2.177	11.3202	6.38738	4.54036	4.08797	2.80052	7.21523	0.364507	5.41803	7.16186	0.037962	0	0	0.0434681	3.78735	0.556646	0.430549	1.01546	3.57134	4.78138	4.42437	0.298701
ihec.chipseq.ihec-chipseq-containerv1.1.4.IHECRE00003819.1.e6af9ec0-8b4b-4624-8b3a-51f86f371f0f.fc.signal	2.66379	3.09443	4.76965	3.74527	4.32268	5.6978	5.73541	6.56388	7.19955	6.2631	6.99244	8.03638	10.0986	10.8214	11.2601	9.4421	6.15034	6.37753	5.57475	5.44581	5.34762	4.40345	5.28567	7.82128	6.66791	6.13687	5.1063	5.16897	7.79195	6.67759	6.43056	7.06629	8.23324	9.35489	9.57992	0.488889
ihec.chipseq.ihec-chipseq-containerv1.1.4.IHECRE00001959.2.69eb8040-32c4-4c18-85e7-a74953df6c51.fc.signal	1.81218	2.64518	2.95444	3.3007	2.68022	3.27451	4.39212	3.08928	3.2376	3.07314	2.70105	2.76806	5.22041	2.37657	4.17634	4.3677	3.92535	3.29314	3.09314	2.56719	2.7181	1.00524	2.2146	3.58211	3.59473	2.43174	0.758232	1.03636	1.69362	0.794797	0.954269	1.80719	3.11919	4.24356	4.15403	0.336336
ihec.chipseq.ihec-chipseq-containerv1.1.4.IHECRE00003404.1.88cb95dd-5a6d-4570-8a21-b967680b5521.fc.signal	2.55039	1.75279	0.517313	1.09343	1.96815	1.03459	1.06381	0.548331	0.68892	0.955227	1.18197	2.63401	1.30532	1.24093	1.55234	1.59832	2.74901	0.132916	0	0	0.442155	0.544397	0.165727	1.92144	1.00095	0	0	0	0.740435	0.251711	0	0	0.336316	1.65782	1.98595	0.292683
ihec.chipseq.ihec-chipseq-containerv1.1.4.IHECRE00003829.4.85a47d94-3c5b-4fa0-8468-515ec8dc5b16.fc.signal	0.603816	0.718004	1.21147	0.74677	1.06537	1.76725	0.869757	2.75999	2.63854	3.1117	2.56622	1.73	2.23057	1.55509	1.67589	1.56246	2.55108	3.81167	4.13648	4.74404	3.72361	3.33846	3.20911	3.27232	4.69663	2.56852	2.40794	2.04672	4.32139	2.20507	2.53077	4.83502	3.12193	2.78772	2.36043	0.314286
ihec.chipseq.ihec-chipseq-containerv1.1.4.IHECRE00001044.7.72ced85f-cc3d-4155-864f-c88e943e41cd.fc.signal	2.55108	2.40139	3.76191	3.33801	2.92051	3.29115	3.53933	5.15855	5.43316	4.66149	5.41922	4.84386	6.11486	6.80589	5.92605	6.48289	6.43662	7.81057	4.17954	3.75587	4.42828	1.31271	3.03895	3.61938	4.40011	2.22418	1.23198	0.445232	2.47736	1.79866	2.86225	3.47339	3.8167	4.49056	4.61238	0.291242
ihec.chipseq.ihec-chipseq-containerv1.1.4.IHECRE00000223.3.58d4d6b8-e8d9-44c0-a8c7-fcdf9403bfe2.fc.signal	1.17886	1.09963	1.27512	1.03824	1.20977	2.41458	2.16006	2.58682	3.53869	2.36805	2.01774	2.40423	2.1697	2.80672	2.64625	2.15515	2.24914	2.55169	1.49923	0.195802	0.0292324	0	0	0	0.169995	2.06487	2.45177	1.20922	2.2813	3.06536	1.98259	0.596177	1.77926	4.11862	4.04582	0.324468
ihec.chipseq.ihec-chipseq-containerv1.1.4.IHECRE00000242.3.b264ae9e-8457-4fbc-9ae1-9ad1d872e973.fc.signal	1.95589	2.27897	2.92988	3.10498	2.30666	2.66725	3.18261	2.71653	2.59961	1.23528	0.921036	1.08544	1.16083	1.35472	1.62729	1.62842	1.86372	1.99356	0.925236	0.0684023	0	0	0	0.000356	0.188432	1.64706	2.73344	2.09975	3.15767	3.75337	1.73278	0.466796	1.37396	3.46094	4.53351	0.495192
ihec.chipseq.ihec-chipseq-containerv1.1.4.IHECRE00001232.5.f1456df1-a617-44a6-a060-cb29786302bd.fc.signal	1.5151	1.19223	2.07532	3.26937	2.03086	2.81358	2.65595	2.29851	3.24536	1.32315	1.63847	2.95627	3.79565	2.33554	5.18245	4.64664	4.00094	3.76548	1.91333	2.20187	3.16519	0.717054	1.44256	3.06897	2.69054	0.817136	2.65805	1.07111	4.35014	4.43851	3.73056	3.0847	2.99113	4.43369	4.06287	0.329341
ihec.chipseq.ihec-chipseq-containerv1.1.4.IHECRE00001889.4.44df7b1b-5968-426b-8cea-e4fad8f3b32b.fc.signal	2.98345	4.70225	3.88951	2.27191	1.49761	2.07964	3.72557	4.14456	5.35599	5.04238	4.4579	2.20993	3.86377	3.97472	1.88051	3.67027	6.16697	3.09734	4.03757	5.81555	3.5606	3.19519	4.91762	4.42106	5.88622	3.39708	0	1.92892	2.56496	0	1.32867	4.90384	4.8527	1.71375	3.14582	0.427027
ihec.chipseq.ihec-chipseq-containerv1.1.4.IHECRE00002065.1.d29b7bc4-75ef-437b-ab43-12a3fcfc38d5.fc.signal	3.58669	2.931	2.80037	1.42563	0.904935	1.9996	3.31317	2.55313	4.78214	2.21482	3.11675	4.33058	3.10938	2.79204	4.90767	2.48055	2.80658	2.70616	1.94018	2.26121	5.31874	3.39324	1.49414	2.50139	3.01561	2.2422	1.56367	2.3286	2.31174	3.23691	2.68907	1.53165	3.06408	4.37697	6.27338	0.617188
ihec.chipseq.ihec-chipseq-containerv1.1.4.IHECRE00004713.2.44d9234d-e938-4209-8bc5-a1f9ee0dcbe4.fc.signal	0.555514	0.613847	0.964267	1.06013	0.661531	0.676516	1.90944	2.23246	0.738186	2.88671	2.51696	1.59916	4.02404	4.15602	2.2898	3.59123	2.11792	2.51083	1.42291	2.65021	3.32432	1.08653	0.442514	0.822057	0.843739	0.256023	1.30962	0.996768	1.97219	0.66792	2.25168	1.57896	2.81309	2.88141	3.63976	0.47619
ihec.chipseq.ihec-chipseq-containerv1.1.4.IHECRE00003398.1.142e6ed2-5832-4fa6-8a6b-9ed4d6f47d60.fc.signal	0.370992	0.149892	0.26354	0.529934	0.269798	0	0.34457	1.79393	0.700786	0.702278	0.0272044	0.268462	2.91845	0	0.321919	1.00513	0	1.35337	0.827088	0.790602	0.525929	0	1.20937	1.23649	0.583109	0.931648	0	0	0.577337	0	0.44851	0.623411	0.497082	0.433913	0.287727	0.276289
ihec.chipseq.ihec-chipseq-containerv1.1.4.IHECRE00001508.1.7644257d-84a8-452c-b39d-72874c3d0d4b.fc.signal	1.38171	0.975515	0.958788	1.84323	2.36179	2.2898	2.03331	3.28811	3.56911	5.39423	4.85969	2.83379	1.97982	3.18777	4.97831	3.60281	1.82805	3.12827	4.2746	2.88249	4.14205	4.17275	2.59867	3.75556	3.96195	5.07845	2.57729	2.97547	2.06171	2.03512	3.64705	9.10377	5.04267	2.51378	3.20277	0.311258
ihec.chipseq.ihec-chipseq-containerv1.1.4.IHECRE00003828.3.bcd61aac-63db-4cfa-a058-a141a50b928e.fc.signal	0.666682	0.239699	0.136369	0.441149	0.777432	1.00656	1.56666	1.72932	1.04078	1.37639	0.899849	0.654163	1.03626	0.370899	0.695589	1.19189	1.49654	1.56996	3.14013	2.13513	1.3996	1.6085	1.15853	0.967368	1.53282	1.13051	1.27585	2.08158	5.25427	3.67294	2.45946	2.15614	1.92867	1.05131	1.40416	0.505155
ihec.chipseq.ihec-chipseq-containerv1.1.4.IHECRE00001378.1.8a1df20e-6fe2-48ae-99b1-96a1bc85ea8d.fc.signal	1.15444	0.896417	1.03637	1.19571	2.02771	5.57864	5.05296	3.17937	8.42016	7.95299	6.00866	10.125	15.0249	12.8562	9.98999	9.43162	8.63459	7.7817	5.15759	2.15109	3.48634	2.35578	1.72834	3.06371	2.16497	3.13611	2.43846	3.7294	5.38633	3.94358	6.46559	3.38657	3.0212	8.92825	7.51431	0.353982
ihec.chipseq.ihec-chipseq-containerv1.1.4.IHECRE00000318.2.7ba479df-2d75-4a21-a2dc-30d87eedc37a.fc.signal	2.53897	3.43677	5.18797	7.23515	3.44349	3.69643	4.94234	7.6853	7.54613	4.06341	6.05305	5.50661	6.37329	7.7881	4.03097	5.58556	8.86931	7.76841	8.56958	6.88386	6.7153	4.45239	3.39696	6.09371	5.96565	3.11631	2.28839	2.90852	4.40352	3.2739	3.60149	3.88007	6.66764	8.08458	7.47746	0.452991
ihec.chipseq.ihec-chipseq-containerv1.1.4.IHECRE00001906.1.5d44418c-818f-4534-8844-0d0e8e0143a7.fc.signal	2.36618	4.3103	5.09968	3.48508	4.42356	7.34596	6.83541	10.1833	8.95189	5.41726	6.03799	5.8364	6.95989	11.0412	11.8394	17.3852	16.9029	10.1204	9.00544	8.47193	11.448	6.08735	6.72433	7.17158	8.36526	4.14298	2.58899	3.6967	7.28227	3.84268	5.67508	5.68698	11.6402	10.9968	8.59867	0.463621
ihec.chipseq.ihec-chipseq-containerv1.1.4.IHECRE00003689.3.cde87e50-dbba-4734-bd22-f35203f3b601.fc.signal	1.79384	1.72641	1.36871	1.82723	1.39294	1.35798	1.56014	3.10556	2.58901	1.9324	1.91096	3.44851	3.96732	3.12602	3.13407	2.84136	2.30027	1.84624	0.501561	1.06697	1.73891	0.673074	1.71772	1.91301	1.4361	1.21353	2.32188	0.550561	2.12185	2.33129	1.73403	1.64639	1.50847	2.81044	2.86608	0.541033
ihec.chipseq.ihec-chipseq-containerv1.1.4.IHECRE00000665.1.15a517d0-8389-43f7-9ce5-66c163ab4bf7.fc.signal	2.26506	1.92538	2.11011	4.03578	2.5524	3.12481	4.2907	3.35667	4.36623	3.40463	3.76332	3.23363	3.3525	3.87336	3.65104	4.5087	4.02742	4.43727	2.9199	3.31187	6.12205	3.25959	3.04079	6.26783	5.83483	2.46806	3.10873	3.47415	4.49361	2.76482	2.59048	4.31784	4.12376	5.28285	6.26265	0.62766
ihec.chipseq.ihec-chipseq-containerv1.1.4.IHECRE00003680.3.bb1bb2b2-42c2-4f18-8e8f-61e82ab17b84.fc.signal	0.741029	0.497772	0.848708	0.827515	1.93581	2.11718	1.91174	2.04423	2.20688	2.07777	2.94227	2.6442	2.23005	1.25438	1.13016	2.65097	2.23108	3.61564	3.51758	2.58112	3.07432	3.08531	3.4581	4.62808	5.01479	2.44402	2.68657	1.32817	2.70088	3.51842	3.24552	3.09989	2.13815	2.76952	2.88793	0.580466
ihec.chipseq.ihec-chipseq-containerv1.1.4.IHECRE00002058.1.4d89e710-5a41-461f-91a2-bc627bddca0a.fc.signal	2.85033	3.6148	3.59463	3.63749	1.90561	3.14949	5.43978	3.0708	3.47388	2.11759	1.15728	4.18821	4.94415	3.85989	5.198	4.30409	4.58042	4.37089	3.83612	4.23964	3.4352	3.48624	2.72104	2.12309	2.95185	2.8279	1.20601	1.29218	2.13342	4.31303	3.38492	2.47269	3.64164	3.06865	3.14584	0.852713
ihec.chipseq.ihec-chipseq-containerv1.1.4.IHECRE00001306.1.3ad99a92-6066-418f-95ef-51ed964a0d0c.fc.signal	1.62666	1.73335	3.43178	1.12476	3.70456	6.21557	8.10053	6.50926	8.38154	7.01572	3.83999	4.32303	9.72008	14.0705	17.1607	18.657	9.78639	9.57596	6.74872	7.19146	7.10243	4.13795	4.44482	5.13275	8.29577	6.0711	2.92374	4.6608	3.83872	1.8884	5.25929	4.13254	3.5869	10.5349	11.6619	0.220339
ihec.chipseq.ihec-chipseq-containerv1.1.4.IHECRE00000339.2.39f2a04f-5ab3-46a3-91a8-91641dbab08a.fc.signal	3.11907	3.16659	4.3764	1.44694	2.27403	1.52731	4.42561	4.91323	3.66653	3.71711	4.77669	3.79702	5.57568	7.43118	5.16958	6.09132	8.96749	8.34517	8.23459	4.19414	7.86211	7.9909	6.37156	5.06965	3.28466	1.29734	0.069012	3.83214	3.5009	1.59635	1.87482	2.38859	4.10544	5.23409	6.49216	0.337838
ihec.chipseq.ihec-chipseq-containerv1.1.4.IHECRE00001915.1.bcfa2f24-6276-4a64-96e6-3f1abe06b88e.fc.signal	0.851818	1.92995	1.49386	2.56496	2.35682	1.88876	2.16313	2.66383	2.47428	1.93534	1.32997	1.37428	1.34273	1.5758	1.90368	2.06382	5.18362	5.01464	3.26636	3.38826	3.32428	2.23172	3.20666	3.93492	3.7273	1.96153	0.889979	0.924577	1.28553	1.37702	2.04274	3.2567	4.27654	5.81163	5.44163	0.455621
ihec.chipseq.ihec-chipseq-containerv1.1.4.IHECRE00001460.1.82b45364-a56c-42d4-addc-99df97d473fb.fc.signal	2.66699	2.82221	1.98591	0.950401	0.9729	2.04434	4.16365	5.10783	4.89057	3.40215	6.6346	7.7317	9.60016	13.3393	9.36942	8.07554	8.21351	6.57353	3.03796	3.13523	4.5852	3.01759	3.97669	3.42024	2.17837	2.47018	1.20572	1.5876	3.51331	2.17386	3.43607	3.31895	3.15377	7.90814	9.33097	0.55814
ihec.chipseq.ihec-chipseq-containerv1.1.4.IHECRE00000974.7.ed39a30d-e8d4-4be8-8a48-6338c0cdb04b.fc.signal	1.93109	1.89769	2.17227	2.26873	1.45306	3.211	4.14345	3.20421	3.76135	1.14882	2.73279	3.65253	2.86976	1.89905	1.91065	1.64092	2.90784	3.51847	1.84978	0.772108	2.02068	0.126728	1.45206	2.69186	0.822786	0.657658	0.568433	0.188043	4.10559	1.43109	3.06979	0.362758	2.44326	5.53503	5.02712	0.269531
ihec.chipseq.ihec-chipseq-containerv1.1.4.IHECRE00003675.3.83e601b8-bef8-49e1-b42e-c29a56e1ac1c.fc.signal	0.877816	1.05723	1.00206	0.875527	0.706529	1.52005	2.04306	1.06416	1.67146	1.10734	1.82397	1.79747	1.72814	1.79495	2.3854	2.45086	2.12149	1.62079	1.03957	1.20218	1.83114	1.31382	0.926722	1.70862	1.6121	1.64447	1.58578	0.446719	1.48386	2.13087	1.29772	1.2582	1.77249	2.73089	2.46919	0.761639
ihec.chipseq.ihec-chipseq-containerv1.1.4.IHECRE00003685.2.5501f5e6-6354-4e9f-82a5-be852033207e.fc.signal	0.723971	0.820313	1.13932	1.13439	0.837852	1.13813	2.28731	2.56274	2.07699	1.77344	1.78779	2.00408	1.69115	1.26668	0.981941	1.64261	2.33201	4.61435	5.51789	4.05079	3.02455	1.57992	2.06475	4.21117	4.46163	2.80117	2.61351	2.08032	3.67381	4.40625	3.04514	3.71024	2.96455	1.4406	1.41386	0.272
ihec.chipseq.ihec-chipseq-containerv1.1.4.IHECRE00000260.2.3ac826bb-c219-4eb4-ae1e-412d5ac0b154.fc.signal	3.46116	2.6814	6.32384	3.08391	8.46696	5.69283	4.28032	2.21727	3.85157	6.03428	4.90165	4.25021	6.45869	4.55682	5.1444	8.90433	4.59699	4.59804	6.796	0.804383	3.53564	4.04851	1.69553	4.43377	4.29771	2.85556	0.58108	1.54111	4.19384	1.82744	3.68868	3.2873	0.967705	5.46479	4.56817	0.291339
ihec.chipseq.ihec-chipseq-containerv1.1.4.IHECRE00003695.3.a1a38b0a-4e6e-499f-9d4a-f9ed2dd3bf97.fc.signal	1.57501	1.65205	2.37056	2.45654	2.57819	2.44009	1.90602	2.45317	3.83622	4.08517	3.93504	2.47462	2.28264	2.29729	2.05877	2.17279	2.82247	5.27832	4.70188	3.87075	5.04767	3.36335	4.29654	4.43778	3.29901	1.97669	1.44164	1.1801	1.59333	1.41444	2.00811	2.45794	2.70226	2.71053	2.72799	0.226277
ihec.chipseq.ihec-chipseq-containerv1.1.4.IHECRE00003835.4.21819112-b709-4256-a74d-0e6ec96e0be8.fc.signal	3.165	2.03371	2.07166	3.8826	4.16981	3.87112	3.58873	4.53522	6.65612	4.6547	4.2129	3.6269	5.26496	4.61136	4.0464	2.34884	2.35384	6.15653	7.97926	9.19933	6.14351	5.32138	6.52981	5.16889	6.81784	6.84819	4.38365	2.75658	4.1085	5.10751	5.08577	6.19967	4.47171	3.92641	4.5326	0.51497
ihec.chipseq.ihec-chipseq-containerv1.1.4.IHECRE00004607.2.e1fd1411-fa6d-4e9d-8b94-fee7dda1365c.fc.signal	0.225668	0.795465	0.85313	1.47545	0.778751	0.324003	0.607711	0.417061	1.08721	1.07264	1.59815	1.00725	1.13139	0.890564	0.837357	0.313798	0.756118	1.61555	1.2831	1.34007	2.05538	0.913017	1.14458	1.83529	1.55238	1.66864	1.54811	0.550516	0.627468	0.703542	0.378729	1.00837	1.07407	1.5027	1.37593	0.585973
ihec.chipseq.ihec-chipseq-containerv1.1.4.IHECRE00004603.3.40563a1e-eb2a-4c6e-bd0b-903d353efee9.fc.signal	0.562854	1.01376	1.39801	1.36679	1.42012	2.10086	1.52956	1.71943	4.11044	1.84657	2.75635	3.38079	2.78283	3.02679	1.97658	1.44773	1.24372	2.20882	1.46856	1.86067	1.91222	0.990961	2.06899	2.71894	2.50479	2.40736	2.4822	1.28998	3.04561	1.2943	1.86681	3.59265	2.36123	2.18474	2.71299	0.590476
ihec.chipseq.ihec-chipseq-containerv1.1.4.IHECRE00000972.6.8e264ed8-afdd-468a-8bbe-7ea6fcae8b7f.fc.signal	2.35622	1.98945	2.4955	4.20637	0.643407	5.68026	7.46253	5.74162	7.64875	3.0055	6.80446	12.4258	10.0976	9.12792	5.85229	8.63224	7.16118	0.993394	0.804754	0.396502	1.47052	0.345361	1.9308	1.97508	1.06869	0.666801	0.22106	0.102963	5.97339	2.69083	2.78559	0	1.11481	10.8611	12.6005	0.24183
ihec.chipseq.ihec-chipseq-containerv1.1.4.IHECRE00001916.1.b8e8499a-a8fb-45d6-acd8-26f02567ad12.fc.signal	4.21375	3.19034	3.24805	2.75463	1.63909	2.86322	3.83345	4.56116	4.47381	2.75959	4.45388	7.02475	5.65239	9.05266	10.6774	12.0758	7.54684	7.50609	5.03548	5.08898	5.64141	2.74831	3.12438	5.37873	3.0958	2.35215	0.812438	1.28519	2.13094	1.49318	3.9069	4.55541	5.81853	6.15563	6.00152	0.304419
ihec.chipseq.ihec-chipseq-containerv1.1.4.IHECRE00001909.1.71c9825b-8f84-4929-97f3-4b92c6206f1e.fc.signal	0.991042	1.36555	2.06263	2.32701	1.91166	0.96995	0.888054	1.26338	1.9483	1.85993	2.98758	2.98154	4.68031	4.02676	1.90584	2.74302	2.26123	3.04548	2.1167	3.32098	4.66843	3.42867	2.19209	2.91759	3.21209	1.88623	1.22409	1.56294	2.50181	1.79588	1.7789	2.73118	2.30946	1.47951	1.74132	0.127208
ihec.chipseq.ihec-chipseq-containerv1.1.4.IHECRE00000347.2.21d188a1-4a89-4686-a389-e2fc01ab5221.fc.signal	1.95829	4.94187	4.12267	3.30113	4.10005	6.64017	6.63062	7.02934	8.23138	4.10854	11.7151	17.1278	14.544	15.769	11.5828	8.25092	8.8361	7.0053	3.97799	5.92342	7.33961	3.14563	3.44169	7.76491	8.25521	3.60349	1.37945	1.20075	5.15732	1.17568	8.02055	8.19171	6.66474	11.4685	10.0384	0.564103
ihec.chipseq.ihec-chipseq-containerv1.1.4.IHECRE00000348.2.49890929-0215-4581-a0a6-6082ef7a066c.fc.signal	1.71497	1.18895	1.35939	1.73732	2.2641	1.22597	2.63756	6.03173	2.33617	5.05487	4.13662	2.25752	6.57831	4.29634	3.97973	7.67273	4.40511	3.105	4.57514	4.21597	7.19904	5.6006	3.27436	2.64914	3.27456	2.46331	1.20861	1.73082	1.17577	1.76697	3.45191	3.9302	5.1767	4.1391	4.27113	0.382166
ihec.chipseq.ihec-chipseq-containerv1.1.4.IHECRE00004681.3.b04c1667-5df4-43cb-a2ab-4a07445dc015.fc.signal	2.05131	1.73652	1.0317	1.01228	0.99312	1.17946	1.64969	2.10999	2.12164	2.11385	2.76715	2.52628	2.08461	2.23071	2.75818	1.53423	1.8099	1.97083	1.17166	1.12213	1.23302	1.93683	2.43333	1.84879	1.55093	1.41806	1.48718	1.2826	1.29439	1.76918	1.8747	1.76031	1.41302	1.66279	1.70961	0.02
ihec.chipseq.ihec-chipseq-containerv1.1.4.IHECRE00000241.3.05642e3c-a160-4342-bda6-fdaa4b0b7e66.fc.signal	1.1413	1.42356	2.29122	2.4628	1.74806	3.13699	2.94276	2.69785	3.36393	1.82059	1.73725	1.5397	1.72138	2.37232	2.02005	2.10291	2.27193	0.633339	0.112128	0.0245131	0	0	0	0	0.171255	1.28261	2.41639	2.43667	2.68012	2.57823	1.36572	0.271339	0.975866	4.17949	6.30012	0.180887
ihec.chipseq.ihec-chipseq-containerv1.1.4.IHECRE00001956.2.1e76f479-733a-4b6f-88c7-efe3d559775e.fc.signal	2.63699	3.23509	2.77804	4.0646	3.29629	4.56324	4.89827	5.03132	2.22043	2.6624	6.30313	7.19916	7.31473	7.38585	7.7097	5.32327	6.55593	3.04079	3.9951	5.43897	6.55875	4.54225	5.17162	4.61359	3.32741	4.32918	1.38348	2.33138	3.30025	1.28382	3.13067	2.02786	4.06972	5.08773	3.76351	0.325424
ihec.chipseq.ihec-chipseq-containerv1.1.4.IHECRE00004617.2.bd401bc7-9584-4daf-b6e9-896dcf3c0a4c.fc.signal	1.1671	0.744086	0.539949	1.11153	1.92357	1.32516	1.34682	1.29992	1.00755	0.760063	1.55254	1.50607	1.41151	0.85618	0.752805	0.677807	0.710253	0.915184	0.934675	1.68386	1.99435	1.9215	1.07142	2.05912	1.77027	1.11961	0.620387	0.278284	0.913047	1.26669	0.766554	0.538685	0.958417	0.708098	0.737109	0.524416
ihec.chipseq.ihec-chipseq-containerv1.1.4.IHECRE00000277.2.32f96f36-e33f-4e3d-b54e-16162d591510.fc.signal	0.346491	1.1876	3.69515	2.58994	4.01452	8.29519	5.58611	6.90311	9.16662	6.71733	7.59658	12.4358	10.3082	14.2099	15.3235	13.975	11.9046	9.2382	4.79705	7.47781	6.51489	3.05839	2.40746	4.5691	6.28221	6.52298	2.83652	3.3181	5.40852	4.49119	5.88399	3.10237	7.87524	12.8478	11.6149	0.116505
ihec.chipseq.ihec-chipseq-containerv1.1.4.IHECRE00000238.3.8ee3bcc0-0a54-4209-87cf-967cca7d6071.fc.signal	0.799097	1.07937	1.57564	1.21196	0.964717	1.62796	1.29423	1.2878	1.36768	0.793383	1.16576	1.23441	1.05309	1.29012	1.57395	1.87056	2.2753	2.18385	1.37147	1.19791	1.42817	0.712776	1.24168	1.71986	0.790015	0.659505	0.830167	0.59769	0.873965	1.0786	0.754013	0.921057	2.16173	2.88233	3.18025	0.455645
ihec.chipseq.ihec-chipseq-containerv1.1.4.IHECRE00001958.3.1ec30665-e127-479e-9308-683342038ede.fc.signal	2.40304	3.35265	3.0417	3.63202	3.46258	4.69006	3.98545	3.63497	3.20226	2.03168	3.06495	3.8032	3.8212	5.46955	5.15564	6.32978	5.83188	5.14433	3.06755	2.6026	3.90767	4.21077	4.91853	4.21437	3.6751	2.58955	3.0902	1.62379	3.27237	5.18567	4.17434	3.72708	6.51757	6.30823	4.17459	0.255507
ihec.chipseq.ihec-chipseq-containerv1.1.4.IHECRE00003690.3.2cafda9b-dfc1-4231-8ed9-6249d923a6a9.fc.signal	0.37278	0.357982	0.473521	0.80822	0.882659	0.772537	0.908476	0.968606	0.856276	0.860294	0.611952	0.478338	0.525343	0.494385	0.634309	0.775405	0.430596	1.18509	1.06043	0.407781	0.883797	0.864328	0.930227	1.51973	1.14705	0.399717	0.454827	0.322891	0.353867	0.819579	0.61826	0.607339	0.728362	0.679023	0.847072	0.472222
ihec.chipseq.ihec-chipseq-containerv1.1.4.IHECRE00001315.1.cf49d1cb-058e-408d-80ee-cd8819b68335.fc.signal	2.98444	4.18565	3.21474	5.07272	3.85068	6.5308	5.89338	7.55108	8.87459	6.42597	5.06871	7.31592	6.53782	6.05912	9.97875	7.34507	7.13363	5.38852	6.62425	5.14035	7.36006	4.35136	1.98497	5.55516	3.79878	3.81487	1.44828	3.92893	6.65258	3.21261	7.03218	6.87981	11.4951	12.9191	8.93233	0.421941
ihec.chipseq.ihec-chipseq-containerv1.1.4.IHECRE00000188.3.edd174d9-379d-4ee2-93f9-dcd7dae1e0ef.fc.signal	1.76744	3.78573	4.42924	3.93012	2.9067	5.57378	6.39917	5.40989	3.84751	4.56156	11.4447	12.7834	8.55434	10.5289	10.351	10.8193	6.83289	6.54775	6.05484	4.72303	6.29109	3.97241	6.60606	4.54242	3.1552	4.33246	1.39994	2.45286	6.26194	2.52576	4.00269	7.53784	8.03086	8.129	8.27525	0.393531
ihec.chipseq.ihec-chipseq-containerv1.1.4.IHECRE00004728.1.12642e26-117b-4636-816e-4fbed6d5c0a2.fc.signal	0.350817	0.382544	0.467161	0.382059	0.592463	0.515319	0.61281	1.36545	2.02115	0.396013	0.073551	0.137986	0.899217	0.634254	0.66233	1.61175	1.31021	1.05626	1.54194	1.75713	1.4498	1.01333	1.35941	0.869227	0.669267	1.22112	0.608492	0.342585	0.701006	1.54353	2.24801	1.51005	1.3611	0.323403	0.842844	0.830816
ihec.chipseq.ihec-chipseq-containerv1.1.4.IHECRE00001913.1.f508f1a3-4076-4925-b02f-30538e0b1e91.fc.signal	3.73554	2.74961	1.81861	1.844	1.18055	2.43419	4.24835	4.67751	4.35837	2.0271	2.70071	4.91905	7.23731	7.13108	7.08908	7.83668	4.95422	3.35083	3.32452	4.15002	3.98043	2.64667	6.17402	5.45438	1.66531	1.64106	0.819573	1.21825	4.33193	3.50714	2.64641	2.46612	3.68986	7.25116	7.08664	0.416968
ihec.chipseq.ihec-chipseq-containerv1.1.4.IHECRE00000810.3.9e9df775-6e31-4b38-8623-9e8c7d5df85e.fc.signal	0.49552	1.26547	1.15307	2.94847	3.22529	0.946313	1.85449	0.166471	2.26854	4.99252	1.53551	1.62469	2.18385	1.97383	2.5814	4.22481	3.42127	4.59158	6.17218	4.68934	3.83484	2.85156	3.98271	3.66361	6.76706	3.83003	1.63227	2.81655	4.21508	2.29807	4.2427	7.91459	5.86716	2.37678	3.4636	0.349057
ihec.chipseq.ihec-chipseq-containerv1.1.4.IHECRE00001990.1.66fe7e60-cc70-422a-8d7c-594c9a55eec8.fc.signal	1.91089	2.31505	2.15703	2.48276	4.26494	3.21185	4.47361	4.18898	4.45464	3.65718	4.78088	3.29288	3.64423	4.88081	3.81062	4.84574	2.15068	2.51251	2.29002	1.54231	2.27907	2.27736	1.99633	1.5195	1.88025	0.990675	1.2625	0.864558	3.05753	4.82268	6.07916	4.9154	3.72748	7.44125	5.33889	0.690141
ihec.chipseq.ihec-chipseq-containerv1.1.4.IHECRE00004610.2.7bdb9455-2f7b-4363-a63c-08451bdd557e.fc.signal	0.627713	0.690361	1.5211	1.54153	0.979682	0.801634	0.489598	0.6081	1.26134	1.14236	1.0071	0.595827	0.709668	0.737212	0.361315	0.512226	0.640381	1.36658	1.27171	0.975266	1.73797	1.07501	0.952871	1.36091	1.22377	1.88991	3.31939	1.43103	2.02343	2.12513	0.903959	0.751127	1.09864	1.9807	1.82738	0.535433
ihec.chipseq.ihec-chipseq-containerv1.1.4.IHECRE00003400.1.7fc89be2-980d-4ea6-a09b-d10627d38b89.fc.signal	0.0542185	0.713004	0	0	0.604262	0.232969	0	0.44978	1.09352	1.53447	0.939458	1.52869	1.31488	1.40059	0.481986	0	0.464214	2.2361	0.35783	0.123765	1.065	0.214383	0.602424	0.465944	0	0	0	0	0	0	0.899236	1.04463	0.306941	0.656915	0	0.192469
ihec.chipseq.ihec-chipseq-containerv1.1.4.IHECRE00001952.2.58ebbf7c-ff66-46f2-b210-b717cb3c6af7.fc.signal	2.01113	2.87332	0.958945	1.88115	2.60886	2.49791	5.67895	3.78424	3.7732	2.57122	3.04297	3.21794	4.02762	3.65714	4.08444	3.16248	3.34971	5.45867	3.92693	4.15408	4.55919	3.8696	3.67308	2.34862	2.43378	4.39331	5.10543	3.41004	3.928	4.34695	4.8365	4.19018	3.52921	5.25053	5.70141	0.188862
ihec.chipseq.ihec-chipseq-containerv1.1.4.IHECRE00001236.5.dd479f7b-7d31-4292-a54c-bd7a49572346.fc.signal	3.25941	2.74192	3.16591	2.9827	1.72608	3.01611	4.30256	3.73813	3.03905	1.31969	2.2914	4.70188	4.64662	2.55	5.29567	7.50414	2.40825	3.09569	1.95045	1.03391	2.59299	0.526515	1.27762	2.49994	1.25075	0.763746	2.2477	0.340403	5.07988	4.06492	1.31277	0.568219	1.47265	3.1354	4.80171	0.354978
ihec.chipseq.ihec-chipseq-containerv1.1.4.IHECRE00001009.4.f5f10dc7-df55-4739-a069-9976125518c2.fc.signal	1.51141	1.51133	2.07629	3.31647	3.27224	2.47006	3.52079	3.5217	4.12164	3.04644	3.76951	5.469	6.16907	4.3465	4.89012	7.0734	6.0013	5.31728	3.95207	3.55727	4.47471	2.33119	2.03433	3.08043	4.02972	2.48968	3.83186	2.94826	3.99196	4.00135	2.8157	4.19994	3.82117	5.61486	6.61877	0.163793
ihec.chipseq.ihec-chipseq-containerv1.1.4.IHECRE00000343.2.e10bdb64-0a71-475a-a46c-71845129ee7e.fc.signal	2.40066	2.19518	3.01669	6.23303	2.23155	6.24858	6.53162	7.43572	8.46759	6.84162	8.55018	8.84577	10.3237	11.8268	10.7021	12.7717	13.58	8.27426	2.675	6.32016	5.38685	3.54898	5.73728	6.22386	3.42644	3.34411	1.77624	2.01331	5.20038	2.95531	4.79312	6.89508	7.72201	8.78064	10.9179	0.479042
ihec.chipseq.ihec-chipseq-containerv1.1.4.IHECRE00003842.2.dde9814b-8b78-4af3-b9ef-87186b3ed1fd.fc.signal	0.769238	1.07489	1.1145	2.03639	0.939401	1.31339	1.56411	1.5275	2.12556	1.81473	1.48116	1.71197	1.4846	1.34634	0.568139	1.20814	3.08776	1.91329	3.08364	3.805	5.7936	2.75686	3.09244	3.02545	3.87543	3.16813	2.36964	0.799782	2.69783	1.58406	3.66673	3.97002	4.28129	2.32734	2.36054	1
ihec.chipseq.ihec-chipseq-containerv1.1.4.IHECRE00000321.2.34b4c08e-0c15-430a-a6c5-dc1cf4b41a2e.fc.signal	3.86421	3.11286	2.95656	1.80567	1.51277	0.565168	2.61804	3.7319	3.2256	4.48078	6.16436	4.0329	6.92093	3.07238	3.10255	1.21097	2.97844	4.65093	4.62056	2.91772	5.50847	6.09259	5.436	4.17854	3.04383	4.49291	1.07342	1.73278	2.99019	0.829938	1.94638	5.1879	6.46632	4.42684	5.26376	0.195122
ihec.chipseq.ihec-chipseq-containerv1.1.4.IHECRE00000236.3.5cbd82b6-3f49-4678-a37b-78e82b7626ea.fc.signal	1.57486	1.29616	1.56527	2.05047	1.9926	1.81614	2.19132	2.56825	2.74461	2.44351	2.50679	2.60143	2.73689	2.72354	3.04089	5.30215	6.46328	5.43101	3.21031	1.7426	1.15901	0.318004	0.904743	1.31681	1.53286	2.97445	3.70466	2.62162	3.66845	5.53997	3.92583	1.27554	2.36938	3.56932	3.67859	0.422764
ihec.chipseq.ihec-chipseq-containerv1.1.4.IHECRE00000237.3.2cba5936-f140-44e1-bb8c-03b1b31528e1.fc.signal	1.78429	1.70767	2.31842	1.76557	1.45655	2.38708	1.89374	1.67984	1.90418	1.43409	1.98442	2.33731	2.54382	3.18038	2.94386	3.86751	3.98311	1.30889	0.363697	0.0712985	0	0	0	0.0232738	0.455589	2.67232	3.80261	2.27359	1.88608	2.56786	2.12997	0.416312	1.02067	3.02581	3.85309	0.124294
ihec.chipseq.ihec-chipseq-containerv1.1.4.IHECRE00001482.1.18665c0d-6177-476e-bfd1-50a3da407753.fc.signal	2.01301	2.55927	1.88763	3.67605	2.95193	5.27313	4.55673	4.52136	5.11015	7.35005	8.30482	6.57416	6.28372	13.0495	9.95285	9.32876	11.779	10.1582	7.66726	6.75758	6.9142	5.79423	9.79202	6.88925	3.48032	2.41306	0.938553	1.98027	5.98624	3.81404	5.80685	7.81742	6.11506	5.92636	4.62135	0.232143
ihec.chipseq.ihec-chipseq-containerv1.1.4.IHECRE00000983.7.28efaa97-cdc8-4335-83a3-064d42b1fd10.fc.signal	0.397293	2.26214	3.3643	2.04578	0.782419	7.72753	2.03292	0.880104	3.30253	4.77779	3.8103	8.69699	9.23139	5.08134	3.07336	2.99636	4.65704	2.60943	3.42525	3.77159	7.15791	2.31936	0.861965	4.29037	2.74189	0.996967	0.661679	0	1.69647	0	2.74909	0.564054	2.08107	6.1159	3.6086	0.157895
ihec.chipseq.ihec-chipseq-containerv1.1.4.IHECRE00000243.3.f32467cb-d7e9-4f5b-9c6b-68e4e838bc49.fc.signal	3.16053	2.14596	1.76967	2.32294	1.43762	1.67567	2.83218	2.63139	2.55504	2.02581	2.72318	2.17	1.87866	2.21489	2.43334	3.46188	2.62139	1.79982	0.710426	0.223507	0.263001	0.102266	0.350562	0.950058	0.790284	1.83885	2.68437	1.41379	1.18162	1.17444	0.906021	0.299317	1.08735	3.19884	4.12328	0.5
ihec.chipseq.ihec-chipseq-containerv1.1.4.IHECRE00000229.3.88fcdf4d-dd2c-424a-91c6-ca3469132544.fc.signal	2.67498	1.50616	2.93236	3.15573	2.0994	2.813	2.95891	3.46412	3.73665	2.14783	2.13245	3.20364	2.99074	2.85818	4.10735	4.94874	2.11419	1.7596	0.866645	1.78387	2.52761	0.569348	1.79805	2.17485	1.22679	2.34968	2.56345	1.42946	2.60627	3.75551	2.17556	0.561295	2.95586	4.53233	3.87481	0.28827
ihec.chipseq.ihec-chipseq-containerv1.1.4.IHECRE00001935.1.43a724cd-c3b0-46db-9b56-bc285ebfa0a4.fc.signal	1.73149	3.71342	4.65374	3.23522	4.85398	7.11998	7.00628	8.62063	8.61439	6.0648	10.2998	10.0586	6.77884	9.69184	10.3634	8.51524	5.59248	6.50973	5.43422	6.43807	6.81626	4.99386	5.13028	5.23093	5.54511	5.05294	3.60758	2.51315	8.69801	5.34267	4.28276	4.91557	6.61466	9.32128	9.52264	0.321503
ihec.chipseq.ihec-chipseq-containerv1.1.4.IHECRE00000240.3.309e9998-5ade-4caa-9bdd-4c0118af9852.fc.signal	3.15981	2.33862	2.64293	2.49406	1.99076	2.47584	3.23107	3.3359	2.68058	1.7066	3.36082	3.88854	2.98532	3.302	4.27637	5.40113	4.36172	2.70419	1.96057	1.48832	0.96352	0.813794	1.00761	0.910197	0.992082	2.33441	4.99126	5.73039	3.66599	4.72583	2.81367	0.664243	1.66385	3.78715	4.10604	0.482866
ihec.chipseq.ihec-chipseq-containerv1.1.4.IHECRE00003836.3.9aa71da8-fe78-48e5-b5e7-94900a3e3afc.fc.signal	0.726723	1.63213	1.37394	1.48451	1.91778	1.93329	1.03494	0.940158	1.64343	1.29845	1.66772	2.14688	1.37812	0.831782	1.18456	1.82955	2.42475	2.36714	2.01288	3.05734	2.39783	2.00744	1.49004	1.7469	2.187	0.990892	1.53675	0.640823	2.01348	2.19525	3.02715	3.12913	2.71141	2.25852	2.43227	0.688344
ihec.chipseq.ihec-chipseq-containerv1.1.4.IHECRE00001905.1.4d60b2bb-7496-4719-a8ca-5aac334b58d2.fc.signal	2.03097	2.67109	3.16875	3.39611	4.8508	4.78625	3.75182	6.55293	8.96718	5.03214	8.15265	12.4685	13.4991	13.5429	13.9823	10.0964	5.52555	8.22888	5.25447	4.58926	3.66073	3.05262	2.89469	2.16385	5.26819	6.62035	4.12542	3.08123	6.04127	6.60221	6.39216	6.7775	9.04878	10.362	12.1618	0
ihec.chipseq.ihec-chipseq-containerv1.1.4.IHECRE00004609.2.6c3f44c6-62c9-4da6-9a58-7978db5e3bda.fc.signal	1.37508	0.780959	1.02398	2.05191	1.09938	1.51355	1.72711	0.592407	0.708518	1.6371	0.805659	0.905495	0.86337	0.966994	1.23142	1.13814	2.02045	2.15855	2.37495	1.35057	2.53751	1.59394	0.891039	1.96165	2.01508	1.82853	1.35405	1.44735	1.8898	1.9983	1.23603	1.2031	0.995151	0.890956	0.612951	0.619149
ihec.chipseq.ihec-chipseq-containerv1.1.4.IHECRE00004888.1.02118243-425c-40d1-bfb1-ec1fb9f638e9.fc.signal	3.21862	3.54857	3.59195	1.80172	3.6215	4.90928	6.06107	4.48852	2.71078	1.17377	2.92592	5.11913	4.85115	4.63687	4.58309	5.12402	4.72361	5.30123	4.09594	3.48095	4.41497	1.95433	2.07364	3.41615	3.24579	1.81124	1.65547	1.20595	6.63046	1.98791	3.1321	2.82868	3.5462	7.22618	7.74563	0.285714
ihec.chipseq.ihec-chipseq-containerv1.1.4.IHECRE00001964.2.c9581d4d-c873-4911-9ee7-7d9f4821621a.fc.signal	2.06426	1.78907	1.2111	1.72056	1.63469	3.03377	3.25611	3.42917	3.30432	3.0393	3.39472	2.97866	2.09745	3.41245	3.88561	2.60494	1.86761	2.19286	2.24588	3.41617	3.86609	3.01693	4.68447	4.40936	2.30604	2.04896	1.72851	1.66459	2.70378	2.52461	2.77888	3.08119	3.84729	2.98338	4.29043	0.313253
ihec.chipseq.ihec-chipseq-containerv1.1.4.IHECRE00003813.1.6691e14a-7458-41f2-935d-5eff68a0a0fe.fc.signal	2.59351	1.85285	3.71914	4.21753	4.83431	5.28939	6.62375	7.23296	6.56939	4.42109	6.68296	7.04324	7.41619	8.7714	4.46945	5.69207	8.44699	6.02996	6.26184	6.80287	7.01579	4.43555	3.41386	4.64963	4.03867	4.72508	2.73504	2.32566	4.88399	3.57364	5.64567	6.64972	5.84403	6.52055	9.52501	0.261538
ihec.chipseq.ihec-chipseq-containerv1.1.4.IHECRE00000121.3.e9ec476a-ba27-4442-9d25-8e1fc0abb738.fc.signal	2.15316	3.29713	5.5422	3.21677	4.54484	6.05809	4.59795	6.92979	6.73859	5.16189	6.70292	5.44625	7.20415	7.64539	9.31526	8.63758	4.3283	5.12515	2.84629	2.45475	2.82337	1.4302	3.24114	6.57319	4.1838	1.78224	0.805467	1.9729	4.88417	4.2177	3.85343	3.88783	5.93475	7.79834	6.98258	0.436893
ihec.chipseq.ihec-chipseq-containerv1.1.4.IHECRE00000246.3.ce270c8d-29f4-452f-bda1-9304aa0691fd.fc.signal	1.29354	1.86455	2.09678	1.91031	1.32588	1.85841	3.5413	3.85815	1.85958	0.897196	1.28914	1.08259	1.18226	1.50045	1.89143	3.18233	3.62626	2.40523	0.748006	0.0308013	0	0	0.019574	0.0917072	0.332783	1.94397	2.60227	1.78535	2.32192	2.99454	1.2548	0.311562	1.69792	5.08161	6.36909	0.256716
ihec.chipseq.ihec-chipseq-containerv1.1.4.IHECRE00001900.1.dbb73ee4-8810-4120-8cbd-bc932140ca51.fc.signal	2.50208	2.12803	2.22513	2.46832	2.87772	4.56077	4.68751	5.8029	5.80072	4.83921	6.28305	5.80292	5.70494	6.74574	9.08268	11.6302	9.64279	7.53429	7.58953	6.17319	6.30252	5.47584	4.74601	2.70227	3.23181	3.45328	2.19925	2.39654	4.36571	5.87023	5.71933	5.4868	5.90104	6.85887	7.3256	0.495327
ihec.chipseq.ihec-chipseq-containerv1.1.4.IHECRE00001852.4.7de26b70-374a-4d7c-b754-070af0779bd1.fc.signal	0.637287	0.890042	0.66367	0.903382	0.929468	1.05545	0.621473	1.23848	1.29703	1.92398	1.39126	1.41381	1.52926	1.06759	0.895	0.586116	1.1325	1.29404	1.30006	1.2855	1.80829	1.83974	1.23642	1.10123	0.435672	0.640944	0.348441	1.24293	1.23771	1.05426	0.815024	0.888221	0.600923	1.21861	1.33165	0.462687
ihec.chipseq.ihec-chipseq-containerv1.1.4.IHECRE00004884.1.e1f8eaf0-5c3e-4eb2-b864-0330dfef44b8.fc.signal	1.29893	1.40529	1.55166	1.40427	2.93522	2.19087	2.90208	4.25471	5.73174	4.17722	5.51241	2.82035	7.24727	4.21247	8.74141	5.86396	7.30361	2.71518	3.0764	2.63353	3.68745	1.74823	2.28277	1.24217	1.14729	1.11477	0.0696683	0.782741	1.98125	4.45948	4.16512	1.5081	1.97115	1.57944	2.03707	0.33564
ihec.chipseq.ihec-chipseq-containerv1.1.4.IHECRE00001335.1.c1c96665-13fc-49fb-b0cf-b02c0ce3eb01.fc.signal	5.86247	5.26365	4.30666	4.25696	3.97215	5.79165	6.47186	6.26422	4.92133	5.04708	6.4388	13.6875	11.2451	7.38941	11.2359	14.9015	11.8494	8.72065	7.62768	4.93773	5.93622	4.54157	5.12417	8.00901	8.61985	7.65993	2.09812	3.73915	2.55205	2.32884	6.75304	7.65325	4.41118	7.93954	8.82542	0.363636
ihec.chipseq.ihec-chipseq-containerv1.1.4.IHECRE00000234.3.d628a7a7-c77f-436d-8ccd-d018c7458990.fc.signal	0.828354	1.0053	1.3685	1.3263	0.901749	1.06566	1.30181	1.50344	1.55134	1.08346	1.05313	1.16323	1.3642	1.22997	1.09174	1.57499	2.00267	2.09795	1.68758	1.00152	0.776496	0.0999682	0.768127	1.54214	0.720624	1.13482	1.39356	0.553333	0.576702	1.29824	0.837555	0.0536959	1.08814	2.25076	2.05037	0.357595
ihec.chipseq.ihec-chipseq-containerv1.1.4.IHECRE00000228.3.eab68876-e57f-4e6d-b66b-00c271b4eee3.fc.signal	1.13315	1.47365	1.67996	1.79024	1.9359	2.32406	1.85682	2.0253	2.393	1.30722	1.36255	1.4313	3.05533	5.55647	6.22822	4.80041	3.67046	4.05895	2.41855	0.252323	0.0006318	0	0.317963	0.696456	0.805385	2.38661	2.88996	2.32584	2.53959	3.13637	2.21271	0.622296	1.48596	4.76331	4.99751	0.555556
ihec.chipseq.ihec-chipseq-containerv1.1.4.IHECRE00003716.2.3596bec7-569c-4ea1-9600-217bd128de1a.fc.signal	2.75636	2.10874	4.52669	4.8037	2.70538	2.60243	5.16184	3.29516	3.37903	2.82104	3.41253	5.65759	3.44529	3.77143	6.69996	4.84566	4.22395	4.39469	4.29071	3.82578	4.952	2.44581	1.684	4.7615	2.32018	2.16831	0.483624	1.14623	2.35008	1.33032	2.60919	3.50081	4.36698	5.22591	4.6949	0.393939
ihec.chipseq.ihec-chipseq-containerv1.1.4.IHECRE00001875.2.3cf78ad3-7b65-4d3f-ad1a-54ef36e9f84b.fc.signal	0.241374	1.41296	2.47778	2.97331	3.98785	1.1511	1.56261	6.66519	3.86238	0.320156	0.659995	3.09471	3.38407	1.5854	1.6348	3.88548	5.95618	5.64589	4.71948	3.31952	10.4253	3.56931	3.04274	5.28692	1.23283	0.833941	0	0	2.62534	1.26994	1.13987	1.24378	3.0719	3.62519	4.16177	0.29771
ihec.chipseq.ihec-chipseq-containerv1.1.4.IHECRE00000152.3.82c5eb6b-94f5-436e-9a8c-a2c4b0dd0ad2.fc.signal	2.41027	5.1354	5.90219	3.94173	1.64873	4.86292	9.38279	9.10635	6.40783	5.03757	7.93719	5.91621	7.49656	8.16296	6.1985	5.30538	5.01306	3.15345	3.25642	2.78435	4.25264	3.48229	3.86176	4.70912	4.50315	4.81024	2.08219	2.9747	4.6687	4.88256	8.23317	7.98518	7.22823	10.5789	11.8785	0.475248
ihec.chipseq.ihec-chipseq-containerv1.1.4.IHECRE00003812.1.473c7819-46e8-400e-9bbd-6a85f00dc5a7.fc.signal	4.54801	4.86857	4.31449	3.217	3.80009	7.79224	6.9409	6.4441	7.45864	5.55039	7.37987	7.84129	7.4225	10.0959	13.5997	14.2693	10.1914	8.24079	7.32229	8.84267	7.82909	3.44808	5.28822	7.88301	5.70454	3.32833	2.08397	1.94134	4.15518	2.83661	6.86654	5.02454	5.49864	10.6456	10.7993	0.521127
ihec.chipseq.ihec-chipseq-containerv1.1.4.IHECRE00003822.3.eda10e48-105b-4e9a-8f60-553c1509df8f.fc.signal	0.858958	0.925424	1.27078	2.21537	2.24402	2.04435	1.71398	1.25366	2.05293	2.47008	3.39041	2.02693	2.05157	1.27426	1.37401	3.24658	3.22309	3.55916	3.60229	2.71636	4.42066	3.85535	3.55175	3.8812	3.513	2.13051	2.29494	0.707133	1.27698	1.64623	3.12939	4.25912	3.40239	2.62862	3.54582	0.671642
ihec.chipseq.ihec-chipseq-containerv1.1.4.IHECRE00001002.4.6ef6e344-86f3-4f04-92f8-daa352b5ef4d.fc.signal	0.822702	0.520104	1.5438	1.36828	0.637462	1.43445	2.39021	1.51008	1.98886	0.920982	1.45679	1.32673	1.17708	1.27616	1.05115	1.49824	1.21112	1.18429	0.92719	0.757737	0.732772	0.171973	0.729482	1.74148	0.656857	0.549336	1.2775	0.581283	1.36387	2.11129	0.764593	1.06474	1.87136	3.19957	4.16192	0.427918
ihec.chipseq.ihec-chipseq-containerv1.1.4.IHECRE00000153.3.50797fd4-7103-44b7-91ec-249af3af060d.fc.signal	1.37989	0.570429	1.9112	0.278582	1.64939	2.7992	6.06262	4.69625	2.39232	1.79536	2.32182	1.51955	1.71747	2.46754	1.60302	1.72463	1.34935	2.11125	2.09754	0.741018	0.919971	0.725845	1.49479	0.383162	0.561016	0.0397974	0	0.508522	0.866699	1.06569	1.03473	0.483839	1.14001	0.737839	0.70951	0.396552
ihec.chipseq.ihec-chipseq-containerv1.1.4.IHECRE00000942.6.d1423850-21d9-4937-a8c0-bd929b9ce5af.fc.signal	3.85292	2.18002	2.58035	1.75593	0.0319194	2.70559	1.50157	1.92234	6.76287	2.23318	0.824427	8.35594	5.94194	2.86347	8.32546	9.18511	3.50094	2.6979	0.627877	2.62636	1.62411	0.229497	2.79872	5.71147	0.772034	0.341099	0.279665	0.448624	5.0392	0.210344	0.43068	0.281983	0.805568	2.02247	6.66073	0.336283
ihec.chipseq.ihec-chipseq-containerv1.1.4.IHECRE00003687.3.9a4057a4-e12c-4d7b-b060-e24f27faf568.fc.signal	0.961536	1.40395	2.09467	2.04597	1.39578	2.45723	2.53646	2.44962	0.971619	0.687676	1.7455	2.00597	2.23958	1.78333	1.89566	3.67941	3.13316	1.93087	0.494191	1.05976	1.23769	0.762161	1.64328	2.60539	0.899648	0.680059	1.82928	0.614957	3.33733	4.05587	2.04541	1.24088	2.28545	4.23346	5.96822	0.125874
ihec.chipseq.ihec-chipseq-containerv1.1.4.IHECRE00001888.4.29b3864c-f328-4f09-81c3-fb99bd048848.fc.signal	2.20434	2.77052	2.19492	0.769185	1.68679	2.86517	3.55214	2.60587	3.0356	1.85791	4.50715	1.76763	3.04994	1.99404	3.30746	3.06227	4.3222	2.27395	1.99603	3.57902	3.10136	3.17612	3.81806	6.01957	3.6441	3.49819	0	1.66437	2.6786	0.699174	6.69525	7.77714	1.63535	1.85868	2.75628	0.174468
ihec.chipseq.ihec-chipseq-containerv1.1.4.IHECRE00004608.1.932e0a0c-709e-4631-95af-583a27cb7950.fc.signal	0.597561	0.950857	0.793805	0.494697	1.0323	1.38544	1.03221	2.34089	1.81416	1.56385	1.64162	1.75905	1.39241	0.499603	0.68438	1.16089	2.20166	1.48629	1.06647	1.89385	2.0116	0.453499	1.13757	1.51021	2.58164	0.774582	0.567418	0.639064	1.54011	2.00915	1.00721	1.5132	2.52639	1.48783	0.209701	0.419075
ihec.chipseq.ihec-chipseq-containerv1.1.4.IHECRE00003683.3.73c26a8d-02d6-4ea5-b361-6e62367bb307.fc.signal	0.517134	0.575629	0.878672	0.945569	0.694188	0.78268	1.41324	1.70507	1.63413	2.48652	2.4998	1.5825	0.866045	0.657245	0.715707	1.32427	1.9841	2.80913	2.53841	2.08229	1.5849	2.12463	2.37946	2.23274	2.09225	1.35456	1.1756	1.4711	2.68524	3.78282	3.18723	1.86021	1.63718	1.72989	1.51423	0.419355
ihec.chipseq.ihec-chipseq-containerv1.1.4.IHECRE00001235.5.aea2aa2c-6af2-475c-9bb0-3fdc6d0339b3.fc.signal	2.36474	2.04121	2.85365	3.28893	2.56752	4.3261	4.51908	2.1413	3.57946	0.856805	2.27644	3.16652	3.13015	4.14186	5.56183	5.20867	3.31915	2.11417	0.828427	0.906625	3.03151	0.237561	2.19284	5.77159	0.983642	0.48605	1.9797	0.633471	3.34904	4.21199	1.42619	0.537597	1.32961	2.65057	4.0025	0.197248
ihec.chipseq.ihec-chipseq-containerv1.1.4.IHECRE00004614.1.eddf4881-cfdf-4d09-8ca1-4766009011f8.fc.signal	0.755625	0.757049	0.534214	0.829711	1.02079	1.00369	0.607849	0.445799	0.567731	1.04254	1.09602	0.892381	1.14501	0.873844	0.569261	1.20485	1.96202	1.0695	0.904502	1.53967	1.35346	0.971893	1.10665	1.78046	1.48328	0.429189	0.38135	0.394145	1.47814	1.29433	1.26189	1.56604	1.57472	1.40631	1.00619	0.661538
ihec.chipseq.ihec-chipseq-containerv1.1.4.IHECRE00001013.4.bfd631c1-ff33-408e-83f7-24c85f85303b.fc.signal	1.2187	1.60799	2.20033	1.75707	1.81607	3.33011	3.34484	4.20031	5.58085	2.62624	4.31524	7.46242	5.01964	3.91254	4.45958	4.73739	3.70372	2.74409	2.4053	2.75603	4.20591	2.27348	3.27607	3.85105	2.52201	1.23809	2.71737	1.48705	4.38875	7.47653	5.15168	2.11915	3.51839	4.65975	5.04387	0.174757
ihec.chipseq.ihec-chipseq-containerv1.1.4.IHECRE00003843.4.c2fb6923-d2e9-4aa0-b49a-8c647a477130.fc.signal	0.861587	0.481161	0.640687	0.950911	0.94803	0.907952	0.429271	1.02363	2.14302	1.73095	1.58658	1.21539	0.657218	1.62493	1.87528	1.96442	1.83076	2.64849	2.76741	2.0593	3.45852	2.22789	1.92413	3.53636	4.0305	1.70657	1.33088	1.1906	2.30817	2.94307	2.87774	2.47332	1.2265	0.903901	0.827613	0.404167
ihec.chipseq.ihec-chipseq-containerv1.1.4.IHECRE00001854.4.36abf718-9256-42a8-9dd6-975bef0637c8.fc.signal	0.94292	0.807709	1.14546	1.62651	0.820296	0.766775	0.980145	1.90843	1.7418	1.51946	1.17669	1.13995	0.827885	1.35079	2.46253	2.36886	2.83443	2.5128	1.1669	1.20599	3.35829	3.60122	2.18401	2.71654	2.20409	2.32221	0.886371	1.96263	1.66836	1.59808	3.01551	2.16471	2.92011	2.57266	2.35372	0.592982
ihec.chipseq.ihec-chipseq-containerv1.1.4.IHECRE00001961.2.3b762a00-3a45-430b-9a03-047a2f48270c.fc.signal	1.65125	2.71542	4.76877	2.27435	1.52472	3.59949	5.50029	3.39316	3.45483	3.18307	3.74486	3.14478	3.59036	4.46928	3.16329	5.15322	4.7101	2.4006	1.52067	3.35133	4.00016	2.82677	1.87253	1.66216	1.87306	1.94658	0.942831	1.82865	2.59551	0.3116	0.690136	0.917047	1.71727	2.08955	2.59183	0.170163
ihec.chipseq.ihec-chipseq-containerv1.1.4.IHECRE00003692.4.f878ad9b-d6d3-4a62-ad1c-aebee9337a47.fc.signal	0.590762	0.623819	0.523068	1.58258	2.41718	1.72399	2.83137	4.15007	2.9162	1.8116	2.3143	1.67158	2.79067	2.18912	2.884	3.04577	4.10983	6.57975	7.1318	6.72955	4.65642	4.16955	3.5512	5.18803	6.70709	4.42124	4.89871	1.61636	5.10432	3.41288	5.56464	7.86092	5.28266	2.87869	1.26236	0.509225
ihec.chipseq.ihec-chipseq-containerv1.1.4.IHECRE00001878.2.0c107f79-35ef-4ad5-a762-22192d0ee4c1.fc.signal	2.63394	4.5122	4.0203	3.7059	1.60096	3.51817	3.56713	4.12412	4.56674	3.1408	5.51276	7.98725	8.23022	9.41359	9.04242	6.00648	3.72539	4.49344	1.84287	3.08506	4.05725	3.84552	3.41981	1.6952	2.24632	1.76379	0.359998	0.894788	1.0099	0.940044	4.36177	5.43031	4.3112	5.58247	7.63608	0.323308
ihec.chipseq.ihec-chipseq-containerv1.1.4.IHECRE00000226.3.6bd86a0d-9ca9-4cf3-b822-a5f283f5194f.fc.signal	2.62272	2.21606	2.11841	2.66856	2.21426	2.93985	3.42718	4.17028	4.26417	2.5016	2.09236	2.28584	1.7872	2.1496	2.22625	2.58489	3.00223	2.4836	1.62349	0.263496	0	0	0	0.0511981	0.398522	1.67692	3.0376	2.5838	3.27425	5.0909	3.74875	1.12348	2.79305	5.27446	5.67178	0.393443
ihec.chipseq.ihec-chipseq-containerv1.1.4.IHECRE00003833.4.0eee2def-7060-4652-bac9-21261028455b.fc.signal	0.411033	0.574117	1.32699	1.50191	0.622757	1.1278	0.630078	1.00624	3.56644	1.58964	1.6171	1.48118	2.16652	2.41978	1.28078	1.70222	1.91981	1.58093	1.00623	1.98088	1.57268	1.52847	1.56992	1.21618	0.904627	0.907912	1.25607	0.953249	1.10028	1.11024	0.896887	0.898063	2.19641	2.93241	2.04947	0.550505
ihec.chipseq.ihec-chipseq-containerv1.1.4.IHECRE00000055.3.510139c3-77ab-4865-bfdf-41696f4f603b.fc.signal	2.21612	1.72929	1.43516	5.13194	4.13291	5.56806	6.10054	3.95546	7.55092	5.91424	3.49225	8.74259	9.44434	8.86583	8.87039	4.19945	3.58954	5.30718	3.37041	2.01341	3.97651	3.38927	3.64147	5.7412	3.2834	2.4301	0.546144	1.42527	1.99884	1.45222	4.1004	5.24702	4.37444	3.96221	3.99593	0.477064
ihec.chipseq.ihec-chipseq-containerv1.1.4.IHECRE00001517.1.51f7a6e7-e584-46ff-92a5-bdc9cc73913e.fc.signal	2.44233	3.25804	2.33632	4.84899	3.40071	4.05484	4.07	1.69361	3.34238	4.0281	7.27177	8.604	9.38978	9.66716	6.18646	5.6561	5.67488	4.70342	3.08879	2.40498	1.99363	2.18811	3.22505	3.84861	6.3027	4.49103	2.28531	3.38818	1.67351	1.17969	3.72578	6.65397	3.27201	6.70411	7.89529	0.142857
ihec.chipseq.ihec-chipseq-containerv1.1.4.IHECRE00001019.4.29b9a930-c799-4888-ba4b-b384862d86c5.fc.signal	2.73867	2.07487	2.90775	4.18257	2.82428	2.42569	3.50167	4.49622	4.4142	2.29629	3.49354	4.0208	4.11381	3.6729	5.9339	7.5055	4.67217	3.44091	1.18847	1.34809	1.99964	1.21615	1.09639	3.80099	1.70556	1.2684	2.16159	0.808682	3.82758	5.04764	2.86765	1.56329	2.024	4.09804	4.56421	0.304688
ihec.chipseq.ihec-chipseq-containerv1.1.4.IHECRE00001851.4.1fdea0c8-02c6-49d5-977f-4ec727658eb3.fc.signal	0.556629	0.758448	2.33714	2.18546	2.12996	1.45722	1.50363	2.2629	2.89221	1.63406	2.54479	3.45557	2.58031	3.25791	2.91263	2.16637	1.67474	2.42253	2.13764	2.32342	1.71814	1.47065	1.45243	1.93139	1.03334	1.33816	0.371244	1.06183	2.19027	1.26123	1.46647	2.62016	2.22411	2.25043	2.22315	0.400966
ihec.chipseq.ihec-chipseq-containerv1.1.4.IHECRE00003679.3.f2c7bc19-404e-47af-b24f-cd6109044afb.fc.signal	2.17512	2.00324	1.57481	2.52881	2.61147	3.03064	1.8286	1.61498	2.61516	2.24983	3.31646	3.14557	3.19063	2.58765	2.54668	2.61504	2.7238	4.51371	3.46573	3.04305	3.99988	2.54838	2.29591	3.24207	3.15292	2.47131	2.51297	1.11927	2.72949	2.55494	3.33804	3.34136	2.86994	3.34004	2.99794	0.463357
ihec.chipseq.ihec-chipseq-containerv1.1.4.IHECRE00003845.2.7673cefe-afff-41e8-b1a7-d52d55271696.fc.signal	1.41597	2.0919	2.09398	2.97942	3.79859	2.50049	3.79926	3.18361	4.15982	3.72705	4.91852	3.02029	4.50469	3.67178	2.87469	4.8169	3.95116	4.4415	4.78595	4.57578	4.43515	3.10514	4.97912	4.69231	6.07855	3.82128	1.68254	0.825883	4.05069	4.17244	4.53507	6.15058	6.48497	4.33163	4.21795	0.833577
ihec.chipseq.ihec-chipseq-containerv1.1.4.IHECRE00004905.1.aa4ec0d5-3aea-4f13-89c0-cd2057b2cb93.fc.signal	0.744946	0	0.827717	1.98593	2.46662	0.283789	0.865826	1.82099	3.25176	2.45507	2.33868	3.77186	3.21629	2.15319	3.74709	3.53555	3.59467	3.85481	1.29108	1.64169	2.44376	2.96206	2.53637	1.8269	1.08214	0.59792	0.875015	0.0295613	2.29397	1.71456	2.42404	2.15798	1.11151	2.02304	3.31225	0.189542
ihec.chipseq.ihec-chipseq-containerv1.1.4.IHECRE00000013.3.eeae79e0-ee5e-42e1-9f29-f42824b74440.fc.signal	3.19362	3.49478	7.21822	4.38806	4.00654	3.26998	2.55122	3.98519	6.28644	6.08129	9.0593	8.41971	14.3364	10.3062	9.44125	14.9021	10.6739	9.36197	6.89872	3.40825	4.76702	4.03785	6.41493	4.4065	6.04267	3.17133	0.97497	0.796799	1.11851	1.34213	2.08426	5.90586	10.807	10.7524	10.9751	0.571429
ihec.chipseq.ihec-chipseq-containerv1.1.4.IHECRE00000233.3.d999326f-0bb9-43a3-80f2-21bc2de5bd70.fc.signal	1.06248	0.630933	1.48721	1.97163	1.57845	1.64137	1.82072	3.05803	2.85519	2.0812	2.22908	2.63233	2.58331	3.33966	4.06359	5.31788	5.06115	3.72836	2.2653	0.274884	0	0.0227916	0.255107	0.330488	0.416809	1.9163	2.44077	2.10788	4.15882	6.37677	3.48976	0.539901	1.28639	3.08793	3.15934	0.286624
ihec.chipseq.ihec-chipseq-containerv1.1.4.IHECRE00001039.6.92d75341-e28f-4aef-b49f-71fb4ab25e3c.fc.signal	2.82278	3.70819	2.21994	2.02929	2.73746	3.75537	5.07065	7.99822	6.33542	3.02834	5.89976	11.2015	7.20843	2.66742	4.75369	3.72465	4.81471	9.42982	4.97437	4.65233	7.26634	3.50396	6.56139	5.98533	6.50791	2.24604	0.546237	0.097029	2.79587	3.43423	3.86293	12.0721	8.74413	2.9663	2.98489	0.517857
ihec.chipseq.ihec-chipseq-containerv1.1.4.IHECRE00000315.2.fd6af78d-f0a5-47ad-b698-d7548dd4cbd0.fc.signal	1.55176	3.24377	4.83324	2.52638	3.45169	1.74076	0.0170616	1.30573	4.10063	3.8344	2.27958	1.88905	4.76557	2.99714	2.73998	2.59608	3.15542	1.61551	3.61671	2.33578	3.41757	3.94736	3.24209	1.77545	1.84674	2.37458	0.99374	2.47279	2.5479	1.59461	3.8883	5.48594	7.11168	7.42414	6.36641	0.506098
ihec.chipseq.ihec-chipseq-containerv1.1.4.IHECRE00003677.3.5aafa779-b4bd-44a8-aed7-d566d5881bee.fc.signal	0.770561	0.844289	1.83895	1.63692	0.867938	1.39315	2.09323	1.41875	2.23245	2.40138	2.08081	1.98197	3.18355	2.05911	2.34119	3.31802	2.96265	3.81486	3.5711	3.71945	2.77518	1.72036	1.42674	2.52407	2.74059	1.58151	1.27799	0.913665	2.71703	2.87491	1.72775	1.89681	3.23328	3.16008	3.07718	0.595611
ihec.chipseq.ihec-chipseq-containerv1.1.4.IHECRE00001973.1.f006c884-d6f7-470d-8586-314761e38a9f.fc.signal	2.19257	1.70945	3.70922	3.69658	3.23593	2.89355	4.04843	7.04366	5.94087	2.25772	5.15235	4.4984	3.81763	3.54896	4.9453	5.45881	4.96526	2.8691	1.95576	3.76044	5.59088	2.06011	3.78638	3.97015	1.7837	2.55124	2.60207	2.64538	4.64694	5.18046	4.41311	4.09154	3.38984	4.77144	5.66531	0.483871
ihec.chipseq.ihec-chipseq-containerv1.1.4.IHECRE00001914.1.7b3fd507-2fc8-4ffe-b558-9fa2ebdf70a9.fc.signal	2.57554	5.14363	3.9244	2.96062	4.63981	6.3479	4.16547	4.16297	5.68675	4.50887	5.31198	6.78567	8.82009	6.9865	7.22453	8.46428	7.37535	3.65582	3.4839	3.8465	3.41573	3.3484	5.29761	11.9321	6.79311	2.23523	0.842375	0.864702	3.75268	4.10225	3.66713	5.30258	5.6081	8.63318	8.89259	0.432937
ihec.chipseq.ihec-chipseq-containerv1.1.4.IHECRE00004602.2.6c8f75ec-1feb-4407-8677-6500a59fcb3e.fc.signal	3.21435	2.55294	3.07268	3.11004	3.827	3.23695	4.33954	6.68272	6.77004	5.36565	5.18523	5.28577	6.22641	5.65185	4.24143	4.91679	2.68055	6.42847	6.43748	6.89757	5.89209	2.83991	5.31399	7.23578	8.3262	5.61682	3.18017	1.29566	6.03357	5.59813	7.72828	9.1162	6.56912	5.29357	4.89921	0.183333
ihec.chipseq.ihec-chipseq-containerv1.1.4.IHECRE00001903.1.03a5399b-8198-4c5d-9733-643e52230ded.fc.signal	4.30466	4.77517	4.85434	4.13376	3.06254	5.3957	6.30302	7.73389	5.47808	5.37024	7.69781	9.15537	10.2744	13.095	9.81405	10.3903	8.52898	10.0338	7.76021	6.9859	6.0789	5.12054	6.31873	7.51266	6.78792	3.73696	2.3031	5.06015	7.55264	6.31007	6.50149	7.72896	8.49503	11.6567	10.7561	0.183505
ihec.chipseq.ihec-chipseq-containerv1.1.4.IHECRE00000969.7.cad1b677-714d-4048-b83a-e43043dafcdb.fc.signal	4.41532	6.5774	4.85855	4.65246	3.85948	3.66711	2.84406	1.56353	3.92903	2.85448	2.98262	10.6276	14.3781	12.2654	11.9795	8.59508	6.39377	7.22512	5.05251	3.64469	3.98376	1.95058	1.78884	4.62432	2.88624	0.932468	0.80243	1.3987	2.93065	1.96009	2.09015	3.42703	3.41844	5.23523	3.49646	0.260331
ihec.chipseq.ihec-chipseq-containerv1.1.4.IHECRE00001936.1.5334d23f-e014-40d2-bc7a-ac83a243daae.fc.signal	0.912031	1.33937	2.33023	1.7809	2.21393	4.78134	4.61861	6.36808	4.70642	4.80097	6.31895	7.98752	6.89749	9.015	9.34198	9.58894	8.54933	8.32324	5.87336	4.77863	7.41439	5.74611	4.72027	5.13578	4.3029	2.6435	1.8216	1.90927	6.73023	3.56524	4.0262	5.80915	5.50993	6.84569	6.91635	0.53211
ihec.chipseq.ihec-chipseq-containerv1.1.4.IHECRE00001904.1.214d1f33-bcb6-4ac8-b4dd-0158df3742ae.fc.signal	2.83984	3.59601	6.05952	5.13172	4.0542	7.47028	9.52703	6.99676	6.3596	3.49305	4.99804	8.51058	7.95851	13.3384	11.035	12.1951	8.61714	7.96525	8.46962	6.6414	5.139	4.01447	4.24388	6.71865	5.46403	4.12417	2.60209	3.19877	9.29191	4.97779	4.79648	5.94407	8.70396	12.2351	10.079	0.24878
ihec.chipseq.ihec-chipseq-containerv1.1.4.IHECRE00003396.1.caf1b051-51fa-44fc-a0cc-329416432529.fc.signal	2.6461	0.616452	0.828244	0.470454	0.697747	1.13435	2.19768	0.934126	0.619697	0.976169	0.513556	1.49569	0.93444	0.370494	0	1.9142	1.90836	0.946938	2.16412	1.30181	4.03068	2.10691	0.754961	0.795427	0.986006	0.298757	0	0.158571	1.15984	0	0.725798	0.583801	0.745052	0.883427	0.789044	0.226962
ihec.chipseq.ihec-chipseq-containerv1.1.4.IHECRE00003824.4.d400eb88-91a8-4354-8aa0-a7fcbf52ae8a.fc.signal	1.5104	1.45232	0.960326	3.30136	5.73455	3.93537	4.10188	6.15038	8.4778	5.26541	3.02594	2.0433	1.78374	2.65612	2.79845	2.71319	2.666	5.26525	4.95208	6.59006	6.59462	6.43751	5.08355	6.74339	8.13313	5.1979	2.69042	1.6159	7.42585	5.28085	4.97841	4.23336	3.50336	2.87964	4.09333	0.294643
ihec.chipseq.ihec-chipseq-containerv1.1.4.IHECRE00000244.3.139b0f99-dbed-4fbd-849b-3404a3da6f2d.fc.signal	0.793737	0.73862	0.803975	0.906592	1.34026	2.46984	2.27427	1.96895	2.00188	1.43621	2.17223	1.93919	1.32095	1.3659	1.45401	1.85401	2.6708	2.36591	1.45725	1.07115	1.03967	0.303401	0.935182	1.45742	0.667155	1.19958	2.10805	1.83319	1.90761	2.54988	1.56741	0.47075	1.82891	3.30548	3.46849	0.145161
ihec.chipseq.ihec-chipseq-containerv1.1.4.IHECRE00002067.1.2da68f5f-3fe3-4c64-8403-feb46554ae0b.fc.signal	3.16294	4.06961	3.55057	2.10048	2.55075	2.97311	2.23511	3.37321	3.06727	2.08922	3.27635	3.57813	6.78199	4.32336	5.74506	5.46547	2.45559	3.00597	1.76408	2.69975	3.25282	2.52462	2.72245	3.09026	3.04027	2.74832	1.27497	2.54994	5.05809	4.88073	3.12457	3.81075	5.50497	7.16334	8.9406	0.725
ihec.chipseq.ihec-chipseq-containerv1.1.4.IHECRE00001518.1.2f3a56ee-f43a-4986-9680-2b811deb8a83.fc.signal	3.30293	4.59901	6.73271	6.69526	4.72227	4.3076	6.10981	7.39462	6.7517	7.8676	11.6778	16.6781	14.2802	15.7353	16.9685	18.3392	16.7305	11.0626	7.6386	10.4762	11.8695	8.59982	7.46727	9.05385	8.677	4.7703	1.58498	5.19976	7.0327	6.35527	8.47222	9.45451	9.97033	11.8115	9.42151	0.314286
ihec.chipseq.ihec-chipseq-containerv1.1.4.IHECRE00003684.3.bc7bca89-1cba-4915-bcc7-e8d2a2d115f4.fc.signal	0.946175	0.673203	0.965155	1.55428	1.52277	2.18126	1.21575	1.84568	1.61711	2.03601	1.85335	2.01577	1.41153	1.55325	1.1031	2.04819	3.34581	3.33888	3.89591	2.73966	2.68391	2.27569	3.72458	4.41713	4.37392	2.21766	1.58193	0.987143	4.8038	3.42545	3.08881	3.44248	2.66234	2.1642	1.87045	0.673554
ihec.chipseq.ihec-chipseq-containerv1.1.4.IHECRE00003696.3.ffcc32fa-05fb-403b-ada6-3d600e152e76.fc.signal	1.33839	1.54946	2.41229	2.82289	2.15509	1.48961	1.91968	2.48223	3.08949	1.81845	2.20166	1.22768	2.61209	1.7364	1.96796	1.17075	1.67089	3.22704	2.16075	2.29581	2.47189	1.64313	2.34377	3.48624	2.66195	1.97047	1.28283	0.446224	1.6875	2.05646	2.12916	2.50227	2.72157	2.05554	1.20629	1
ihec.chipseq.ihec-chipseq-containerv1.1.4.IHECRE00000279.2.570864b7-29a3-40ea-baac-7976c9f819cb.fc.signal	6.05592	3.10932	6.1563	5.52463	3.88788	5.28035	7.00019	6.3166	3.15357	4.06076	11.9294	13.3576	11.3882	19.0144	19.9646	16.4004	12.7007	9.2792	6.20987	5.5872	6.11612	1.37779	3.37986	8.25998	5.06318	4.46261	1.70449	3.52445	8.27817	2.32951	4.87914	5.18619	6.77853	12.6569	13.3786	0.445312
ihec.chipseq.ihec-chipseq-containerv1.1.4.IHECRE00001008.4.6b4448d0-5f4c-4811-8e37-23e51bce62f5.fc.signal	3.41306	2.02028	2.21881	2.22948	1.86091	3.2613	2.44045	2.79915	5.64433	2.0636	4.56099	5.70851	4.41641	4.01806	4.70044	5.62385	2.2599	3.56647	2.63736	2.93809	2.76734	1.55024	2.03023	3.01664	1.39243	2.38174	4.8524	1.46439	3.88787	2.56404	2.24383	2.69623	2.44497	2.68793	4.74058	0.196172
ihec.chipseq.ihec-chipseq-containerv1.1.4.IHECRE00000099.3.caea98b3-0220-46f7-b579-baa97f11da22.fc.signal	3.63484	3.69688	2.78129	0.749777	3.27435	6.54359	3.64314	5.38445	10.7877	5.39687	2.37247	5.11912	8.17855	8.75174	9.81271	12.433	7.22163	3.91932	6.17258	7.94654	3.10491	2.44668	5.66823	2.69522	1.91211	3.95893	2.18235	3.80705	5.10128	1.49734	2.99052	2.84143	3.40314	3.8454	5.04253	0.429907
ihec.chipseq.ihec-chipseq-containerv1.1.4.IHECRE00000283.2.9080e1c9-8ce0-4289-882a-819c1e1b60b1.fc.signal	0.475301	1.32442	2.01723	2.01074	2.53477	2.5713	2.52097	3.1581	4.8636	3.62306	2.36398	3.96474	5.18726	5.10584	7.90387	11.2798	7.541	6.00968	5.8227	3.31881	2.06432	2.2903	2.98103	3.31568	2.73468	3.04665	3.47461	1.24137	3.10462	5.11468	2.69222	2.71311	4.90587	5.43598	6.27002	0.526316
ihec.chipseq.ihec-chipseq-containerv1.1.4.IHECRE00003682.3.aaa0b154-2777-4a76-a919-829c05cb2aa5.fc.signal	0.950545	1.22689	1.10091	1.83871	1.78845	1.72888	1.84866	1.27164	0.995404	0.851252	1.61482	1.41894	1.0415	1.08877	1.16598	1.39852	1.7324	1.62643	1.45059	2.01156	1.97424	1.59031	3.37622	3.96999	2.79566	1.81389	1.22684	0.663643	1.71477	1.75553	1.87371	2.68567	2.27686	1.19653	1.17429	0.57294
ihec.chipseq.ihec-chipseq-containerv1.1.4.IHECRE00001546.1.07cc470f-4616-4484-aadf-0c38eea20b82.fc.signal	1.15292	1.87612	2.6131	4.58069	5.10633	6.75883	5.91164	8.62043	9.9486	6.68367	8.48781	11.3739	12.9447	12.6184	12.5216	13.8825	13.8186	10.0751	7.8074	5.91282	3.50339	3.47288	3.13814	1.99063	3.14164	4.41144	2.90104	4.24154	6.11931	2.90359	4.0945	3.08502	4.30099	8.45425	11.278	0.304348
ihec.chipseq.ihec-chipseq-containerv1.1.4.IHECRE00003810.1.e1477c7f-dd1a-410b-b9aa-d42121abe54b.fc.signal	3.00763	2.94452	2.82862	4.46115	3.57247	5.86125	8.65775	7.55459	8.50743	7.01311	9.64496	9.56698	9.34101	11.9667	12.873	10.4268	7.80637	6.27323	7.14687	6.07118	9.24128	7.5978	5.85062	7.17042	3.87752	2.71585	3.25882	4.22109	4.22107	4.23134	5.03788	6.82723	7.96721	9.05532	9.55371	0.418994
ihec.chipseq.ihec-chipseq-containerv1.1.4.IHECRE00001908.1.67529c4a-d5d0-4903-8a4f-92278403d9f7.fc.signal	2.51888	2.65838	2.94265	3.04958	2.75947	4.7408	4.905	6.13778	8.49889	6.11381	10.1077	9.9068	12.3579	8.86636	8.58127	10.9472	8.16461	5.30359	4.07952	5.85747	5.79513	4.13304	4.94106	4.15858	2.42114	2.78355	2.0989	3.51923	5.74774	4.16891	5.92784	5.30995	5.69644	6.82817	9.30717	0.244755
ihec.chipseq.ihec-chipseq-containerv1.1.4.IHECRE00004604.3.ac9c59ba-752b-4ad7-b659-fe5b8abc0ae0.fc.signal	0.556587	1.58052	1.61903	1.31964	1.70447	1.25483	1.65199	3.36352	3.95549	2.19934	1.95821	0.635795	3.12426	2.81508	3.48881	2.37671	1.68642	3.4457	3.26289	2.21578	1.86284	1.33356	5.25213	3.87376	4.81	1.78084	1.86049	0.377426	3.22728	6.34313	4.70685	2.68309	3.13966	1.57441	2.96443	1
ihec.chipseq.ihec-chipseq-containerv1.1.4.IHECRE00002063.1.5cbd3cd5-dc33-49dc-ae71-41bb3114f33a.fc.signal	2.40215	1.50878	2.19987	2.16608	1.68264	1.15863	1.76172	3.45121	3.32439	3.39839	1.50211	3.56221	2.57211	2.16197	2.70348	1.74466	2.25057	1.99495	1.02937	1.90908	2.28511	0.756752	1.66564	5.02263	3.28032	2.94385	1.9291	1.40758	2.67959	2.26383	2.61615	2.97907	2.72717	3.03897	2.95763	0.611111
ihec.chipseq.ihec-chipseq-containerv1.1.4.IHECRE00000221.3.05a353b1-f31c-4062-a970-e6b8e8cfe9a3.fc.signal	1.62318	1.64285	3.21493	2.80867	2.73705	4.89313	5.75107	4.44147	2.44021	0.670323	1.36535	1.643	2.43092	2.7808	3.55157	3.3303	2.43488	1.58856	1.01041	0.478669	1.14109	0.671093	0.821908	0.910521	0.650572	2.42747	4.07316	2.72587	1.11073	1.74045	2.95721	1.02835	2.50049	4.76951	5.6113	0.491758
ihec.chipseq.ihec-chipseq-containerv1.1.4.IHECRE00003809.1.4a2441ca-55cf-47d7-babd-5b4be2878b1b.fc.signal	3.31603	4.18276	5.16156	5.58069	5.17731	5.48135	8.71388	9.93165	9.7203	9.40159	9.07504	7.79639	7.80297	8.56008	10.9017	13.0538	13.2579	12.3201	9.22641	6.45922	5.95445	4.58039	4.25815	4.59327	4.46712	3.90629	3.68425	3.571	3.48673	3.20595	4.90252	6.44112	8.60108	9.77971	7.91837	0.441379
ihec.chipseq.ihec-chipseq-containerv1.1.4.IHECRE00000298.2.ce12d455-2495-4a8c-afeb-20e007471704.fc.signal	2.22924	1.80179	4.12467	3.61734	4.18756	7.39298	7.6099	6.67501	6.39456	5.2016	9.32014	10.3098	10.0555	8.24122	8.65416	12.0763	7.0913	6.06558	8.03237	8.02725	9.19148	3.69241	5.86707	7.06395	4.3266	3.39549	0.807753	3.88159	6.42821	1.71642	4.81272	7.26961	5.2304	4.68269	5.51101	0.295652
ihec.chipseq.ihec-chipseq-containerv1.1.4.IHECRE00001965.2.d0a3ffb9-3082-49ca-b6e4-071c93be50ea.fc.signal	0.868664	1.63916	1.4936	1.38419	2.05206	2.60111	2.7326	3.1932	2.93289	3.64964	3.61421	3.49974	4.04409	2.66722	3.49872	2.49804	2.83908	2.80928	2.71285	3.81383	3.86085	3.10456	1.70015	2.12739	2.44498	2.50327	2.56782	2.40766	2.83086	3.55646	3.16728	2.59568	3.4759	3.49695	2.91245	0.290761
ihec.chipseq.ihec-chipseq-containerv1.1.4.IHECRE00003691.3.cb518c97-2905-470f-ae3d-4e16b45f68a4.fc.signal	0.353831	0.401757	0.840029	1.2824	0.900483	0.735025	1.56186	1.46234	1.14116	1.41669	1.88371	1.64871	1.25274	1.22574	1.34618	1.287	1.12076	2.564	1.87682	1.68198	2.29548	1.65951	2.26161	2.49464	2.48677	1.5322	1.18562	0.757797	1.9356	2.17058	1.43923	2.31252	1.74661	2.38202	2.2142	0.593525
ihec.chipseq.ihec-chipseq-containerv1.1.4.IHECRE00001966.2.b1abd689-f97d-4cbd-88da-9a4dcf233100.fc.signal	3.69874	3.42779	3.69715	5.11258	4.11611	4.36505	3.34254	5.12277	3.64791	3.19323	6.10243	8.8668	9.94134	6.6818	8.02542	6.81595	5.24091	3.34096	3.55053	3.73146	5.25674	2.61399	3.82515	4.66055	3.79589	3.391	0.892157	1.85762	2.75893	0.776717	1.31203	3.94138	2.97469	7.41035	9.45933	0.277533
ihec.chipseq.ihec-chipseq-containerv1.1.4.IHECRE00001488.1.9c87582b-a516-48aa-abd1-be5f17779ae6.fc.signal	2.65727	2.23641	1.75935	2.77767	2.23061	3.66183	4.38152	3.68365	4.44475	6.78259	8.97871	8.35829	7.22476	5.3979	4.18199	7.72203	11.0382	6.94675	5.32224	5.04398	5.70595	5.94666	5.32871	3.74722	1.71063	2.18907	0.501505	0.719428	3.38122	2.09414	5.13981	5.40592	2.50809	2.11814	4.36284	0.314159
ihec.chipseq.ihec-chipseq-containerv1.1.4.IHECRE00002005.1.40074ae6-828f-47d9-a397-b67f6a5032c3.fc.signal	3.38525	3.62957	3.88373	5.88275	3.02903	4.29072	5.00203	6.05938	4.85584	3.00365	2.70202	5.49208	5.04748	6.54535	7.14974	7.9308	5.99164	6.36464	4.77087	2.33436	2.72761	0.892828	2.63596	5.05457	4.23285	2.50375	1.69059	3.10005	5.34356	4.60172	4.68333	2.67435	4.39244	6.67664	8.59553	0.596899
ihec.chipseq.ihec-chipseq-containerv1.1.4.IHECRE00003817.1.366ce028-dbb5-4000-adeb-5cae508bdd78.fc.signal	1.54548	2.76472	3.7746	4.74669	4.26487	5.98501	7.54249	9.62339	9.13988	6.77146	9.39552	11.3594	12.5149	13.0748	13.7632	15.6381	13.477	13.3112	10.3152	11.492	7.83297	4.46771	5.89534	7.14906	6.88476	4.48099	3.51552	4.31117	7.54595	7.00124	8.93006	8.63939	8.94166	10.346	12.1946	0.415094
ihec.chipseq.ihec-chipseq-containerv1.1.4.IHECRE00000231.3.78266b2b-9a41-44a4-9745-bcbbd01d3076.fc.signal	1.27596	1.34763	1.74768	1.96186	2.01854	3.55942	4.13208	3.30373	3.65711	2.65329	2.28639	2.88195	3.39814	3.57832	4.37908	5.84818	5.33328	4.42353	2.51644	0.238732	0	0	0.0383297	0.113938	0.355947	1.70024	3.02124	2.80651	4.76889	5.34621	2.30292	0.492028	1.80471	3.74564	4.03658	0.376404
ihec.chipseq.ihec-chipseq-containerv1.1.4.IHECRE00000728.1.2c941d97-c858-4987-b87f-33dddbc34e2b.fc.signal	1.72269	1.25017	0.968616	0.712962	0.948644	1.93327	1.90412	1.80943	4.66822	2.61836	3.15262	3.11629	2.71713	3.95294	2.67492	2.04359	2.96274	4.38084	3.28762	2.90126	3.21942	1.85058	2.18549	1.41429	2.24846	3.5815	2.35441	2.07427	2.1127	3.38492	2.83153	2.13003	3.70568	2.37174	1.01855	0.25
ihec.chipseq.ihec-chipseq-containerv1.1.4.IHECRE00000224.3.91059aa1-cc7c-4c6a-8c0d-23bf4bfa5cae.fc.signal	1.85741	2.53004	4.35106	4.48381	2.38118	3.4845	3.14398	3.24714	3.40381	2.42626	3.98192	3.68859	3.45634	4.63857	5.45292	5.84555	5.05313	4.26564	2.86264	0.830119	0.636727	0.323444	0.497922	1.00348	0.976094	3.36182	3.55256	2.6175	3.83722	5.45429	3.05919	0.414213	1.70671	4.15302	3.34133	0.15873
ihec.chipseq.ihec-chipseq-containerv1.1.4.IHECRE00003808.1.15fff734-a78a-4288-8d11-37559fec46b7.fc.signal	2.30501	2.30883	2.03018	2.24635	3.34896	3.83962	3.46361	4.73501	5.70666	6.5192	6.53918	5.37861	5.83445	5.58805	5.85065	8.23101	7.91151	7.0599	5.85124	5.24689	7.19015	5.39585	4.92089	4.70942	4.03726	2.84023	1.48447	2.00029	4.22887	3.17505	3.78748	5.40206	5.58571	5.37712	5.61608	0.31068
ihec.chipseq.ihec-chipseq-containerv1.1.4.IHECRE00001003.4.764910b8-acca-40a8-a519-921f972f38d0.fc.signal	1.82665	1.30564	1.66486	1.6333	2.04394	2.09617	2.35301	2.31767	3.97005	1.79198	1.75443	2.8804	2.31995	2.60047	3.22668	5.02584	4.41642	3.8541	3.09231	2.25421	2.72259	1.50598	1.36064	3.51715	2.61205	1.51191	1.41796	0.459156	2.23184	5.20176	2.95059	2.458	3.27294	4.38658	5.9756	0.405172
ihec.chipseq.ihec-chipseq-containerv1.1.4.IHECRE00004635.3.ad2e7f02-8a5b-4f8f-8fa0-495c5d602f92.fc.signal	0.506771	0.547852	0.664462	1.27263	1.33612	1.546	1.28084	1.9443	1.47432	1.23641	0.996279	1.51119	2.2279	1.87056	0.73309	1.54601	2.35894	2.30543	2.03439	1.73347	2.1607	1.91177	1.54172	1.21824	1.50167	1.07605	0.645018	0.57946	1.16514	1.71195	1.69992	1.32743	1.73503	3.05598	1.98636	0.421525
ihec.chipseq.ihec-chipseq-containerv1.1.4.IHECRE00003693.3.00bffcc7-6bdd-4dff-a3af-f0bc3467ff95.fc.signal	0.772583	0.707276	1.15216	1.53758	1.80771	1.98393	3.44795	3.60024	4.79144	4.45223	3.94756	2.13122	1.98676	2.3924	2.40582	2.03202	2.34733	4.73384	3.7395	3.56674	4.57577	3.18491	2.85653	5.4512	4.53801	1.70884	1.31578	1.19134	2.5291	2.79146	2.72397	3.34879	3.36594	3.05264	3.57757	0.228571
ihec.chipseq.ihec-chipseq-containerv1.1.4.IHECRE00001957.2.5bc96241-954a-4559-a55b-8ed7178f6f2d.fc.signal	1.63482	1.80076	1.13772	1.64137	2.57778	1.82887	2.98393	3.91712	2.82736	2.14074	5.12663	4.71891	5.61424	6.0145	6.33985	5.14244	3.8263	4.03911	3.11624	2.05175	2.24654	2.63738	3.00545	2.72259	2.57378	2.57879	2.73177	2.79599	4.14617	4.23818	4.04113	3.49131	3.85368	5.03156	4.01238	0.196721
ihec.chipseq.ihec-chipseq-containerv1.1.4.IHECRE00001962.2.f53f759d-3946-4452-bfdb-d2f97d37ca2c.fc.signal	2.1151	2.89272	4.13787	4.90406	4.32713	4.05917	4.2268	4.67719	4.70061	4.67364	4.15826	5.74591	8.01985	7.31099	6.29312	7.55514	7.20563	6.48977	3.96773	3.74423	5.28402	4.04364	4.98492	4.71612	3.06415	3.5816	4.00126	3.53263	5.0609	4.57174	3.77845	5.22478	5.13209	7.28198	8.08182	0.411458
ihec.chipseq.ihec-chipseq-containerv1.1.4.IHECRE00001025.7.262bd7c5-c486-496a-a8c6-308bf4207448.fc.signal	2.17845	1.13949	3.12573	2.90112	2.36868	3.25565	4.69756	4.44035	9.114	2.86318	2.70867	4.27537	2.64614	3.93375	7.07107	4.45598	6.02736	4.65459	2.32381	3.06263	4.16141	0.68601	2.32923	8.59865	1.31708	1.07654	0.864545	1.25484	3.34985	0.661841	1.68102	2.50363	5.26424	6.66102	6.60339	0.208791
ihec.chipseq.ihec-chipseq-containerv1.1.4.IHECRE00003678.3.fc6fd65f-c644-42f3-9ab2-6582bf7f6378.fc.signal	1.00442	0.643037	0.666245	0.908254	0.698842	1.3239	1.18343	1.29515	2.34158	1.89448	1.89107	1.80815	2.38432	1.52002	0.725629	1.02079	1.77566	1.45673	0.766083	1.36178	1.49142	0.875499	0.845247	1.9996	1.39092	0.568495	1.00707	0.932722	1.414	2.11331	1.36632	1.02622	0.609174	1.49611	2.28849	0.717262
ihec.chipseq.ihec-chipseq-containerv1.1.4.IHECRE00001918.1.fbe063d6-2cc4-4e86-b2d8-a5dbab869596.fc.signal	2.06197	4.23121	1.71797	0.49438	1.301	2.73895	3.15542	3.85026	7.41192	6.33671	4.75946	7.25095	5.92272	5.04774	4.34151	3.56235	4.06842	4.46359	3.94974	3.58438	2.46028	0.767189	2.48155	3.79334	2.74896	2.9617	1.26142	2.11857	4.89909	3.86773	2.37631	5.63356	3.03605	7.6919	6.76198	0.328012
ihec.chipseq.ihec-chipseq-containerv1.1.4.IHECRE00000332.2.c9c514ac-1a99-4191-b0b0-7e14f38ebc7a.fc.signal	4.01641	2.62384	2.59626	2.24865	0.911685	1.18722	1.67394	1.83566	4.91485	6.37906	8.20579	12.3572	14.1965	13.7683	13.8265	12.3302	9.88827	7.53986	7.99083	7.62343	7.92798	6.72933	6.42494	8.09202	7.74721	4.62607	2.97756	2.93251	3.84143	4.93759	4.72273	4.94964	9.66722	8.26198	7.95272	0.550562
ihec.chipseq.ihec-chipseq-containerv1.1.4.IHECRE00001907.1.9f5e6354-a818-4c74-a982-f5d683781afe.fc.signal	1.30825	2.32997	3.62757	2.13194	1.23874	3.6287	4.93401	3.25212	4.22594	4.79018	5.49752	7.64994	12.1071	7.80463	9.6758	9.91674	4.68759	5.5033	5.30772	4.29517	7.1054	2.26981	4.37096	4.62252	4.1922	2.50373	1.68202	1.7742	5.71416	2.65989	3.65518	4.73766	4.38697	4.91754	4.44499	0.503289
ihec.chipseq.ihec-chipseq-containerv1.1.4.IHECRE00001375.1.29ce8c5d-9504-4651-b3bc-ff7eb9a8a6d8.fc.signal	2.36111	3.90143	4.14116	3.87054	4.23027	6.82097	4.63204	6.86167	6.57866	5.82868	12.2035	14.972	13.7179	14.262	17.6841	14.7738	9.01362	6.54345	9.13183	7.57177	8.32764	5.0924	8.09642	8.4968	4.99529	3.98129	2.07497	2.62995	3.01263	3.91848	4.65903	3.70641	7.08004	6.1316	8.97487	0.46732
ihec.chipseq.ihec-chipseq-containerv1.1.4.IHECRE00000949.6.eabfbabf-0398-4a54-beef-06d14e082ca4.fc.signal	5.90372	6.01596	6.59393	3.91101	1.16276	4.85066	5.1497	4.55453	5.9148	2.5684	4.57052	4.94866	7.46302	4.78351	3.48575	8.68251	8.30025	5.27919	5.23018	1.6239	1.47793	0.168319	1.07228	1.84457	0.475652	1.55235	0.832387	2.38865	5.99689	2.7103	2.10552	0.5903	2.26955	7.05663	7.35705	0.493691
ihec.chipseq.ihec-chipseq-containerv1.1.4.IHECRE00001447.1.2d82798a-f83d-476e-85d2-c494f324979a.fc.signal	3.82235	5.00903	4.55962	3.2315	3.47312	4.44876	4.19927	5.26831	5.72058	4.01034	5.77332	10.0496	11.1459	8.87536	14.8343	10.9466	9.39121	8.57768	5.12001	6.47066	11.0743	7.65142	6.94625	6.88103	5.7369	6.67993	2.56272	2.10617	4.03231	3.39133	2.32415	7.05891	6.00217	11.2174	13.269	0.373494
ihec.chipseq.ihec-chipseq-containerv1.1.4.IHECRE00003694.3.fc8c8322-ec2a-42ca-96d8-185645c9908f.fc.signal	1.06474	1.64823	0.99362	1.00246	1.31714	1.73307	1.48756	1.51362	2.06515	2.0903	2.84946	2.5942	2.60204	1.79054	1.0707	2.12903	2.45519	3.27584	2.3969	3.02254	4.48836	3.9561	2.29368	2.77223	3.07704	1.63077	1.30913	1.34745	3.82224	3.86236	4.13042	5.33892	4.32965	2.5586	2.98218	0.671717
ihec.chipseq.ihec-chipseq-containerv1.1.4.IHECRE00001892.4.f92b9e80-4bf7-4519-837e-1a5c78d2d2b2.fc.signal	1.18812	2.68777	2.46702	2.20068	1.84648	3.85483	5.14429	4.74883	8.34027	1.35264	2.7093	6.48465	6.72822	8.15797	6.37013	10.2091	5.82376	3.16323	0.906358	3.06344	2.05498	1.0521	0.642456	2.73657	0.83196	1.45288	0	0	0	0.0210234	3.04811	1.8464	3.25699	7.57071	8.74877	0.271501
ihec.chipseq.ihec-chipseq-containerv1.1.4.IHECRE00004616.1.5fc2101e-b79e-4aed-9fe2-994fb8efbe2d.fc.signal	0.796076	0.857613	1.11764	1.29712	0.684867	0.872734	0.694805	0.735566	1.63881	0.956924	0.594367	0.440931	0.761454	0.869782	1.12588	1.02435	0.611329	1.00508	1.12423	1.07064	1.52518	1.68705	0.611065	0.760744	1.16576	0.511141	0.398428	0.44436	0.681608	0.378738	0.354283	0.644427	0.693422	1.03288	1.33456	0.454819
ihec.chipseq.ihec-chipseq-containerv1.1.4.IHECRE00001963.2.a69914d6-c947-4064-9120-21fa14734e92.fc.signal	2.06746	2.94782	3.89429	3.41127	2.91286	4.7936	5.8188	5.96966	5.31275	4.27228	5.53893	6.04515	6.70042	6.73342	6.6093	7.5181	5.19912	3.66306	3.02535	3.31765	4.68556	4.32855	5.61811	4.91422	2.7856	2.48507	3.45295	2.87872	5.65012	4.79653	2.27857	2.83723	2.5325	4.55188	4.85672	0.35533
ihec.chipseq.ihec-chipseq-containerv1.1.4.IHECRE00000964.7.31304b6b-0e3c-47a2-858e-e0febf9013fe.fc.signal	1.81479	1.36562	2.05817	1.81049	1.22884	3.92107	4.48032	3.09698	8.4981	0.733148	2.86865	3.57128	3.79793	2.14683	3.18958	4.58471	3.49262	2.17315	1.40199	4.41871	6.27721	0.20187	1.3065	5.65167	1.19264	0.962529	0.278982	0.0378424	4.23788	0.414509	0.830813	1.66125	3.09304	4.84665	11.1742	0.317597
ihec.chipseq.ihec-chipseq-containerv1.1.4.IHECRE00001021.4.b0114014-a1df-4014-b792-073b6721f8fd.fc.signal	3.02356	2.78898	3.44844	2.66134	2.2377	4.7214	5.37709	5.11649	4.88545	2.51262	4.32072	8.01917	6.58527	6.98103	9.62269	8.91427	6.17623	4.20808	1.55378	1.64357	3.20446	1.52005	3.04511	4.90415	1.68033	0.772776	1.85386	0.969802	5.77799	4.73979	2.44594	2.12542	2.43065	2.78721	5.1462	0.288889
ihec.chipseq.ihec-chipseq-containerv1.1.4.IHECRE00000160.3.993737f8-5756-4ad4-ba82-616379757fdf.fc.signal	0.982839	3.59516	1.63217	2.91636	2.37622	3.40293	3.69715	7.23701	5.25991	4.3327	3.58312	4.54515	7.32306	8.9879	11.2856	8.25887	8.04921	5.38619	4.87723	6.34212	4.38615	3.18828	3.35183	4.37922	2.8224	0.728821	1.06981	2.4123	4.92955	2.07669	5.10261	8.88895	9.67559	8.19281	5.38082	0.274336
ihec.chipseq.ihec-chipseq-containerv1.1.4.IHECRE00000290.2.87138227-2f20-4f69-8c58-63c9bb6aa67e.fc.signal	3.84059	3.29017	2.15235	3.34767	2.58629	2.95857	0.95132	0.928858	2.98928	1.09454	1.77868	3.63697	2.57185	3.3359	5.03961	5.60938	4.71629	3.03245	2.94248	2.18075	1.57463	2.26229	2.82974	1.0775	4.81421	2.17396	0.588127	1.22141	3.13127	2.3167	2.70343	1.7764	4.07697	2.91485	3.11493	0.44898
ihec.chipseq.ihec-chipseq-containerv1.1.4.IHECRE00004618.1.209b7d40-2aaf-4f0d-9a2f-e178d8a84b13.fc.signal	1.40713	1.1464	1.43356	1.39404	0.872433	1.42998	2.04559	1.6872	1.64513	1.02945	1.07262	1.20375	1.09364	1.29732	1.30916	2.19763	2.26842	2.20007	1.64385	1.26674	3.22157	1.68282	2.01322	2.1765	1.75967	2.28484	1.30203	0.994129	2.05027	2.03514	1.86292	1.20501	1.21403	1.43875	2.05511	0.566416
ihec.chipseq.ihec-chipseq-containerv1.1.4.IHECRE00003806.1.ca0477cb-21d8-4e11-a363-fca55b28eb49.fc.signal	2.87945	3.71987	2.43623	2.1285	3.83477	4.35885	7.40437	7.26508	6.58477	6.47998	9.88376	7.73218	5.94003	6.04737	4.72251	6.07636	4.98353	4.48965	4.00799	4.17472	5.74245	2.41671	3.67078	4.92947	5.05962	4.12437	1.66019	1.51454	5.99873	5.65996	5.39198	6.09188	7.0999	6.59186	8.12396	0.42576
ihec.chipseq.ihec-chipseq-containerv1.1.4.IHECRE00001997.1.1f6ac71d-93cf-4d13-a14c-23ecb52e3983.fc.signal	2.57354	3.00384	2.62792	4.15485	2.31792	3.69211	3.55885	2.98002	5.21604	4.48196	4.89477	5.91475	6.20211	5.2978	3.9811	3.01308	4.37123	4.51612	2.47926	4.8802	5.90165	2.13448	3.52765	5.21866	1.9544	1.74533	1.07858	1.36958	3.33995	2.11171	2.65972	3.79603	3.04151	4.45656	5.19944	0.566929
ihec.chipseq.ihec-chipseq-containerv1.1.4.IHECRE00001027.7.dcf25794-5ac8-4a6d-9033-a30e1a31178f.fc.signal	1.31301	1.91312	0.464379	1.18419	1.58264	2.12459	1.54455	1.44922	0.995858	0.921418	0.197184	0.762436	2.8114	2.28888	1.523	1.7197	1.47728	3.70635	2.26479	0.711403	1.16123	1.29024	2.44614	1.45821	0.936733	0.280931	0.367394	0.0576329	3.50163	1.59229	1.54387	1.44065	3.26277	4.21465	0.913801	0.305699
ihec.chipseq.ihec-chipseq-containerv1.1.4.IHECRE00001955.3.f92185be-1c43-4aca-8ad8-6624fd4fe491.fc.signal	1.69039	1.3474	1.83234	3.42264	4.09179	3.10829	2.93541	3.33096	4.76716	4.53837	3.96496	3.35912	4.78287	4.8231	4.88153	4.80345	4.35077	5.38903	3.68094	2.60498	3.00216	3.19036	4.55556	4.23027	4.18075	4.09868	2.94075	2.95455	3.67046	3.77897	2.55413	2.28717	2.24191	2.93903	2.83409	0.296
ihec.chipseq.ihec-chipseq-containerv1.1.4.IHECRE00000194.3.24e7f5e2-3e69-4be2-9441-12552d685d59.fc.signal	3.47121	1.63829	4.20377	5.32799	5.27032	2.40215	5.46732	3.00175	2.855	2.31002	3.59586	4.25314	7.67254	10.9449	7.92229	8.7376	8.31402	5.33279	1.14621	7.30158	11.5851	3.31298	7.26653	10.8673	5.1445	5.03819	2.19557	1.33084	0.590949	1.23471	5.24628	3.49272	4.15265	5.91133	7.66794	0.397661
ihec.chipseq.ihec-chipseq-containerv1.1.4.IHECRE00000232.3.deeb1740-ff27-48b5-993b-e759c8aa7550.fc.signal	0.428744	0.843143	1.25598	1.41084	1.38623	1.94568	1.51752	1.3117	2.21968	1.18597	1.35284	1.79114	1.15863	1.42612	1.71639	2.27758	2.25716	0.95493	0.390574	0.0587944	0	0	0	0.0183854	0.386993	1.79761	1.52552	1.29283	1.77726	1.88982	1.27544	0.28914	1.14562	2.22274	3.10062	0.305369
ihec.chipseq.ihec-chipseq-containerv1.1.4.IHECRE00000250.2.07db7868-f10a-4d85-bd5f-aa9358240c1f.fc.signal	1.37763	1.80189	2.92801	3.38811	4.87932	4.36687	5.89451	6.36366	7.26518	6.35548	6.91844	5.8741	6.96736	8.93969	6.73866	8.67304	6.74824	4.34391	3.82414	4.57229	4.75844	3.33252	3.58665	4.14386	5.01897	4.30763	2.14974	1.06875	4.61969	2.98108	3.32875	3.47794	5.12735	5.01825	5.50344	0.364486
ihec.chipseq.ihec-chipseq-containerv1.1.4.IHECRE00000247.3.d48138c2-a252-44ae-9d3c-40d754a464fb.fc.signal	1.12329	1.12079	1.47807	1.35488	1.42011	2.31848	2.37258	1.96489	1.96132	1.24222	1.67161	1.73256	1.68182	2.00322	1.74697	2.56575	3.1561	2.27299	0.981372	0.21142	0.0784148	0	0.0491999	0.200616	0.576909	2.12104	2.64673	2.01516	2.78715	4.15466	2.25444	0.252143	1.10619	3.72879	3.90315	0.425339
ihec.chipseq.ihec-chipseq-containerv1.1.4.IHECRE00001893.4.3dc85d16-267c-45c2-b26d-1a0b479796ac.fc.signal	7.40152	1.44357	1.20897	5.64739	4.54512	0.881116	1.39701	1.58806	0.502031	1.37939	5.67248	4.45411	5.12735	6.4664	7.20486	6.53508	3.78045	3.30098	1.04948	1.76726	2.67722	1.8483	3.3725	4.4226	2.33416	0.266384	0	1.60855	4.32353	4.80505	5.81933	5.86252	5.01184	8.90806	6.35322	0.195238
ihec.chipseq.ihec-chipseq-containerv1.1.4.IHECRE00000001.4.8f91a2fb-7003-480a-b893-926d784b78c7.fc.signal	0.336742	0.713458	2.30556	2.13198	0.970831	1.57675	1.35193	2.05731	3.44514	2.58961	2.27795	2.85558	2.23286	2.40978	2.87917	3.421	3.9553	2.72425	1.55544	0.952978	1.40804	1.34341	2.67892	2.6465	1.23534	0.960445	1.20354	1.05341	1.20472	1.6743	1.02644	1.21582	1.68799	2.2841	2.88013	0.233333
ihec.chipseq.ihec-chipseq-containerv1.1.4.IHECRE00002076.1.7e792a01-04c2-4297-a3a4-2a7110dfb8d8.fc.signal	3.17837	2.79245	2.82412	3.07809	1.24099	2.84163	1.89398	2.43339	3.90366	2.01077	2.91443	4.42155	3.64257	4.62163	4.62395	3.7368	3.18048	4.80685	2.3109	1.33275	3.16244	0.893015	1.09303	2.08452	1.39138	2.63993	1.418	1.67	4.79869	3.1634	2.33431	2.52941	3.50339	3.25967	2.0755	0.622642
ihec.chipseq.ihec-chipseq-containerv1.1.4.IHECRE00000864.3.807b95cf-3868-4ccf-8959-450b4ce9bd14.fc.signal	1.25357	1.20617	2.22978	1.126	0.641245	0.969104	1.30129	2.16754	1.77869	2.60554	1.61207	2.86651	1.84523	3.76414	3.77779	2.40001	1.79407	2.5015	2.29972	1.54266	2.23591	1.59776	1.19622	2.3593	1.41585	0.642436	2.00873	2.212	2.68184	1.00974	2.86932	3.24746	1.57368	0.986687	1.70298	0.415929
ihec.chipseq.ihec-chipseq-containerv1.1.4.IHECRE00004641.3.f283db42-039d-42b0-abf6-5e11b1f7b362.fc.signal	0.795002	1.49206	1.20783	1.24304	2.49936	1.75698	2.79691	2.17899	1.97267	1.25076	1.99714	1.308	1.40369	1.86496	1.3059	2.30249	2.71756	2.6452	2.75975	2.0941	1.48988	0.709434	1.04348	1.5164	2.24068	1.78988	1.13417	1.53927	2.68813	1.64622	1.55651	1.96085	1.75173	1.42255	1.18021	0.363095
ihec.chipseq.ihec-chipseq-containerv1.1.4.IHECRE00000261.2.20c90732-f1ce-4c90-b4ad-94c2dcd3076f.fc.signal	1.80406	2.8511	3.61448	5.15698	4.68795	3.86178	3.40295	3.23352	4.31811	5.4502	5.95664	4.02463	3.3453	3.64019	6.83721	5.49111	4.11859	5.95067	3.3289	2.48718	4.31789	4.41659	4.0885	5.32865	3.746	1.08068	0.748473	2.63898	1.40396	2.99341	2.89161	5.68519	4.82656	3.97852	3.56341	0.4
ihec.chipseq.ihec-chipseq-containerv1.1.4.IHECRE00000270.2.a5df10b9-ca14-4e65-b2a1-c605818b459b.fc.signal	1.31711	1.97552	1.63687	4.4061	2.93238	2.88807	4.03092	8.25715	2.98223	4.24288	2.55143	2.18821	1.64784	3.30447	2.59244	4.92481	2.71466	4.20784	2.01847	6.47296	7.79758	7.74147	4.58902	0.912013	1.45937	4.36755	1.29344	2.87035	2.69316	2.30338	4.33711	4.59115	1.92118	4.72191	5.51988	0.27439
ihec.chipseq.ihec-chipseq-containerv1.1.4.IHECRE00000891.3.c1b7baf5-133f-4f33-8df5-9ee656a1dfe7.fc.signal	0.669127	0.339874	0.123913	0.531151	0.557701	2.31162	1.02697	2.26029	1.75933	1.05504	1.33583	1.76571	1.81473	3.08268	2.27476	2.59184	1.42612	2.23021	1.53927	2.12965	1.78791	0.761708	1.32412	1.47485	1.97274	2.40231	1.92574	1.40944	1.16251	1.53564	1.48522	1.99415	1.3523	1.55642	1.83124	0.403226
ihec.chipseq.ihec-chipseq-containerv1.1.4.IHECRE00000734.3.ffba017b-0023-4eb4-8b81-e7126e673308.fc.signal	0	0.670014	0.671317	0.677387	1.39842	0.644009	0.673423	1.86729	0.390034	3.92275	1.5238	0	0.32747	0.622472	1.32085	1.11896	1.39982	3.07587	4.74019	4.79352	3.36427	4.66706	5.66676	3.02614	4.57352	3.37012	2.40007	2.09757	1.72875	2.12003	5.07442	3.45417	1.60087	0.631592	1.03847	0.408759
ihec.chipseq.ihec-chipseq-containerv1.1.4.IHECRE00004606.2.5d173747-d877-4237-a9b2-01437c36f68b.fc.signal	1.73814	1.18556	1.46328	1.5259	1.1103	1.35621	0.656431	0.60539	1.22616	1.13866	1.82325	0.809029	1.41092	1.26031	1.06202	0.668295	1.29763	2.29204	2.00505	1.653	1.50711	2.81468	1.06219	2.46388	2.52771	1.19267	1.78045	1.02978	3.30086	0.877811	1.39689	2.748	2.52798	2.22838	2.57018	0.485232
ihec.chipseq.ihec-chipseq-containerv1.1.4.IHECRE00001467.1.1c2dbbd8-e506-4239-944f-76f68d1c1b78.fc.signal	2.03968	1.7859	2.03387	2.47005	2.74801	3.51553	4.761	3.38593	2.75581	3.14699	5.06776	10.0258	13.4842	18.4801	19.018	11.9186	9.38699	6.04555	3.28598	6.09409	8.15896	5.54652	7.55267	6.78092	3.2135	3.73065	4.35618	1.93769	3.97266	4.31811	5.60893	5.41127	5.34173	11.9441	12.5546	0.267327
ihec.chipseq.ihec-chipseq-containerv1.1.4.IHECRE00001887.4.8d92c560-11be-4c39-83b5-4989c5ac9c68.fc.signal	4.22037	1.70497	1.4277	1.40364	0.767314	0.688471	0.767904	2.32671	7.16445	3.2581	3.15173	3.01786	3.45614	0.509642	1.47921	1.93074	1.44463	1.69415	0.889632	3.7314	2.96187	0.999973	3.91061	7.46861	4.97206	1.91889	0	0.64047	1.17482	0.58132	0.740401	2.85583	3.29224	4.04572	2.75999	0.325581
ihec.chipseq.ihec-chipseq-containerv1.1.4.IHECRE00001902.1.a7b50190-d657-4fdf-9077-238ae0258fec.fc.signal	3.21414	4.41521	3.95846	4.99558	4.84956	6.1153	5.07799	6.3652	6.16727	4.80507	5.08894	5.22159	5.67571	7.14175	9.64615	8.59093	6.77161	5.13994	4.67794	4.72641	6.10632	2.73295	1.97744	2.48688	3.18057	3.72425	3.14126	2.20248	3.04767	3.37168	2.80307	2.4642	4.30604	5.88674	7.76441	0.515873
ihec.chipseq.ihec-chipseq-containerv1.1.4.IHECRE00003686.3.17631993-4bed-42bb-94e8-db02b030412c.fc.signal	1.46366	1.10518	1.18614	1.76799	1.49975	1.82896	2.78784	3.03122	3.05903	2.41386	2.38464	1.66966	1.62939	1.75581	1.8519	2.24354	2.5347	5.95806	4.90945	3.43703	4.37491	2.92538	3.55455	4.71876	3.66478	1.84456	1.27345	1.03202	2.25132	3.54187	2.95031	1.8886	1.98923	1.31734	0.875111	0.309859
ihec.chipseq.ihec-chipseq-containerv1.1.4.IHECRE00000980.8.b168494f-d47a-403c-8246-740897ab3321.fc.signal	1.70268	1.22346	1.63121	4.33974	1.79297	3.08568	3.01802	2.34844	2.49981	0.957231	1.45663	2.81773	1.688	2.70985	3.68354	2.48241	2.98345	3.07624	1.188	1.64574	4.25367	0.629385	0.353489	3.17341	0.619325	0.453698	0	0.395493	2.04445	0.541089	1.53565	1.8995	2.26731	3.55309	4.04622	0.271277
ihec.chipseq.ihec-chipseq-containerv1.1.4.IHECRE00000785.3.4a218dc1-3884-4fee-bb45-a93d75aa4c5e.fc.signal	2.11074	3.51432	0	0	0.589292	3.18218	1.7893	0.0642864	0	1.40359	1.6393	5.87149	4.82148	1.65002	3.09646	0.717865	4.9822	2.79646	1.92592	2.86786	2.43217	0.375851	1.77107	1.57522	4.10608	0.782151	0	0	0	0.825009	1.05001	2.9389	4.4446	1.93811	2.34893	0.392157
ihec.chipseq.ihec-chipseq-containerv1.1.4.IHECRE00004615.1.cf454773-02e8-4ae6-8d9d-05793e9b3346.fc.signal	0.232768	0.536513	1.19918	0.589553	1.09531	0.357162	0.786897	1.27071	0.882171	0.270195	0.849987	0.874768	0.475004	0.391835	0.5816	1.39168	1.21564	1.8685	1.41769	1.9502	2.16966	1.71881	1.06907	1.34518	1.74102	0.939737	0.560318	0.0581419	1.06772	0.878082	1.5625	2.28147	1.85244	0.837197	2.09113	0.624454
ihec.chipseq.ihec-chipseq-containerv1.1.4.IHECRE00004605.1.9bf3f7d0-484d-45f8-8d1f-2e9e5a1c459e.fc.signal	0.795613	1.12024	1.43157	1.09896	1.22535	1.5859	0.666908	1.66747	1.03602	0.678886	0.686696	1.19223	1.15255	1.32167	2.25379	1.92637	0.67955	0.840991	0.651972	1.49392	1.7352	0.846887	0.621195	0.755526	1.53154	0.887765	0.880427	0.799603	0.975223	1.18943	1.24194	1.12119	1.2205	0.766311	0.71952	0.36
ihec.chipseq.ihec-chipseq-containerv1.1.4.IHECRE00000070.3.347d3afa-c2ed-4926-b64e-b55024096a09.fc.signal	1.89857	1.17628	3.06733	2.49118	1.12884	2.96085	1.17899	1.82438	3.00876	3.14991	3.31011	2.34221	3.04816	3.733	7.12368	6.57506	7.14159	8.76043	3.59785	4.74955	1.52571	0.731124	1.09264	3.67802	3.70031	1.74212	0.784472	0.249224	3.14415	2.37598	2.96719	3.47634	3.96363	5.82053	5.95417	0.740741
ihec.chipseq.ihec-chipseq-containerv1.1.4.IHECRE00001891.4.58c4ce3b-b697-4bca-9ab1-5a18cc61f42e.fc.signal	1.47276	1.07191	1.71767	1.90553	1.54057	1.49879	1.82612	0.630607	1.15666	2.12342	2.55213	1.44357	1.38819	1.1585	1.70874	4.43886	3.52037	2.72326	1.48499	1.91781	2.51304	2.17916	4.13948	3.60653	1.09972	1.40593	0.0487697	0.0787171	1.07942	0.296318	1.5837	3.71508	2.94501	3.61576	3.17123	0.293532
ihec.chipseq.ihec-chipseq-containerv1.1.4.IHECRE00003715.2.d19dd174-314a-4acb-be96-200f2ac615ac.fc.signal	3.23272	3.8919	5.03313	4.37699	3.34116	5.69891	4.65334	3.49115	3.4898	3.47879	4.38544	4.4795	4.14304	5.48472	4.93236	4.47849	3.37627	2.53919	2.76802	4.10277	4.27257	3.51006	3.40971	2.87007	2.30523	2.47027	1.70832	1.55757	2.46196	1.9344	2.20931	2.2255	1.99642	4.54161	4.83491	0.330508
ihec.chipseq.ihec-chipseq-containerv1.1.4.IHECRE00000957.7.43e107f7-e0f6-47a5-a7b8-13ab80c11387.fc.signal	1.93902	3.03145	2.39682	2.92403	1.1863	1.72837	2.26522	2.79284	3.00023	1.14268	1.45618	2.07324	2.65638	2.6355	4.0224	6.84841	4.52816	2.93615	1.08329	3.13453	4.13336	0.606457	1.23226	4.42681	1.25331	0.396591	0.219039	0.35658	1.76177	0.812342	1.14837	1.59703	3.53307	6.80098	3.11962	0.235023
ihec.chipseq.ihec-chipseq-containerv1.1.4.IHECRE00000987.6.29b8d050-beec-45b5-afda-a75534d88bfc.fc.signal	2.28434	2.657	2.75733	1.81509	1.66157	1.26906	3.02901	3.76542	3.03111	1.68123	1.50689	2.01894	1.63256	1.97625	2.62269	2.14994	5.96753	5.04987	3.79328	4.97773	6.22505	2.16824	2.00428	4.28869	3.01398	1.67833	0.449653	1.51756	1.29974	0.971598	2.63133	2.72054	5.86883	6.00047	5.684	0.489329
ihec.chipseq.ihec-chipseq-containerv1.1.4.IHECRE00000014.2.9f2879ba-e9f8-4912-a9bf-d228f4198556.fc.signal	5.6633	5.12091	3.33111	7.21775	6.86028	4.92827	2.73752	3.00123	3.41848	3.56113	3.03553	2.23191	5.6235	8.74051	6.64376	7.25196	6.86774	5.10793	3.26597	5.053	4.67029	2.43582	3.93653	5.66188	4.38052	2.58232	1.08105	2.8707	4.62517	2.39015	3.73028	4.18431	5.59242	4.95201	4.79066	0.365169
ihec.chipseq.ihec-chipseq-containerv1.1.4.IHECRE00001005.4.95f53ebc-36d6-4d56-97fe-845639d80b60.fc.signal	1.18657	1.03085	0.946111	2.05684	1.97855	1.48308	1.12197	2.01994	2.66205	1.53379	1.8907	1.69223	2.18494	2.6818	4.18643	4.39871	2.60475	2.12014	1.37048	1.5022	3.15907	1.47533	2.73154	4.76524	2.82959	1.14378	1.24297	1.04905	2.35274	4.62505	1.97486	1.84791	2.04518	2.1118	2.1468	0.248062
ihec.chipseq.ihec-chipseq-containerv1.1.4.IHECRE00003660.4.ccafd7f0-6a4c-4b4d-bd48-59c73047b9a9.fc.signal	2.90931	2.3962	3.2419	2.35873	1.58156	2.6787	3.05513	3.31937	3.15092	1.57297	2.41836	3.41721	3.12028	2.77414	3.29437	3.11916	2.44822	2.07611	1.44437	1.39874	2.29348	0.828914	1.12543	3.13786	1.21283	1.03434	2.3827	0.951413	1.95947	3.64783	2.84029	2.17985	2.31477	2.98201	2.96234	0.31348
ihec.chipseq.ihec-chipseq-containerv1.1.4.IHECRE00003847.4.6b7b5a08-0745-4f51-b02b-128b90e0a540.fc.signal	1.21702	2.16648	2.18513	2.16875	2.34202	2.55782	2.92041	4.72306	5.86318	3.01377	2.66095	2.0505	3.36277	2.72766	3.09576	4.43926	5.59099	6.12585	5.65882	5.2168	4.50237	3.19511	4.17949	3.93905	4.64252	2.09432	2.55567	1.6987	3.01504	3.84932	5.6928	4.79774	3.49117	3.71081	3.99933	0.614525
ihec.chipseq.ihec-chipseq-containerv1.1.4.IHECRE00003846.4.ae11d2f2-b315-4883-b4de-1c58d8435b6e.fc.signal	1.23289	3.08067	5.00544	3.94376	3.08558	2.36312	3.98692	7.25891	6.93117	4.06304	5.56728	5.49372	4.69724	3.68353	3.82409	3.97	3.49008	4.1302	3.33449	6.4427	7.31707	5.61126	6.36967	5.93003	9.35773	4.78533	4.4719	2.0392	6.77508	4.94728	6.42428	7.76029	5.84903	10.6193	7.53096	0.656863
ihec.chipseq.ihec-chipseq-containerv1.1.4.IHECRE00001015.4.688452d3-c54d-4af2-a580-0feba801962e.fc.signal	2.82771	2.40863	4.63005	4.28778	2.43076	4.90378	5.22743	4.68811	5.34721	2.75635	4.25677	5.95269	5.4461	5.981	7.43509	9.43007	7.03112	2.97916	2.74563	4.53499	4.96652	1.95913	3.77808	7.21966	3.33057	1.92704	3.83637	2.66157	4.26478	6.89529	2.72677	3.05055	3.86797	5.30985	6.20875	0.322581
ihec.chipseq.ihec-chipseq-containerv1.1.4.IHECRE00000239.3.8ce1f18a-d03e-4c19-95a1-c9c301ff06b5.fc.signal	1.36197	0.732262	0.820027	0.976029	0.738944	0.965384	1.14958	1.73066	1.7981	1.22592	0.730396	0.943815	1.10558	1.05446	1.54235	2.65809	2.47022	1.30355	0.641734	0.0737853	0	0	0	0	0.238912	1.37752	1.94587	1.91387	2.20519	2.11444	1.34401	0.43062	0.736458	1.576	1.42249	0.363636
ihec.chipseq.ihec-chipseq-containerv1.1.4.IHECRE00003825.5.3a6727af-55d3-46f1-8dd6-a5257de4af2e.fc.signal	1.45814	1.25881	1.4732	1.96321	2.74253	2.51378	1.26613	2.87795	5.1549	4.2836	3.29737	1.25072	0.862135	1.21507	1.31478	0.999717	1.2968	2.83685	3.39889	2.82546	2.26537	2.28718	4.27701	4.99609	4.65242	3.59661	2.55103	1.50009	2.32247	2.23771	2.83996	4.43929	2.52709	1.3747	1.39316	0.291262
ihec.chipseq.ihec-chipseq-containerv1.1.4.IHECRE00003811.1.c1524f24-74eb-4d09-9bfc-c896eff5d9f6.fc.signal	2.81361	3.49848	3.70843	3.07514	3.40254	5.23079	6.31541	5.95009	5.484	4.75842	6.37065	9.84232	10.68	11.6468	12.9217	11.5468	10.6172	10.9315	8.7013	5.8721	6.46818	5.00146	5.68898	7.59286	5.1334	3.12724	2.72006	3.69745	7.46263	5.84653	5.56674	5.75422	7.99107	9.55563	10.4871	0.480392
ihec.chipseq.ihec-chipseq-containerv1.1.4.IHECRE00003827.1.1e656a87-cd07-462f-be4b-e2fe6e07063d.fc.signal	1.52719	0.792956	1.55928	2.00272	1.85535	1.36772	2.32111	3.11186	3.67892	2.56644	1.82304	2.21021	4.00589	2.40329	2.12881	2.99515	2.12034	3.78554	3.66422	3.17605	5.66334	3.57483	2.77589	3.94851	5.09979	3.41482	2.08313	0.670891	2.37698	2.90688	4.46761	4.31401	3.62631	2.30913	2.21074	0.785388
ihec.chipseq.ihec-chipseq-containerv1.1.4.IHECRE00000297.2.fdeb937b-d372-4c32-8fbc-64b953a4f70d.fc.signal	1.54463	1.231	1.75209	1.37058	1.50791	2.70842	5.95035	4.60644	2.3491	2.19007	5.45205	4.69238	4.18068	6.38411	3.32479	3.35893	4.21275	3.81634	2.62611	1.13009	2.96825	4.46929	1.63042	3.30323	4.69198	1.06277	0.27035	1.29419	0.294833	0.528647	1.18235	1.98895	2.83152	4.38404	3.94355	0.417391
ihec.chipseq.ihec-chipseq-containerv1.1.4.IHECRE00003402.2.311adcba-a6cb-4a75-a81b-eae38fc76e1e.fc.signal	0.126805	0.429046	0.166703	1.011	3.17352	2.54189	0.020405	0.743345	1.67278	1.07718	0.940411	0.774581	0.939323	1.77953	1.85325	0.575653	2.10219	2.36625	1.03492	2.10002	1.09549	0.949521	0.578364	0.903376	1.19226	0.411496	0	0.604248	1.34118	0.097416	1.01701	0.377202	0	0.688006	1.40188	0.142045
ihec.chipseq.ihec-chipseq-containerv1.1.4.IHECRE00001901.1.d45a4b8e-b4ad-4615-86f1-8880954ce942.fc.signal	2.9654	2.59382	3.75707	3.94489	3.36219	5.74344	5.9845	5.02739	5.37912	5.5534	6.31505	9.61972	11.3455	11.2411	10.1886	11.9677	8.66987	8.11877	6.64522	6.36048	5.75044	3.62537	4.17274	5.88665	3.92969	3.09754	1.85816	1.72993	5.61485	4.51263	4.55214	6.03618	7.32529	7.14307	6.97072	0.198276
ihec.chipseq.ihec-chipseq-containerv1.1.4.IHECRE00000235.3.aaf97294-2366-43c8-9d83-3dd7259e070e.fc.signal	1.58658	1.56598	2.11498	2.29694	2.02855	3.82715	5.43282	4.41218	4.14575	3.71645	3.51666	4.02903	3.85277	3.2709	3.05348	4.6407	4.47508	4.18972	2.47666	0.455472	0.19476	0.0328494	0.0700706	0.198953	0.643535	3.26709	3.14361	1.97249	2.85989	4.4674	3.92629	0.754243	1.19675	2.63856	2.9232	0.226351
ihec.chipseq.ihec-chipseq-containerv1.1.4.IHECRE00003826.4.f503b9d8-64c9-4c5c-b95d-a4926bc8e587.fc.signal	1.53286	1.17448	2.93145	2.70397	1.90093	24.3779	16.7027	5.74717	13.5445	1.93312	11.5687	34.9528	49.7453	32.7031	44.1291	39.8496	9.50196	0.453641	0.14512	0	0	0	0	0	0.164606	0.405439	5.79407	8.50668	30.94	37.1946	13.0525	0.339063	1.09965	1.05119	1.70178	0.297082
ihec.chipseq.ihec-chipseq-containerv1.1.4.IHECRE00001379.1.7d4e5854-5230-4df2-bc46-1fc026016238.fc.signal	3.11488	5.23934	4.21426	7.59514	7.84319	8.86132	10.9072	8.85155	6.1414	6.11923	10.4484	13.4181	16.8283	19.9731	21.6491	17.0591	17.2603	11.8774	5.38155	9.55357	11.8815	4.32352	4.5861	3.92232	5.79198	5.48347	2.6663	3.88088	4.39356	5.89319	8.93262	5.76203	9.33075	14.2625	11.1139	0.365385
ihec.chipseq.ihec-chipseq-containerv1.1.4.IHECRE00000316.2.b4d4bcf0-a916-4308-9d7a-be69b7080f7f.fc.signal	5.0298	2.21799	2.5119	3.17906	4.24465	9.45805	11.9852	11.2082	10.2264	9.56622	4.45132	7.10801	10.61	8.82771	10.9604	9.47133	7.77642	5.62455	15.1002	8.85467	6.16739	4.16121	3.94599	4.81083	4.05211	6.5502	3.41191	5.38825	7.50105	4.09966	6.77456	7.71271	7.91332	9.17285	11.7123	0.121739
ihec.chipseq.ihec-chipseq-containerv1.1.4.IHECRE00000147.3.23a32481-9876-4715-ad0f-313308ce5df2.fc.signal	2.19574	1.44473	1.41343	2.41008	4.1607	2.10651	2.03231	4.19942	4.054	5.63479	5.96248	2.95003	7.28761	4.22207	4.18163	5.03299	8.39617	8.18806	5.21058	3.70941	3.96485	1.69491	0.859268	2.4139	2.90079	3.43938	0.172075	0.0232472	0.942135	0.472746	1.67905	1.9077	1.60074	1.90654	1.40976	0.419118
ihec.chipseq.ihec-chipseq-containerv1.1.4.IHECRE00001921.1.da848ea8-5f53-41fe-9d26-01e6bed31a73.fc.signal	3.17382	2.23053	2.67055	3.41519	3.83808	6.54678	6.75001	6.27757	6.68321	6.43444	6.83535	6.42501	7.1413	6.81242	5.23756	6.29465	6.48507	6.04671	6.90128	6.39117	7.41961	4.01639	3.1815	5.64416	4.06767	2.62845	1.9503	2.49142	5.57273	5.84948	5.9178	5.01911	5.58087	6.69931	5.42345	0.332893
ihec.chipseq.ihec-chipseq-containerv1.1.4.IHECRE00003730.1.c3324cfc-4c0b-4882-aacb-51bd02695154.fc.signal	1.25325	1.48424	1.32066	0.742644	1.23957	2.24763	1.37992	3.89131	2.07109	1.92583	2.49991	1.96947	1.00489	0.568645	1.40711	3.28326	3.69084	1.23615	2.50749	3.36319	2.78702	0.900957	0.245998	0.533735	1.08279	0.570848	0.629589	1.77994	0.912221	1.19861	0.780226	0.873337	2.21098	1.95354	1.34812	0.155378
ihec.chipseq.ihec-chipseq-containerv1.1.4.IHECRE00003401.1.ab8d152a-fa3d-4bf9-9cab-93176cf303af.fc.signal	1.87611	0.174483	0.396932	0.279915	0.59029	0.863758	0.658075	1.20704	0.688104	0.491246	1.42286	1.39905	0.106111	1.23075	1.38787	0.8442	0.820811	1.63543	1.17253	1.11326	2.26515	0.492434	1.69997	0.911237	0.709429	0.986362	0	0	0.974672	0	1.74215	1.03433	0.90228	1.17107	1.2578	0.175943
ihec.chipseq.ihec-chipseq-containerv1.1.4.IHECRE00004900.1.21a553ba-0627-43d2-9045-d7e885ce5199.fc.signal	1.86146	0.39145	1.25203	1.6807	0.959496	3.87137	3.95855	1.647	2.37015	1.54592	2.86344	2.95687	4.52126	4.10059	4.41701	3.74024	2.46115	3.43731	2.18908	2.31538	1.64642	1.66382	2.49839	2.16386	1.76659	1.96912	1.83638	2.54812	4.75667	4.82474	3.46113	2.44284	3.37168	6.73853	4.35804	0.455882
ihec.chipseq.ihec-chipseq-containerv1.1.4.IHECRE00003803.1.cbcfbcdb-4d41-42fe-a44e-156c7af5f576.fc.signal	1.30247	2.35318	0.334305	0.279512	0.75958	2.69214	3.26768	2.83909	3.04201	1.07309	3.01312	2.46194	1.37604	5.11057	4.25717	1.34096	3.92117	2.91137	3.84911	3.53248	5.89804	3.74248	0.0801115	0	0.819681	0.336876	0.340886	0.96589	0.958565	0.328918	0.966446	1.17579	2.34772	0.716471	1.12863	0.428333
ihec.chipseq.ihec-chipseq-containerv1.1.4.IHECRE00003818.1.f4551532-527f-469b-8771-a060adbc4ccb.fc.signal	2.43736	1.81214	2.87394	3.20564	2.19446	3.53522	3.86217	4.28087	2.84755	1.29618	4.10007	6.59395	6.63402	5.40149	6.289	7.86902	2.49702	4.69271	3.74977	3.98261	5.53618	2.44389	2.04698	4.49143	4.28349	3.05303	0.554844	1.08948	1.39997	1.02329	2.01664	2.55203	4.06557	6.38775	4.02268	0.378973
ihec.chipseq.ihec-chipseq-containerv1.1.4.IHECRE00001050.8.4e18a6eb-11aa-493b-81e3-0b3e288cecdd.fc.signal	1.6716	2.51615	1.65238	1.86115	2.72395	2.32767	3.9087	5.17702	4.77782	3.25403	5.19202	4.73953	3.847	4.18846	3.22368	5.39298	5.52671	6.70853	3.03984	6.25249	6.30873	3.20381	4.11154	6.20633	8.06655	3.14346	1.3469	1.24872	5.77015	1.56186	3.06054	6.69072	3.95466	5.12462	3.69648	0.25431
ihec.chipseq.ihec-chipseq-containerv1.1.4.IHECRE00001526.1.550205ac-8a7f-4b71-8ea4-36643fa7f2d7.fc.signal	3.60482	3.5594	3.08577	3.51133	4.41064	5.84604	9.55513	7.11095	4.31431	5.33187	4.57143	6.72256	13.2176	14.2654	15.4777	16.4708	14.2927	4.5164	3.48801	4.72932	4.50297	3.65391	2.65257	6.0024	8.53532	6.77112	2.62399	2.88895	4.51453	5.90106	4.08183	5.0103	11.6633	10.4646	9.56122	0.306306
ihec.chipseq.ihec-chipseq-containerv1.1.4.IHECRE00000992.7.674a18bf-8b42-412f-a2ea-cabb31234aa2.fc.signal	0.866249	1.29433	1.37174	1.08771	1.03631	2.06979	2.25948	2.4315	2.22359	1.17701	2.9714	2.87037	1.79916	2.41679	2.15172	2.78704	1.30035	2.1869	1.34357	2.37454	3.95454	0.555786	1.59195	3.71988	1.18673	0.80203	0.165536	0.0260367	2.06826	0.157005	0.538868	0.786821	1.66644	1.87085	1.98385	0.192308
ihec.chipseq.ihec-chipseq-containerv1.1.4.IHECRE00003676.3.fa45989e-2fad-4f13-b899-3405cf3f81a7.fc.signal	1.7844	1.41889	1.17564	1.05484	1.29049	2.04516	1.56443	3.13165	2.17451	0.94168	1.60247	0.943611	1.44092	1.55607	2.16006	0.656545	1.04852	3.30036	1.92318	2.12188	2.89179	1.65248	0.810892	2.36669	2.62324	0.791275	2.38728	1.47912	2.40565	2.82803	2.06846	2.8965	1.86301	1.28382	1.4255	0.457766
ihec.chipseq.ihec-chipseq-containerv1.1.4.IHECRE00001012.4.5c8bdd5b-6d3c-4993-a4d6-e582a59f7d7d.fc.signal	1.1889	1.20234	1.94551	2.10187	1.47017	1.3562	2.64329	2.68919	2.7487	1.10963	2.04838	2.67781	1.64761	2.61722	2.72336	2.50497	1.97901	1.83884	0.80268	1.56373	1.25745	1.18277	1.26805	2.21951	1.12154	1.01671	0.806681	0.369157	1.9379	2.50533	1.98473	1.40747	0.558239	2.25611	3.37891	0.210084
ihec.chipseq.ihec-chipseq-containerv1.1.4.IHECRE00003821.3.51d4846d-06bc-4866-a76b-054529993101.fc.signal	0.869838	1.16747	1.62379	0.767029	0.879401	1.09183	0.640152	1.42895	1.70895	1.62831	0.892948	0.376826	0.161993	0.254788	0.336902	0.331873	0.987454	2.12232	2.54176	2.72881	2.66887	1.93597	1.27876	1.04344	1.60211	1.23959	0.512273	0.0575502	1.08891	1.45845	1.8044	2.20487	1.6966	0.888808	0.840444	0.601739
ihec.chipseq.ihec-chipseq-containerv1.1.4.IHECRE00000059.3.0efb30a1-ec4a-41e3-8cd9-c8f03f347482.fc.signal	3.29043	5.36992	3.86117	2.5741	2.48402	4.38211	3.31145	6.81977	8.20775	2.71868	2.68285	3.60549	5.59232	3.17084	6.15192	9.74915	3.06961	7.8231	7.13408	2.38084	7.97815	9.53188	6.97474	5.44796	3.21337	3.14518	2.10531	2.42069	5.99653	3.56629	2.72295	1.93214	5.57729	6.49016	11.5728	0.425532
ihec.chipseq.ihec-chipseq-containerv1.1.4.IHECRE00001233.5.fc2e2a67-89eb-4b79-90d9-0a29fc9855be.fc.signal	1.85784	1.06222	1.50361	1.76813	0.861644	3.0862	3.19008	1.2028	2.35901	1.0416	2.05132	5.03694	2.28341	2.2622	4.06056	3.53076	1.98698	1.62396	0.792397	1.75426	2.20389	0.280669	2.1853	4.15358	0.986507	0.391162	0.929187	0.788454	3.76597	4.26325	1.9276	0.748312	1.46838	3.28737	4.97164	0.445783
ihec.chipseq.ihec-chipseq-containerv1.1.4.IHECRE00001954.2.f69d543f-4e4e-4fd7-9774-7bd28fcc565d.fc.signal	1.36387	1.67924	2.3216	3.23333	3.25793	3.20642	3.4209	2.62295	2.57731	2.49568	4.41589	4.41228	4.36987	4.66339	5.48298	3.67463	4.31295	3.13577	2.5184	3.83064	4.63859	3.2095	2.22628	2.64044	2.97995	2.66618	2.80128	2.69422	3.03038	4.81315	5.43218	5.11591	5.09517	4.87239	4.71889	0.182033
ihec.chipseq.ihec-chipseq-containerv1.1.4.IHECRE00001458.1.4d3ac697-5cb9-4af3-b417-68c0dbb6d214.fc.signal	3.61007	4.00789	4.93427	5.85678	3.12642	4.54837	7.14001	5.04037	10.4132	6.90567	7.91113	11.9108	12.3587	9.92071	13.1524	9.77273	7.17025	5.27531	4.10182	6.35176	6.88046	6.27	6.07338	6.39742	5.47242	3.21075	3.4326	4.89806	6.60647	3.97439	1.57188	3.92927	4.98629	5.88137	7.98755	0.347222
ihec.chipseq.ihec-chipseq-containerv1.1.4.IHECRE00003816.1.0deee6d5-e373-405d-893f-0c3ca80f3c2d.fc.signal	2.55415	2.81403	3.72908	2.20655	1.67308	2.25616	3.02578	4.7544	5.37992	4.98198	4.75903	7.06955	7.51034	7.06904	8.40065	8.51011	5.53497	5.7578	4.97413	5.43601	4.36471	3.23337	3.32106	4.50055	4.09286	1.78761	1.31586	1.67518	5.0228	3.95326	4.51932	5.57123	5.86332	9.55957	9.11135	0.0488323
