	chr12:21935518-21935667	chr12:21935668-21935817	chr12:21935818-21935967	chr12:21935968-21936117	chr12:21936118-21936267	chr12:21936268-21936417	chr12:21936418-21936567	chr12:21936568-21936717	chr12:21936718-21936867	chr12:21936868-21937017	chr12:21937018-21937167	chr12:21937168-21937317	chr12:21937318-21937467	chr12:21937468-21937617	chr12:21937618-21937767	chr12:21937768-21937917	chr12:21937918-21938067	chr12:21938068-21938217	chr12:21938218-21938367	chr12:21938368-21938517	chr12:21938518-21938667	chr12:21938668-21938717	chr12:21938718-21938817	chr12:21938818-21938967	chr12:21938968-21939117	chr12:21939118-21939267	chr12:21939268-21939417	chr12:21939418-21939567	chr12:21939568-21939717	chr12:21939718-21939867	chr12:21939868-21940017	chr12:21940018-21940167	chr12:21940168-21940317	chr12:21940318-21940467	chr12:21940468-21940577	Expression
ihec.chipseq.ihec-chipseq-containerv1.1.4.IHECRE00003819.1.e6af9ec0-8b4b-4624-8b3a-51f86f371f0f.fc.signal	3.66868	2.80332	2.93154	5.88061	6.28649	5.79245	4.4156	2.72517	3.05775	2.08769	1.51596	1.31622	2.4396	2.70501	2.06388	1.74465	1.40232	1.21861	1.00472	1.11098	0.585075	0.493156	0.667275	1.21537	1.56114	1.25077	0.661971	0.585824	0.330601	0.304651	0.446843	0.285842	0.299551	0.151999	0.222821	0.59
ihec.chipseq.ihec-chipseq-containerv1.1.4.IHECRE00002065.1.d29b7bc4-75ef-437b-ab43-12a3fcfc38d5.fc.signal	0.00157387	0.121545	0.10473	0.442402	0.966437	1.14152	0.894932	0.626424	1.0489	1.33901	0.621122	0.460256	0.6215	0.573161	0.272967	0.257108	0.266735	0.206574	0.220864	0.257356	0.120869	0.458249	0.550886	0.322002	0.535035	0.352903	0.415482	1.14658	0.672768	0.374602	0.0956283	0.438366	0.218756	0.211391	1.20265	0.50495
ihec.chipseq.ihec-chipseq-containerv1.1.4.IHECRE00000665.1.15a517d0-8389-43f7-9ce5-66c163ab4bf7.fc.signal	1.57482	1.47392	0.594965	1.09331	0.62118	0.718874	0.447606	0.5801	0.305208	0.279523	0.784394	0.444256	0.169992	0.45311	0.0357	0	0.0501497	0.22048	0.399534	0.610179	0.202579	0.140662	0.291256	0.480801	0.621427	0.0865065	0	0.324534	0.235401	0	0	0	0.0685393	0.418256	0.110186	0.474178
ihec.chipseq.ihec-chipseq-containerv1.1.4.IHECRE00004728.1.12642e26-117b-4636-816e-4fbed6d5c0a2.fc.signal	1.94775	1.99198	0.99682	3.70662	1.68822	1.57072	1.02184	2.12877	0.784802	1.05623	1.25011	1.38164	0.824001	0.638609	0.739222	1.21836	2.07412	1.2227	0.740873	1.03622	0.0047382	0.639839	1.24165	0.832573	1.36052	0.594063	0.742645	0.611283	0.69169	1.07516	1.94503	1.32996	0.419299	1.14122	1.04518	0.621622
ihec.chipseq.ihec-chipseq-containerv1.1.4.IHECRE00004888.1.02118243-425c-40d1-bfb1-ec1fb9f638e9.fc.signal	0.969177	2.94753	1.28592	3.61033	5.33821	3.16367	1.89706	2.20491	0.747906	0.576982	1.24765	1.1046	1.52367	1.15958	0.787795	0.195513	0.402469	0.976798	0.766652	0	0.109966	1.08023	2.28905	1.92388	1.50725	1.05098	2.24898	1.85489	1.46644	1.38783	0.293388	0.15024	0.27341	0.267204	0.114762	0.458466
ihec.chipseq.ihec-chipseq-containerv1.1.4.IHECRE00000228.3.eab68876-e57f-4e6d-b66b-00c271b4eee3.fc.signal	0	0	0	0.249547	0.417397	0.0757554	0	0	0	0	0	0	0	0	0	0	0	0	0	0	0	0	0	0	0	0	0.188646	0.337186	0.216868	0	0	0	0	0	0	0.456647
ihec.chipseq.ihec-chipseq-containerv1.1.4.IHECRE00000775.1.1ad53715-8cce-4edc-8f16-9e6eba200f6e.fc.signal	3.74728	2.67065	2.77656	3.80176	3.71991	3.74374	2.21987	1.83238	1.52081	1.21166	1.26672	1.56537	1.96789	2.13825	1.0721	1.83305	1.76979	1.04282	0.894802	1.15777	0.988185	0.657506	1.13505	1.17349	1.26978	0.938755	1.02348	1.53819	1.16516	0.843914	0.772955	0.705012	0.433807	0.242566	0.60241	0.403509
ihec.chipseq.ihec-chipseq-containerv1.1.4.IHECRE00000784.3.5a735e4e-02fc-4cf3-8586-bebcb93dde40.fc.signal	2.02844	2.75115	2.68109	3.53654	2.57089	3.30418	1.85518	1.19191	1.30653	1.79344	1.75849	1.37377	2.26254	2.91165	1.79546	1.81269	1.88379	0.86724	2.14627	1.38432	1.11388	0.744215	1.4615	1.2234	1.79945	1.66561	1.45028	0.918563	0.687842	0.459927	0.588288	0.939789	0.905212	1.36347	2.2755	0.461969
ihec.chipseq.ihec-chipseq-containerv1.1.4.IHECRE00004608.1.932e0a0c-709e-4631-95af-583a27cb7950.fc.signal	1.76989	2.05293	2.11581	2.44205	1.26104	1.48895	1.48176	1.62531	0.653584	0.69795	0.333905	1.26096	1.566	1.23178	0.925547	1.42962	0.683914	1.14626	1.09165	0.829963	0.552251	0.553863	1.24809	0.771273	1.65205	1.26418	0.584803	0.408394	0.791271	0.825563	0.531317	1.11441	0.452423	0.206527	0.149751	0.348276
ihec.chipseq.ihec-chipseq-containerv1.1.4.IHECRE00001854.4.36abf718-9256-42a8-9dd6-975bef0637c8.fc.signal	1.75508	1.18094	1.39991	1.593	1.03387	2.30382	1.84526	1.54228	1.25815	1.02128	1.0454	0.875991	1.02795	1.15218	0.881523	1.23757	1.01379	1.1916	1.65063	1.52287	1.35394	1.4025	1.38837	0.965022	1.28577	1.03801	0.754846	0.526111	0.178011	0.392291	0.849053	1.01956	0.789251	0.8604	0.83027	0.558824
ihec.chipseq.ihec-chipseq-containerv1.1.4.IHECRE00001973.1.f006c884-d6f7-470d-8586-314761e38a9f.fc.signal	0.370156	0.380046	0.398167	1.44292	0.920804	0.348862	0.0450212	0.475092	0.108243	0.11683	0.670693	0.49536	0.311335	0.899811	0.556699	0.292988	0.331626	0.223446	0.917992	0.700682	0.12708	0	0.169002	0.940165	0.440639	0.170976	0.227343	0.347511	0.37372	0.0296941	0.0274078	0.387641	0.176988	0.0455003	0.30089	0.475248
ihec.chipseq.ihec-chipseq-containerv1.1.4.IHECRE00003682.3.aaa0b154-2777-4a76-a919-829c05cb2aa5.fc.signal	1.64578	1.58181	1.05627	2.00431	1.65097	2.12801	2.10907	2.4778	1.9108	2.05972	1.46517	1.27578	1.29212	1.69955	1.73479	1.70453	2.02025	2.19788	2.02292	2.16292	1.88536	1.7363	2.16927	2.32853	2.09566	1.46803	1.18284	0.528808	0.690051	0.578839	1.01737	0.6254	0.605266	1.34727	1.24928	0.274809
ihec.chipseq.ihec-chipseq-containerv1.1.4.IHECRE00004604.3.ac9c59ba-752b-4ad7-b659-fe5b8abc0ae0.fc.signal	0.616725	1.24422	2.418	2.31982	1.8183	0.580487	0.264635	2.42651	2.19601	0.608191	1.11187	1.89299	1.51034	1.08579	1.00291	0.263429	0.221769	1.36088	1.49173	1.68018	0.663483	0.296361	0.752238	0.642305	0.996532	0.919699	0.339289	0.597295	0.405986	1.54942	0.603895	1.0863	0.136582	0.293642	1.38333	0.327354
ihec.chipseq.ihec-chipseq-containerv1.1.4.IHECRE00000221.3.05a353b1-f31c-4062-a970-e6b8e8cfe9a3.fc.signal	0.17061	0.648319	1.15258	2.07388	1.54308	1.91085	1.39143	0.0189567	0	0	0	0	0	0	0	0	0	0	0	0	0	0	0	0	0.443586	0.989545	0.473918	1.13741	0.519417	0	0.625573	1.01229	0.144071	0	0	0.707317
ihec.chipseq.ihec-chipseq-containerv1.1.4.IHECRE00003809.1.4a2441ca-55cf-47d7-babd-5b4be2878b1b.fc.signal	4.04269	3.74693	3.54475	4.47242	4.3878	5.38666	3.90113	2.98792	2.97264	2.16129	1.43471	1.97299	2.40103	2.32887	1.64483	1.21328	1.14206	0.880225	0.781464	0.343371	0.414433	0.97502	1.14333	1.39129	1.02493	0.591624	0.920848	0.634915	0.198894	0.370084	0.460211	0.659517	0.720026	0.513039	0.490007	0.619048
ihec.chipseq.ihec-chipseq-containerv1.1.4.IHECRE00001966.2.b1abd689-f97d-4cbd-88da-9a4dcf233100.fc.signal	0.953375	1.64656	0.889222	2.61282	2.54894	1.65391	0.91097	0.515231	0.481833	0.453379	0.322828	0.488953	2.27959	1.50991	0.324232	1.33294	0.797663	1.03172	0.605303	0.327966	0.275845	0.447684	0.417871	0.7845	0.994631	0.20758	1.14716	1.12007	1.12415	0.333424	0.725938	0.517814	0.0328323	0.34333	0.266973	0.530303
ihec.chipseq.ihec-chipseq-containerv1.1.4.IHECRE00003817.1.366ce028-dbb5-4000-adeb-5cae508bdd78.fc.signal	4.17875	5.08075	4.96538	6.06949	6.07281	4.32785	3.48911	3.16135	2.26525	1.78669	1.92853	1.8545	2.44748	2.0504	1.54518	0.990335	0.990703	1.33731	0.805125	0.719902	0.836053	1.15807	1.41072	1.15591	0.708563	0.868311	0.786458	0.39841	0.514632	0.258138	0.510876	0.397041	0.328302	0.283916	0.178864	0.559783
ihec.chipseq.ihec-chipseq-containerv1.1.4.IHECRE00004618.1.209b7d40-2aaf-4f0d-9a2f-e178d8a84b13.fc.signal	0.771847	1.04599	0.855764	2.47241	2.06163	1.59274	1.65617	1.55995	0.591872	1.02582	1.20435	0.924271	0.856132	1.16696	1.07872	0.966566	1.07858	0.961867	1.37245	0.929764	0.966273	1.15264	1.38458	0.267048	1.30606	1.56534	0.744007	0.703538	1.21449	0.975634	0.754135	1.0952	0.740772	0.592521	1.21192	0.6
ihec.chipseq.ihec-chipseq-containerv1.1.4.IHECRE00004664.3.6712588d-45c1-44ec-9f01-5f62fc9e99bb.fc.signal	0.971807	1.90451	1.67947	2.14742	2.16996	2.5613	2.49493	1.80243	1.21397	1.72151	1.63804	1.10489	0.880239	0.446083	0.693484	0.854843	0.941414	1.26259	1.01961	0.817384	0.573342	0.447258	0.521529	0.585764	0.517714	0.629347	0.270685	0.323713	0.57256	0.500122	0.597517	0.370996	0.19678	0.525332	0.778439	0.597122
ihec.chipseq.ihec-chipseq-containerv1.1.4.IHECRE00001027.7.dcf25794-5ac8-4a6d-9033-a30e1a31178f.fc.signal	0.500158	1.42306	0.191606	1.98295	1.58703	1.97405	0.851379	0	0.592138	0.209814	0	1.64689	1.67984	2.00577	0.31634	1.0295	1.03036	0.0693749	0	0	0	0.786156	1.11056	0.479177	0.745635	2.19606	0.679642	0.31533	0.582079	1.02794	1.73676	0.421289	1.82735	0.552462	0.489844	0.524297
ihec.chipseq.ihec-chipseq-containerv1.1.4.IHECRE00000864.3.807b95cf-3868-4ccf-8959-450b4ce9bd14.fc.signal	2.52051	2.08277	1.66633	3.18202	2.63954	1.81056	2.29635	2.62294	1.39166	1.28169	1.10195	1.0367	1.14011	1.85852	2.09686	2.08185	1.12558	1.64379	1.28565	1.0723	0.817289	0.932831	1.94353	2.76997	1.98681	1.95796	0.936461	1.18791	1.63285	0.404156	0.843455	1.08123	1.69289	0.819077	0.632284	0.425
ihec.chipseq.ihec-chipseq-containerv1.1.4.IHECRE00004641.3.f283db42-039d-42b0-abf6-5e11b1f7b362.fc.signal	0.801758	0.662056	0.690777	0.925366	0.460917	0.943274	0.714149	0.686047	0.965778	1.05012	0.443664	0.948889	0.494596	0.958542	0.717347	1.46053	1.00611	1.04603	1.46631	0.704586	0.550511	0.805965	0.771389	0.503946	0.814383	0.652625	0.373425	0.24619	0.27464	0.418682	0.740207	0.318728	0.80772	0.567185	1.15901	0.762097
ihec.chipseq.ihec-chipseq-containerv1.1.4.IHECRE00001902.1.a7b50190-d657-4fdf-9077-238ae0258fec.fc.signal	2.16702	1.56906	2.46062	3.26828	2.51186	3.80529	3.49158	3.5326	3.0555	1.76921	1.05378	1.18053	0.625839	1.01477	1.40318	0.435333	0.369377	0.984361	1.30469	1.33509	1.56019	1.69603	1.1973	0.735745	0.713202	1.03295	0.431858	0.135438	0.34797	0.272212	0.933425	0.783891	0.157227	0	0	0.57377
ihec.chipseq.ihec-chipseq-containerv1.1.4.IHECRE00000980.8.b168494f-d47a-403c-8246-740897ab3321.fc.signal	0.912905	2.50318	0	5.14174	3.13272	0.390791	0.86978	1.5495	0	0.0294477	0.821151	0.980609	1.82886	0.874564	0.244359	0.318922	0	0	0	0	0	0.62216	0.806268	1.02645	1.0992	0.708916	1.46731	0.383237	0.555309	0.448591	0.911943	0.0109663	0.291074	0.615859	1.23168	0.791304
ihec.chipseq.ihec-chipseq-containerv1.1.4.IHECRE00004615.1.cf454773-02e8-4ae6-8d9d-05793e9b3346.fc.signal	1.22584	2.19285	2.22571	0.896913	1.08635	2.31308	1.1429	1.87389	0.721297	0.635624	0.407619	0.420152	1.12217	0.577945	0.646858	0.837668	0.412756	0.861449	0.910977	0.447353	0.692707	0.836059	0.892558	0.288222	0.413177	0.832234	0.46778	0.467866	0.547078	0.453635	0.833867	1.28943	0.911139	0.0445132	0.792547	0.376963
ihec.chipseq.ihec-chipseq-containerv1.1.4.IHECRE00000957.7.43e107f7-e0f6-47a5-a7b8-13ab80c11387.fc.signal	0.632521	1.53499	1.54655	8.29671	5.05317	4.21157	1.77023	0.327862	0	0	0	0.863947	0.923723	2.62389	1.51956	0.686484	0	0	0	0	0.0501436	0.57858	0.474436	0.227575	0.331719	0.518032	1.25813	0.372188	0.804996	0.0731177	0.0277326	1.01718	0.0077144	0.21596	0.788978	0.744493
ihec.chipseq.ihec-chipseq-containerv1.1.4.IHECRE00000987.6.29b8d050-beec-45b5-afda-a75534d88bfc.fc.signal	0.555155	0.928921	0.509945	1.43504	0.948164	0.512555	0.770775	0.78274	0.185878	0.170079	0.431358	0.629872	0.922809	0.799473	1.09244	0.650566	0.115753	0	0	0	0.0924087	0.329337	0.358548	0.211469	0.385649	0.954027	0.649296	0.745457	0.822087	0.27773	0.17869	0.166678	0.297533	0.0032688	0.00878291	0.45122
