	chr17:81187343-81187492	chr17:81187493-81187642	chr17:81187643-81187792	chr17:81187793-81187942	chr17:81187943-81188092	chr17:81188093-81188242	chr17:81188243-81188392	chr17:81188393-81188542	chr17:81188543-81188692	chr17:81188693-81188842	chr17:81188843-81188992	chr17:81188993-81189142	chr17:81189143-81189292	chr17:81189293-81189442	chr17:81189443-81189592	chr17:81189593-81189742	chr17:81189743-81189892	chr17:81189893-81190042	chr17:81190043-81190192	chr17:81190193-81190342	chr17:81190343-81190492	chr17:81190493-81190642	chr17:81190643-81190792	chr17:81190793-81190942	chr17:81190943-81191092	chr17:81191093-81191242	chr17:81191243-81191392	chr17:81191393-81191542	chr17:81191543-81191692	chr17:81191693-81191842	chr17:81191843-81191992	chr17:81191993-81192142	chr17:81192143-81192292	chr17:81192293-81192415	Expression
ihec.chipseq.ihec-chipseq-containerv1.1.4.IHECRE00001004.4.b3b3b801-4bf3-4e6f-974d-5cca823d1b91.fc.signal	0.321702	0.586126	0.668436	0.4317	0.463531	0.515363	0.691273	0.962553	0.933279	0.89401	1.29349	1.2221	1.22592	0.850107	0.909539	1.07106	1.11435	1.06816	0.925343	0.641091	0.83562	1.02036	1.19899	1.28962	1.18723	0.965821	1.07869	1.00235	0.731927	0.886535	1.24651	1.41791	0.928667	0.751321	0.541779
ihec.chipseq.ihec-chipseq-containerv1.1.4.IHECRE00003838.5.37ca9b25-a545-471a-8ba7-6b638b12b7dd.fc.signal	0.765984	0.737483	0.580433	0.762625	1.22716	1.09334	1.15769	1.47487	2.14894	2.51451	2.64409	2.34526	1.66247	1.2766	1.98454	4.17212	3.37523	3.36361	1.97582	1.84537	2.79913	1.51451	0.720517	1.15485	1.26538	0.942971	0.573529	1.61414	2.29786	2.20889	1.73695	1.21375	0.761132	0.684098	1
ihec.chipseq.ihec-chipseq-containerv1.1.4.IHECRE00003832.2.b7bbc28f-5370-494d-9da9-9e79564dec6e.fc.signal	0.255949	0.114265	0.419679	0.47407	0.0878529	0.260424	0.673728	0.298711	0.421608	0.902296	0.823091	1.47724	0.942713	0.981725	1.89975	1.10386	1.00068	0.62505	0.866243	1.31537	0.305918	0.180999	0.584474	0.697581	1.23443	1.15914	0.718254	0.659221	0.683273	1.07181	0.99096	0.837222	0.664233	1.10616	0.411688
ihec.chipseq.ihec-chipseq-containerv1.1.4.IHECRE00001030.7.80d11420-fb58-4105-8d0b-26addcc06923.fc.signal	0.961167	1.29406	0.881584	0	0.302563	3.2792	2.73203	4.93438	3.22368	2.79047	1.55705	1.5829	3.20922	3.3711	2.01459	3.53841	4.2535	8.91261	6.35293	3.623	0.811091	4.59927	2.56492	5.07593	5.13838	1.45915	2.08889	3.31111	1.20975	2.00841	1.95075	1.66023	1.78972	2.0029	0.194915
ihec.chipseq.ihec-chipseq-containerv1.1.4.IHECRE00003404.1.88cb95dd-5a6d-4570-8a21-b967680b5521.fc.signal	0.420749	0	0.604757	1.21166	1.21169	2.47597	0.778547	0.667277	2.14232	0.386346	0.87806	0.14049	0.455758	0.336865	0.886434	1.06533	0.0234149	2.39984	2.5813	0.679033	0.638057	0.503421	0.971703	0.632203	0	0.386346	0.995531	0.304705	0.420244	1.06762	1.68257	0.950501	1.22339	3.02658	0.460526
ihec.chipseq.ihec-chipseq-containerv1.1.4.IHECRE00000105.3.fa7c889b-e561-4d9e-9f53-4d27307d9ee3.fc.signal	4.7761	4.09209	4.28752	2.37838	4.60027	5.94071	5.28328	7.63623	6.10608	4.19093	7.26286	5.68165	7.10398	5.33641	4.3959	5.88682	3.52348	3.87417	3.98162	4.67886	5.34681	9.58388	13.7667	13.4158	11.1986	8.52804	7.09047	6.98311	7.61097	3.67744	5.75393	7.27305	7.08072	8.24874	0.361538
ihec.chipseq.ihec-chipseq-containerv1.1.4.IHECRE00001044.7.72ced85f-cc3d-4155-864f-c88e943e41cd.fc.signal	2.89565	2.29702	2.25808	1.12305	0.778741	1.48797	1.17754	3.0036	4.65876	3.08075	2.63467	3.22735	4.63116	3.73324	4.10966	5.2004	2.74467	2.92338	5.79278	4.89187	4.48924	3.52971	2.61793	3.05302	3.2366	5.17572	4.44296	2.80908	3.16697	4.71362	3.81606	3.87064	2.69661	2.66771	0.453532
ihec.chipseq.ihec-chipseq-containerv1.1.4.IHECRE00000242.3.b264ae9e-8457-4fbc-9ae1-9ad1d872e973.fc.signal	1.273	1.10617	0.837656	0.653207	0.536524	0.560419	0.716074	0.804714	0.966537	1.05536	0.962072	1.14673	1.50283	1.12154	1.22911	1.3678	1.53637	1.58215	1.38249	1.0446	0.837891	1.01742	1.14143	1.38876	1.25396	1.22796	1.41565	1.38586	1.06928	1.09277	1.16663	1.13696	1.06806	0.886911	0.257143
ihec.chipseq.ihec-chipseq-containerv1.1.4.IHECRE00004713.2.44d9234d-e938-4209-8bc5-a1f9ee0dcbe4.fc.signal	0.432424	0.369492	0.0787904	0.820416	0.847156	1.29838	1.38127	0.493802	0.15408	0.362134	0.629197	1.10147	0.902558	1.08964	1.06814	0.939214	2.22537	1.39966	0.337605	0.665564	0.761572	1.16024	1.8478	2.34249	1.50717	0.969953	2.0105	0.942606	2.63229	2.43717	1.52834	0.304922	2.04757	1.41117	0.546559
ihec.chipseq.ihec-chipseq-containerv1.1.4.IHECRE00003398.1.142e6ed2-5832-4fa6-8a6b-9ed4d6f47d60.fc.signal	0	0.360394	0	0.455943	0.553407	0.883855	0.556397	1.45032	0	0.72523	0.234501	1.40421	0.481263	0.705451	0.019779	0.72523	0.615646	0.0498747	0.210839	1.26609	0.0353344	0.441731	0.269086	0	0.306061	0.860093	0.231237	0.256049	0.941055	1.26164	0.402125	0.702582	0.651086	0.627965	0.0664207
ihec.chipseq.ihec-chipseq-containerv1.1.4.IHECRE00003828.3.bcd61aac-63db-4cfa-a058-a141a50b928e.fc.signal	0.197216	0.073984	0.283737	0.103589	0	0	0	0	0.22194	0.135589	0	0.0085352	0.569263	0.333394	0	0.421027	0.552704	0.380393	0.620347	0.425602	0.012232	0.261759	0.39017	0.815719	0.534424	0.406034	0.609004	0.385259	0.173489	0.663171	0.646275	0	0	0.0462429	0.305276
ihec.chipseq.ihec-chipseq-containerv1.1.4.IHECRE00001906.1.5d44418c-818f-4534-8844-0d0e8e0143a7.fc.signal	1.38215	1.05428	1.0256	0.937172	0.693998	0.972937	0.8237	1.53141	0.66438	1.05848	2.1691	1.4909	1.97316	2.52388	4.74184	4.14507	3.97965	4.74087	3.64107	3.35555	3.34172	6.04128	5.86572	5.25748	5.77551	3.39814	3.67201	2.50023	3.26327	3.74534	2.8967	3.01519	4.16752	3.50695	0.142857
ihec.chipseq.ihec-chipseq-containerv1.1.4.IHECRE00003689.3.cde87e50-dbba-4734-bd22-f35203f3b601.fc.signal	0.659845	0.90114	0.740429	1.05852	1.42047	1.18356	1.53741	1.80729	1.27333	1.48559	2.31919	1.65031	2.77509	1.61789	2.28827	1.78419	1.67961	1.27706	1.59	1.83982	1.36918	1.74497	3.0201	3.09474	3.81704	2.82675	1.88572	0.879242	2.09541	1.1502	2.68297	2.20759	1.18596	1.8006	0.740385
ihec.chipseq.ihec-chipseq-containerv1.1.4.IHECRE00003680.3.bb1bb2b2-42c2-4f18-8e8f-61e82ab17b84.fc.signal	1.0825	0.619639	0.148427	0.161861	0.648967	0.961742	0.474375	0.936451	0.697316	0.35928	0.462032	0.510823	0.685689	0.976505	0.568734	0.531923	0.60358	0.607315	0.543332	0.562596	0.467047	0.563435	0.528219	0.696812	0.415881	0.575212	0.425098	0.858636	0.985776	0.593674	0.287583	0.432654	0.737037	0.806804	0.24735
ihec.chipseq.ihec-chipseq-containerv1.1.4.IHECRE00001915.1.bcfa2f24-6276-4a64-96e6-3f1abe06b88e.fc.signal	0.122537	0.100875	0.282612	0.281917	0.00630647	0.0691363	0.310492	0.481704	0.251854	0.497623	0.512921	0.557146	0.760877	0.685051	0.802112	1.35733	1.29079	0.819845	0.564601	0.399033	0.500799	0.255756	0.0697997	0.814131	1.0997	0.774499	0.601508	0.440125	0.639721	1.14681	0.758708	0.222815	0.578329	0.691672	0.333333
ihec.chipseq.ihec-chipseq-containerv1.1.4.IHECRE00003675.3.83e601b8-bef8-49e1-b42e-c29a56e1ac1c.fc.signal	0.668691	0.62724	0.598035	0.80538	0.485168	1.00409	0.832671	0.665361	0.953497	0.697718	0.640363	1.24036	1.46363	0.957528	1.15593	1.41323	0.85442	1.28426	1.50561	0.994511	1.08575	0.738883	0.653188	1.08778	0.726095	0.946738	1.077	0.902913	0.726342	0.678341	0.723391	0.720587	0.920398	0.616357	0.260664
ihec.chipseq.ihec-chipseq-containerv1.1.4.IHECRE00003685.2.5501f5e6-6354-4e9f-82a5-be852033207e.fc.signal	0.753969	0.596125	0.494007	0.383055	0.418924	0.506146	0.419484	0.307658	0.188386	0.317467	0.448723	0.502817	0.609389	0.539816	0.781006	1.22974	1.09983	0.711581	0.536029	0.445962	0.317384	0.260512	0.427201	0.495096	0.47742	0.653513	0.682235	0.421705	0.256686	0.282915	0.341002	0.205875	0.0297977	0	0.261194
ihec.chipseq.ihec-chipseq-containerv1.1.4.IHECRE00003695.3.a1a38b0a-4e6e-499f-9d4a-f9ed2dd3bf97.fc.signal	0.433119	0.73442	0.617248	0.44672	0.561277	0.476014	0.851592	0.93581	0.714737	0.465268	0.69698	0.925871	0.681065	0.757959	1.57184	1.94212	1.2528	1.05717	1.23866	1.81085	1.39089	0.878272	0.640787	0.681587	0.766328	1.04095	0.909133	0.70199	0.568602	0.724481	1.07495	0.738082	0.714544	0.583053	0.0898204
ihec.chipseq.ihec-chipseq-containerv1.1.4.IHECRE00004607.2.e1fd1411-fa6d-4e9d-8b94-fee7dda1365c.fc.signal	0.597004	0.464858	0.259993	0.768548	0.545386	0.664516	0.527431	0.159694	0.230002	0.278719	0.287266	0.698414	0.780484	0.178808	0.347434	0.50605	0.337674	0.275284	0.264192	0.207774	0.18976	0.549675	0.255649	0.336805	0.43939	0.850569	1.06427	0.821495	0.487257	0.701005	0.677074	0.454777	0.0111159	0.12826	0.257732
ihec.chipseq.ihec-chipseq-containerv1.1.4.IHECRE00000972.6.8e264ed8-afdd-468a-8bbe-7ea6fcae8b7f.fc.signal	2.13774	1.26396	3.48486	2.08932	1.9767	4.37907	3.40896	5.86445	7.42987	3.06267	4.33303	8.1557	7.14492	5.61376	5.56279	5.81411	4.39451	3.61309	9.67332	5.61484	1.94278	3.12802	6.29152	8.29769	5.47088	6.73952	7.53307	5.53224	7.91436	5.9704	7.48229	7.81769	1.6061	3.5995	0.336957
ihec.chipseq.ihec-chipseq-containerv1.1.4.IHECRE00001916.1.b8e8499a-a8fb-45d6-acd8-26f02567ad12.fc.signal	0.85984	1.17837	1.05989	0.712033	0.853939	1.64436	2.76532	1.70774	2.01031	1.22696	0.891472	1.89285	1.55051	2.22116	2.73836	5.02714	4.09549	5.11036	5.26248	1.94937	2.04523	3.65555	3.98916	3.24484	5.56785	3.05036	3.00851	3.7234	3.13742	1.7475	2.95724	2.64038	2.44073	2.74859	0.344538
ihec.chipseq.ihec-chipseq-containerv1.1.4.IHECRE00001909.1.71c9825b-8f84-4929-97f3-4b92c6206f1e.fc.signal	1.18367	1.56013	0.858427	1.2368	1.23116	0.330376	0.32332	0.707363	1.08571	0.841473	0.516743	0.762437	1.02925	1.03443	1.48809	2.59213	1.50079	1.73377	0.951596	1.11114	1.47542	1.15776	0.75534	1.58977	1.55027	0.643808	0.99535	1.39918	1.47857	0.792118	1.04662	1.618	1.1648	1.6202	0.665094
ihec.chipseq.ihec-chipseq-containerv1.1.4.IHECRE00003688.3.a403a141-f90f-4e1e-98ae-0bc5d07833bf.fc.signal	0.527366	0.42444	1.6676	1.1841	1.67678	0.900453	1.06594	1.36615	1.76806	1.64646	1.89005	1.77561	1.91436	1.31943	2.96381	2.66542	3.24601	3.42843	3.58127	2.2309	1.69408	2.18514	3.48822	3.73254	3.14615	2.2726	2.08269	2.09777	3.69319	4.2383	3.67911	2.86863	2.00432	1.8366	0.555556
ihec.chipseq.ihec-chipseq-containerv1.1.4.IHECRE00000241.3.05642e3c-a160-4342-bda6-fdaa4b0b7e66.fc.signal	0.225714	0.226068	0.342695	0.434432	0.415242	0.327802	0.299455	0.483742	0.56707	0.610012	0.697861	1.03143	1.30402	1.26143	1.21843	1.26214	1.43918	1.44035	1.24043	1.19912	0.983482	0.863172	1.09468	1.41247	1.48786	1.23542	1.02744	0.77993	0.609196	0.645057	0.751636	0.765961	0.837769	1.01682	0.638436
ihec.chipseq.ihec-chipseq-containerv1.1.4.IHECRE00001956.2.1e76f479-733a-4b6f-88c7-efe3d559775e.fc.signal	2.01873	4.49182	3.58255	2.99435	1.704	5.25408	3.62298	4.76669	6.89441	4.96189	2.73866	3.72578	5.15837	4.90202	4.2445	4.54467	4.8817	6.4827	5.92757	5.98626	3.93634	4.63182	6.86865	5.83163	5.71702	5.18019	8.41977	5.62824	3.29403	6.25683	6.67367	7.29327	5.67103	4.85423	0.345361
ihec.chipseq.ihec-chipseq-containerv1.1.4.IHECRE00004617.2.bd401bc7-9584-4daf-b6e9-896dcf3c0a4c.fc.signal	0.409281	0.360198	0.363808	0.744901	0.963538	0.664038	0.530607	0.47424	1.45437	1.1808	0.844458	0.628	1.22483	0.677033	0.718185	1.21544	1.32228	1.13171	0.853831	0.412944	0.732651	0.653267	0.604168	0.383295	0.223047	0.194176	0.590444	0.706635	0.514668	0.83073	0.67419	0.744195	0.63338	0.308983	0.189873
ihec.chipseq.ihec-chipseq-containerv1.1.4.IHECRE00000238.3.8ee3bcc0-0a54-4209-87cf-967cca7d6071.fc.signal	0.31487	0.134327	0.402324	0.492283	0.272321	0.424255	0.536002	0.594755	0.846581	0.92533	0.875597	0.743068	0.751824	0.713149	0.561501	0.445072	0.530392	0.607856	0.871217	0.672811	0.618502	0.637898	0.612968	0.779196	0.590821	0.586298	0.637305	0.622277	0.65901	0.825896	0.924267	0.732522	0.772707	0.76106	0.282353
ihec.chipseq.ihec-chipseq-containerv1.1.4.IHECRE00001958.3.1ec30665-e127-479e-9308-683342038ede.fc.signal	1.69886	1.20712	2.51632	2.79515	2.65493	2.8315	2.18026	3.4905	3.82476	3.36991	2.70168	2.58721	2.99248	3.2314	3.85993	3.6871	2.95263	3.06112	3.15539	3.50678	4.60864	2.82072	3.91863	4.16331	3.86697	2.41677	2.54109	3.46751	3.47608	2.7004	2.71609	1.64271	1.67199	1.1672	0.657459
ihec.chipseq.ihec-chipseq-containerv1.1.4.IHECRE00003690.3.2cafda9b-dfc1-4231-8ed9-6249d923a6a9.fc.signal	0.631449	0.263245	0.0562245	0.21565	0.46913	0.452514	0.0625358	0.102656	0.4766	0.504722	0.609064	0.47773	0.0900533	0.186388	0.504129	1.14591	1.03749	0.548283	0.847692	0.444464	0.189286	0.235136	0.287312	0.1004	0.179522	0.404914	0.50183	0.723212	0.573504	0.230559	0.324593	0.342379	0.142278	0.204913	0.405941
ihec.chipseq.ihec-chipseq-containerv1.1.4.IHECRE00000188.3.edd174d9-379d-4ee2-93f9-dcd7dae1e0ef.fc.signal	0.769939	1.11704	2.12033	0.562865	1.19576	1.00329	2.31285	1.61578	1.92492	2.84947	4.21447	4.30196	6.57983	6.55941	7.75812	6.28994	4.97119	6.20651	6.68189	6.92397	6.37273	7.67646	8.32975	9.5839	8.11685	7.1751	4.87138	5.3228	3.75866	3.73237	5.91484	3.99281	4.63446	2.87033	0.425837
ihec.chipseq.ihec-chipseq-containerv1.1.4.IHECRE00004728.1.12642e26-117b-4636-816e-4fbed6d5c0a2.fc.signal	0.641611	0.273252	0.617638	0.878386	0.157958	0.32986	0.700784	1.26331	1.57491	0.505458	0.548824	0.922786	0.26307	0.200864	0.512334	0.366287	0.4533	0.622429	0.558016	0.476633	0.0475982	0	0.184495	0.453313	0.464309	0.58733	0.390976	0.534247	0.585263	0.0998895	0.472398	0.772458	1.02359	0.488473	0.182927
ihec.chipseq.ihec-chipseq-containerv1.1.4.IHECRE00001913.1.f508f1a3-4076-4925-b02f-30538e0b1e91.fc.signal	0.403956	0.796167	0.548318	1.23322	1.03226	0.501496	1.29176	1.79445	1.88319	0.503922	0.496555	1.93137	2.96105	2.12108	3.25678	4.33976	3.28216	2.79237	3.28211	2.646	3.3036	2.68307	2.03718	1.85179	2.73576	1.19421	0.997098	1.75617	2.07361	1.5658	2.20351	1.91033	1.94548	1.97988	0.364407
ihec.chipseq.ihec-chipseq-containerv1.1.4.IHECRE00003400.1.7fc89be2-980d-4ea6-a09b-d10627d38b89.fc.signal	1.11394	0.735307	0.101924	0	0	0	0.176207	0.76878	0.470132	0	0.541224	0.523211	3.30539	2.0969	1.23347	0.452927	0.336143	0	0	0	0	0	0.54602	0.291211	0	0	1.14873	0.675453	0.161634	0.511022	0.31211	0.547677	0.316267	0.221498	0.36272
ihec.chipseq.ihec-chipseq-containerv1.1.4.IHECRE00001952.2.58ebbf7c-ff66-46f2-b210-b717cb3c6af7.fc.signal	1.7964	3.10574	3.72214	3.13929	4.38801	2.38467	2.31633	4.21993	3.02375	1.6939	2.9687	2.39564	4.13812	3.81972	3.83706	3.60358	3.46852	4.65625	4.22015	4.2954	3.18295	1.79745	2.37731	4.42177	4.02234	2.38791	2.30784	2.33002	3.337	3.33722	2.10074	1.59578	2.10524	1.30841	0.679317
ihec.chipseq.ihec-chipseq-containerv1.1.4.IHECRE00001236.5.dd479f7b-7d31-4292-a54c-bd7a49572346.fc.signal	1.25515	1.50865	0.9257	1.95437	1.70751	0.914808	2.0272	2.58103	2.36174	2.69043	3.02896	3.02221	2.6749	2.48262	3.41247	2.83277	3.74096	2.38841	2.02436	2.24962	1.51356	2.63803	4.87779	4.96665	2.99235	2.99339	2.51154	2.8452	3.10205	3.34285	2.35457	2.2363	2.14996	2.64768	0.410256
ihec.chipseq.ihec-chipseq-containerv1.1.4.IHECRE00003842.2.dde9814b-8b78-4af3-b9ef-87186b3ed1fd.fc.signal	0.0785573	0.0427193	0.0975543	0	0	0	0.155457	0.221455	0.351538	0.0557955	0.65921	0.364271	0.469001	0	0.295925	1.63061	0.533076	0.402667	0.882004	0.333792	0.552502	0.479372	0.61243	0.200205	0.687362	0.323011	0	0	0.229901	0.218415	0.396717	0.756091	0.198283	0.118848	0.513441
ihec.chipseq.ihec-chipseq-containerv1.1.4.IHECRE00000237.3.2cba5936-f140-44e1-bb8c-03b1b31528e1.fc.signal	1.25106	1.38056	1.51208	1.23911	1.17965	1.25456	1.35895	1.4333	2.40023	2.13836	1.57497	1.69282	2.05384	1.73688	2.16028	2.95575	3.08713	3.07037	2.55472	1.93287	1.95018	2.03555	1.87921	1.85224	2.30912	2.24166	1.95629	1.67963	2.04433	2.67301	2.39008	1.91225	1.642	1.65556	0.26556
ihec.chipseq.ihec-chipseq-containerv1.1.4.IHECRE00000983.7.28efaa97-cdc8-4335-83a3-064d42b1fd10.fc.signal	0	0	0	0	0	1.03091	0.515177	0.899885	2.05429	1.05074	0.339875	1.03756	0	0.988748	3.13585	1.87745	4.51508	3.09634	2.00016	2.57898	1.22764	0.0053266	1.42268	2.53058	1.77155	2.50246	6.33131	1.61184	1.19025	0.0335834	2.5743	1.20432	0	0	0.210938
ihec.chipseq.ihec-chipseq-containerv1.1.4.IHECRE00000243.3.f32467cb-d7e9-4f5b-9c6b-68e4e838bc49.fc.signal	1.22396	1.00514	0.90815	0.934163	1.08908	1.10461	1.16109	1.09271	1.52436	1.76637	1.52954	1.80292	1.81935	1.30109	1.15923	1.26451	1.28026	1.99609	2.39349	2.03504	2.10194	2.25932	2.68053	2.62261	1.83654	1.47948	1.8735	2.53202	2.48407	2.0529	1.77911	1.59857	2.01172	1.63669	0.168919
ihec.chipseq.ihec-chipseq-containerv1.1.4.IHECRE00000229.3.88fcdf4d-dd2c-424a-91c6-ca3469132544.fc.signal	0.86974	1.23823	1.69326	1.27977	0.978979	1.25675	1.91449	2.84557	2.86562	1.97291	1.77243	1.8347	2.1171	1.3329	2.3884	1.76451	1.66093	2.46398	2.56807	3.34337	4.1577	3.59428	2.43814	2.33118	3.70808	3.3761	2.80526	4.15128	3.0388	1.92438	1.48729	1.49893	1.28365	1.75436	0.371886
ihec.chipseq.ihec-chipseq-containerv1.1.4.IHECRE00001935.1.43a724cd-c3b0-46db-9b56-bc285ebfa0a4.fc.signal	0.250088	0.110051	0.594778	0.962707	0.942526	0.839537	2.45991	2.50704	1.26441	2.37796	2.65766	2.66745	2.69169	1.99824	2.56948	3.85857	3.59099	3.9138	5.24257	1.81	3.54874	4.53961	3.29306	3.78933	1.81749	1.91671	5.51708	4.10487	2.67457	2.18049	1.60274	1.15318	3.07452	2.84001	0.458498
ihec.chipseq.ihec-chipseq-containerv1.1.4.IHECRE00000240.3.309e9998-5ade-4caa-9bdd-4c0118af9852.fc.signal	1.38672	1.09737	1.34687	2.43905	3.07047	3.08631	3.26414	4.57129	5.17817	5.03945	4.1332	3.99664	4.56542	3.4785	2.8484	2.90567	3.75026	3.8779	4.32181	4.42439	4.0164	5.1086	5.40815	5.24213	4.66825	3.70158	3.24098	3.32881	3.7376	4.54144	5.73129	4.97175	5.47924	5.10639	0.0703125
ihec.chipseq.ihec-chipseq-containerv1.1.4.IHECRE00003836.3.9aa71da8-fe78-48e5-b5e7-94900a3e3afc.fc.signal	0.290006	0.0662271	0.585987	1.01372	0.595921	0.545583	0.560846	0.605031	0.551637	0.698467	0.85492	1.09417	0.771365	0.506507	0.944226	0.765418	0.570773	0.827381	0.52682	0.560226	0.321129	0.26219	0.261528	0.427076	0.866726	0.803497	0.549495	0.504647	0.414073	0.466173	0.503735	0.587385	0.421803	0.443304	0.418293
ihec.chipseq.ihec-chipseq-containerv1.1.4.IHECRE00001905.1.4d60b2bb-7496-4719-a8ca-5aac334b58d2.fc.signal	0.843244	0.982248	1.33735	0.633135	0.952025	1.44313	0.698153	0.379244	1.45828	2.02925	2.85954	2.29422	4.44127	2.78654	3.36081	4.88708	4.57272	2.60065	2.40424	2.50547	3.64188	3.9033	6.24408	6.57048	4.40048	4.27783	4.49869	2.26652	1.23635	2.29657	4.52169	2.22647	2.04234	2.18502	0.921348
ihec.chipseq.ihec-chipseq-containerv1.1.4.IHECRE00001964.2.c9581d4d-c873-4911-9ee7-7d9f4821621a.fc.signal	1.81567	1.87542	1.58238	1.27991	1.22701	3.46543	2.97668	1.87582	1.56799	1.46792	2.57281	2.17103	2.87255	1.82599	1.78605	1.76663	2.63945	2.46849	2.06437	2.16697	2.03411	0.821969	1.47052	1.88152	1.13928	1.2442	1.5052	0.946797	1.95787	1.7418	1.23205	1.38467	0.822792	0.0359626	0.621053
ihec.chipseq.ihec-chipseq-containerv1.1.4.IHECRE00000246.3.ce270c8d-29f4-452f-bda1-9304aa0691fd.fc.signal	0.445501	0.292206	0.144854	0.205134	0.253046	0.275418	0.4161	0.675006	0.660452	0.612317	0.535443	0.528685	0.496354	0.46995	0.692333	1.01769	1.25772	1.32666	1.34842	1.00703	0.688102	0.742206	0.813763	0.882975	1.08713	1.07762	0.757517	0.912669	0.977704	0.779351	0.643128	0.862227	0.859907	0.709816	0.652174
ihec.chipseq.ihec-chipseq-containerv1.1.4.IHECRE00001852.4.7de26b70-374a-4d7c-b754-070af0779bd1.fc.signal	0.304021	0.301802	0.0932036	0.838946	0.721526	0.617049	0.890042	0.541575	0.679196	0.408379	0	0.119833	0.639237	0.310852	0.834543	0.525925	0.68588	0.703635	0.30181	0	0	0.559308	0.770162	0.188626	0.390597	0.307487	0.185011	0.0576975	0.286268	0	0	0.45501	0.23304	0.248976	0.427729
ihec.chipseq.ihec-chipseq-containerv1.1.4.IHECRE00000234.3.d628a7a7-c77f-436d-8ccd-d018c7458990.fc.signal	0.356217	0.189503	0.194857	0.263862	0.150494	0.226279	0.241966	0.200935	0.215673	0.224443	0.234392	0.28574	0.39914	0.485044	0.807339	0.90131	0.967221	0.805109	0.705164	0.54083	0.304179	0.398738	0.750246	0.774403	0.708931	0.592497	0.499072	0.52598	0.502604	0.425312	0.492328	0.412284	0.366441	0.371212	0.463265
ihec.chipseq.ihec-chipseq-containerv1.1.4.IHECRE00000228.3.eab68876-e57f-4e6d-b66b-00c271b4eee3.fc.signal	1.38081	1.07504	0.731862	1.03526	1.81941	2.65416	3.27322	3.01322	3.38804	2.53522	1.51478	2.28227	2.573	1.75972	1.67275	1.94668	1.87357	1.77738	1.40189	1.44741	1.76447	2.35856	2.3926	2.20395	2.45264	2.15475	2.50529	2.74471	1.75052	1.54751	1.16402	1.43488	1.79774	1.45406	0.0576923
ihec.chipseq.ihec-chipseq-containerv1.1.4.IHECRE00000953.7.ee348280-6b7c-485f-98b3-1dc4a3d7cb47.fc.signal	1.59161	0.255765	2.06978	2.92938	2.05746	2.23154	0.858772	2.45732	3.42213	6.40861	7.51685	3.38901	4.15992	4.54523	6.04186	4.25184	4.2751	4.3351	4.09704	3.52706	3.34817	3.14087	5.97457	7.37627	5.26393	4.81703	1.94762	2.89152	2.19901	3.40657	5.59624	5.55697	3.28676	3.18822	0.291667
ihec.chipseq.ihec-chipseq-containerv1.1.4.IHECRE00000152.3.82c5eb6b-94f5-436e-9a8c-a2c4b0dd0ad2.fc.signal	0.519223	0.61447	0.670713	1.86004	0.718358	0.732283	1.22974	1.6334	3.4548	2.10641	3.63179	2.73128	7.41684	9.14253	10.8191	9.55588	10.8398	12.4957	9.87363	8.72661	6.4047	8.86555	7.23174	6.06109	3.85931	5.20005	6.92767	9.26272	5.34498	3.30928	5.6395	4.97815	4.82057	3.81207	0.825503
ihec.chipseq.ihec-chipseq-containerv1.1.4.IHECRE00003822.3.eda10e48-105b-4e9a-8f60-553c1509df8f.fc.signal	0.296203	0.440164	0.733041	0.41325	0.498145	0.430523	0.759867	0.903685	1.21531	1.09737	1.30064	1.37878	0.39407	0.389764	1.07578	1.69809	1.40851	1.071	0.774728	0.714822	0.624684	0.400792	0.389758	0.899868	1.8026	1.86013	1.24743	0.746906	0.44019	1.09685	1.29392	0.663074	0.678404	0.599281	0.167722
ihec.chipseq.ihec-chipseq-containerv1.1.4.IHECRE00001002.4.6ef6e344-86f3-4f04-92f8-daa352b5ef4d.fc.signal	0.386001	0.290011	0.191268	0.270531	0.236607	0.323567	0.347013	0.792661	0.79473	0.578029	0.675885	0.640143	0.733074	0.846109	0.695993	0.726509	0.539108	0.645381	0.797485	0.357875	0.633106	0.732532	1.01257	0.796839	1.10921	0.720938	0.414061	0.593753	0.623963	0.375229	1.0648	0.89963	0.674904	0.507071	0.163934
ihec.chipseq.ihec-chipseq-containerv1.1.4.IHECRE00000153.3.50797fd4-7103-44b7-91ec-249af3af060d.fc.signal	1.19371	0.98434	1.65381	1.10548	0.66329	0.332311	1.68747	2.21103	2.14467	3.15298	1.68035	0.11497	0.278582	1.17623	0.610227	1.12317	1.48135	2.75052	3.0203	1.14908	0.66452	0.949477	1.80942	1.05427	0.521788	1.13201	1.39028	2.29545	1.62179	0.866699	0.804792	0.0176877	0.150346	0.895172	1
ihec.chipseq.ihec-chipseq-containerv1.1.4.IHECRE00000942.6.d1423850-21d9-4937-a8c0-bd929b9ce5af.fc.signal	1.2027	0.511302	0.639687	1.79111	1.00744	2.33448	3.06101	1.59856	2.74014	2.07913	1.69968	2.47854	1.31508	1.93795	2.18842	2.42326	3.46803	3.04331	3.66889	2.43222	1.17496	2.1522	3.29505	5.54671	5.12994	1.60305	3.28297	1.74249	3.61605	2.85247	3.40886	3.7133	3.54369	1.06221	0.196491
ihec.chipseq.ihec-chipseq-containerv1.1.4.IHECRE00003687.3.9a4057a4-e12c-4d7b-b060-e24f27faf568.fc.signal	0.326567	0.450953	0.966793	1.80192	1.52465	1.50085	1.35754	2.04203	2.40143	2.0572	2.46811	2.45487	2.37875	1.89832	1.70439	2.49029	2.78896	2.34815	3.58456	2.872	1.06004	1.59439	2.63122	2.25924	2.86507	2.12827	1.14823	1.70342	2.25658	2.94914	3.8047	4.44582	1.87278	1.85643	0.526718
ihec.chipseq.ihec-chipseq-containerv1.1.4.IHECRE00001888.4.29b3864c-f328-4f09-81c3-fb99bd048848.fc.signal	1.70985	1.71728	0.730449	0	0	0	0	1.17174	1.05456	2.27841	1.54719	2.71961	1.75129	1.22828	3.98588	3.17214	3.47395	2.62989	0.839744	0.613706	0.643902	0.764195	0.726063	1.76242	2.19704	0.300918	0.649039	0	1.6832	0.947731	0.600562	0.64326	0.977781	0.250066	0.378788
ihec.chipseq.ihec-chipseq-containerv1.1.4.IHECRE00003683.3.73c26a8d-02d6-4ea5-b361-6e62367bb307.fc.signal	0.248684	0.455188	0.411024	0.233314	0	0	0	0.163931	0.254425	0.557852	0.622118	0.727874	0.412368	0.3982	0.373612	0.593273	0.764158	0.759874	0.747944	0.648816	0.360659	0.205553	0	0.111931	0.271648	0.227584	0.25237	0.597429	0.701123	0.418485	0.217486	0.219322	0.257878	0.13762	0.191176
ihec.chipseq.ihec-chipseq-containerv1.1.4.IHECRE00001235.5.aea2aa2c-6af2-475c-9bb0-3fdc6d0339b3.fc.signal	0.516017	1.23099	1.84363	1.20531	1.43985	1.04133	1.30356	2.53759	2.8956	2.61482	2.4382	2.29166	2.1317	1.76301	3.01278	2.68442	3.47823	2.83869	3.64695	1.26098	1.14228	2.32447	4.33249	4.81753	3.72347	2.51034	2.09556	2.43371	2.07824	2.80095	3.91778	2.55498	1.79618	3.04516	0.125984
ihec.chipseq.ihec-chipseq-containerv1.1.4.IHECRE00004614.1.eddf4881-cfdf-4d09-8ca1-4766009011f8.fc.signal	0.715194	0.86019	0.779668	0.455474	0.217281	0.191731	0.518036	0.461586	0.559253	0.453117	0.683903	0.506967	0.251382	0.180415	0.319889	0.228434	0.19462	0.281516	0.377038	0.382975	0.0616914	0	0.162447	0.766842	0.594129	0.457705	0.559093	0.455667	0.0145355	0	0	0.212032	0.190673	0.620311	0.675214
ihec.chipseq.ihec-chipseq-containerv1.1.4.IHECRE00001854.4.36abf718-9256-42a8-9dd6-975bef0637c8.fc.signal	0.624356	0.749666	0.662535	0.316557	0.155931	0.393791	0.237786	0.0262457	0.583705	0.177592	0.245531	0.44013	1.07942	0.525055	0.753554	0.713416	0.450904	0.575999	0.710307	0.945437	0.468073	0.365973	0.849307	1.12882	0.415388	0.0972856	1.12418	0.56518	0.704152	0.582158	0.498778	0.693345	0.867795	0.404907	0.306569
ihec.chipseq.ihec-chipseq-containerv1.1.4.IHECRE00003692.4.f878ad9b-d6d3-4a62-ad1c-aebee9337a47.fc.signal	0.669349	0.611708	0.433785	0.100817	0.387043	0.647019	0.337792	0.241322	0.530554	1.11052	0.468468	0.65908	0.931222	0.484525	1.10983	2.74476	1.24526	0.532226	0.555391	0.405149	0.718891	0.682996	0.369743	0.0088842	0.336352	0.809074	0.656899	0.350713	1.24308	0.744075	0.79063	0.494431	0.478418	0.873793	0.338192
ihec.chipseq.ihec-chipseq-containerv1.1.4.IHECRE00000226.3.6bd86a0d-9ca9-4cf3-b822-a5f283f5194f.fc.signal	0.484999	0.766682	0.721433	0.566171	0.797361	0.931589	0.915111	1.26008	1.67778	2.00579	1.66994	1.56831	1.64984	1.35261	1.1127	1.57901	2.4386	2.25688	1.76331	1.19195	1.10449	1.48745	1.99837	2.52554	2.03925	1.81578	2.18629	1.74025	1.43795	1.28693	1.26306	1.97588	2.41591	1.96797	0.227451
ihec.chipseq.ihec-chipseq-containerv1.1.4.IHECRE00003679.3.f2c7bc19-404e-47af-b24f-cd6109044afb.fc.signal	0.292086	0.559438	1.22659	1.18011	0.467408	0.521624	1.68622	1.45426	1.0124	0.734159	1.38611	1.7336	1.53909	0.830377	0.483928	1.11143	1.62061	1.13261	0.515262	0.436897	0.525722	1.16029	1.38503	1.61447	1.87299	1.72818	1.28128	1.25812	2.08917	1.51267	1.40124	1.54375	1.28492	0.346701	0.345833
ihec.chipseq.ihec-chipseq-containerv1.1.4.IHECRE00003845.2.7673cefe-afff-41e8-b1a7-d52d55271696.fc.signal	0.96568	0.953804	0.738049	0.0511785	0.122589	0.176469	0.597348	0.516605	0.82938	0.569981	1.53343	1.26876	1.17346	1.24583	2.10255	3.70039	3.41666	1.55462	1.11693	1.40729	1.41696	1.41607	1.16202	1.66138	2.30989	2.35954	1.24934	0.926449	2.18461	1.7955	1.40574	0.975434	0.694388	1.19008	0.204545
ihec.chipseq.ihec-chipseq-containerv1.1.4.IHECRE00000233.3.d999326f-0bb9-43a3-80f2-21bc2de5bd70.fc.signal	1.02854	1.70317	1.37293	1.08661	1.1589	0.943043	1.10155	1.18385	1.16886	0.883647	1.15046	1.23324	1.3158	1.67093	2.67645	2.9413	2.74422	3.04816	2.70147	2.03894	1.56719	1.59212	1.6777	1.45275	1.22195	1.2419	1.88886	2.14199	2.07207	2.20459	2.48709	2.10331	1.97182	1.9957	0.15
ihec.chipseq.ihec-chipseq-containerv1.1.4.IHECRE00001039.6.92d75341-e28f-4aef-b49f-71fb4ab25e3c.fc.signal	0.654047	0.355773	0.748433	1.00548	0.240776	0.672016	1.31169	1.06373	1.69262	2.70244	3.38163	4.09318	1.16435	0.574987	2.87133	1.36559	1.5884	1.83636	2.41135	1.13919	1.52731	0.0718733	0.876855	0.765451	0.564206	0.92324	0.549457	0.251927	1.86871	4.02404	3.90206	2.73118	2.3287	2.47174	0.413953
ihec.chipseq.ihec-chipseq-containerv1.1.4.IHECRE00003677.3.5aafa779-b4bd-44a8-aed7-d566d5881bee.fc.signal	0.788772	2.0425	1.48195	0.96023	1.10062	0.603213	0.463331	0.677355	1.32219	1.11373	1.80859	1.32993	0.59195	0.216651	0.391602	0.845158	0.947422	0.934896	1.25445	0.870675	0.368464	0.508282	0.902837	1.25332	0.696899	0.695061	0.576172	0.806653	0.870887	0.412872	0.640894	0.599871	1.06325	0.612729	0.469965
ihec.chipseq.ihec-chipseq-containerv1.1.4.IHECRE00001914.1.7b3fd507-2fc8-4ffe-b558-9fa2ebdf70a9.fc.signal	1.26256	0.486708	1.16968	1.01534	0.539307	0.745709	1.27939	1.04505	1.73312	2.31149	1.8596	0.444492	2.172	1.36308	1.69223	3.31567	3.77314	4.98743	3.01547	2.07804	1.65005	1.16035	2.11996	2.62203	3.32867	1.53976	1.44863	2.23709	2.64808	3.3696	3.80846	3.13045	1.40372	0.494416	0.248804
ihec.chipseq.ihec-chipseq-containerv1.1.4.IHECRE00001903.1.03a5399b-8198-4c5d-9733-643e52230ded.fc.signal	0.729077	1.18863	1.09428	1.63665	1.10074	0.860554	1.01425	1.22656	1.54897	2.33786	2.26182	2.67568	4.23716	3.52844	2.29996	3.06641	3.93155	4.24246	2.87556	3.04691	3.40711	4.81437	3.86471	4.15992	7.30527	6.36435	2.46232	3.28411	2.90585	5.83468	3.92994	2.1593	4.59496	4.67557	0.413284
ihec.chipseq.ihec-chipseq-containerv1.1.4.IHECRE00000969.7.cad1b677-714d-4048-b83a-e43043dafcdb.fc.signal	3.62435	2.19341	1.3883	1.27662	2.78926	4.21508	4.9649	3.72472	3.18981	4.29897	5.56864	5.23666	7.51936	8.75969	8.94526	6.4037	8.21764	6.84278	8.61077	6.15963	2.96023	4.46686	5.47214	6.63098	5.25169	2.44655	2.01416	2.08947	1.92792	3.26059	4.30735	3.15769	2.76605	5.00729	0.249315
ihec.chipseq.ihec-chipseq-containerv1.1.4.IHECRE00001936.1.5334d23f-e014-40d2-bc7a-ac83a243daae.fc.signal	0.651721	0.379718	1.58862	0.593437	0.85251	0.413479	0.690454	0.3978	1.5841	3.10326	1.74322	0.965891	2.14201	1.89868	3.23749	3.71129	2.58791	3.39967	2.28012	2.07651	1.98039	3.61592	4.06949	3.83526	4.74246	3.98838	2.54628	2.67831	2.47658	2.79968	3.45463	3.01379	3.64704	3.18097	0.207207
ihec.chipseq.ihec-chipseq-containerv1.1.4.IHECRE00001904.1.214d1f33-bcb6-4ac8-b4dd-0158df3742ae.fc.signal	0.48779	0.239185	0.127955	0.559273	0.769864	0.620837	0.481867	0.449872	1.27621	1.13251	1.20688	0.504032	1.16765	1.60247	1.33229	1.39776	1.07961	1.53901	2.89298	3.03479	2.96188	4.02364	2.97672	2.6216	3.46816	4.12275	3.36781	2.09604	1.35192	2.09672	2.48716	2.70331	2.19741	3.22949	0.451977
ihec.chipseq.ihec-chipseq-containerv1.1.4.IHECRE00003396.1.caf1b051-51fa-44fc-a0cc-329416432529.fc.signal	1.04642	0.0081118	0.266223	1.1681	0.665168	0.40559	0	0	0	0	0	0.186564	1.51675	0.892271	0.771769	0.575938	0.502932	1.47626	0.105453	1.66276	1.63848	0.697747	0	0.26767	1.40075	0.240391	0.411088	0.562799	0.284375	0	0	0.516614	0.324472	0.306666	0.293173
ihec.chipseq.ihec-chipseq-containerv1.1.4.IHECRE00000244.3.139b0f99-dbed-4fbd-849b-3404a3da6f2d.fc.signal	0.292525	0.355633	0.44325	0.384084	0.404954	0.254198	0.316625	0.507162	0.746868	0.888517	0.83481	0.777955	0.933761	1.22529	1.19374	1.3727	1.35298	1.30053	0.886296	0.617124	0.719924	0.792172	1.04885	1.26822	1.12174	1.00127	0.816066	0.644128	0.6735	0.74513	0.829877	0.919411	0.756278	0.786272	0.404389
ihec.chipseq.ihec-chipseq-containerv1.1.4.IHECRE00001518.1.2f3a56ee-f43a-4986-9680-2b811deb8a83.fc.signal	1.26592	2.661	2.60796	3.35729	2.45097	2.84301	4.9069	4.26366	6.581	8.55381	10.9415	11.9897	7.21934	5.84909	7.642	6.58477	7.38461	13.025	14.6023	11.6778	9.79622	7.78433	7.99395	16.6602	15.1735	8.41451	11.5951	8.89126	9.14435	9.88572	7.99396	7.75362	8.3135	9.2655	0.486486
ihec.chipseq.ihec-chipseq-containerv1.1.4.IHECRE00003696.3.ffcc32fa-05fb-403b-ada6-3d600e152e76.fc.signal	1.07093	0.89478	0.780127	0.339064	0.584781	0.856443	0.840886	0.536183	0.872618	0.6801	1.32237	1.19689	0.608832	0.462463	1.31598	2.51929	1.31723	0.880573	1.03253	0.283486	0.57044	0.82612	0.427268	0.865673	0.721953	1.2402	0.833926	0.926395	1.28619	0.826399	0.964124	0.949153	0.450851	0.762428	0.101911
ihec.chipseq.ihec-chipseq-containerv1.1.4.IHECRE00001008.4.6b4448d0-5f4c-4811-8e37-23e51bce62f5.fc.signal	0.635703	1.47869	2.03154	1.44587	1.19798	1.67461	3.01238	2.33352	2.92821	1.32562	2.20038	2.22761	2.19107	2.81479	2.34699	2.15795	2.00947	2.638	3.08622	1.73433	1.91339	2.48471	2.8133	3.82548	2.50255	2.23082	1.55764	1.42702	2.96996	3.00505	3.09256	3.25703	2.64774	1.71784	0.409483
ihec.chipseq.ihec-chipseq-containerv1.1.4.IHECRE00003682.3.aaa0b154-2777-4a76-a919-829c05cb2aa5.fc.signal	0.632771	0.352333	0.410718	0.375713	0.184794	0.32864	0.894245	1.03253	1.27891	0.779146	0.861161	1.20348	1.28001	0.565722	0.427136	0.557635	0.564508	0.643653	0.495668	0.652508	0.614207	0.712839	0.438734	0.796419	0.675166	0.455502	0.196235	0.205849	0.269452	0.556555	0.899346	0.998761	0.394997	0.259256	0.269417
ihec.chipseq.ihec-chipseq-containerv1.1.4.IHECRE00001908.1.67529c4a-d5d0-4903-8a4f-92278403d9f7.fc.signal	0.0862602	0.41382	0.173522	0.88591	1.57306	0.893105	2.31351	2.54113	4.13002	3.68874	4.26961	3.08592	3.87505	2.90701	4.45385	5.22567	6.07446	6.37008	3.3904	2.75389	3.04659	4.99158	7.02117	7.13552	5.23495	4.50456	5.75783	5.62888	3.26905	3.85192	5.55999	6.27235	4.01175	2.40013	0.546667
ihec.chipseq.ihec-chipseq-containerv1.1.4.IHECRE00000221.3.05a353b1-f31c-4062-a970-e6b8e8cfe9a3.fc.signal	0.633453	0.317682	0.709384	1.48525	1.59269	1.60067	1.60568	1.82809	1.38457	1.08188	0.907112	1.65997	2.09939	1.23235	1.29496	1.94784	2.79008	4.0808	3.44481	1.54489	2.12035	2.65952	3.34758	3.74394	2.9566	3.35734	2.51099	1.73339	1.53325	1.90191	1.46682	1.24829	2.74857	2.80234	0.389078
ihec.chipseq.ihec-chipseq-containerv1.1.4.IHECRE00004643.3.251ac38a-f30f-4eb1-8d54-f10f77bc7dd8.fc.signal	0.637947	1.25566	2.04563	2.0886	1.85931	1.68095	1.93142	1.86684	1.59403	1.8635	2.10878	1.8318	1.59104	1.94276	1.46613	1.5379	2.3936	2.09403	1.72013	1.8141	1.20546	1.10271	1.79908	2.62793	1.38443	2.13215	1.78352	1.12255	1.8588	1.37702	0.901216	1.60493	1.3959	2.58846	0.0838323
ihec.chipseq.ihec-chipseq-containerv1.1.4.IHECRE00001965.2.d0a3ffb9-3082-49ca-b6e4-071c93be50ea.fc.signal	1.88309	2.07398	1.61522	1.66982	1.1888	1.85379	1.82176	1.9444	2.0214	0.926828	0.527019	1.17723	2.24487	1.39729	2.29115	1.97642	2.04047	2.32595	2.38927	1.76044	1.25148	1.51379	1.83062	2.82933	2.93562	2.18078	1.7415	2.31074	2.05405	1.36595	2.00573	2.01049	0.878853	0.892293	0.610315
ihec.chipseq.ihec-chipseq-containerv1.1.4.IHECRE00000231.3.78266b2b-9a41-44a4-9745-bcbbd01d3076.fc.signal	0.789014	1.28481	1.19622	0.866363	1.25834	1.45821	0.971957	1.17291	1.70476	1.91003	1.94941	2.06754	2.00189	2.27942	2.7711	2.58611	2.68435	2.27816	1.63824	1.56631	1.90151	1.91659	2.15181	2.32002	2.02574	1.76156	1.61986	1.83205	1.55425	1.40242	1.83123	1.57165	1.04337	1.15292	0.0614035
ihec.chipseq.ihec-chipseq-containerv1.1.4.IHECRE00000224.3.91059aa1-cc7c-4c6a-8c0d-23bf4bfa5cae.fc.signal	1.50289	1.50039	1.51972	1.24438	1.29319	1.6329	2.0723	2.63947	2.75513	2.03896	1.58422	2.45599	2.51331	1.89455	3.258	3.33213	4.27825	4.66785	3.67261	2.74154	2.15228	2.65917	4.46295	5.24561	4.44939	4.20363	4.00965	2.64387	2.44005	2.26688	2.11911	1.91759	2.44961	2.78802	0.213675
ihec.chipseq.ihec-chipseq-containerv1.1.4.IHECRE00004635.3.ad2e7f02-8a5b-4f8f-8fa0-495c5d602f92.fc.signal	0.560283	0.312783	0.665186	0.406748	0.0943873	0.362632	0.877959	0.495549	0.554892	0.744318	1.02381	0.602063	0.74333	0.903044	1.13032	1.05458	1.13441	1.0003	1.03512	0.59691	0.266222	0.328653	0.141272	0.660364	0.722841	0.757636	0.985942	0.586678	0.654249	0.924346	0.753592	0.505921	0.337022	0.0666496	0.852679
ihec.chipseq.ihec-chipseq-containerv1.1.4.IHECRE00003693.3.00bffcc7-6bdd-4dff-a3af-f0bc3467ff95.fc.signal	0.447781	0.217035	0.224613	0.233013	0.332768	0.530087	0.363719	0.301595	0.60119	0.72368	1.01897	0.734079	0.545787	0.653993	0.799003	0.968351	0.816532	0.680583	0.419414	0.369566	0.801587	0.525739	0.159797	0.725877	0.68266	1.27606	1.49626	1.14704	0.587072	0.541315	0.793664	0.54393	0.389913	0.629108	0.432
ihec.chipseq.ihec-chipseq-containerv1.1.4.IHECRE00001957.2.5bc96241-954a-4559-a55b-8ed7178f6f2d.fc.signal	1.89055	1.33211	1.07677	1.56118	1.91219	2.79421	2.52582	2.1167	2.61802	2.36818	2.09231	1.64881	2.33803	1.92135	2.84417	3.85433	2.54574	2.64992	3.84684	3.12042	2.41395	2.65193	3.57535	2.90497	2.57287	1.69499	1.19325	2.20425	1.85643	2.0359	2.00233	2.15849	1.145	0.254709	0.698675
ihec.chipseq.ihec-chipseq-containerv1.1.4.IHECRE00001025.7.262bd7c5-c486-496a-a8c6-308bf4207448.fc.signal	1.01545	1.00529	1.30708	0.823208	1.53758	0.977584	1.5213	1.61175	1.54032	1.9753	4.01892	2.8938	1.84427	2.65032	3.27108	1.2792	2.87452	4.93759	4.31834	2.59443	1.35995	2.06076	2.38064	3.03862	2.17894	2.63945	2.09257	1.20032	0.678258	1.62848	3.57622	4.09774	3.01302	1.62067	0.22314
ihec.chipseq.ihec-chipseq-containerv1.1.4.IHECRE00003678.3.fc6fd65f-c644-42f3-9ab2-6582bf7f6378.fc.signal	0.5759	0.259813	0.43345	0.36632	0.110879	0.288865	0.765271	1.00467	0.946356	0.723463	0.784982	0.955871	0.938204	0.664235	0.95324	0.817289	0.732643	0.872012	0.496678	1.00452	1.1302	0.425749	0.26652	0.511262	0.556532	0.521823	0.556475	0.395551	0.026882	0.638162	1.16781	0.641173	0.230005	0.0896771	0.33564
ihec.chipseq.ihec-chipseq-containerv1.1.4.IHECRE00001918.1.fbe063d6-2cc4-4e86-b2d8-a5dbab869596.fc.signal	1.47052	0.0495344	1.01286	0.656485	0.320028	1.56928	1.42259	0.600869	0.332541	1.64776	5.24421	6.38361	4.38482	5.2478	5.36583	6.41388	4.54733	4.00882	3.35333	4.48125	4.28813	4.85986	4.32247	4.32466	3.9543	2.77678	3.61948	5.41373	2.71195	2.39683	2.30491	5.94575	6.50581	2.63035	0.522727
ihec.chipseq.ihec-chipseq-containerv1.1.4.IHECRE00000332.2.c9c514ac-1a99-4191-b0b0-7e14f38ebc7a.fc.signal	1.24224	1.03707	1.53086	1.98155	1.1607	2.68955	4.462	5.46578	7.49828	7.94303	8.53324	10.1709	8.79928	7.92431	8.2014	12.7552	13.1033	11.9312	11.9104	9.30844	7.1616	10.02	10.7051	7.15974	7.47791	8.14478	7.88939	5.9634	2.84634	5.01377	6.70685	6.66463	8.95406	8.76339	0.448052
ihec.chipseq.ihec-chipseq-containerv1.1.4.IHECRE00001907.1.9f5e6354-a818-4c74-a982-f5d683781afe.fc.signal	0.0751385	0.769201	1.48689	1.5682	0.507712	0.691217	0.974385	1.26382	1.26868	1.45595	2.80358	2.01739	1.80028	1.72336	2.19816	1.63348	1.15277	2.23243	1.46538	1.77773	1.18413	2.51559	2.32434	2.0272	3.90026	2.21835	1.94627	2.35145	1.87244	2.1162	1.54311	0.929835	1.91585	1.52883	0.408602
ihec.chipseq.ihec-chipseq-containerv1.1.4.IHECRE00001375.1.29ce8c5d-9504-4651-b3bc-ff7eb9a8a6d8.fc.signal	1.14922	1.65014	1.08197	1.90196	1.7882	2.7165	3.20215	4.74968	8.49803	9.65199	8.56496	8.05089	8.29454	6.66401	14.0563	12.3651	7.73265	9.05364	8.2052	9.84744	9.34944	10.3401	13.8528	14.2787	12.2705	13.9809	7.23617	6.29869	6.14542	4.95247	6.23233	4.71872	4.93758	3.78029	0.54
ihec.chipseq.ihec-chipseq-containerv1.1.4.IHECRE00000949.6.eabfbabf-0398-4a54-beef-06d14e082ca4.fc.signal	3.07001	2.52891	2.41051	4.45478	4.01544	3.75174	3.25111	2.20943	5.34958	5.68677	3.36221	4.63928	5.79015	5.7486	4.20982	9.39637	7.00077	4.64838	3.8395	3.55015	7.69525	5.76738	2.94873	5.91368	7.11007	5.72647	5.30683	4.70755	6.4697	4.70634	4.59657	4.08064	3.58528	4.01231	0.325397
ihec.chipseq.ihec-chipseq-containerv1.1.4.IHECRE00003694.3.fc8c8322-ec2a-42ca-96d8-185645c9908f.fc.signal	0.593749	0.427107	0.324686	0.453553	0.301281	0.522264	0.667622	0.491426	0.513454	0.67709	0.944255	0.840831	0.597149	0.424158	0.939252	1.01821	0.429862	0.279675	0.44839	0.649962	1.08265	0.738404	0.519329	0.466816	0.624157	1.04621	0.711638	0.446821	0.616055	0.35075	0.491662	0.977207	0.651776	0.561356	0.14
ihec.chipseq.ihec-chipseq-containerv1.1.4.IHECRE00001892.4.f92b9e80-4bf7-4519-837e-1a5c78d2d2b2.fc.signal	0.630702	0.497588	1.61396	1.8084	3.93879	1.03027	1.87126	2.00873	2.03242	2.47399	2.95057	2.27776	2.54204	3.88274	6.03436	8.0643	4.73545	4.46174	6.23293	3.06844	2.54409	3.7916	4.65366	4.26372	7.91783	4.47144	4.66769	3.71271	2.66322	6.66511	4.19281	2.5308	1.50682	1.88031	0.847328
ihec.chipseq.ihec-chipseq-containerv1.1.4.IHECRE00004616.1.5fc2101e-b79e-4aed-9fe2-994fb8efbe2d.fc.signal	1.01224	0.763002	0.759954	0.718676	0.802045	0.595529	0.723712	0.390871	0.235571	0.518625	0.744147	0.998572	0.481104	0.345463	0.256101	0.263679	0.403795	0.3978	0.694804	0.547819	0.485419	0.730416	0.927353	0.763739	0.470484	0.597044	0.586436	0.768193	0.662244	0.318023	0.148539	0.136414	0.197038	0.318742	0.256
ihec.chipseq.ihec-chipseq-containerv1.1.4.IHECRE00000964.7.31304b6b-0e3c-47a2-858e-e0febf9013fe.fc.signal	0.958717	1.0146	1.86094	1.74044	0.857131	1.5141	1.80815	1.9024	2.18433	3.53204	2.99193	1.81494	2.21808	3.14351	3.93909	3.5184	3.307	3.26087	1.36889	1.93689	3.19094	2.85329	5.08736	2.39231	4.07179	2.86434	2.22278	3.00626	1.02366	1.91326	4.5741	3.00731	1.14437	3.96357	0.266376
ihec.chipseq.ihec-chipseq-containerv1.1.4.IHECRE00001021.4.b0114014-a1df-4014-b792-073b6721f8fd.fc.signal	0.552197	1.01553	0.860548	1.40694	1.7982	1.77329	2.61082	2.62385	2.72689	2.4583	2.90442	3.68135	3.84024	4.27823	5.09645	4.77176	6.89921	8.8415	6.15659	4.01452	1.90504	4.68436	5.57925	4.75743	5.83006	3.41179	3.30772	3.75179	4.19179	4.26444	6.1819	5.45418	4.76539	3.50978	0.453901
ihec.chipseq.ihec-chipseq-containerv1.1.4.IHECRE00003806.1.ca0477cb-21d8-4e11-a363-fca55b28eb49.fc.signal	0.588011	1.16137	0.682612	0.800187	0.749487	0.879856	1.7381	3.18046	2.85896	2.67836	2.30562	2.3662	2.23979	2.4269	3.51114	2.89773	2.91325	2.79729	2.35985	2.79955	2.58032	2.46635	3.54594	4.85597	4.7639	3.06627	2.38301	3.01774	2.41088	2.73282	3.59119	3.11706	1.94233	1.10014	0.702703
ihec.chipseq.ihec-chipseq-containerv1.1.4.IHECRE00001955.3.f92185be-1c43-4aca-8ad8-6624fd4fe491.fc.signal	0.837461	0.914744	0.77573	1.19453	1.10527	2.7351	1.29349	2.04256	2.68276	2.23262	1.50219	2.22804	1.94717	1.53349	1.74491	1.66782	2.08106	2.5308	3.19747	2.90054	1.6655	0.419027	1.18469	1.13731	2.38758	2.26911	1.543	1.49838	2.57144	1.67336	0.982442	0.587719	0.565153	0.274582	0.641379
ihec.chipseq.ihec-chipseq-containerv1.1.4.IHECRE00000232.3.deeb1740-ff27-48b5-993b-e759c8aa7550.fc.signal	0.421216	0.399035	0.338406	0.455566	0.419182	0.501251	0.650166	0.569481	0.675553	0.59337	0.392668	0.730343	0.917261	0.99304	1.30768	1.27345	0.984771	1.34277	1.17161	0.808901	0.775517	0.926143	1.41769	1.58316	1.37346	1.19399	0.914495	0.848153	0.801248	0.985679	1.07647	0.980561	0.799074	0.673243	0.173469
ihec.chipseq.ihec-chipseq-containerv1.1.4.IHECRE00000247.3.d48138c2-a252-44ae-9d3c-40d754a464fb.fc.signal	0.542771	0.423382	0.639642	0.570796	0.374782	0.513657	0.611267	0.966215	1.3342	1.47938	1.23971	1.10035	1.01542	1.11825	1.59982	1.97847	2.27763	1.67257	1.32159	1.37618	1.38737	1.26944	1.38079	1.58426	1.71606	1.3053	1.38385	1.39048	1.15221	1.33555	1.47705	1.60033	1.48958	1.4156	0.693467
ihec.chipseq.ihec-chipseq-containerv1.1.4.IHECRE00000001.4.8f91a2fb-7003-480a-b893-926d784b78c7.fc.signal	0.319493	0.163205	0.0159681	0	0.173888	0.349877	0.383654	0.48849	0.485924	0.103905	0.254426	0.381564	0.155464	0.266358	0.694165	1.14782	1.31245	0.953398	0.706109	0.479159	0.489158	0.48528	1.02216	1.71209	1.17708	0.931046	0.465113	0.268569	0.638982	0.551111	0.767976	0.649836	0.483821	0.544032	0.232759
ihec.chipseq.ihec-chipseq-containerv1.1.4.IHECRE00003686.3.17631993-4bed-42bb-94e8-db02b030412c.fc.signal	0.859361	0.57455	0.785751	0.436436	0.4457	0.283364	0.361404	0.653063	0.710114	0.723287	1.21737	0.831074	0.460908	0.237512	0.214119	0.674516	0.430167	0.319926	0.202898	0.410152	0.498942	0.337978	0.250191	0.171681	0.0873139	0.199977	0.0761009	0.267279	0.58916	0.740168	0.584855	0.406954	0.696471	0.462163	0.254237
ihec.chipseq.ihec-chipseq-containerv1.1.4.IHECRE00000980.8.b168494f-d47a-403c-8246-740897ab3321.fc.signal	1.01028	1.44124	1.06395	0.603419	0.531122	1.14014	2.19213	1.00031	1.8878	3.68488	2.52849	2.07868	4.26608	2.05201	1.36389	1.28314	2.63785	1.73382	2.28188	1.80093	1.27129	2.13779	3.19334	5.18479	4.35482	0.647305	2.27713	3.22388	1.72704	1.41974	3.06471	1.90394	1.42038	2.43937	0.196721
ihec.chipseq.ihec-chipseq-containerv1.1.4.IHECRE00004615.1.cf454773-02e8-4ae6-8d9d-05793e9b3346.fc.signal	0.316828	0.449088	0.655094	0.388769	0.402271	0.052344	0.575966	0.980034	0.867908	0.970777	0.860155	0.513147	0.450336	0.182507	0.719516	0.369592	0.900539	0.925807	0.546318	0.672131	0.844287	0.547235	0.884903	0.429368	0.37965	0.148981	0	0	0.176759	0.551161	0.595622	0.784111	0.21204	0.85715	0.630631
ihec.chipseq.ihec-chipseq-containerv1.1.4.IHECRE00004605.1.9bf3f7d0-484d-45f8-8d1f-2e9e5a1c459e.fc.signal	0.643939	0.573425	0.621319	0.389825	0.37519	0.219527	0.593383	0.594712	0.878098	0.412608	0.400468	0.61999	0.282058	0.0665233	0.742392	0.385049	0.296693	0.178282	0.93664	0.0492273	0.227508	1.00183	0.502912	0.455016	0.43772	1.07767	0.73574	0.429738	0.995179	1.03243	0.855481	0.425748	0.304677	0.121689	0.386667
ihec.chipseq.ihec-chipseq-containerv1.1.4.IHECRE00003715.2.d19dd174-314a-4acb-be96-200f2ac615ac.fc.signal	2.18566	2.06752	2.77464	2.84769	2.63864	2.85496	3.82575	2.69303	3.10433	3.67735	4.23681	3.84526	4.18664	2.77862	2.70193	4.52555	4.40724	3.20681	3.76076	3.81834	3.5929	3.7019	3.59328	3.9341	2.8418	2.38417	4.07452	5.38826	2.68359	2.76939	4.20516	2.88967	4.46814	5.50977	0.543478
ihec.chipseq.ihec-chipseq-containerv1.1.4.IHECRE00000957.7.43e107f7-e0f6-47a5-a7b8-13ab80c11387.fc.signal	0.533944	0.437252	0.539749	0.243958	0.498765	0.775173	0.5201	0.485048	0.837204	1.72743	1.88889	1.54865	1.49384	1.17433	1.38561	1.14886	2.02769	1.90661	1.20861	1.33434	1.45626	1.57736	1.46431	1.69367	1.29544	0.974586	0.98139	1.13888	1.41067	1.5201	2.18744	0.879967	1.48519	1.35757	0.183333
ihec.chipseq.ihec-chipseq-containerv1.1.4.IHECRE00000987.6.29b8d050-beec-45b5-afda-a75534d88bfc.fc.signal	0.709643	0.94462	1.35732	0.306455	0.518357	1.33725	0.798938	1.33442	2.02188	1.15658	2.99808	5.01693	3.36464	2.87784	2.89504	2.58861	2.19424	1.8339	3.52789	3.87499	2.86462	2.50559	4.79932	4.18365	4.55945	4.03512	2.51021	2.08328	1.8441	2.71748	3.66245	2.69457	3.27872	4.15212	0.248555
ihec.chipseq.ihec-chipseq-containerv1.1.4.IHECRE00000227.3.3c5cc6dc-a3c4-4ffa-bcf6-9a6cbcb9395f.fc.signal	0.143224	0.125998	0.209779	0.19414	0.151958	0.216318	0.163985	0.160524	0.484715	0.365981	0.166124	0.666093	0.895227	0.670097	0.836946	0.761537	0.624868	0.552032	0.632272	0.714824	0.472155	0.782525	1.63926	1.5354	0.768069	0.400028	0.566594	0.427141	0.165411	0.146591	0.172263	0.49879	1.0048	0.8403	0.333333
ihec.chipseq.ihec-chipseq-containerv1.1.4.IHECRE00003660.4.ccafd7f0-6a4c-4b4d-bd48-59c73047b9a9.fc.signal	1.56747	1.11683	1.25861	1.44217	1.3276	1.35934	1.00458	1.57999	1.4676	1.91466	2.06177	1.65285	2.49562	2.57406	2.68444	2.90226	3.84951	4.08843	3.52967	1.96248	1.31464	2.28038	2.42436	2.83913	2.04755	1.85344	1.70754	1.69348	1.53529	2.09119	2.44836	2.17219	0.766265	1.37401	0.573209
ihec.chipseq.ihec-chipseq-containerv1.1.4.IHECRE00000239.3.8ce1f18a-d03e-4c19-95a1-c9c301ff06b5.fc.signal	0.467845	0.37591	0.288396	0.224153	0.286063	0.456849	0.337822	0.479766	0.751682	0.534846	0.380324	0.528294	0.410943	0.508382	0.958045	1.22733	0.905009	0.774358	0.83399	0.714572	0.547018	0.331262	0.432691	0.793682	0.897616	0.78242	0.90999	0.857052	0.36881	0.374655	0.453497	0.417844	0.424504	0.459924	0.446927
ihec.chipseq.ihec-chipseq-containerv1.1.4.IHECRE00003827.1.1e656a87-cd07-462f-be4b-e2fe6e07063d.fc.signal	0.341073	0.261445	0.308495	0.0437999	0.112128	0.281001	0.429529	0.5508	0.382299	0.688473	0.996012	0.651377	0.672976	0.492175	1.38513	1.48924	0.883618	0.89369	1.11536	0.810029	0.352702	0.434325	0.48742	0.71779	0.721192	0.566688	0.666896	1.21348	1.05332	0.696816	0.723181	0.797991	0.702627	0.63622	0.486726
ihec.chipseq.ihec-chipseq-containerv1.1.4.IHECRE00003402.2.311adcba-a6cb-4a75-a81b-eae38fc76e1e.fc.signal	0.225259	1.23563	0.493785	1.02427	0.0440172	0.100092	1.50897	1.74825	1.36202	1.58989	0.792627	0.307544	0.527736	0.503748	0.335832	0.032648	1.64826	1.23776	0.906746	0.716164	0.690259	0.053053	0	0	0	0	0.5997	1.94154	0.797665	1.26106	0.733345	0	0.148726	0.71964	0.327586
ihec.chipseq.ihec-chipseq-containerv1.1.4.IHECRE00000235.3.aaf97294-2366-43c8-9d83-3dd7259e070e.fc.signal	0.953488	0.483985	0.586396	0.872837	1.51571	1.36955	0.822573	1.52015	2.2837	1.76656	1.83195	2.27968	2.65883	2.63398	2.84813	3.8571	4.15339	3.48013	3.14616	3.00151	2.67762	2.98586	3.0668	2.74092	3.08954	3.35239	2.33347	1.73145	1.34037	1.31208	1.39194	1.52021	2.02582	2.08663	0.158879
ihec.chipseq.ihec-chipseq-containerv1.1.4.IHECRE00003826.4.f503b9d8-64c9-4c5c-b95d-a4926bc8e587.fc.signal	8.15618	13.3486	9.69427	10.1651	7.33741	14.9495	22.7703	29.9173	30.1423	48.5028	38.3246	29.1221	28.6931	28.2902	42.0286	55.2856	39.7023	42.5151	29.5563	36.313	35.2771	26.4853	25.507	33.6527	36.5327	44.0088	29.143	37.9871	32.5148	24.1755	30.2233	29.8754	22.8545	19.3635	0.66055
ihec.chipseq.ihec-chipseq-containerv1.1.4.IHECRE00001379.1.7d4e5854-5230-4df2-bc46-1fc026016238.fc.signal	0.181239	0.114552	0.640152	0.883301	0.951509	0.890681	1.89009	2.63754	4.66426	5.82846	5.04031	5.24606	5.59536	6.35883	10.3	12.562	9.64291	7.90814	6.97044	5.62383	4.70353	5.29051	10.311	10.3026	8.90099	8.44424	4.75876	5.94117	4.94713	7.5635	9.82198	5.94905	5.72041	7.27152	0.719298
ihec.chipseq.ihec-chipseq-containerv1.1.4.IHECRE00001921.1.da848ea8-5f53-41fe-9d26-01e6bed31a73.fc.signal	0.669707	0.81353	0.95377	0.94313	0.653167	0.792712	0.756585	1.11641	1.66279	2.4007	3.2773	2.24944	2.71019	3.79108	3.27137	2.85992	3.57527	3.18544	2.09237	2.42984	1.73638	2.34156	3.62778	3.92718	4.86753	3.58649	3.35827	2.46795	1.42765	1.32186	2.0651	2.55909	2.55833	2.86476	0.730769
ihec.chipseq.ihec-chipseq-containerv1.1.4.IHECRE00003730.1.c3324cfc-4c0b-4882-aacb-51bd02695154.fc.signal	0.641767	0.910014	1.09874	0.642958	1.01646	2.04518	2.12266	2.85354	3.73257	0.921444	2.89602	2.22081	0.760084	0.424627	0.63694	0.161358	0.399149	0.407694	0.442649	0.365617	1.056	1.98302	2	1.32909	1.99489	1.33333	3.05732	3.38009	2.70066	1.5414	1.50642	2.03331	0.811041	0.124281	0.132275
ihec.chipseq.ihec-chipseq-containerv1.1.4.IHECRE00003401.1.ab8d152a-fa3d-4bf9-9cab-93176cf303af.fc.signal	0.212368	2.35366	0.577636	0.954189	0.631549	0.260857	0.896517	0.0892407	2.38861	1.89724	1.65136	2.67801	1.72289	1.12617	1.99305	1.3453	1.16002	0.6877	1.58075	0.271105	0.451042	0.8082	1.13658	0.677829	1.19295	1.0948	1.96652	1.37249	0.638328	0.581487	0.995261	0.421566	2.11403	1.85828	0.157738
ihec.chipseq.ihec-chipseq-containerv1.1.4.IHECRE00004900.1.21a553ba-0627-43d2-9045-d7e885ce5199.fc.signal	1.08917	1.20363	1.51765	2.95878	1.25747	1.27326	0.941929	1.04782	2.00103	2.49285	2.66683	2.26332	2.36769	2.91172	2.89164	2.55764	3.95554	5.41088	3.79419	2.42269	2.60456	1.93418	2.93304	1.44805	0.71506	3.66083	1.51909	1.84736	2.6554	1.84001	2.05857	2.44544	2.87805	1.46367	0.23913
ihec.chipseq.ihec-chipseq-containerv1.1.4.IHECRE00003803.1.cbcfbcdb-4d41-42fe-a44e-156c7af5f576.fc.signal	3.15972	1.6007	0.621086	2.30823	3.08817	1.95132	1.39898	1.83845	2.9983	4.08909	3.70633	1.66342	3.43987	7.16371	4.75328	6.16769	5.87925	7.46855	5.25894	2.93972	4.27503	2.89706	1.95272	7.00412	13.7317	4.89438	6.08283	5.9503	1.07989	0.984177	5.45947	2.15421	1.13357	4.03602	0.395455
ihec.chipseq.ihec-chipseq-containerv1.1.4.IHECRE00003818.1.f4551532-527f-469b-8771-a060adbc4ccb.fc.signal	0.742837	0.543326	1.61556	1.85849	1.64323	1.69349	1.42773	2.81009	4.95495	2.31453	2.81492	3.87927	3.46229	2.4531	4.35241	5.2429	4.99887	6.79803	6.62929	6.13381	3.81983	3.6304	3.80139	4.61257	3.72309	4.42879	3.65003	2.73654	1.91491	3.67202	6.48001	3.8614	3.67967	3.1875	0.513043
ihec.chipseq.ihec-chipseq-containerv1.1.4.IHECRE00001050.8.4e18a6eb-11aa-493b-81e3-0b3e288cecdd.fc.signal	1.30061	1.51412	0.472617	0.888666	2.15368	0.487463	2.43877	2.12602	3	3.17728	3.71309	4.85949	5.07719	4.781	4.71563	3.20442	1.996	5.37724	4.79699	3.64763	2.53522	4.41776	6.90681	6.52885	5.72527	3.56028	4.41178	3.12495	1.86495	2.84875	2.59607	2.2134	3.06783	2.3227	0.112
ihec.chipseq.ihec-chipseq-containerv1.1.4.IHECRE00001526.1.550205ac-8a7f-4b71-8ea4-36643fa7f2d7.fc.signal	1.60111	1.06167	0.768538	0.936038	0.561127	1.79098	3.69907	3.87285	3.68054	2.85968	4.38144	4.72454	6.38233	5.60639	8.78649	12.7474	11.5675	11.1512	9.52793	9.82107	8.83548	7.71972	11.1752	12.7031	10.9812	5.6137	8.37318	9.03282	7.22477	4.44564	5.2584	7.02371	7.46002	7.07498	0.847826
ihec.chipseq.ihec-chipseq-containerv1.1.4.IHECRE00000992.7.674a18bf-8b42-412f-a2ea-cabb31234aa2.fc.signal	1.53483	1.35636	1.48175	1.17869	1.16622	1.0816	0.845468	2.86807	2.62008	2.59223	3.66203	1.86656	2.41161	2.15451	2.78742	2.22405	2.14044	1.91477	1.84226	2.04404	1.85642	1.72571	2.12729	2.53806	3.05546	2.62009	1.36583	2.04458	2.95963	2.51181	2.48315	1.925	1.41374	1.26939	0.148936
ihec.chipseq.ihec-chipseq-containerv1.1.4.IHECRE00003676.3.fa45989e-2fad-4f13-b899-3405cf3f81a7.fc.signal	0.453731	0.818477	0.570373	0.630631	0.479894	0.430672	0.375138	0.787078	0.794907	1.46621	1.01086	0.584286	0.953279	0.408997	0.708661	0.830687	1.05262	0.701005	0.529219	0.673222	0.57425	1.1703	0.661067	0.352206	0.370877	0.920009	0.883005	0.790418	0.383596	0.455868	0	0	0.908668	0.526952	0.0866142
ihec.chipseq.ihec-chipseq-containerv1.1.4.IHECRE00003821.3.51d4846d-06bc-4866-a76b-054529993101.fc.signal	0.960721	0.312652	0	0	0	0	0	0	0	0	0	0.312879	0.14968	0.223184	0.414878	0.725265	0.378659	0.405327	0.513351	0.463482	0.111571	0.137344	0.0617907	0.190543	0.278273	0.0466767	0.244438	0.040832	0	0.346879	0.323021	0.744952	0.518193	0.316717	0.379012
ihec.chipseq.ihec-chipseq-containerv1.1.4.IHECRE00001954.2.f69d543f-4e4e-4fd7-9774-7bd28fcc565d.fc.signal	2.533	2.75825	2.30392	2.41385	3.26177	3.394	2.5676	3.08112	2.83666	2.22781	2.94121	3.69919	3.64614	2.62295	2.68906	2.8651	3.04268	3.74915	3.78221	2.99733	2.3954	2.42615	3.76299	2.45921	3.8556	3.13109	3.02423	2.1471	2.00872	1.15388	2.72058	2.05023	1.05548	1.50655	0.724665
ihec.chipseq.ihec-chipseq-containerv1.1.4.IHECRE00001458.1.4d3ac697-5cb9-4af3-b417-68c0dbb6d214.fc.signal	0.116761	0	0	0.413778	0.997771	1.27021	0.488272	2.05215	3.76817	4.17506	5.08791	4.74117	6.62711	6.34046	8.2882	7.33124	8.50946	7.1189	9.05841	9.13834	4.90029	7.08989	8.49531	9.44708	6.88184	4.72348	7.05523	6.56947	6.45948	4.12305	6.80446	8.68637	4.96411	4.67328	0.642276
ihec.chipseq.ihec-chipseq-containerv1.1.4.IHECRE00003816.1.0deee6d5-e373-405d-893f-0c3ca80f3c2d.fc.signal	1.00255	0.965946	0.759658	0.501555	0.959669	1.22192	1.56306	0.894075	2.58495	1.49033	2.25535	2.15604	2.66547	4.69162	4.24443	4.21371	3.61104	2.5555	1.50231	2.26955	1.60289	2.16888	3.06985	3.80375	2.39235	2.8366	2.82363	2.73558	2.89533	2.32962	2.92846	4.00436	2.63487	1.51333	0
