	chr16:15706303-15706452	chr16:15706453-15706602	chr16:15706603-15706752	chr16:15706753-15706902	chr16:15706903-15707052	chr16:15707053-15707202	chr16:15707203-15707352	chr16:15707353-15707502	chr16:15707503-15707652	chr16:15707653-15707802	chr16:15707803-15707952	chr16:15707953-15708102	chr16:15708103-15708252	chr16:15708253-15708402	chr16:15708403-15708552	chr16:15708553-15708702	chr16:15708703-15708852	chr16:15708853-15709002	chr16:15709003-15709152	chr16:15709153-15709302	chr16:15709303-15709452	chr16:15709453-15709602	chr16:15709603-15709752	chr16:15709753-15709902	chr16:15709903-15710052	chr16:15710053-15710202	chr16:15710203-15710352	chr16:15710353-15710502	chr16:15710503-15710652	chr16:15710653-15710802	chr16:15710803-15710952	chr16:15710953-15711102	chr16:15711103-15711252	chr16:15711253-15711341	Expression
ihec.chipseq.ihec-chipseq-containerv1.1.4.IHECRE00000222.3.123ef280-d4ea-4ca0-978c-a10942825cc4.fc.signal	1.09629	1.60282	1.88689	1.48033	1.00671	1.22556	1.00101	0.832927	0.956582	0.805919	0.954964	0.769568	0.289218	0.654299	1.33769	0.864602	0.904206	1.05039	0.891471	0.801714	0.644842	0.654135	0.760619	0.718478	1.28987	1.28191	1.02349	1.09426	0.980454	0.72618	0.433224	0.457561	0.809516	0.774756	0.323383
ihec.chipseq.ihec-chipseq-containerv1.1.4.IHECRE00001030.7.80d11420-fb58-4105-8d0b-26addcc06923.fc.signal	4.26806	2.79463	2.38409	2.40805	0.794602	0.284056	2.43788	4.90443	3.20206	3.50019	0.459609	2.37859	5.42563	3.29539	3.69454	6.56991	3.26012	2.52814	1.83514	3.53384	0.881985	0.579574	1.21862	5.19471	1.88608	3.17206	4.43805	1.11257	2.27403	0.985435	0.415814	1.99899	2.16672	3.01295	0.583739
ihec.chipseq.ihec-chipseq-containerv1.1.4.IHECRE00000242.3.b264ae9e-8457-4fbc-9ae1-9ad1d872e973.fc.signal	2.34691	1.89421	1.76711	0.976219	1.7273	4.6293	6.2819	5.23611	4.38073	4.54054	4.33537	2.7053	3.60998	4.40641	4.63452	3.46487	3.78372	3.85402	4.28203	4.02319	4.51455	3.97139	2.69037	3.37025	4.01903	3.90543	2.99871	2.15051	2.02233	2.2312	2.22528	1.70832	2.50892	2.35877	0.124723
ihec.chipseq.ihec-chipseq-containerv1.1.4.IHECRE00002065.1.d29b7bc4-75ef-437b-ab43-12a3fcfc38d5.fc.signal	1.8909	1.86865	2.92103	2.99346	1.12414	0.703501	2.00172	1.41206	1.16233	1.43891	1.59593	2.32469	3.8838	4.1597	4.37991	2.52548	2.55441	2.01617	4.04692	1.8651	2.3756	2.7753	1.82655	3.6408	2.07699	0.935926	1.83806	1.57568	2.11448	3.8438	3.97869	4.52658	1.1848	0.992808	0.355422
ihec.chipseq.ihec-chipseq-containerv1.1.4.IHECRE00001457.1.6d90e020-b6c2-4e95-920f-783e8068ccbc.fc.signal	4.91234	6.38736	6.55708	5.68902	4.50273	2.73991	1.6854	4.2931	5.82697	3.7701	3.0689	6.36123	10.9757	6.26673	11.9147	7.80517	7.11296	6.65718	4.74489	6.03676	2.98293	2.10402	4.0217	4.68021	5.25504	4.05073	3.4142	0.300399	2.54099	6.76018	3.27569	5.293	4.08768	3.34185	0.0555556
ihec.chipseq.ihec-chipseq-containerv1.1.4.IHECRE00003828.3.bcd61aac-63db-4cfa-a058-a141a50b928e.fc.signal	1.49246	1.30444	0.873787	0.57741	0.908809	1.31893	1.05834	1.04169	0.924134	0.352905	0.143024	0.536912	0.933611	0.611073	1.29688	1.53411	0.891313	0.319431	0.867329	1.39935	1.10706	0.851191	0.843853	0.756139	0.700875	0.457417	0.493206	0.875654	0.103969	0.124776	0.330239	0.739884	0.269061	0.138125	0.203782
ihec.chipseq.ihec-chipseq-containerv1.1.4.IHECRE00000318.2.7ba479df-2d75-4a21-a2dc-30d87eedc37a.fc.signal	3.6393	5.14891	3.86044	4.00197	4.42957	2.36306	4.42229	5.68134	6.73586	4.10284	1.7517	1.61207	3.48692	6.13443	8.10522	6.19269	4.96168	3.09888	3.34547	2.61554	2.62811	2.72274	2.63862	4.29956	1.7897	2.97326	2.09004	1.26002	1.24086	0.766268	1.67872	2.54305	3.48062	3.31452	0.078125
ihec.chipseq.ihec-chipseq-containerv1.1.4.IHECRE00000709.3.de511913-2cf9-43ba-9705-d5ac577dfa6f.fc.signal	1.3784	1.79293	3.46573	2.83853	2.36661	3.331	2.33631	2.84218	2.06747	2.10466	1.45776	1.81113	2.62002	3.82042	3.34643	2.17941	2.2343	2.41928	2.55818	1.96032	1.13125	1.19022	1.38193	2.51503	2.25834	1.65608	2.01719	2.0618	3.34311	3.1738	2.23819	2.35954	2.26283	1.58726	0.437967
ihec.chipseq.ihec-chipseq-containerv1.1.4.IHECRE00000665.1.15a517d0-8389-43f7-9ce5-66c163ab4bf7.fc.signal	4.13456	4.56136	2.83146	3.45697	4.35977	3.77874	4.1484	4.21596	2.9895	3.86066	2.21711	1.74767	2.58788	2.71533	2.70355	2.26826	2.4509	2.75084	2.43274	1.67228	1.25731	1.81331	3.05687	4.46734	3.00274	2.74628	3.3879	4.91056	5.0182	1.7701	2.57338	4.32385	3.22892	1.24088	0.192878
ihec.chipseq.ihec-chipseq-containerv1.1.4.IHECRE00002058.1.4d89e710-5a41-461f-91a2-bc627bddca0a.fc.signal	2.92492	2.37651	3.42436	4.94992	3.39404	2.04341	1.95405	1.78609	2.94258	1.95199	3.64097	5.20508	4.25706	3.86425	5.09719	4.71028	3.75777	4.37596	3.38458	2.86127	3.83707	4.23319	4.3529	2.76351	2.04734	2.47979	3.53768	2.90165	2.40015	2.6347	3.19432	4.98474	4.95587	3.61956	0.477612
ihec.chipseq.ihec-chipseq-containerv1.1.4.IHECRE00003685.2.5501f5e6-6354-4e9f-82a5-be852033207e.fc.signal	1.01285	0.938325	0.997378	1.17896	1.00015	0.667696	0.551144	0.173688	0.0528541	0.206614	0.333322	0.463087	0.747899	0.544584	0.788756	1.6149	1.49799	1.60066	1.52338	0.833812	0.609987	0.736071	0.585901	0.556305	0.789441	0.739088	0.319043	0.565768	0.808046	0.381956	0.128596	0.24841	0.277656	0.595396	0.579161
ihec.chipseq.ihec-chipseq-containerv1.1.4.IHECRE00003695.3.a1a38b0a-4e6e-499f-9d4a-f9ed2dd3bf97.fc.signal	2.24714	1.27634	1.70469	1.74864	1.66705	2.42963	2.02704	1.62315	1.66496	1.09065	0.626664	0.652294	1.44372	2.17065	2.32824	1.19626	0.766927	1.28278	1.47616	1.19056	1.31924	1.98711	1.67959	1.0148	1.53472	1.85375	1.0148	0.72919	0.69048	1.06972	0.565983	0.28286	0.382057	0.696476	0.324675
ihec.chipseq.ihec-chipseq-containerv1.1.4.IHECRE00000972.6.8e264ed8-afdd-468a-8bbe-7ea6fcae8b7f.fc.signal	8.1972	3.95437	2.33465	2.50632	3.1263	1.69613	3.73947	4.20904	2.83715	5.19485	0.953685	7.45689	10.08	8.00152	6.33145	4.17847	3.60053	0.0863684	2.02395	4.66367	6.10691	0.626869	1.84147	7.69138	5.42767	1.5638	4.22888	0.740376	1.34749	2.17505	2.00714	3.89348	6.38784	3.26257	0.219577
ihec.chipseq.ihec-chipseq-containerv1.1.4.IHECRE00004681.3.b04c1667-5df4-43cb-a2ab-4a07445dc015.fc.signal	1.37762	2.1344	2.14299	1.31234	0.956731	1.03432	1.03708	0.771266	0.592475	0.421416	1.43478	2.20533	1.78646	1.55316	1.94494	1.54484	1.29424	1.1055	1.05758	1.61957	1.37631	1.57389	1.54988	2.24328	1.56708	2.47323	2.55113	1.68569	1.91182	1.80565	1.58879	1.02304	1.01759	1.67703	0.712553
ihec.chipseq.ihec-chipseq-containerv1.1.4.IHECRE00000938.7.8a53f1f1-c833-4865-a1cc-f9cef5611599.fc.signal	3.32625	2.16548	2.98969	1.27634	1.02659	0.721989	2.7506	2.82572	2.07878	1.68129	0.943383	1.59452	3.04552	4.02396	2.22607	2.74369	3.66827	1.11341	2.64781	3.07506	2.61204	0.783246	1.91071	5.74663	3.31366	3.51529	2.1386	1.30969	3.117	3.00251	2.06934	5.19154	4.18761	1.78028	0.386789
ihec.chipseq.ihec-chipseq-containerv1.1.4.IHECRE00004655.3.6d9a89cf-1bb4-4db6-850b-ad32b7e2a591.fc.signal	1.02581	0.788317	1.53059	0.698806	0.642109	1.2941	2.53023	0.336038	0.723339	1.55862	1.23703	1.74307	2.27044	1.86256	0.92442	1.62514	0.849892	0.45347	1.45657	1.16452	1.22271	1.6352	0.778461	0.377184	0.433621	1.36362	2.56432	1.37518	0.380899	0.345495	0.673907	0.82985	1.46652	1.58287	0.521978
ihec.chipseq.ihec-chipseq-containerv1.1.4.IHECRE00003690.3.2cafda9b-dfc1-4231-8ed9-6249d923a6a9.fc.signal	0.164619	0.394589	0.180669	0.200144	0.213801	0.664579	0.845962	0.372236	0.288717	0.273075	0.197525	0.389998	0.504717	0.653782	0.687143	0.59847	0.819007	0.61882	0.473667	0.49153	0.643485	0.334347	0.233411	0.117038	0.0143433	0.123882	0.324592	0.418685	0.137661	0	0.0195069	0.178411	0.247751	0.45723	0.517043
ihec.chipseq.ihec-chipseq-containerv1.1.4.IHECRE00004728.1.12642e26-117b-4636-816e-4fbed6d5c0a2.fc.signal	0.645441	0.404168	0.40695	0.606159	0.599634	0.506996	0.187333	1.02804	1.77978	0.261786	0.303136	0.38566	0.704087	1.35862	0.96184	0.406706	0.546776	0.143422	0.462558	0.71355	0.514259	0.475526	1.00107	1.25039	0.935401	0.453012	0.887195	0.809266	0.672321	0.359373	0.0625477	0.655569	0.426662	0.287118	0.148855
ihec.chipseq.ihec-chipseq-containerv1.1.4.IHECRE00001010.4.1f4a36e3-e29e-4226-9261-3edae284095c.fc.signal	2.46859	2.3938	2.6188	1.38561	1.04223	0.969765	1.23085	1.97069	1.79578	2.38945	1.87065	1.36313	1.50108	2.35729	4.11924	3.24815	1.73777	1.52801	2.03127	2.15868	2.69341	1.87289	1.29465	1.88398	1.70952	1.89414	2.02533	1.54545	0.794071	0.997824	1.438	0.980573	1.33706	1.01565	0.642857
ihec.chipseq.ihec-chipseq-containerv1.1.4.IHECRE00001990.1.66fe7e60-cc70-422a-8d7c-594c9a55eec8.fc.signal	3.89779	2.85625	3.6441	4.95775	2.40356	2.51379	4.2758	3.00237	4.99076	4.47747	3.17516	3.11364	3.13841	4.30403	5.61844	3.98434	2.77431	4.27826	2.24206	3.17574	4.28682	2.71286	2.91941	5.10485	4.11743	2.20764	2.84424	2.32099	2.4492	1.45793	1.57728	2.63969	4.31551	1.70054	0.294355
ihec.chipseq.ihec-chipseq-containerv1.1.4.IHECRE00004610.2.7bdb9455-2f7b-4363-a63c-08451bdd557e.fc.signal	2.01356	1.22911	1.62172	2.5284	2.98405	2.33868	1.72327	1.85488	1.31287	1.22067	0.740168	0.641648	1.26428	1.44592	1.00058	0.906977	1.02858	1.43877	1.43527	0.397512	0.696529	1.26008	0.998035	0.918085	0.969361	1.09881	1.20114	1.34271	0.960949	1.07498	1.26853	0.831619	0.88367	1.60554	0.176106
ihec.chipseq.ihec-chipseq-containerv1.1.4.IHECRE00001009.4.f5f10dc7-df55-4739-a069-9976125518c2.fc.signal	4.51229	4.27759	1.8253	3.30725	1.46065	2.02711	2.43114	3.50755	2.73287	3.0267	2.46073	1.68476	2.6572	4.02762	4.8503	3.9001	3.52472	2.40463	3.43671	2.30481	3.84398	3.31288	2.21284	3.32423	4.29295	4.9686	3.18238	2.09561	2.59034	1.89113	2.9606	1.66157	2.53608	3.26558	0.262136
ihec.chipseq.ihec-chipseq-containerv1.1.4.IHECRE00000236.3.5cbd82b6-3f49-4678-a37b-78e82b7626ea.fc.signal	1.38437	1.11947	1.14063	1.42669	1.6228	1.81822	1.74038	1.94208	1.63091	1.31969	1.46075	1.25144	0.966619	1.11364	1.31582	1.268	1.07118	1.02933	1.16983	1.32078	1.65175	1.47219	1.22483	1.57708	1.53181	1.40734	1.77455	1.68231	1.18204	1.02897	1.69015	1.84064	1.13236	0.668149	0.547181
ihec.chipseq.ihec-chipseq-containerv1.1.4.IHECRE00000983.7.28efaa97-cdc8-4335-83a3-064d42b1fd10.fc.signal	0.582568	3.66412	1.00546	0.254926	2.92168	0	1.52545	3.26644	2.22747	2.61036	0	1.12379	1.19471	2.13724	0.903565	2.07525	3.42384	2.51403	2.25082	1.78657	2.14271	0	0.414207	0.759251	0.0199744	1.64237	0.959677	1.12828	0	3.82364	0.572235	0.593861	1.84372	2.81402	0.44757
ihec.chipseq.ihec-chipseq-containerv1.1.4.IHECRE00000240.3.309e9998-5ade-4caa-9bdd-4c0118af9852.fc.signal	1.48682	2.47684	2.18213	0.8754	0.676414	0.654243	0.729175	0.504365	0.559116	0.981585	1.26005	1.07668	1.45121	1.86718	0.95715	0.670184	0.717561	0.72989	0.479083	0.591696	1.29826	1.62458	0.858541	0.695226	0.816797	1.73291	1.95305	1.74232	1.43885	0.571768	0.755263	0.874854	0.515549	0.16236	0.451923
ihec.chipseq.ihec-chipseq-containerv1.1.4.IHECRE00003836.3.9aa71da8-fe78-48e5-b5e7-94900a3e3afc.fc.signal	1.68978	1.77017	2.77037	1.86915	1.25041	1.51079	1.45138	1.45425	2.19197	1.20491	0.762101	1.06672	3.22535	2.58682	2.31895	1.7999	1.55351	2.12523	2.21	1.27969	1.2655	1.98507	2.35125	2.04335	2.43534	2.73587	0.85489	0.345166	0.407111	0.357284	0.951725	1.07834	1.02972	1.4196	0.163756
ihec.chipseq.ihec-chipseq-containerv1.1.4.IHECRE00004609.2.6c3f44c6-62c9-4da6-9a58-7978db5e3bda.fc.signal	0.757261	0.52892	0.748943	0.599603	0.77564	1.09021	0.860709	1.89553	1.707	1.27941	1.15415	0.394545	1.60996	2.2763	2.51039	1.60803	1.22623	1.54166	1.43562	1.31015	1.91449	0.834371	1.38656	1.55598	2.42287	1.50065	2.09503	1.4687	1.63319	1.13657	1.14882	1.28298	1.13048	1.89036	0.0727532
ihec.chipseq.ihec-chipseq-containerv1.1.4.IHECRE00004888.1.02118243-425c-40d1-bfb1-ec1fb9f638e9.fc.signal	3.65453	1.79488	2.00336	2.6702	1.3304	0.873754	1.5649	1.60461	2.1049	2.64806	3.7292	2.28451	3.91168	1.45355	2.59357	3.26665	0.890287	1.90603	1.64657	2.52334	2.12599	2.65272	2.30517	2.15726	2.12772	1.73216	2.11804	1.7521	0.692386	0.920417	1.25862	2.17923	1.08199	0.480185	0.179204
ihec.chipseq.ihec-chipseq-containerv1.1.4.IHECRE00001852.4.7de26b70-374a-4d7c-b754-070af0779bd1.fc.signal	0.860388	0.195327	0.796806	1.46265	1.14965	0.65119	0.869891	1.42473	0.377275	0.392817	0.0377253	0.288487	1.10532	2.13966	1.00544	0.577268	1.12083	1.12527	1.14307	2.27804	0.927799	1.08754	0.56372	0.348412	0.66591	0.268515	0.339531	0.221913	0.601458	0.943046	0.0355061	0.101033	0.241886	0	0.251908
ihec.chipseq.ihec-chipseq-containerv1.1.4.IHECRE00004884.1.e1f8eaf0-5c3e-4eb2-b864-0330dfef44b8.fc.signal	1.78706	1.04578	1.16433	2.2254	2.23928	1.25729	1.29325	1.54654	0.83032	1.36905	1.24456	1.14043	0.634432	0.663138	1.43654	0.609835	1.23307	1.29851	1.82942	0.569846	0.592651	0.936013	1.0133	0.92085	2.1132	1.46635	2.52126	2.98883	1.81685	0.181585	1.35966	1.0839	1.66115	1.0873	0.165361
ihec.chipseq.ihec-chipseq-containerv1.1.4.IHECRE00002086.1.102990be-2f15-4965-9094-d6b665cc5fb0.fc.signal	3.45527	3.86681	3.71928	2.91036	2.54535	2.68409	2.63384	2.26878	1.52891	1.62082	1.36423	1.13372	1.06107	1.59552	2.02152	2.27491	2.09232	2.1149	1.07991	0.849056	0.971444	0.989378	1.43817	2.54855	1.73837	3.60279	1.59808	0.7157	2.48481	1.91797	2.59741	2.30748	1.54648	1.40776	0.232877
ihec.chipseq.ihec-chipseq-containerv1.1.4.IHECRE00000228.3.eab68876-e57f-4e6d-b66b-00c271b4eee3.fc.signal	1.77818	0.824211	1.06072	0.804968	1.04296	2.376	1.96688	2.03859	2.51465	2.89519	2.48324	1.7095	1.75669	2.60487	2.54229	2.89572	2.45419	1.75412	1.5229	1.05276	1.09694	1.65054	1.1254	1.31068	1.65199	1.61441	1.82092	1.62762	1.63788	1.28955	1.0946	1.6689	2.00542	1.20423	0.282967
ihec.chipseq.ihec-chipseq-containerv1.1.4.IHECRE00000775.1.1ad53715-8cce-4edc-8f16-9e6eba200f6e.fc.signal	2.99411	2.06835	2.24886	1.86069	1.37466	2.09333	2.24638	2.55273	2.60753	2.70978	2.85766	2.41271	2.49161	1.71056	1.56211	1.484	1.68743	2.74097	3.07335	2.57226	2.14612	2.74692	3.5672	5.00195	2.72925	1.9241	2.84383	1.54738	1.79619	1.61677	1.86005	3.08001	3.05603	0.979428	0.340067
ihec.chipseq.ihec-chipseq-containerv1.1.4.IHECRE00000953.7.ee348280-6b7c-485f-98b3-1dc4a3d7cb47.fc.signal	3.74033	3.18081	1.1018	3.61039	2.44351	1.77287	2.51026	5.46098	1.65062	0.0990044	0	1.73389	5.9134	5.01703	4.82215	1.9241	2.55093	0.66719	1.42449	2.96114	2.05836	0.467024	0.489325	6.35529	4.04989	1.48905	2.44518	0.159944	1.06689	0.280362	0.994726	4.99041	4.72053	1.65342	0.239035
ihec.chipseq.ihec-chipseq-containerv1.1.4.IHECRE00000784.3.5a735e4e-02fc-4cf3-8586-bebcb93dde40.fc.signal	1.37645	1.94922	2.35482	2.76351	2.18089	2.97314	3.37139	3.29741	1.88127	1.20287	0.707779	1.44109	2.53339	3.06185	4.23507	1.92078	3.5952	2.0279	1.50522	1.34011	1.59395	2.54809	2.46273	3.18549	3.95166	2.75223	1.01834	1.11915	1.04006	1.71935	0.964208	2.09472	2.57459	1.34469	0.521921
ihec.chipseq.ihec-chipseq-containerv1.1.4.IHECRE00003812.1.473c7819-46e8-400e-9bbd-6a85f00dc5a7.fc.signal	5.10651	5.38332	4.52204	3.33084	3.91515	1.95131	4.59826	4.51659	3.47157	3.84322	4.04412	4.53748	5.20821	5.88873	4.99177	4.40251	4.51828	5.2691	6.58852	4.27804	3.80264	1.65256	2.48059	4.64513	3.33984	3.95038	4.02995	3.12652	2.10254	2.17441	1.26293	4.2642	6.15307	2.79041	0.323097
ihec.chipseq.ihec-chipseq-containerv1.1.4.IHECRE00000942.6.d1423850-21d9-4937-a8c0-bd929b9ce5af.fc.signal	1.83486	1.7266	1.19644	2.73179	1.074	0.343938	1.63016	1.88392	0.450437	1.18097	0.0170527	1.67864	3.28871	3.18971	2.24178	1.84073	0.909539	0.418352	1.27305	2.69529	0.282688	0.3244	0.369544	2.2308	1.32904	0.77712	1.17986	0.376474	0.927032	0.605142	0.15878	1.27343	2.20468	2.01353	0.495781
ihec.chipseq.ihec-chipseq-containerv1.1.4.IHECRE00004608.1.932e0a0c-709e-4631-95af-583a27cb7950.fc.signal	0.961337	0.938813	1.34821	1.28648	1.5867	0.506558	1.76341	2.10373	1.03562	0.37356	0.30128	0.455732	0.435446	0.501965	0.901196	0.419123	1.56927	1.03753	0.980141	0.802382	0.949497	0.216698	0.256349	0.810496	1.13233	1.57234	1.22187	1.32166	0.961353	1.34397	0.725642	0.725625	0.287368	0.311156	0.176211
ihec.chipseq.ihec-chipseq-containerv1.1.4.IHECRE00003683.3.73c26a8d-02d6-4ea5-b361-6e62367bb307.fc.signal	0.243173	0.407453	0.603736	1.09746	0.998562	0.867526	0.445802	0.562065	0.636033	0.816768	1.08572	1.43422	1.50563	0.951441	0.4048	0.431409	0.667731	1.48026	1.67857	1.25489	0.421229	0.329454	0.356984	0.807581	1.11045	1.10127	0.616702	0.672689	0.62222	0.487299	0.323032	0.0541433	0.149103	0.274397	0.486336
ihec.chipseq.ihec-chipseq-containerv1.1.4.IHECRE00001235.5.aea2aa2c-6af2-475c-9bb0-3fdc6d0339b3.fc.signal	1.11659	2.02093	1.27081	1.63318	1.15803	1.01422	1.99622	2.50335	1.83301	2.72341	0.68522	0.746262	1.85106	1.94237	2.1052	0.779569	0.554918	0.581549	1.52333	2.88225	1.9901	0.968444	0.697466	1.7262	1.40229	2.01436	2.05079	1.30157	1.08759	0.856	1.37046	1.57378	0.588642	0.545303	0.395349
ihec.chipseq.ihec-chipseq-containerv1.1.4.IHECRE00001013.4.bfd631c1-ff33-408e-83f7-24c85f85303b.fc.signal	3.67331	3.90419	1.81972	1.53296	1.10101	3.16814	1.76761	2.36156	3.12151	3.20645	1.37629	2.74446	3.40266	3.34764	4.49409	2.62599	2.23119	1.96608	3.23076	2.21111	2.40686	2.50954	2.08863	2.25923	2.55884	2.7274	1.87368	1.43197	1.91964	1.11223	1.98768	2.78746	4.03391	1.64913	0.219697
ihec.chipseq.ihec-chipseq-containerv1.1.4.IHECRE00003692.4.f878ad9b-d6d3-4a62-ad1c-aebee9337a47.fc.signal	0.910469	0.67279	1.52487	3.83508	4.29737	3.83212	1.81753	2.68066	0.999991	1.80231	1.25436	0.722708	1.19611	1.93165	2.50696	2.41056	1.13893	1.66784	0.975385	0.927589	1.03198	1.93348	2.60021	1.77954	1.54522	1.12482	0.940336	1.46857	1.11696	1.14733	0.907098	0.281347	0.749941	1.57828	0.201031
ihec.chipseq.ihec-chipseq-containerv1.1.4.IHECRE00001019.4.29b9a930-c799-4888-ba4b-b384862d86c5.fc.signal	1.64712	2.10781	1.41273	1.69157	1.64564	2.12265	1.8978	2.07569	1.22792	1.64299	2.14306	0.849305	2.27885	4.66324	4.24932	4.47324	2.46698	1.06978	1.97976	2.82563	3.29684	2.42644	1.82789	2.3368	1.96072	1.90348	2.16206	1.59078	1.4595	0.790545	2.37385	2.57931	1.82713	0.558896	0.175824
ihec.chipseq.ihec-chipseq-containerv1.1.4.IHECRE00003679.3.f2c7bc19-404e-47af-b24f-cd6109044afb.fc.signal	1.18433	1.19119	1.79821	1.43595	1.08481	0.566036	0.858307	1.97415	1.86292	1.36993	0.351906	0.972678	1.63445	1.1302	2.00266	1.8891	1.42748	1.19697	1.49301	1.44035	1.44433	1.98359	1.94012	1.5427	1.18931	1.36135	1.65672	1.04704	1.5611	1.02984	0.628076	1.39346	1.58511	1.61734	0.349451
ihec.chipseq.ihec-chipseq-containerv1.1.4.IHECRE00000233.3.d999326f-0bb9-43a3-80f2-21bc2de5bd70.fc.signal	1.60895	1.50923	1.57533	0.776086	0.710964	1.30612	2.02129	2.60618	1.86424	1.66996	2.40911	1.87354	1.37844	2.42031	3.8045	2.87441	2.08028	1.69799	1.26428	1.32134	1.48765	1.77158	1.60079	1.73529	1.55066	1.42858	1.53712	1.38156	1.37047	1.34581	1.5046	1.45211	1.05641	0.615445	0.449293
ihec.chipseq.ihec-chipseq-containerv1.1.4.IHECRE00001973.1.f006c884-d6f7-470d-8586-314761e38a9f.fc.signal	2.28491	1.78774	2.48584	3.47142	2.32921	1.34781	2.99992	3.62045	1.50342	2.17536	1.77478	2.5419	4.57645	3.84265	3.48823	2.98548	3.51306	3.69639	3.4599	4.20556	3.90098	4.37216	3.11223	5.304	2.48802	3.32342	3.78504	1.66159	1.80182	1.29146	1.89888	2.00861	2.70424	1.13757	0.386139
ihec.chipseq.ihec-chipseq-containerv1.1.4.IHECRE00001014.4.ab6bc5c7-ecc1-4ea6-b3f6-c6d3cd30e958.fc.signal	3.2575	2.67914	1.30846	1.59531	0.896128	2.01973	1.39288	0.900421	1.70761	0.999076	1.14122	1.13857	3.18339	3.30107	5.7028	3.14562	1.07755	1.11664	1.23151	1.69167	2.69748	0.979964	0.64391	1.01709	1.5022	1.59819	1.19584	0.619295	0.692965	1.08596	0.879071	1.17293	2.28583	1.28906	0.670019
ihec.chipseq.ihec-chipseq-containerv1.1.4.IHECRE00000969.7.cad1b677-714d-4048-b83a-e43043dafcdb.fc.signal	3.70759	5.02314	4.00449	4.07383	3.12338	2.86332	4.18526	5.53964	3.88634	2.64661	2.17739	2.65846	2.89748	3.66193	5.8665	3.87508	5.50656	5.263	5.80676	5.94639	2.67641	3.00777	3.53691	6.80461	7.65264	4.92548	2.47879	0.775724	1.32508	1.31544	0.33081	1.12857	1.43553	0.489691	0.39212
ihec.chipseq.ihec-chipseq-containerv1.1.4.IHECRE00002067.1.2da68f5f-3fe3-4c64-8403-feb46554ae0b.fc.signal	4.7442	4.13485	2.14696	3.388	2.3672	2.1158	2.27222	3.35409	2.67928	4.41526	6.22415	4.97461	3.04499	2.00186	3.93206	5.0559	4.0572	3.33117	4.48875	3.793	2.46681	3.39371	4.16228	4.05799	4.43689	3.91099	3.55818	3.65931	3.84258	3.19883	2.79419	2.73136	1.95176	2.70034	0
ihec.chipseq.ihec-chipseq-containerv1.1.4.IHECRE00003684.3.bc7bca89-1cba-4915-bcc7-e8d2a2d115f4.fc.signal	0.433737	0.289072	0.75137	0.498037	0.333889	0.519684	0.666581	0.488065	1.32815	1.40139	0.658597	0.630919	1.21209	0.42179	1.48277	1.95826	0.728116	0.892211	1.7722	1.44941	0.334237	0.857831	0.556382	0.306033	0.801718	1.16218	1.07131	0.366214	0.457149	0.400332	0.356367	0.36486	0.0223335	0.026066	0.281787
ihec.chipseq.ihec-chipseq-containerv1.1.4.IHECRE00003696.3.ffcc32fa-05fb-403b-ada6-3d600e152e76.fc.signal	1.1138	1.31151	1.1001	0.498997	0.994686	1.67675	1.90695	1.49698	1.56298	1.45622	0.90668	0.388185	0.647435	1.43886	1.46059	1.54648	1.13564	1.09237	1.10042	1.4959	1.14054	0.811682	0.991275	0.869268	0.954608	0.785548	0.760466	1.42276	0.969769	0.844882	1.06834	0.667572	0.930772	0.780798	0
ihec.chipseq.ihec-chipseq-containerv1.1.4.IHECRE00000279.2.570864b7-29a3-40ea-baac-7976c9f819cb.fc.signal	4.7277	6.04353	5.06262	5.79537	4.83578	2.25414	4.18713	9.00368	6.05107	4.24089	2.96241	7.0068	7.90605	9.27302	7.89524	5.77465	10.2042	8.5005	11.8083	5.44316	4.91279	2.62863	5.24283	11.7319	11.3201	10.215	4.99249	1.88284	5.48844	5.03697	4.28921	11.7236	8.28276	6.58239	0.080756
ihec.chipseq.ihec-chipseq-containerv1.1.4.IHECRE00000283.2.9080e1c9-8ce0-4289-882a-819c1e1b60b1.fc.signal	3.66934	4.18644	4.3995	4.33318	5.46608	3.68811	2.63207	3.28536	3.61382	2.83705	2.90912	2.72159	5.79727	7.78698	6.97661	6.29547	5.915	5.47376	3.49454	2.82818	2.38953	1.25908	1.30115	3.17366	4.96654	3.94664	2.58958	1.6752	1.5713	2.68609	2.52601	3.13396	2.7536	1.58618	0
ihec.chipseq.ihec-chipseq-containerv1.1.4.IHECRE00001234.5.7911b36d-fd72-410e-af85-0dad0ab68796.fc.signal	1.74991	4.34467	2.19507	1.50587	0.945845	2.28637	2.84873	2.40818	2.9409	1.78568	1.16477	1.73718	3.63645	2.46206	4.38945	3.17494	1.51454	0.98254	3.0811	3.26018	0.923334	0.851325	1.56958	2.67289	2.04893	1.6805	1.44267	1.76712	1.16931	0.980688	2.01326	2.48237	1.43536	0.876255	0.624767
ihec.chipseq.ihec-chipseq-containerv1.1.4.IHECRE00004604.3.ac9c59ba-752b-4ad7-b659-fe5b8abc0ae0.fc.signal	0.973351	0.343816	1.52189	2.44878	1.82842	0.553127	0.999521	1.60363	0.487737	0.602796	0.239738	1.12789	0.989672	1.85239	2.08878	1.35144	0.307989	1.63679	2.39161	1.9433	2.21764	1.12953	1.16163	1.64193	1.32613	1.02565	0.384329	0.225192	0.721482	2.52022	1.95389	1.38808	2.11278	1.83369	0
ihec.chipseq.ihec-chipseq-containerv1.1.4.IHECRE00002063.1.5cbd3cd5-dc33-49dc-ae71-41bb3114f33a.fc.signal	1.71062	2.61791	2.68266	2.43174	1.65859	1.47633	3.70488	4.54263	4.00793	3.68026	2.12462	1.42169	2.14048	2.43822	2.92093	2.77754	2.08612	1.6146	2.88276	1.39009	1.97664	2.82757	2.34661	2.81172	2.01539	1.59082	1.33537	1.65423	2.28956	2.15458	1.21381	2.21625	1.85586	1.25132	0.454054
ihec.chipseq.ihec-chipseq-containerv1.1.4.IHECRE00000230.3.248f1915-9924-44db-a3f5-cd90c9f34342.fc.signal	1.44817	1.1462	1.78853	1.20061	0.842953	0.978366	1.25583	1.38045	1.02068	0.808483	1.27054	1.97541	1.84027	1.46403	1.76332	1.56208	1.69264	1.4614	1.17644	1.54701	1.23308	1.05449	2.15053	2.56157	2.39017	2.52182	1.48388	0.750458	0.950653	1.03279	1.30584	1.88882	1.6077	0.606534	0.567887
ihec.chipseq.ihec-chipseq-containerv1.1.4.IHECRE00004643.3.251ac38a-f30f-4eb1-8d54-f10f77bc7dd8.fc.signal	2.77743	1.56936	2.55784	2.4294	2.4934	1.48897	2.45295	2.36286	0.794268	1.99239	1.97509	1.38577	1.21111	1.46334	1.49647	2.02794	1.71255	2.35186	2.49292	1.2969	1.2702	1.40427	1.62027	1.47218	1.58709	2.11678	1.71026	1.3661	0.8447	1.36607	0.578957	1.83923	1.82941	1.5687	0.641176
ihec.chipseq.ihec-chipseq-containerv1.1.4.IHECRE00004647.3.8b374ea3-2377-4c12-8ea6-3142fba27eca.fc.signal	4.1113	4.62449	3.75948	2.71628	2.61459	2.44953	2.68468	2.71482	3.69818	4.05484	4.05698	3.1657	3.50665	5.08634	4.10823	3.65096	4.12828	3.69513	4.80103	5.17984	4.17557	3.44802	3.38992	3.59589	3.94284	4.23655	3.63773	2.64251	3.44361	3.17642	2.08552	1.97072	2.94665	2.66218	0.31098
ihec.chipseq.ihec-chipseq-containerv1.1.4.IHECRE00003691.3.cb518c97-2905-470f-ae3d-4e16b45f68a4.fc.signal	0.394492	0.627509	0.683377	0.574648	0.514922	0.612831	0.782302	1.12343	0.433192	0.289803	0.248804	0.208347	0.50075	1.21805	1.04986	1.02438	0.456385	0.374349	0.454867	0.431551	0.408431	0.65164	0.908577	0.790119	0.495349	0.680424	0.512985	0.448331	0.470845	0.489506	0.389675	0.0626475	0	0	0.314861
ihec.chipseq.ihec-chipseq-containerv1.1.4.IHECRE00002005.1.40074ae6-828f-47d9-a397-b67f6a5032c3.fc.signal	4.88802	2.51166	5.07427	5.45322	3.91117	4.64692	5.27681	5.8046	3.87075	3.71437	3.57558	2.95142	3.44127	4.41626	3.07598	1.78472	2.03563	2.7275	3.93696	3.97425	3.3031	3.07542	2.50972	5.25202	5.38609	4.60614	4.31574	2.04371	2.74371	3.18274	1.32481	2.84323	3.25663	2.09025	0.217391
ihec.chipseq.ihec-chipseq-containerv1.1.4.IHECRE00000224.3.91059aa1-cc7c-4c6a-8c0d-23bf4bfa5cae.fc.signal	1.24296	1.34464	1.6812	1.25874	1.84518	2.17799	2.11325	1.42066	1.69428	2.22129	1.84233	1.86571	1.94523	1.81423	2.37516	1.45108	2.03659	1.10812	1.05247	1.45125	1.64577	1.86612	1.04024	1.45715	1.04946	1.3467	2.07054	1.23054	0.579073	0.289575	0.416449	1.03551	1.76268	0.760663	0.554381
ihec.chipseq.ihec-chipseq-containerv1.1.4.IHECRE00003693.3.00bffcc7-6bdd-4dff-a3af-f0bc3467ff95.fc.signal	0.651301	0.818041	1.31637	1.03613	0.812676	0.920004	0.885584	1.15002	0.872313	1.46151	0.722077	0.635319	0.644123	1.25618	1.23023	0.928168	0.945823	0.852386	1.56111	1.0596	0.959975	0.938432	1.03925	0.966662	0.63004	0.615345	0.557251	0.233406	0.466096	0.451439	0.54762	0.794151	0.654666	0.747145	0.463757
ihec.chipseq.ihec-chipseq-containerv1.1.4.IHECRE00001025.7.262bd7c5-c486-496a-a8c6-308bf4207448.fc.signal	5.3057	3.93369	2.51846	2.63563	2.61936	0.981041	2.09777	3.24711	2.49819	3.6177	0.483184	1.59463	3.3171	3.40632	2.81631	4.80164	4.42986	1.89605	2.08561	3.34297	1.35316	1.68966	2.31979	2.35498	2.12989	2.84632	1.10335	0.770644	1.15777	2.66487	0.751595	0.966084	4.53876	2.78789	0.556693
ihec.chipseq.ihec-chipseq-containerv1.1.4.IHECRE00000332.2.c9c514ac-1a99-4191-b0b0-7e14f38ebc7a.fc.signal	9.52185	6.59224	5.16884	6.43953	5.22678	4.73011	5.78582	7.13877	4.42756	3.7587	4.34768	4.46849	8.50517	8.25895	8.96477	10.5864	7.03441	7.79548	5.07741	4.84723	3.35636	3.11529	3.76579	6.2638	7.3445	3.83052	2.41635	1.39865	3.81428	4.35393	3.71177	5.31406	5.05222	3.79338	0
ihec.chipseq.ihec-chipseq-containerv1.1.4.IHECRE00001375.1.29ce8c5d-9504-4651-b3bc-ff7eb9a8a6d8.fc.signal	4.92909	6.65895	8.0239	11.2864	8.97207	6.35344	9.0362	10.6373	8.60513	5.92238	5.15663	7.49668	10.7488	4.07011	8.33173	11.5019	7.8863	6.68932	9.53867	4.86169	4.2545	2.31916	4.75542	6.11437	3.08199	3.8061	2.37822	1.86377	1.54184	5.00359	2.9692	5.65464	5.55753	2.53038	0
ihec.chipseq.ihec-chipseq-containerv1.1.4.IHECRE00000949.6.eabfbabf-0398-4a54-beef-06d14e082ca4.fc.signal	7.13282	3.42663	1.34272	4.0801	3.78425	0.546176	3.33235	4.80833	1.06705	0.926758	0.984663	2.18608	2.91161	4.2705	5.61133	3.69648	4.00294	2.88647	3.80701	7.31917	4.46371	1.32644	1.09912	5.71472	3.59983	2.44019	2.35815	1.55079	1.93115	2.24326	1.12167	0.921846	6.16259	5.86836	0.26253
ihec.chipseq.ihec-chipseq-containerv1.1.4.IHECRE00003694.3.fc8c8322-ec2a-42ca-96d8-185645c9908f.fc.signal	1.33431	0.987788	0.766282	0.964969	1.15784	0.66037	0.942126	1.05259	0.534656	0.509893	0.639269	0.567372	0.528304	1.07877	0.678752	0.478726	0.564608	1.21489	1.47703	0.901655	0.819983	0.580436	0.368928	0.525619	0.687782	0.632014	0.539502	0.419575	0.590535	0.612496	0.433133	0.41298	0.733883	0.774036	0.174194
ihec.chipseq.ihec-chipseq-containerv1.1.4.IHECRE00000964.7.31304b6b-0e3c-47a2-858e-e0febf9013fe.fc.signal	4.07072	1.87557	1.76614	2.18355	1.83443	0.742235	0.580098	4.86555	2.79911	2.07815	0.387596	3.10537	4.05129	3.91775	6.10104	6.82316	4.93145	2.1547	1.12042	3.34064	3.20017	0.021396	1.65419	5.33852	4.17035	1.91623	1.5218	0	0.584303	2.35615	1.5174	2.18104	2.50951	1.29493	0.264901
ihec.chipseq.ihec-chipseq-containerv1.1.4.IHECRE00004618.1.209b7d40-2aaf-4f0d-9a2f-e178d8a84b13.fc.signal	0.619728	0.717804	1.20687	1.00436	1.28754	2.01708	1.94791	1.00663	0.915861	0.994922	1.41866	0.98548	1.60403	1.83306	2.26334	0.44996	0.781822	0.795035	0.619973	0.745626	0.363907	0.933143	0.675152	0.726806	1.16914	0.740086	1.27483	1.11001	0.384204	0.554241	1.05265	0.384085	1.18084	0.664855	0.243077
ihec.chipseq.ihec-chipseq-containerv1.1.4.IHECRE00004664.3.6712588d-45c1-44ec-9f01-5f62fc9e99bb.fc.signal	1.46767	1.84543	2.36521	2.61698	1.74541	1.5068	1.97761	2.7422	3.33839	3.55782	2.72972	2.20941	2.94964	3.37087	2.53376	2.75243	3.10652	3.17935	2.30747	1.63471	1.8959	1.57357	2.41427	4.17694	3.76428	3.54769	3.76055	3.09313	2.52116	2.38444	2.15674	3.01725	3.12048	2.66566	0.528571
ihec.chipseq.ihec-chipseq-containerv1.1.4.IHECRE00001027.7.dcf25794-5ac8-4a6d-9033-a30e1a31178f.fc.signal	1.47315	2.55253	1.21367	0.741212	2.5208	0.465621	1.93607	1.03077	2.11479	1.41804	0.698596	0.906892	1.09115	1.06461	0.534772	1.54859	1.49509	0.744011	0.470059	1.91895	0.519227	0	0.447333	1.61449	1.56448	0.727656	0	0	0.761953	0.887104	0.454054	0.987469	2.07389	1.66497	0.354497
ihec.chipseq.ihec-chipseq-containerv1.1.4.IHECRE00004703.3.4357bc0d-92fe-4fdc-9b6c-d1d7e257d833.fc.signal	2.40849	2.41855	1.79279	1.46327	1.75198	1.13898	1.14928	2.0071	1.88376	1.15	1.1484	1.3116	1.70881	2.06939	1.60734	1.82063	1.82895	1.86582	2.22405	1.16757	1.37213	1.86265	1.64172	1.45233	1.66136	1.61282	1.41253	0.971698	0.791787	0.72603	1.08904	1.16077	0.906255	1.09476	0.538206
ihec.chipseq.ihec-chipseq-containerv1.1.4.IHECRE00000864.3.807b95cf-3868-4ccf-8959-450b4ce9bd14.fc.signal	0.390931	0.981509	3.08004	1.90062	2.46251	2.25272	0.889896	1.49352	1.03078	0.449123	1.22941	1.85128	1.51791	3.14653	1.8818	1.99417	2.40724	1.24075	0.973912	1.28241	1.22617	2.25629	0.859483	1.74655	2.23631	2.63688	2.16833	1.38464	2.83028	1.57422	0.501299	2.12722	2.34797	3.59381	0.548926
ihec.chipseq.ihec-chipseq-containerv1.1.4.IHECRE00004641.3.f283db42-039d-42b0-abf6-5e11b1f7b362.fc.signal	1.14758	1.32488	1.29307	0.534668	0.627685	0.71927	0.426546	0.379507	1.0016	1.46932	1.07405	1.06954	1.5344	0.98056	0.764892	0.309376	0.247099	0.818807	0.564396	0.225497	0.607602	0.393757	0.452744	0.863019	0.459996	0.183141	0.508344	0.234671	0.561682	0.829685	0.620411	1.22827	0.887578	1.35498	0.559515
ihec.chipseq.ihec-chipseq-containerv1.1.4.IHECRE00001022.4.e3ed522f-2c41-4dc2-8732-fe32436313bd.fc.signal	3.42069	3.34328	2.17138	2.65274	1.63589	2.65115	4.31881	3.21422	3.06232	3.92563	1.98988	1.59104	3.18472	3.04754	2.21841	1.85576	1.71773	0.999643	3.11833	4.10974	3.74146	2.6914	1.42004	3.81165	3.78728	3.68832	3.0639	2.32048	1.78347	2.59196	2.63688	4.23067	3.1312	1.31811	0.0984456
ihec.chipseq.ihec-chipseq-containerv1.1.4.IHECRE00003686.3.17631993-4bed-42bb-94e8-db02b030412c.fc.signal	0.449431	0.283233	0.259448	0.873022	0.598864	0.142354	0.455176	0.785618	0.502803	0.613058	0.662527	0.448676	0.499771	0.460193	0.395729	0.610843	0.999287	0.547689	0.841454	1.03131	0.855459	1.13584	0.535593	0.172948	0.471618	0.795966	0.606713	0.31604	0.258495	0.502379	0.449696	0.446781	0.368494	0.212761	0.493962
ihec.chipseq.ihec-chipseq-containerv1.1.4.IHECRE00000980.8.b168494f-d47a-403c-8246-740897ab3321.fc.signal	3.1851	3.43898	1.53444	1.36889	1.01757	0.230617	0.886671	0.6567	0.99486	0.921866	0.35679	0.875303	1.07523	2.88535	1.75902	1.89613	0.921745	0.955834	1.41085	2.02273	1.2041	0.547312	1.17603	2.91873	0.987416	1.0889	1.37824	0.624024	1.11616	1.91982	0.779382	0.671633	1.49302	2.04411	0.229207
ihec.chipseq.ihec-chipseq-containerv1.1.4.IHECRE00004615.1.cf454773-02e8-4ae6-8d9d-05793e9b3346.fc.signal	1.16896	0.616017	0.5432	1.16426	0.85519	0.418572	1.60339	1.45565	1.17683	1.37972	0.57337	0.149722	1.09313	1.49728	0.956709	0.756736	0.27359	0.342726	0.151528	0.560884	0.785387	1.04695	1.26413	0.9366	0.689758	1.5462	1.28547	0.291893	0.719959	0.696444	0.846972	0.174069	0.86263	0.742578	0.297044
ihec.chipseq.ihec-chipseq-containerv1.1.4.IHECRE00004605.1.9bf3f7d0-484d-45f8-8d1f-2e9e5a1c459e.fc.signal	0.693166	1.08831	0.372526	0.959254	1.48479	1.37037	0.792948	1.23333	0.700933	0.523716	0.482964	0.462999	0.645269	1.1096	2.03693	1.04839	0.923334	0.843095	1.59326	1.22535	0.827542	0.604026	0.952403	1.11391	0.931317	0.637286	0.657245	0.791621	0.882092	1.05758	0.556128	0.403129	0.625312	0.712211	0.185273
ihec.chipseq.ihec-chipseq-containerv1.1.4.IHECRE00001011.4.8f80b5ae-2ed4-49bd-9661-ee91c91c6668.fc.signal	2.73007	2.72385	1.90037	1.73499	1.92077	1.97891	2.02152	2.73911	1.82371	1.44589	0.801727	1.22214	1.86149	2.01717	2.42811	1.64367	0.750775	1.1595	1.89903	2.35316	1.73988	1.44483	1.46898	1.97792	1.55829	1.11728	0.928563	0.703863	0.750566	0.580059	0.549849	0.994212	1.38011	1.22366	0.553691
ihec.chipseq.ihec-chipseq-containerv1.1.4.IHECRE00000957.7.43e107f7-e0f6-47a5-a7b8-13ab80c11387.fc.signal	2.89523	1.51661	0.810454	1.42827	1.70677	1.07066	2.18212	2.77098	1.98518	2.05721	0.724409	2.01293	2.78082	2.17879	1.77222	2.39507	3.53684	2.0573	3.50663	2.21287	1.96218	0.0940497	0.807486	1.49437	1.35934	1.39333	0.857034	0.819084	0.733522	0.584396	1.38069	1.09774	1.7029	1.5849	0.385027
ihec.chipseq.ihec-chipseq-containerv1.1.4.IHECRE00000987.6.29b8d050-beec-45b5-afda-a75534d88bfc.fc.signal	2.71176	2.19057	1.48331	2.37667	1.70647	1.04754	1.87844	3.38754	4.02042	2.33951	0.461035	1.71186	2.40676	4.06013	4.41615	2.65878	1.68977	2.27768	3.23336	3.57241	2.10196	0.303561	1.55484	3.89803	4.3585	5.05482	1.97836	1.63224	1.26856	1.72903	1.34854	2.04511	3.27016	2.36347	0.359171
ihec.chipseq.ihec-chipseq-containerv1.1.4.IHECRE00000235.3.aaf97294-2366-43c8-9d83-3dd7259e070e.fc.signal	0.818594	0.742262	0.643778	0.479114	0.954166	1.56253	1.02063	0.750756	0.730731	1.01246	0.978973	0.611289	0.805276	1.06626	1.60337	2.40914	1.80389	1.07919	1.06986	1.04426	1.04662	0.543402	0.434554	0.766039	1.26096	1.11609	1.15307	1.16573	0.865332	0.812767	0.852128	0.99527	1.0974	0.618126	0.307622
ihec.chipseq.ihec-chipseq-containerv1.1.4.IHECRE00001548.1.1063dcb8-ca8d-4076-8364-56a3871d88c2.fc.signal	4.99648	3.076	3.08653	3.88065	2.99696	3.01283	3.66924	6.59517	11.0084	5.70148	1.43204	5.33242	8.30148	8.56238	12.4959	9.75175	5.84991	5.91601	2.98092	3.62305	5.6821	1.9649	2.96977	2.05907	2.4333	4.02437	1.29821	0.763826	3.85824	5.25758	3.29512	2.71851	3.99761	5.78213	0.148936
ihec.chipseq.ihec-chipseq-containerv1.1.4.IHECRE00004900.1.21a553ba-0627-43d2-9045-d7e885ce5199.fc.signal	0.99421	1.91547	2.06184	1.98443	1.17817	0.659826	1.23517	2.37765	1.38911	0.851546	0.551499	0.825765	1.15381	2.00103	2.13859	1.00725	0.47727	0.489654	1.81546	0.764335	0.496128	1.46511	1.75624	1.32523	2.67018	1.56951	1.78751	0.862824	0.380668	2.26917	2.4888	1.80286	1.55674	2.21881	0.136412
ihec.chipseq.ihec-chipseq-containerv1.1.4.IHECRE00003803.1.cbcfbcdb-4d41-42fe-a44e-156c7af5f576.fc.signal	4.9383	3.4059	1.1175	0.764936	1.89167	0.696729	2.59876	3.51689	2.05041	3.4016	1.47561	2.50923	4.8634	3.42207	3.75789	2.13802	1.91495	0.266525	3.01993	2.29658	1.62467	2.05242	1.20176	4.01516	5.40098	5.11717	2.04287	1.71718	2.98816	1.76787	1.59628	1.3308	5.03742	2.5617	0.255788
ihec.chipseq.ihec-chipseq-containerv1.1.4.IHECRE00003818.1.f4551532-527f-469b-8771-a060adbc4ccb.fc.signal	2.93983	2.80004	1.80061	2.99756	1.92727	0.890904	2.22011	2.56816	2.57395	3.96578	1.8463	3.66671	5.29403	6.17663	3.21712	2.73782	3.95064	3.80263	1.93596	3.73221	3.54856	1.98966	2.60886	4.02337	3.81068	2.71271	1.48614	0.833905	2.10591	1.32322	1.96808	3.7608	2.77319	3.94149	0.471683
ihec.chipseq.ihec-chipseq-containerv1.1.4.IHECRE00003676.3.fa45989e-2fad-4f13-b899-3405cf3f81a7.fc.signal	0.0236929	0.187852	0.413841	0.781381	0.472844	0.0163461	0.201242	1.03062	0.49866	0	0.475801	0.942023	0.801657	2.42954	1.06608	2.913	1.37355	0.76194	1.31779	0.898945	1.19954	0.43786	0.581806	0.636997	0.58293	0.61042	0.787931	0.909429	0.760756	0.824362	0.16051	0.642698	0.840092	0.835575	0.149254
ihec.chipseq.ihec-chipseq-containerv1.1.4.IHECRE00001012.4.5c8bdd5b-6d3c-4993-a4d6-e582a59f7d7d.fc.signal	2.43817	1.80913	1.15452	1.34032	1.54602	1.62197	1.72806	2.04233	2.02636	2.59355	0.58944	1.03118	1.89103	1.2827	2.61041	1.71053	1.52252	0.714177	1.80289	2.38707	1.6058	0.937926	1.01006	1.13025	0.962799	0.944114	1.02236	0.709901	0.437995	0.464165	1.02659	1.01521	0.746019	0.525206	0.547299
ihec.chipseq.ihec-chipseq-containerv1.1.4.IHECRE00003821.3.51d4846d-06bc-4866-a76b-054529993101.fc.signal	1.37776	0.735919	0.54168	1.13289	0.898726	1.3996	1.04651	1.74182	0.982985	0.430483	0.514137	0.44351	0.597222	0.848535	0.534615	1.36565	0.886755	0.734161	1.02281	0.617135	0.360337	0.427746	0.357294	0.467286	0.197584	0.279797	0	0.417175	0.717388	0.883578	0.832615	0.238606	0.234203	0.488086	0
ihec.chipseq.ihec-chipseq-containerv1.1.4.IHECRE00001233.5.fc2e2a67-89eb-4b79-90d9-0a29fc9855be.fc.signal	2.41735	2.6964	0.737845	0.806704	1.03684	1.02363	1.80655	2.37854	1.83957	1.54084	1.1648	1.57998	2.49633	3.39963	4.07103	2.08792	0.954509	0.663206	2.27759	2.12405	2.67892	0.779144	0.807589	2.16068	1.51961	1.87497	1.73169	1.2293	0.830854	0.231328	0.861223	1.90043	1.81583	0.860085	0.565217
