	chr6:143939888-143940037	chr6:143940038-143940187	chr6:143940188-143940337	chr6:143940338-143940487	chr6:143940488-143940637	chr6:143940638-143940787	chr6:143940788-143940937	chr6:143940938-143941087	chr6:143941088-143941237	chr6:143941238-143941387	chr6:143941388-143941537	chr6:143941538-143941687	chr6:143941688-143941837	chr6:143941838-143941987	chr6:143941988-143942137	chr6:143942138-143942287	chr6:143942288-143942437	chr6:143942438-143942507	chr6:143942508-143942587	chr6:143942588-143942737	chr6:143942738-143942887	chr6:143942888-143943037	chr6:143943038-143943187	chr6:143943188-143943337	chr6:143943338-143943487	chr6:143943488-143943637	chr6:143943638-143943787	chr6:143943788-143943937	chr6:143943938-143944087	chr6:143944088-143944237	chr6:143944238-143944387	chr6:143944388-143944537	chr6:143944538-143944687	chr6:143944688-143944837	chr6:143944838-143944987	chr6:143944988-143945007	Expression
ihec.chipseq.ihec-chipseq-containerv1.1.4.IHECRE00001017.4.35530d7a-23e1-468e-978a-d33955937d72.fc.signal	0.424077	0.124673	0.512237	0.164829	0.258528	0.655822	0.39181	0.518603	0.573206	0.999248	1.69442	2.05419	1.13469	1.68414	1.56636	1.26744	1.12472	1.31098	0.948829	0.299658	0.386247	0.74361	0.146428	0.757396	0.662967	0.505305	0.771048	0.68001	0.966009	0.854155	1.05765	0.778708	1.00211	0.71108	0.933705	1.59951	0.934579
ihec.chipseq.ihec-chipseq-containerv1.1.4.IHECRE00001004.4.b3b3b801-4bf3-4e6f-974d-5cca823d1b91.fc.signal	0.0290335	0	0	0	0	0	0	0	0.00110907	0.244575	1.03464	1.24929	0.731757	0.983696	0.801561	0.778225	0.697136	0.999963	0.949024	0.423821	0.192768	0.59891	0.0698629	0	0	0	0	0	0.155637	0.16579	0	0	0	0	0	0	0.905455
ihec.chipseq.ihec-chipseq-containerv1.1.4.IHECRE00001557.1.823ac744-5eeb-40f9-9f65-c42b0b5130dc.fc.signal	0	0	0	0	0.43641	1.77518	1.02143	0.174037	0.868844	0.929957	2.71142	4.15008	2.97186	3.7835	3.08856	1.94112	2.75653	3.73486	2.72844	2.2393	1.62229	0.311654	0.78965	0.492695	0.240174	0.150956	0.726567	0.955757	0.564221	0.0615435	0.574401	0.176937	0.573744	0.52631	0.798719	0.594069	0.302439
ihec.chipseq.ihec-chipseq-containerv1.1.4.IHECRE00000222.3.123ef280-d4ea-4ca0-978c-a10942825cc4.fc.signal	0.146351	0.450303	0.324238	0	0	0	0	0	0.14558	0.188297	0.382397	0.608676	0.334276	0.235347	0.400738	0.301085	0.311563	0.400848	0.559445	0.610779	0.11815	0.0509617	0.297446	0.463585	1.218	0.923723	0.0574915	0	0.0022116	0.518813	0.752008	0.835265	0.90985	0.446151	0.383707	0.326457	0.847345
ihec.chipseq.ihec-chipseq-containerv1.1.4.IHECRE00003838.5.37ca9b25-a545-471a-8ba7-6b638b12b7dd.fc.signal	0.852715	0.894018	0.569769	1.11358	0.917099	1.04554	1.97622	2.29268	1.81148	1.92643	1.80335	0.984372	1.70212	1.37775	2.24897	1.80951	0.807684	1.19983	1.34007	1.83668	1.5327	0.721638	0.585114	0.614691	0.774873	0.887874	1.01317	1.47123	0.936368	1.00253	0.892341	0.694837	0.411933	0.537913	0.485662	0.38734	0.587087
ihec.chipseq.ihec-chipseq-containerv1.1.4.IHECRE00000004.3.f2ae12dd-4c96-490e-afaa-ca77964f5b1c.fc.signal	0.327444	0	0	0.40337	2.11384	0	2.64225	4.83875	4.20292	2.17075	3.08523	2.48295	1.02695	5.93737	13.2391	5.75061	0	0.0185554	1.69022	1.39268	0	0	0	0	0	0	0	0	0	1.31885	1.33728	0	0	0	0	0	0.25
ihec.chipseq.ihec-chipseq-containerv1.1.4.IHECRE00003404.1.88cb95dd-5a6d-4570-8a21-b967680b5521.fc.signal	0.061922	0.348214	0.571688	0.225118	0.189583	0.43488	0.203117	0.47537	0	0.532707	1.89505	2.56295	1.34909	0.640939	0.933939	2.22226	0.945536	1.33948	1.94771	1.0416	0	0.267714	0.828037	1.91653	1.17017	0.316067	0	0	0.0205872	0.508757	0.0852794	0.765864	0.892503	0.960476	1.29104	1.20323	0.218623
ihec.chipseq.ihec-chipseq-containerv1.1.4.IHECRE00003829.4.85a47d94-3c5b-4fa0-8468-515ec8dc5b16.fc.signal	0.986098	0.385389	0.0420683	0	0	0.154579	0.823773	1.24055	0.844435	0.297187	0.130426	0.0719023	0.338148	0.446161	0.434181	0.302448	0.579186	0.454935	0.398069	0.867801	0.508746	0.0561527	0.475858	0.258627	0.147013	0.949389	1.13495	1.23337	0.340311	0.4295	0.291774	0.24851	0.235845	0.446127	1.00658	0.974618	0.583762
ihec.chipseq.ihec-chipseq-containerv1.1.4.IHECRE00001044.7.72ced85f-cc3d-4155-864f-c88e943e41cd.fc.signal	0.409244	0.406696	0.449982	0.289367	0.409546	0.518339	0.455156	0.874748	1.43119	1.42306	0.867111	1.14427	2.20706	2.58607	3.47229	1.82818	1.34439	1.46999	2.34742	1.84133	0.419832	0.407597	0.388181	0.459283	0.655865	1.037	0.856675	0.37642	0.613656	0.707894	1.0655	1.15502	1.07151	0.570581	1.04219	1.24721	0.413304
ihec.chipseq.ihec-chipseq-containerv1.1.4.IHECRE00000330.2.5131ad66-51e2-42ac-b48a-1af75df9605f.fc.signal	0.0574873	0.305263	0.128754	0.173384	0.0743001	0.325317	0.203494	0.85741	1.08393	0.842136	2.30238	3.1967	3.20933	4.39736	3.01295	1.60824	0.78629	0.620891	0.977967	1.04667	0.520301	0.908527	1.23932	0.437977	0.848176	1.29611	0.640713	0.799421	0.845395	0.850857	0.94815	0.839793	1.51453	1.10595	1.08868	1.72015	0.375415
ihec.chipseq.ihec-chipseq-containerv1.1.4.IHECRE00000223.3.58d4d6b8-e8d9-44c0-a8c7-fcdf9403bfe2.fc.signal	0	0.111269	0.43922	0.196185	0	0	0	0.0797333	0.521022	0.791847	1.62124	1.8127	1.03171	0.765292	0.824778	0.669254	0.99288	1.42742	1.42675	0.924991	0.278708	0.624888	0.581443	0.552126	0.325527	0.206677	0.22573	0.192898	0.194863	0.0539533	0.123744	0.350109	0.202908	0	0	0	0.544218
ihec.chipseq.ihec-chipseq-containerv1.1.4.IHECRE00000242.3.b264ae9e-8457-4fbc-9ae1-9ad1d872e973.fc.signal	0	0	0	0	0	0	0	0	0.0671382	0.30286	1.068	1.39006	0.964009	1.17726	1.00231	0.801688	0.935722	1.20219	1.04608	0.432061	0.190319	0.862046	0.629268	0.100464	0	0	0	0	0	0	0	0.149015	0.25991	0.0242583	0	0	0.501931
ihec.chipseq.ihec-chipseq-containerv1.1.4.IHECRE00001232.5.f1456df1-a617-44a6-a060-cb29786302bd.fc.signal	0	0.158579	0.445978	0.00527	0	0.208965	0.488254	0.124347	0.689205	1.50401	1.93541	1.73647	1.14239	1.68719	1.21676	1.33413	2.27166	1.62983	0.842272	0.671088	0.0953587	0.665831	0.188903	0.241459	0.309829	0.423399	0.395926	0.113898	0.318352	0.695182	0.0007654	0.641147	1.05381	0.546872	0.913001	1.01497	0.622449
ihec.chipseq.ihec-chipseq-containerv1.1.4.IHECRE00001457.1.6d90e020-b6c2-4e95-920f-783e8068ccbc.fc.signal	0.0972353	0.865475	0.217093	0.18724	0.760951	0.59826	1.12875	0.521422	0.800798	1.69281	1.83119	2.49315	3.23422	2.13759	2.44919	1.52365	2.1943	2.92748	2.17198	0.868263	0	0	0.228387	0.299932	0.386921	0	0.610467	0.484356	1.25631	2.40061	1.01039	0.246142	0.246706	0.639154	0.394379	0.33649	0.145205
ihec.chipseq.ihec-chipseq-containerv1.1.4.IHECRE00003398.1.142e6ed2-5832-4fa6-8a6b-9ed4d6f47d60.fc.signal	0.0866821	1.20868	1.19458	0.365029	0	0.154172	0.668758	1.10623	0.17456	0.828709	0.305012	0.629186	0.176068	0.287708	0.454163	0.539492	0.305038	0.693092	1.15607	1.24655	0.501398	0	0.329691	0.179104	1.11776	0.609783	0.856618	0.822035	0.896451	1.01328	0.995149	1.37503	0.282051	1.12047	0	0	0.178218
ihec.chipseq.ihec-chipseq-containerv1.1.4.IHECRE00003848.5.4e81bcc2-9ec4-4d08-b943-7db60ab59078.fc.signal	0.186545	0.748392	0.810601	0.671173	0.289469	0.456167	1.17088	1.60836	1.70914	1.32628	0.898821	0.367697	0.465161	0.640892	0.532431	0.458774	0.188239	0.30487	1.35441	1.52877	0.626519	0.847014	0.635779	1.34633	1.00674	0.540685	0.529194	1.68851	1.7258	1.01311	0.592476	1.88165	1.41329	0.428464	1.18817	0.471374	0.369748
ihec.chipseq.ihec-chipseq-containerv1.1.4.IHECRE00001508.1.7644257d-84a8-452c-b39d-72874c3d0d4b.fc.signal	0.534005	0.62251	0.507456	0.61223	0.678572	0.691482	0.769142	1.29844	1.18732	0.672985	0.484515	0.443928	0.760173	1.42592	2.75068	2.11835	1.92258	2.48408	3.67573	3.38202	1.38896	0.321163	0.258933	1.05482	0.799049	1.25095	1.18668	0.852965	1.50185	0.855821	0.724644	0.906535	0.698998	1.43276	1.85921	1.75652	0.362857
ihec.chipseq.ihec-chipseq-containerv1.1.4.IHECRE00003828.3.bcd61aac-63db-4cfa-a058-a141a50b928e.fc.signal	1.18498	1.29219	0.696822	0.330592	0.319683	0.195271	0.582716	1.22666	1.06924	0.762282	0.923207	0.788957	0.382467	0.248603	0.617535	0.931664	0.679591	0.891648	1.35496	1.21252	0.552433	0.407431	0.486059	0.702419	0.909562	1.1196	0.524498	0.3435	0.404607	0.32276	0.282346	0.268892	0.368079	0.610919	0.343263	0.02041	0.371859
ihec.chipseq.ihec-chipseq-containerv1.1.4.IHECRE00001020.4.42363c6f-0a08-4184-ab8c-bacc5ac39aad.fc.signal	0.451995	0.322315	0.465015	0.0682677	0.257801	0.17642	0.250161	0.365852	1.31413	1.21209	0.916033	1.0826	0.718293	1.40705	1.35015	0.827381	0.566014	1.18699	1.54966	0.819673	0.251877	0.990874	0.161919	0.546519	1.46449	1.32601	0.699582	0.532947	0.895596	0.882123	0.439321	1.60116	1.75601	0.8492	1.19852	1.26668	0.836957
ihec.chipseq.ihec-chipseq-containerv1.1.4.IHECRE00001378.1.8a1df20e-6fe2-48ae-99b1-96a1bc85ea8d.fc.signal	0.0694912	0.424163	0.00277133	0	0	0.407705	0.389846	0.184845	0.285172	1.7183	1.14402	2.74447	4.69642	6.13369	5.4152	5.64251	5.11726	3.39306	1.62207	1.49909	1.09902	1.29529	0.467205	0.384056	0.165523	0.434388	0.0287413	0.134879	0.377751	0.740681	0.375139	1.15726	0.99261	0.541011	0.829785	0	0.246964
ihec.chipseq.ihec-chipseq-containerv1.1.4.IHECRE00000353.2.4f6acbc5-3a97-4e8f-9a06-b4d65956b678.fc.signal	0.0779343	0.779609	0.0648449	0.235416	0.625653	0.295554	0.257644	0.409456	1.0368	1.12482	1.40898	3.02773	5.57548	4.0669	4.43571	4.72263	2.67456	0.455244	0.827938	0.7408	0.430483	1.4608	1.29327	0.79874	0.53594	0.104168	1.34983	1.06097	0.153428	0	0.272358	0.463858	0.465582	0.246113	0.717862	0.960127	0.314465
ihec.chipseq.ihec-chipseq-containerv1.1.4.IHECRE00000318.2.7ba479df-2d75-4a21-a2dc-30d87eedc37a.fc.signal	1.37521	0.671599	0.816654	0.421899	0.198848	0.723517	1.05705	0.795697	1.06048	2.06744	1.18933	1.37018	1.8528	2.17658	2.40799	2.65892	2.44798	2.54259	2.14905	0.804661	0.531258	0.593189	0.0530597	0.226265	0.307114	0.062373	0.290713	0.3208	0.332357	0.852392	0.64948	0.874763	0.878346	0.25652	0.745602	1.22758	0.273256
ihec.chipseq.ihec-chipseq-containerv1.1.4.IHECRE00000709.3.de511913-2cf9-43ba-9705-d5ac577dfa6f.fc.signal	0.706685	0.0892895	0.459402	0.567733	0.4098	0.267901	0.469117	0.994119	1.87988	0.840365	1.76239	2.83247	2.4232	2.38821	1.8975	1.13434	0.711925	0.636179	0.290773	0.316575	1.1433	2.0914	1.06737	1.75297	1.66604	2.32957	0.893305	0.839232	1.39353	1.72842	1.03428	0.576499	1.00431	1.81846	1.44889	2.16004	0.0703125
ihec.chipseq.ihec-chipseq-containerv1.1.4.IHECRE00000284.2.87bd20a0-67fa-4d09-8be1-5af82b2135f8.fc.signal	0.904025	1.82256	1.31111	0.561027	0.384239	0.165686	0.582223	0.820152	2.49159	3.71378	4.4836	4.66525	4.29461	4.05188	4.66492	4.87895	3.72529	2.25124	1.39672	0.2485	0.559107	1.5438	0.0938788	0.473541	0.583462	0.057708	0	0.333424	0.70846	0.859107	1.32071	1.04408	0.771222	1.42344	1.39554	1.43173	0.31746
ihec.chipseq.ihec-chipseq-containerv1.1.4.IHECRE00001906.1.5d44418c-818f-4534-8844-0d0e8e0143a7.fc.signal	0.00445867	0	0.087233	0.609015	0.289067	0.506117	0.359238	0.26843	0.216525	0.740104	2.37502	2.81456	2.70271	3.76054	2.80505	2.84994	0.72131	0.762904	0.885442	0.714704	1.07047	1.39538	0.601502	0.42846	0.364596	0.851545	0.40075	0.293508	0.349857	0.68396	0.871411	0.511425	0.485716	0.800429	0.843987	1.15088	0.788321
ihec.chipseq.ihec-chipseq-containerv1.1.4.IHECRE00003689.3.cde87e50-dbba-4734-bd22-f35203f3b601.fc.signal	0.516541	0.356924	0.827484	0.107144	0.363325	0	0.264688	0.0486138	0.692918	0.866422	1.11459	1.03983	1.40712	1.50346	1.462	1.32644	1.41649	1.6739	1.32218	0.768209	0.470173	0.734271	0.388987	0.104705	0.31656	0.911751	0.281905	0.238675	0.742286	0.410315	0.704443	0.557468	1.32047	0.589068	1.05876	1.43545	0.555066
ihec.chipseq.ihec-chipseq-containerv1.1.4.IHECRE00000665.1.15a517d0-8389-43f7-9ce5-66c163ab4bf7.fc.signal	0.407637	0.469542	0.927244	0.437919	0.655903	0.947392	0.963661	1.17675	1.57812	2.33151	1.62678	1.40626	1.69199	1.66725	0.933691	0.506174	1.52756	1.70478	1.91987	1.20103	0.12665	0.603038	0.799987	1.37276	1.04251	0.473499	0.712612	0.558416	1.05813	0.536928	1.08552	0.773243	0.652318	0.893742	1.41896	1.86391	0
ihec.chipseq.ihec-chipseq-containerv1.1.4.IHECRE00001306.1.3ad99a92-6066-418f-95ef-51ed964a0d0c.fc.signal	0.375776	0.649918	0.78939	0.356913	0.184418	0.986609	1.3089	1.40925	2.03039	3.1075	4.4167	5.22662	8.71274	10.9372	7.65154	5.56903	5.30081	5.70856	5.68944	3.28604	0.819412	0.201262	1.44501	1.12952	0.773152	0.545849	2.09166	0.697499	0.393486	1.00439	1.65795	0.295794	0.564074	1.60974	1.70267	1.18667	0.532646
ihec.chipseq.ihec-chipseq-containerv1.1.4.IHECRE00000339.2.39f2a04f-5ab3-46a3-91a8-91641dbab08a.fc.signal	0.206667	0	0.215947	0.347477	0.723802	0.276621	0.313125	0.0296232	0.45266	0.151243	0.963327	1.91549	1.88703	3.25585	1.83363	1.05626	1.80438	2.68658	2.00971	0.772988	0.69954	1.11694	0.600175	0.782805	0.490632	1.80692	0.302325	0	0.278488	0.762926	0.626736	1.79874	1.4846	1.37065	0.475159	0	0.360281
ihec.chipseq.ihec-chipseq-containerv1.1.4.IHECRE00000260.2.3ac826bb-c219-4eb4-ae1e-412d5ac0b154.fc.signal	0.171993	0.202738	0.530853	0.467996	0	0.431679	0.447428	0.0600753	0.835455	0	0.0122255	0.880918	0	0	0	0.126875	0.784015	0.169288	2.04942	1.58713	0	0	0	0	0.353943	0.744116	0.805216	0.883824	0	0	0.510868	0.538043	0.653895	0	2.22037	4.36073	0.106529
ihec.chipseq.ihec-chipseq-containerv1.1.4.IHECRE00003835.4.21819112-b709-4256-a74d-0e6ec96e0be8.fc.signal	0.53911	0.405941	0.82191	1.52517	1.30686	1.47122	2.03471	1.8012	1.76574	1.18485	1.6581	1.36511	1.9098	1.25067	2.07814	2.73863	1.10201	2.22309	3.74174	2.25414	0.525243	0.930756	1.00698	1.27244	2.24777	1.79038	1.0157	1.48705	1.62876	1.69204	0.627022	0.0557043	0.432843	0.798723	0.897343	0.751162	0.480642
ihec.chipseq.ihec-chipseq-containerv1.1.4.IHECRE00004607.2.e1fd1411-fa6d-4e9d-8b94-fee7dda1365c.fc.signal	0.533501	0.452394	0.491096	0.555794	0.147587	0.339454	0.516901	0.834657	0.631014	0.999618	1.24963	1.45742	0.957384	0.608401	0.493219	0.275038	0.389293	0.666627	0.575691	1.06479	0.65086	0.682192	0.421943	0.762629	0.687088	0.594907	0.776578	1.02783	0.547454	0.272771	0.36152	0.283264	0.670555	0.429704	0.230425	0.365838	0.544681
ihec.chipseq.ihec-chipseq-containerv1.1.4.IHECRE00004603.3.40563a1e-eb2a-4c6e-bd0b-903d353efee9.fc.signal	1.2454	1.31421	0.536802	0.691797	0.841851	1.34182	1.92088	1.67359	0.852931	0.741839	0.58681	0.950451	0.923781	0.996961	1.16537	1.61205	1.09217	0.393964	0.494724	0.337455	0.100415	0.967304	0.318737	1.54746	1.64751	0.704152	1.09246	1.291	0.998713	0.906106	0.627204	1.58928	0.956954	1.04766	0.752375	1.64769	0.489149
ihec.chipseq.ihec-chipseq-containerv1.1.4.IHECRE00000348.2.49890929-0215-4581-a0a6-6082ef7a066c.fc.signal	0.417637	0.303164	0.316492	0.456787	0.609545	0.340845	0.653033	0.988797	2.72907	1.83791	1.51738	1.59777	2.48412	1.16138	0.548845	0.837746	0.565469	0.427237	0.377156	0.641703	0.652457	0.357267	0.666736	0.632565	0.711385	0.974124	1.23928	1.17101	0.725345	0.42444	0	0.41878	0.583079	0.482699	1.70427	2.37046	0.268105
ihec.chipseq.ihec-chipseq-containerv1.1.4.IHECRE00000241.3.05642e3c-a160-4342-bda6-fdaa4b0b7e66.fc.signal	0	0	0	0	0	0	0	0	0.00325733	0.212226	0.74449	1.29495	1.24136	0.866604	0.685643	0.883569	0.831886	0.797961	0.723115	0.447231	0.197084	0.452333	0.222725	0	0	0	0	0	0	0	0	0	0	0	0	0	0.639697
ihec.chipseq.ihec-chipseq-containerv1.1.4.IHECRE00004617.2.bd401bc7-9584-4daf-b6e9-896dcf3c0a4c.fc.signal	1.16347	1.10656	0.849117	0.837327	0.675314	0.527665	0.245992	0.693009	1.20891	0.84994	1.2436	0.616115	0.372415	0.153977	0.369522	0.803483	0.825114	0.623047	0.729668	0.585208	0.194625	0.376004	0.806059	0.799286	0.808328	0.566951	0.412283	0.46377	0.542278	0.712036	1.14525	0.791212	0.738559	0.513351	1.05051	0.918664	0.212598
ihec.chipseq.ihec-chipseq-containerv1.1.4.IHECRE00000277.2.32f96f36-e33f-4e3d-b54e-16162d591510.fc.signal	0	0	0.042984	0.455138	0.178818	0.873371	0.551683	0.574331	0.744474	1.40761	1.53522	2.7473	3.98591	3.67458	3.58827	3.00684	1.80125	1.53573	1.4877	1.12937	0.511942	0.878476	0.847922	0.852054	0.600472	0.538796	0.239613	0.630986	0.191709	0.809073	0.745634	0.617781	0.636739	0.659117	0.418943	0.17655	0.199029
ihec.chipseq.ihec-chipseq-containerv1.1.4.IHECRE00001958.3.1ec30665-e127-479e-9308-683342038ede.fc.signal	0.0874896	0	0	0.2588	0.406407	0.377779	0.259615	0.242669	0.699806	0.989495	0.685978	1.01709	0.89147	0.938318	0.668073	0.608015	0.765128	1.08444	1.05715	1.02583	1.24881	1.00749	0.522689	1.01641	0.727106	0.517923	0.281731	0.320457	0.683631	0.582171	0.429716	0.794062	0.902007	0.79054	0.675518	0.613533	0.203704
ihec.chipseq.ihec-chipseq-containerv1.1.4.IHECRE00000188.3.edd174d9-379d-4ee2-93f9-dcd7dae1e0ef.fc.signal	0.248506	0	0.0771968	0.0751275	0	0.0261111	0.570648	0.89087	1.05194	1.06484	2.22666	2.03904	3.88372	4.00501	4.19642	3.37049	3.23355	2.63165	1.70802	1.38027	1.128	1.62559	0.682214	1.42268	0.138649	0.530638	0.610244	1.04996	0.697827	0.78131	2.00047	0.951706	1.43002	1.71029	0.893756	0.766034	0.369458
ihec.chipseq.ihec-chipseq-containerv1.1.4.IHECRE00004728.1.12642e26-117b-4636-816e-4fbed6d5c0a2.fc.signal	0.767087	1.17033	0.602086	0.659184	0.722264	0.747387	0.528806	0.903264	2.36688	2.9289	0.722194	0.781136	0.67931	1.20394	0.245014	0.14741	1.0413	2.02321	1.87546	1.67846	1.00865	2.29593	0.882108	0.350212	0.52535	0.148917	0.579606	0.945827	1.41682	0.967777	1.17912	1.15762	1.25737	1.60327	1.2191	1.28526	0.960488
ihec.chipseq.ihec-chipseq-containerv1.1.4.IHECRE00001010.4.1f4a36e3-e29e-4226-9261-3edae284095c.fc.signal	0.0687875	0.0868409	0.282026	0	0	0	0.117844	0.273918	0.410392	0.490705	0.752568	0.649407	0.710217	0.776509	0.777974	0.472047	0.484445	0.536245	0.824199	0.660916	0.354406	0.544282	0.0523995	0.188299	0.267858	0.764684	0.230111	0.399757	0.532646	0.416211	0.791562	0.791145	1.11139	0.542828	1.00153	1.50045	0.94517
ihec.chipseq.ihec-chipseq-containerv1.1.4.IHECRE00000195.3.78afa2e5-5711-4b0e-8724-55134969481b.fc.signal	0	0.67244	0.454702	0	0.862716	1.63811	0.72054	1.15605	1.23307	0.76654	1.48125	1.41917	0.922381	0.409468	1.88482	2.45094	4.17008	2.33303	0.659727	0.517354	0.111449	0.407678	1.12199	0.51256	0.130892	0	0.0607872	0.389581	0.0405248	0.729566	0.999417	0.044109	1.56826	1.345	0.260046	0.554017	0.22549
ihec.chipseq.ihec-chipseq-containerv1.1.4.IHECRE00003837.4.d181cff2-e0ec-4d8f-83df-ad2768d9574c.fc.signal	0.988729	0.718188	0.625654	0.426628	0.322311	2.63142	2.55056	1.99979	2.40539	1.41541	0.597548	0.882985	3.0897	3.09603	1.86339	1.75782	1.58427	0.852008	0.705497	2.01113	1.56084	0.0333321	0.618188	0.915651	1.32443	1.77303	1.27396	0.752707	1.10924	1.94296	1.08917	0.442283	1.09277	1.0926	1.42605	1.62734	0.208157
ihec.chipseq.ihec-chipseq-containerv1.1.4.IHECRE00000828.1.ad8aa122-d0d8-45b6-96f2-58aee53acfb7.fc.signal	0	0	0	0.382683	1.1865	0.475314	0.632381	0.593604	0.758965	0.882705	0.231467	1.24443	0.570025	0.703341	0.767401	0.224256	0	0.164786	0.806261	1.32441	0.323532	0.0204762	3.38529	1.38396	1.04709	0.360787	1.04386	1.03336	0.238439	0	0.800939	1.61414	1.18666	0.949574	0.308406	0.719656	0.403509
ihec.chipseq.ihec-chipseq-containerv1.1.4.IHECRE00004610.2.7bdb9455-2f7b-4363-a63c-08451bdd557e.fc.signal	0.46521	1.10297	0.482078	0.335985	0.592616	0.884486	0.735535	0.720938	0.897278	0.524134	0.515427	0.384209	0.49406	0.558677	0.847626	0.995498	0.654287	0.876589	1.21541	1.10508	0.823303	1.16494	1.34565	1.22059	1.05959	0.444358	0.618704	0.41835	1.0476	0.829767	0.327059	0.605931	0.599102	0.239213	0.494197	1.01229	0.252688
ihec.chipseq.ihec-chipseq-containerv1.1.4.IHECRE00003842.2.dde9814b-8b78-4af3-b9ef-87186b3ed1fd.fc.signal	0.458289	0.205467	0.0357961	0.42532	0.916297	0.824783	0.198165	0.160047	0.397601	0.635589	0.42649	0.410006	0.486871	0.0690094	0.0664852	0.144006	0	0	0.233914	0.263294	0.376649	0.367	0.30487	0	0.267207	0.157941	0	0.180271	0.405555	0.163656	0.70055	0.110237	0.24736	0.541707	0.299071	0.458923	0.980769
ihec.chipseq.ihec-chipseq-containerv1.1.4.IHECRE00000321.2.34b4c08e-0c15-430a-a6c5-dc1cf4b41a2e.fc.signal	0.373997	0.166305	0.501336	0.775471	1.10105	0.322989	0.542552	0.349283	2.0192	1.90442	1.84568	0.637221	1.29973	0.814508	0.904149	1.03195	0.501547	0.526284	0.310149	0.782442	1.06596	0.523084	0.525226	0.437612	0	0.796141	1.99584	2.03706	1.43805	0.936908	1.36227	0.215015	0.248966	1.23138	1.08498	1.76035	0.172043
ihec.chipseq.ihec-chipseq-containerv1.1.4.IHECRE00000236.3.5cbd82b6-3f49-4678-a37b-78e82b7626ea.fc.signal	0.116785	0.31851	0.233572	0	0	0	0	0	0.226972	0.831181	0.805802	0.590511	0.467199	0.383477	0.495122	0.542211	0.550417	0.618062	0.442916	0.283342	0.179411	0.246126	0	0.0951331	0.927713	1.14838	0.400391	0	0	0	0	0.204895	0.417722	0.312069	0.265889	0.217875	0.645161
ihec.chipseq.ihec-chipseq-containerv1.1.4.IHECRE00000237.3.2cba5936-f140-44e1-bb8c-03b1b31528e1.fc.signal	0	0	0	0	0	0	0	0	0.0223329	0.751384	1.66892	1.73776	0.980881	0.739528	1.06514	1.12008	0.912812	0.697929	0.518947	0.377312	0.61433	1.40275	1.47547	0.503363	0.131542	0.0568067	0	0	0	0	0.0464799	0.29674	0.181002	0	0	0	0.925876
ihec.chipseq.ihec-chipseq-containerv1.1.4.IHECRE00001482.1.18665c0d-6177-476e-bfd1-50a3da407753.fc.signal	0.0210523	0.133059	0.205247	0.18253	0.19939	0.573576	0.316485	0.837952	0.903522	1.02532	0.370959	0.414723	2.04624	1.70711	1.57908	2.69818	1.16677	0.881576	2.52987	1.4583	0.364381	0.299027	0	0.0657898	0.240417	0	0	0.579274	0.378093	0.285222	0.440948	0.989946	0.899025	0.190714	0.124532	0.26315	0.235294
ihec.chipseq.ihec-chipseq-containerv1.1.4.IHECRE00001018.4.33fd32de-b83a-4d4f-b13a-efed59fd5abe.fc.signal	0	0	0	0.0506339	0.181313	0.182923	0.463414	0.214579	1.08828	0.880238	0.494323	0.97582	0.774977	0.854469	1.27382	0.289769	0.578161	0.823374	0.371471	0.0557249	0	0.305346	0.40656	0.167975	0.292062	0.477604	0.378109	0.228448	0.625804	0.587988	0.783894	1.36963	1.14215	0.266349	0.460666	0.799027	1
ihec.chipseq.ihec-chipseq-containerv1.1.4.IHECRE00000229.3.88fcdf4d-dd2c-424a-91c6-ca3469132544.fc.signal	0.0049672	0.208484	0.325482	0.0318779	0	0	0	0.145047	1.18598	0.906384	0.12198	0.553308	0.893996	0.633598	1.11996	1.44836	0.506339	0.249083	0.365925	0.388219	0.0288456	0	0.29886	0.515438	0.781495	0.219007	0.159063	0.286507	0.227608	0.175476	0.237565	0.883116	1.19464	0.562909	0.523234	1.04694	0.527083
ihec.chipseq.ihec-chipseq-containerv1.1.4.IHECRE00001935.1.43a724cd-c3b0-46db-9b56-bc285ebfa0a4.fc.signal	0.0691717	0.836964	0.174095	0	0.0403949	0.225844	0.539706	1.0377	1.24489	1.87809	2.0774	3.52248	2.84423	2.63865	4.08352	2.00276	1.64741	1.25692	1.23195	1.90039	0.45989	1.09801	0.110168	0.154235	0.941341	0.469863	0.120159	0.629806	0.627887	0.409572	2.76337	1.25591	0.471684	1.41565	1.36184	0.719342	0.845283
ihec.chipseq.ihec-chipseq-containerv1.1.4.IHECRE00003836.3.9aa71da8-fe78-48e5-b5e7-94900a3e3afc.fc.signal	1.09227	1.42381	0.930012	1.00636	0.383397	0.425331	0.809244	1.22071	1.05567	0.701974	0.998652	0.786155	0.317767	0.292467	0.395471	0.369416	0.2561	0.163213	0.299067	0.52678	0.402993	0.452045	0.588146	0.704677	0.701874	0.765478	0.455631	0.660416	1.16479	1.20605	0.62031	0.519247	0.439725	0.504449	0.621367	0.576196	0.12931
ihec.chipseq.ihec-chipseq-containerv1.1.4.IHECRE00001905.1.4d60b2bb-7496-4719-a8ca-5aac334b58d2.fc.signal	0.00871727	0.242117	0.349572	0.0150419	0	0.167207	0.186996	0.197456	1.24156	1.12636	1.36796	2.63292	1.08592	2.43973	3.07334	1.42029	1.36229	0.821969	0.308948	0.289408	1.0059	0.736324	0.391717	0.366178	0.265431	0.679256	0.866928	0.116811	0.36113	0.0598483	0.691184	0.98606	1.04111	1.35269	0.637431	0.509318	0.96729
ihec.chipseq.ihec-chipseq-containerv1.1.4.IHECRE00000248.2.7e7b16e0-32c7-4b3c-8b31-09dd6bb73c23.fc.signal	0.116646	0.148455	0.0503509	0.0788949	0.447536	0.496759	0.42154	1.3685	1.07346	0.848005	2.21613	2.54802	2.51196	2.83701	2.83617	3.82102	3.29658	2.06653	1.80269	1.36129	0.561654	0.400759	0.300967	0.333706	0.419358	0.852906	0.488995	0.220595	0.629164	0.548964	0.637019	0.728219	0.255456	0.439611	0.785724	0.74713	0.470085
ihec.chipseq.ihec-chipseq-containerv1.1.4.IHECRE00004609.2.6c3f44c6-62c9-4da6-9a58-7978db5e3bda.fc.signal	1.1353	0.948685	0.580663	1.01504	0.732704	0.72804	1.24373	0.505076	1.08692	1.05864	0.577498	0.864222	0.986611	1.00797	1.01005	0.728149	0.499309	0.378407	0.0964345	0	0.24291	0.511975	0.612317	0.637776	0.523145	0.793208	0.14701	0.487866	0.643097	1.09983	0.889229	0.765341	0.354335	0.980295	0.732239	1.17352	0.180157
ihec.chipseq.ihec-chipseq-containerv1.1.4.IHECRE00004888.1.02118243-425c-40d1-bfb1-ec1fb9f638e9.fc.signal	1.01327	0.786659	0.596664	1.10691	1.285	1.17854	1.6554	1.63803	1.84008	1.8883	2.83385	4.50423	5.53376	6.59328	3.3638	2.86159	2.29695	2.83654	2.1049	0.909087	0.496392	1.71804	0.934563	1.3396	1.15809	1.30058	0.768586	0.419841	0.250958	0.545675	1.90792	1.33115	1.09277	1.38434	1.54651	1.81461	0.323232
ihec.chipseq.ihec-chipseq-containerv1.1.4.IHECRE00001246.1.0d2e252f-fdf0-4490-be8c-8ad21f923cf2.fc.signal	0.983751	0.40714	0	0.37426	0.663878	0.239597	0	0.0870016	0.348112	1.14911	0.828859	1.47027	2.19362	0.936714	0.616658	1.25259	1.02726	0.881638	0.929392	1.02106	1.58523	1.77158	0.367791	0.425723	0.76545	0.719023	0.437101	0.326341	0.672404	0.462061	0.57536	0.316344	0.842305	0.141608	0.101756	0.27754	0.338346
ihec.chipseq.ihec-chipseq-containerv1.1.4.IHECRE00001326.1.bfc7ca46-4235-475a-89b8-4d46ea8438fb.fc.signal	0	0	0	0	0	0.528343	1.33175	0.957805	1.65571	2.63962	4.30425	3.20071	0.8376	0.905963	0.830774	1.34239	0.791202	0.86705	1.17332	0.639804	0.257646	0.864057	1.64638	0.751674	0.308584	0.383751	0	0.357	0.71795	0.106783	0.455843	1.1806	1.76261	0.137184	0.696137	0.84096	0.367647
ihec.chipseq.ihec-chipseq-containerv1.1.4.IHECRE00000184.3.4719a0c4-8b28-453d-9098-6f0dd0a2bebd.fc.signal	0.323498	0.292515	0.429286	1.10241	0.607649	0.163686	1.07433	1.21538	0.792483	0.344712	1.15694	1.40961	0.563835	0.601527	1.37461	1.22309	1.52704	1.01818	0.660438	0.377527	0.107736	0.136073	0.214561	0.0693789	0.676146	1.001	2.51312	0.717517	0.755364	0.427845	0.400755	0.514683	1.23947	1.16245	0.787842	0.27518	0.0190476
ihec.chipseq.ihec-chipseq-containerv1.1.4.IHECRE00000246.3.ce270c8d-29f4-452f-bda1-9304aa0691fd.fc.signal	0	0	0	0	0	0	0	0	0.0294321	0.201867	0.386625	0.600385	0.538993	0.489739	0.419795	0.426968	0.585157	0.784015	0.754103	0.479021	0.363106	0.871257	0.323312	0	0	0	0	0	0	0.00323467	0.09704	0.144227	0.0853952	0	0	0	0.614545
ihec.chipseq.ihec-chipseq-containerv1.1.4.IHECRE00000718.3.3d668648-a4ff-43ad-ae6f-bcf86ce49985.fc.signal	0.396352	0.00645673	0.449149	0.635884	0.131348	0.541731	0.112974	0.380284	0.526374	0.324271	0.331436	1.57699	0.884631	0.400732	0.853376	1.36519	1.04668	0.834538	0.812634	0.543158	0.0779851	0.504871	0.0615569	1.26983	1.01056	1.47435	1.00218	0	0.417989	0.0573213	1.55924	0.7535	0	0	0.577148	1.04698	0.330769
ihec.chipseq.ihec-chipseq-containerv1.1.4.IHECRE00001852.4.7de26b70-374a-4d7c-b754-070af0779bd1.fc.signal	0.840436	0.718366	0.45349	0.838479	1.18686	1.28696	1.72896	0.592548	0.808599	0.957986	0.216801	0.199466	0.608454	0.701766	0.55951	0.456119	0.519044	0.351338	0.11979	0.025888	0.399487	0.404628	0.125499	0.230832	0.599331	2.3895	1.72728	1.05054	0.732441	0.647384	0.924714	0.931165	1.04167	0.484276	1.25655	1.63096	0.758449
ihec.chipseq.ihec-chipseq-containerv1.1.4.IHECRE00004884.1.e1f8eaf0-5c3e-4eb2-b864-0330dfef44b8.fc.signal	0.0750092	0.139247	0.499773	0	0	0	0.38078	0.199486	0.0823075	0.405314	0.79678	1.696	1.3701	2.09296	2.06455	0.750439	0.153436	1.53147	2.10637	0.717159	1.00096	0.720732	0.438839	0.187699	0.303202	0.245117	0	0.408287	1.23617	0.85238	1.34894	1.24853	1.56897	0.0863717	0.138915	0.75772	0.382584
ihec.chipseq.ihec-chipseq-containerv1.1.4.IHECRE00000234.3.d628a7a7-c77f-436d-8ccd-d018c7458990.fc.signal	0	0	0	0	0	0	0	0	0	0.0930449	0.471915	0.677937	0.492547	0.428959	0.471977	0.337271	0.37258	0.497009	0.569351	0.228926	0.3061	0.75393	0.370212	0.237122	0.629206	0.963878	0.199526	0	0	0.58972	1.80057	1.82268	0.865684	0.319004	0.551937	0.471468	0.752535
ihec.chipseq.ihec-chipseq-containerv1.1.4.IHECRE00000228.3.eab68876-e57f-4e6d-b66b-00c271b4eee3.fc.signal	0	0	0	0	0	0	0	0	0.00624867	0.774675	1.48678	1.38219	1.16208	0.948102	1.3431	1.58553	1.40896	1.83028	1.9381	1.30126	0.4914	2.10243	1.4803	0.322508	2.08184	2.73214	0.346597	0	0.0455086	0.968762	1.71577	1.86499	1.80122	0.332029	0	0	0.422642
ihec.chipseq.ihec-chipseq-containerv1.1.4.IHECRE00000784.3.5a735e4e-02fc-4cf3-8586-bebcb93dde40.fc.signal	0.826054	0.591682	0.293829	0.26145	0.705175	0.999577	0.468084	0.689707	1.28302	1.45274	0.621625	1.61546	3.18422	1.88327	0.795375	0.369982	1.32429	1.80584	1.1447	2.09855	0.486688	0.430221	0.315968	1.53058	0.887779	1.55383	0.744757	0.993864	0.816265	2.27677	0.384692	0.916523	0.782212	0.467975	1.26878	1.84483	0.0505618
ihec.chipseq.ihec-chipseq-containerv1.1.4.IHECRE00000152.3.82c5eb6b-94f5-436e-9a8c-a2c4b0dd0ad2.fc.signal	0	0	0	0.112645	0.0980513	0	0.141487	0.681633	0.645513	0.822452	0.774149	1.10065	0.85643	0.679749	1.13647	1.37684	0.638165	0.212435	0.359638	0.760804	0.142381	0	0	0	0	0	0.0487471	0.241642	0.22675	0.11679	0	0.167512	0.240382	0.260485	0.0877232	0.315175	0.20603
ihec.chipseq.ihec-chipseq-containerv1.1.4.IHECRE00000317.2.8381144f-45e2-4299-81c2-3e194b5e4d4c.fc.signal	0.506274	0.0809309	0.1867	0.804233	0.692668	0.310174	1.15091	1.46431	0.590854	3.57732	3.77448	4.36498	9.22019	7.56399	5.88824	5.12246	4.54395	2.07463	1.93933	1.34003	0.13236	0.949555	0.29781	0.625365	0.443406	1.41285	2.5841	0.559202	1.02181	1.9527	1.72383	0.858056	1.69406	1.91244	1.03547	2.0429	0.271429
ihec.chipseq.ihec-chipseq-containerv1.1.4.IHECRE00000153.3.50797fd4-7103-44b7-91ec-249af3af060d.fc.signal	0.455619	0.735008	0.619451	1.10925	0.665552	0.123192	0	0	0	0.94958	1.66932	0.991007	1.32658	0.5041	1.64668	0.957885	0.785637	1.10995	1.02443	1.03042	1.02444	0.179134	1.08365	1.87996	0.509666	1.5781	1.51961	0.0685869	0.698647	2.24342	1.10952	2.06267	2.60462	0.694397	1.38365	1.41909	0.176271
ihec.chipseq.ihec-chipseq-containerv1.1.4.IHECRE00003687.3.9a4057a4-e12c-4d7b-b060-e24f27faf568.fc.signal	0.57372	0.870502	0.562999	0.0219478	0	0.507926	0.135866	0.463904	0.661403	1.25433	1.25203	1.33092	0.906136	1.62647	1.49048	1.82476	1.90708	2.58006	2.52482	0.59449	0.0194351	0.234145	0.360903	0.624857	0.781658	1.19468	0.387011	1.11997	0.989986	0.452855	0.525231	0.957085	0.638258	0.308556	0.567966	1.35581	0.788136
ihec.chipseq.ihec-chipseq-containerv1.1.4.IHECRE00001888.4.29b3864c-f328-4f09-81c3-fb99bd048848.fc.signal	0	0	0	3.80753	0.39414	0.741098	0.404747	0.716645	2.01	2.65363	2.16906	0.463593	1.5017	0.0210368	0.548512	1.57059	0.222268	0.952276	1.51742	2.35115	0.0082434	0.970981	0.980433	0.580984	2.06203	0.906737	0	1.01058	0.822743	0.841765	1.91565	0	0.692257	0.443629	0.709009	0	0.779904
ihec.chipseq.ihec-chipseq-containerv1.1.4.IHECRE00004608.1.932e0a0c-709e-4631-95af-583a27cb7950.fc.signal	1.04558	0.744246	1.1302	2.29086	1.46394	1.53194	2.40162	2.62656	2.5108	0.680436	0.956271	0.546974	1.05781	1.04711	0.653636	1.17392	1.07337	2.12309	1.17522	1.13567	0.714103	1.50907	1.08848	0.90878	0.484945	1.88324	1.39164	0.891166	2.30206	1.51394	0.64968	0.450026	1.17857	0.849158	1.34775	1.75217	0.594388
ihec.chipseq.ihec-chipseq-containerv1.1.4.IHECRE00003683.3.73c26a8d-02d6-4ea5-b361-6e62367bb307.fc.signal	0.404694	0.452141	0.556252	0.516554	0.350571	0.176813	0.15712	0.299001	0.431857	0.746528	1.23899	1.19379	0.642404	0.432913	0.552429	0.460557	0.426766	0.369259	0.435164	0.544074	0.381892	0.487108	0.282873	0.27511	0.510904	0.57031	0.63657	0.661988	0.564399	0.798272	1.04998	1.07183	0.847205	0.431899	0.346652	0.27642	0.739726
ihec.chipseq.ihec-chipseq-containerv1.1.4.IHECRE00000256.2.eb1f2e0c-6898-42dc-9742-46b0f0468309.fc.signal	0.699651	1.06138	0.281382	0	0	0	0	0.457872	1.93613	3.99406	3.30711	4.36312	5.43959	2.65393	2.60449	2.94378	1.4495	0.557876	0.773254	0.820057	0.212886	0.760661	0	0.009604	0.832767	1.04143	0.0448187	0.0256107	0.44705	0.307325	0.121651	0.470585	0	1.01562	0.98424	0.450185	0.144737
ihec.chipseq.ihec-chipseq-containerv1.1.4.IHECRE00001013.4.bfd631c1-ff33-408e-83f7-24c85f85303b.fc.signal	0.321151	0.271442	0.684994	0.12928	0	0.518669	0.82712	0.132145	0.568032	0.590655	0.583597	1.12756	1.58821	1.10294	1.78944	1.17891	1.05653	1.0699	1.03869	0.332964	0.22253	0.583964	0.13168	0.269602	0.925844	0.76935	0.241036	0.323885	0.23177	0.121444	0.432431	0.67847	0.432593	0.289336	0.0539646	0	0.961039
ihec.chipseq.ihec-chipseq-containerv1.1.4.IHECRE00003843.4.c2fb6923-d2e9-4aa0-b49a-8c647a477130.fc.signal	1.3105	0.619583	0.379003	0.350136	0.690379	1.13632	0.811187	1.25822	1.15012	0.896306	0.277114	0.828966	1.3414	0.7312	0.35854	0.251443	0.844131	0.889496	0.555909	0.455548	0.203761	0.263437	0.499638	0.522739	1.0894	1.04949	0.135244	0.0108545	0.326057	0.582039	1.93701	1.57554	0.666223	1.32969	1.012	0.759707	0.128782
ihec.chipseq.ihec-chipseq-containerv1.1.4.IHECRE00001854.4.36abf718-9256-42a8-9dd6-975bef0637c8.fc.signal	0.866976	1.22355	1.97093	1.1887	0.748752	1.40151	1.85398	2.22773	2.50206	1.60428	1.37594	1.09924	1.34249	1.45476	1.10046	0.585941	0.637276	1.5729	2.49767	1.8938	0.89971	1.06316	0.492284	0.744192	0.892604	2.1011	1.47144	1.36902	0.715138	1.0122	1.59811	0.770126	0.966508	0.910503	0.685282	0.361234	0.411215
ihec.chipseq.ihec-chipseq-containerv1.1.4.IHECRE00001961.2.3b762a00-3a45-430b-9a03-047a2f48270c.fc.signal	0.417417	0.0695501	0.25458	0.345602	0.534121	0	0.259979	0.315482	0.998764	0.589148	1.87642	1.39992	1.70152	1.87984	0.963965	1.2018	1.11471	0.864117	0.644167	0.524651	0.269179	0.691918	0.308991	0.215285	0.5925	0.316111	0.466874	0.158715	0.532671	0.352531	0.838017	0.626686	0.97125	0.388762	0.841855	1.411	0.72381
ihec.chipseq.ihec-chipseq-containerv1.1.4.IHECRE00003692.4.f878ad9b-d6d3-4a62-ad1c-aebee9337a47.fc.signal	0.481597	0.325434	0.30525	0	0.066844	1.11919	0.988908	1.43778	2.30738	1.36499	0.505218	0.209858	0.186901	0.213136	0.401089	0.493722	0.42162	0.723736	0.647209	0.704854	0.913753	0.462259	0.550266	0.462046	0.228561	0.494984	0.47185	0.355684	0.893124	0.524369	0.953575	0.317087	0.492519	0.10511	0.123865	0.0804915	0.676471
ihec.chipseq.ihec-chipseq-containerv1.1.4.IHECRE00000226.3.6bd86a0d-9ca9-4cf3-b822-a5f283f5194f.fc.signal	0	0	0	0	0	0	0	0	0	0.299386	0.610262	0.624505	0.57276	0.569398	0.439169	0.322285	0.559653	0.732889	0.589746	0.286447	0.462747	1.01551	0.674043	0.0866859	0.236848	0.324429	0.0291636	0	0	0	0	0	0	0	0	0	0.803828
ihec.chipseq.ihec-chipseq-containerv1.1.4.IHECRE00003833.4.0eee2def-7060-4652-bac9-21261028455b.fc.signal	0.608274	1.35624	0.825387	0.451345	0.800943	1.10337	1.08566	0.692515	0.269559	0.145523	0	0	0.0493491	0.676748	1.14827	0.982651	1.13804	0.85323	0.833866	1.47943	0.800331	0.892816	0.371664	0.893907	1.69813	1.48098	0.444742	0.615259	0.861139	0.591283	0.393141	0.452547	0.918931	0.544697	0.73655	0.658585	0.623085
ihec.chipseq.ihec-chipseq-containerv1.1.4.IHECRE00001019.4.29b9a930-c799-4888-ba4b-b384862d86c5.fc.signal	0.205908	0.416067	0.134389	0	0	0.305651	0.0461377	0.0977375	1.12369	1.1905	2.10734	1.38864	1.61022	1.52097	1.28045	1.49824	1.12237	1.07753	1.40078	0.580375	0.333519	1.04547	0.507712	0.623461	0.772962	0.77875	0.515008	0.432918	0.700859	0.650153	0.782513	1.31156	1.69302	0.353868	0.884393	1.49617	0.709091
ihec.chipseq.ihec-chipseq-containerv1.1.4.IHECRE00001851.4.1fdea0c8-02c6-49d5-977f-4ec727658eb3.fc.signal	1.95902	1.28677	1.09122	0.598143	0.159735	0.237588	1.04715	0.490762	0.973693	1.20664	0.361967	0.987559	1.1732	0.751777	0.31358	0.105226	0.55995	1.55566	1.26561	1.00799	0.976042	0.566177	0.115068	0.793837	0.595256	0.80397	1.00086	0.768433	0.407264	0.511778	0.883579	0.561664	0.725698	0.691605	1.38853	1.61503	0.379845
ihec.chipseq.ihec-chipseq-containerv1.1.4.IHECRE00004905.1.aa4ec0d5-3aea-4f13-89c0-cd2057b2cb93.fc.signal	0.0176653	0.591789	1.32889	0.0301115	0	0	0	0	0	0	0	0.417298	1.87511	2.56222	2.97926	1.31844	1.69092	1.77369	0.387993	0.44342	0.752563	1.46238	1.99244	0	1.67318	2.91689	1.90967	1.23567	0	0	0.45343	0.718679	0.945648	0.656322	0.422565	0.640371	0.856631
ihec.chipseq.ihec-chipseq-containerv1.1.4.IHECRE00000233.3.d999326f-0bb9-43a3-80f2-21bc2de5bd70.fc.signal	0	0	0	0	0	0	0	0	0	0.154446	0.734785	1.00397	0.813729	0.432593	0.688804	0.885364	1.49731	1.57449	1.0918	0.605142	0.19557	0.50399	0.546562	0.326887	0.311536	0.283716	0.0281631	0	0	0	0	0.177954	0.341191	0.106203	0.160508	0.331074	0.655462
ihec.chipseq.ihec-chipseq-containerv1.1.4.IHECRE00001039.6.92d75341-e28f-4aef-b49f-71fb4ab25e3c.fc.signal	0.274746	0.204958	0.470643	0.261168	0	0.157017	1.0635	1.34352	2.14783	0.72838	1.1853	0.775235	1.16849	3.22122	1.82565	1.02338	1.44369	3.56775	3.00549	0.891271	0.173568	0	0.311788	1.44116	0.677144	0.14746	0.711449	0.818145	0.249187	0	0.118808	1.02578	0.79614	0.929433	0.319965	0.483561	0.522388
ihec.chipseq.ihec-chipseq-containerv1.1.4.IHECRE00000315.2.fd6af78d-f0a5-47ad-b698-d7548dd4cbd0.fc.signal	0.281555	0.990046	0.292882	0.181947	0.201102	0.424512	0.539064	0.493316	0.309543	1.44857	2.10705	0.71189	0.687494	2.62739	2.30306	0.706124	0.412366	1.33563	1.31012	0.122628	0	0.30842	0.593485	0	0.297361	0.228407	0	0.403475	0.728683	0.19444	0	0.15235	1.70931	2.3344	2.08364	1.33699	0.119086
ihec.chipseq.ihec-chipseq-containerv1.1.4.IHECRE00001014.4.ab6bc5c7-ecc1-4ea6-b3f6-c6d3cd30e958.fc.signal	0.365428	0.606621	0.945472	0.0798912	0	0	0	0.470476	0.749918	0.790027	1.48419	0.810542	0.821132	0.589872	0.213998	0.622807	1.14718	0.609625	0.381237	0.0828815	0.210734	0.349618	0.14832	0.26984	0.326125	0.223573	0.111145	0.201706	0	0.292121	0.347833	0.479291	1.13577	0.792373	1.17504	1.53987	0.987261
ihec.chipseq.ihec-chipseq-containerv1.1.4.IHECRE00004602.2.6c8f75ec-1feb-4407-8677-6500a59fcb3e.fc.signal	0.773217	0.474456	0.465877	0.433433	0.926169	1.58677	2.00569	2.43885	1.68788	1.89812	1.39483	0.268416	0.242283	1.44141	1.38612	1.85124	1.64441	1.09764	0.427472	1.46845	1.0915	1.74338	1.22141	0.947453	0.861074	0.934098	1.49002	1.35001	1.43338	1.81078	1.12993	1.79681	1.66132	1.1912	0.89171	1.04676	0
ihec.chipseq.ihec-chipseq-containerv1.1.4.IHECRE00001903.1.03a5399b-8198-4c5d-9733-643e52230ded.fc.signal	0	0.118196	0.201797	0	0.0350622	0.228451	0.906812	0.491082	0.318035	0.754819	1.84342	4.01934	4.50568	1.93063	2.31723	1.85738	1.35541	2.03431	2.20496	1.06916	1.03315	1.25209	0.376691	0.290416	1.13055	0.699903	0.627174	0.116703	0.402956	0.680122	0.513403	0.31383	0.909215	0.595343	0.313768	0.170854	0.919643
ihec.chipseq.ihec-chipseq-containerv1.1.4.IHECRE00001936.1.5334d23f-e014-40d2-bc7a-ac83a243daae.fc.signal	0.467826	0.20362	0.569961	0.80452	0.492467	0.436919	0.180298	0.635911	0.375572	0.696546	2.56084	2.90811	2.356	1.96382	1.84386	1.42042	0.625638	0.707796	0.341198	0.424929	0.607507	0.183573	0.408255	0.450235	0.621531	0.790744	0.672664	0.376212	0.252048	0.415235	0.726846	0.801596	0.647722	0.515269	0.72436	0.545494	0.768116
ihec.chipseq.ihec-chipseq-containerv1.1.4.IHECRE00000346.2.3f8a75a3-19c8-471e-9638-7f0e6cb5f51c.fc.signal	0.554488	0.332826	0.345777	0.394099	0.249626	0.0747961	0.261072	0.0621842	0.223335	0.654674	2.25929	2.63191	2.06977	4.36139	2.81024	1.17531	2.20493	2.79517	2.12834	0.638094	0.981604	0.633982	0.090241	1.10291	1.22177	1.87312	1.15582	0.547118	0.113796	0.00582547	0.307876	0.44399	1.06059	1.32233	0.455562	0.574296	0.305699
ihec.chipseq.ihec-chipseq-containerv1.1.4.IHECRE00001904.1.214d1f33-bcb6-4ac8-b4dd-0158df3742ae.fc.signal	0.336308	0.463902	0.762052	0.211228	0.687989	0.73799	1.08059	0.71251	0.592825	0.539115	0.976591	2.52495	1.7982	2.06899	3.42166	2.20611	1.64524	1.29535	2.01217	1.97234	0.722287	0.867848	0.0109158	0.984972	0.591965	0.768196	0.187854	0.192798	1.21119	0.380897	0.486887	0.494259	0.741701	0.718994	0.893004	1.10658	0.886957
ihec.chipseq.ihec-chipseq-containerv1.1.4.IHECRE00001249.1.737eaf7c-fecd-4782-98c7-03d773219a5f.fc.signal	0	0	0	0	0	0.175724	0.458801	0.516443	0.406821	1.4634	0.978493	2.56827	3.81815	2.29987	2.76977	0.342657	1.5875	0.888545	0.399465	0.0941974	0	0.29135	0.189767	0	0	0	0	0.596218	1.18992	0	0.407005	0.817853	0.968052	0.967873	0	0	0.908257
ihec.chipseq.ihec-chipseq-containerv1.1.4.IHECRE00000265.2.dde8e0b0-f4a8-4081-a6c6-8348a67deacd.fc.signal	0.0263744	0.181751	0.432789	0.496149	0.0492928	0.541957	0.457217	0.284841	0.782598	0.977529	1.49329	1.30134	1.16689	0.99806	2.84238	3.42952	2.82431	2.51717	1.62097	1.06812	0.424694	0.362157	0.220188	0.532731	0.705267	0.593648	0.442507	0.342033	0.248831	0.34091	0.432401	0.421235	1.49736	1.106	0.361596	0.35649	0.341935
ihec.chipseq.ihec-chipseq-containerv1.1.4.IHECRE00003396.1.caf1b051-51fa-44fc-a0cc-329416432529.fc.signal	0.584827	0.325079	0.165372	0.285411	0.159879	0	0	0.447548	1.07039	0.605799	2.31807	0.344157	0.335124	0.811386	1.13699	0.534122	1.51695	1.39226	0.0267465	0	0.212938	0.654891	0.438856	0.383168	0.587208	0.24143	1.70125	1.10344	0.688863	1.96323	1.45706	0.622301	0.691438	0.0543672	0.150582	0.93796	0.337079
ihec.chipseq.ihec-chipseq-containerv1.1.4.IHECRE00003824.4.d400eb88-91a8-4354-8aa0-a7fcbf52ae8a.fc.signal	1.15334	0.908199	1.84889	2.17048	1.59988	1.93037	2.28349	2.09364	2.60274	4.1676	2.57576	1.16734	0.855122	1.0068	2.28376	3.01625	2.65821	2.34456	1.85905	1.9648	1.13834	0.814391	2.25363	2.59125	2.17203	1.69185	2.00297	2.92318	2.3579	0.902285	1.24009	1.08203	0.292983	1.12797	1.41881	1.42959	0.666257
ihec.chipseq.ihec-chipseq-containerv1.1.4.IHECRE00000244.3.139b0f99-dbed-4fbd-849b-3404a3da6f2d.fc.signal	0	0	0	0	0	0	0	0	0.0635075	0.358659	0.699576	1.11627	1.04539	0.872626	0.901547	0.650106	0.577668	0.729929	0.727086	0.61812	0.623428	1.34383	0.947254	0.296828	0.394346	0.745873	0.193155	0	0.019229	0.791943	1.32011	1.35456	1.67225	1.06669	1.32569	1.57259	0.684685
ihec.chipseq.ihec-chipseq-containerv1.1.4.IHECRE00001518.1.2f3a56ee-f43a-4986-9680-2b811deb8a83.fc.signal	0.90694	0.151865	0	0.328887	0.104549	0.29275	0.58029	1.19168	1.53286	0.837213	1.85519	1.81949	2.2585	2.67703	2.1759	1.2778	1.25866	2.03078	2.0324	1.39079	0.10293	0.0411115	0.35743	0.398161	0.512906	0.684398	1.22886	0.361345	0.585422	0.806015	1.18522	0.595294	0.685786	0.424694	1.09746	1.07621	0.484043
ihec.chipseq.ihec-chipseq-containerv1.1.4.IHECRE00000267.2.0d3b50e0-c08f-4e3e-841d-2f2502d81709.fc.signal	0.617669	0.784657	0.346357	0.209779	0.290146	1.67559	0.275735	0.875483	1.46952	2.15972	1.73256	1.83017	2.83693	2.17166	1.52506	2.26907	2.87832	2.86902	1.96023	0.772473	0.713857	0.577644	0.294909	1.02373	0.585922	0.440131	0.140429	0	0.287707	0.451529	0.630507	0.367387	0.477413	0.318618	0.20903	0.363871	0.0930233
ihec.chipseq.ihec-chipseq-containerv1.1.4.IHECRE00000285.2.513a9a4a-322d-46f4-9d5f-0e63d6f0bf38.fc.signal	0.873758	0.071824	0.196911	0.149736	0	0.0832797	0.515246	0.760618	1.31235	3.06426	6.59545	8.79855	7.75206	4.4096	3.6167	3.45796	1.90587	1.13593	0.937661	0.456246	1.08133	1.12484	0.434838	0.561512	1.68571	2.14834	0.645563	0.394667	0.087273	0.524513	1.04206	0.615166	0.379163	0.751534	0.899673	0.340882	0.497436
ihec.chipseq.ihec-chipseq-containerv1.1.4.IHECRE00000279.2.570864b7-29a3-40ea-baac-7976c9f819cb.fc.signal	0.335973	0	0	0	0	0	0.184174	0.489489	1.32524	1.66361	4.68048	10.2005	2.5877	3.48716	3.93814	3.78515	3.18683	3.64289	2.31462	0.950592	0.703016	1.91115	1.05386	0.990942	1.72248	1.97864	0.848311	1.36434	2.97152	3.92123	3.00707	1.78221	2.70702	2.41486	2.73833	2.49977	0.175
ihec.chipseq.ihec-chipseq-containerv1.1.4.IHECRE00000099.3.caea98b3-0220-46f7-b579-baa97f11da22.fc.signal	0.977902	0.283122	0.920784	0.909771	0	0	0	0	0.178907	1.81589	3.32894	1.76517	1.36735	1.02458	1.41044	0.613825	0.706682	1.41105	1.25717	0.41394	0	0.0843821	1.98557	1.24507	0	0	0	0.379134	0.873028	0.0961622	0.261379	0.562438	0	0.875091	0.951905	0	0.100917
ihec.chipseq.ihec-chipseq-containerv1.1.4.IHECRE00001908.1.67529c4a-d5d0-4903-8a4f-92278403d9f7.fc.signal	0.341676	0.493065	0.170154	0	0.036816	0.24518	0.156566	0.140505	0	0.280972	1.34281	3.55045	2.13017	2.4905	3.9753	1.84514	0.927654	1.11109	0.823298	0.607133	0.0833207	0	0.304384	0.590893	0.110335	0.41506	0.497872	1.20027	0.839588	0.860906	0.898801	0.567553	0.0748609	0.775927	0.633348	0.562269	0.756835
ihec.chipseq.ihec-chipseq-containerv1.1.4.IHECRE00004604.3.ac9c59ba-752b-4ad7-b659-fe5b8abc0ae0.fc.signal	2.51456	0.865489	0.754991	1.22709	1.74089	1.00665	2.01046	3.65559	2.07443	4.55643	1.68304	1.32703	1.95917	0.982762	0.980719	2.31881	1.34658	1.3644	0.639977	1.6268	0.7798	1.42221	0.227329	0.905881	1.90202	1.27987	3.02583	2.82633	3.26509	1.22993	1.01504	1.22146	1.31565	1.57216	0.932346	1.72248	0.339477
ihec.chipseq.ihec-chipseq-containerv1.1.4.IHECRE00000221.3.05a353b1-f31c-4062-a970-e6b8e8cfe9a3.fc.signal	0	0	0	0	0	0	0	0	0	0.237736	1.14298	0.990554	0.749435	0.840429	0.704249	0.813315	1.38661	1.11206	0.631068	0.265098	0.762367	1.52039	1.11128	0.197794	0	0	0.12884	0.698679	0.274442	0.642315	1.40436	1.17296	0.572994	0.628223	0.207822	0	0.940476
ihec.chipseq.ihec-chipseq-containerv1.1.4.IHECRE00000230.3.248f1915-9924-44db-a3f5-cd90c9f34342.fc.signal	0.204828	0	0	0	0	0	0	0	0	0.278918	0.696843	0.434939	0.341567	0.625332	1.13392	1.18918	0.920735	0.879184	0.962894	0.546141	0.64026	1.43651	0.762042	0.240345	0.145476	0.421249	0.16431	0	0	0.338526	0.509741	0.759078	0.734352	0.120726	0.322284	0.541602	0.916667
ihec.chipseq.ihec-chipseq-containerv1.1.4.IHECRE00000943.7.8ac062ee-be78-42a9-ad2f-ffd51a54aa32.fc.signal	0.0322495	0.282699	1.14993	0.231166	0.0361925	0.0530853	0.227287	0.291485	0.319972	0.66281	3.2364	3.96513	2.38965	2.54141	2.74965	2.87339	3.75607	5.39154	5.94947	1.03601	0.251606	1.19797	0.441315	0	0.0552421	0.611469	0.0944861	0	0.148363	0.126371	1.35644	1.19086	1.49696	0.217248	0.252559	0.85707	0.423581
ihec.chipseq.ihec-chipseq-containerv1.1.4.IHECRE00001965.2.d0a3ffb9-3082-49ca-b6e4-071c93be50ea.fc.signal	1.06386	0.824245	0.966303	1.2404	1.02921	0.511845	0.959067	1.0527	1.04656	0.906576	1.04679	1.18392	0.595992	0.473721	0.584433	0.971026	0.793527	1.21001	1.68738	1.55176	1.0414	0.362937	0.506191	1.05582	0.712778	0.772698	0.524356	0.699452	0.534969	0.455567	1.08739	1.66192	1.4963	1.68822	1.14928	1.06786	0.394161
ihec.chipseq.ihec-chipseq-containerv1.1.4.IHECRE00004647.3.8b374ea3-2377-4c12-8ea6-3142fba27eca.fc.signal	0.506908	0.258573	0.418788	0.789294	0.66848	0.416485	0.781327	0.881545	0.65658	0.643573	1.07614	1.17657	0.961895	1.14773	1.71841	1.43873	1.08566	1.25705	1.2568	1.01892	0.583137	0.484195	0.709727	0.860829	0.607785	0.643109	0.666946	0.873435	0.795641	0.474611	0.532073	0.702387	0.870854	0.304679	0.555194	0.854098	0.554839
ihec.chipseq.ihec-chipseq-containerv1.1.4.IHECRE00001966.2.b1abd689-f97d-4cbd-88da-9a4dcf233100.fc.signal	0.125457	0.326789	0.257058	0.183387	0.868706	1.12883	1.47057	1.10705	1.57138	1.16488	2.78731	2.06855	2.28521	1.66467	1.67397	2.13228	3.01896	2.76955	1.58415	0.62447	0.698527	1.33562	0.51893	0.633367	0.689591	0.361497	0.238355	0.423756	0.719844	0.946631	0.733279	0.508664	1.16114	1.51824	1.09535	0.54956	0.686275
ihec.chipseq.ihec-chipseq-containerv1.1.4.IHECRE00000053.3.c68590a6-9876-4cd2-855d-2656b11afb6b.fc.signal	0.59146	0.511145	0.430354	0.161706	0.257503	0.306153	0.581078	0.729514	2.24492	2.15095	1.9406	2.2538	1.2528	2.14649	4.00975	2.73118	2.70582	2.16833	2.19553	2.59665	1.48668	0.768493	1.12985	1.22306	1.01738	0.784302	0.974856	1.22895	1.09789	0.44959	1.01386	1.08804	2.50259	1.7201	1.25724	0.443542	0.310976
ihec.chipseq.ihec-chipseq-containerv1.1.4.IHECRE00000310.2.29f6d38a-825f-4ad8-976d-157ac6be37a9.fc.signal	1.18754	0.0157336	0.231769	0.439915	0.288167	1.71562	0.0032776	0	0	0.378764	1.52253	0.721672	2.37209	1.10192	0.250109	0.665696	1.11907	1.59199	0.973127	0.196184	0.464532	0.956705	0	0	0.577503	0.12232	0	0	0.679301	1.91576	0.558808	0.443394	0.561739	0.152237	0.459371	0	0.402778
ihec.chipseq.ihec-chipseq-containerv1.1.4.IHECRE00004635.3.ad2e7f02-8a5b-4f8f-8fa0-495c5d602f92.fc.signal	0.64951	0.702576	1.03705	0.79304	0.932155	1.07571	1.11189	0.794185	1.17322	1.042	0.579444	1.13103	0.670449	0.832883	0.604222	0.424736	0.710462	1.13424	1.36245	1.351	0.622745	0.156544	0.183774	1.16907	1.17471	0.702374	0.669197	0.745614	1.01677	0.702853	0.615913	0.93578	1.00441	0.417004	0.429085	0.722503	0.770642
ihec.chipseq.ihec-chipseq-containerv1.1.4.IHECRE00003693.3.00bffcc7-6bdd-4dff-a3af-f0bc3467ff95.fc.signal	0.417931	0.342291	0.491587	0.466375	0.41334	0.945436	0.954374	1.67888	1.2733	1.00068	1.01086	0.373709	0.677954	0.68865	0.214737	0.0920118	0.151195	0.308047	0.551869	0.557058	0.267265	0.362052	0.410628	0.415875	0.197076	0.252573	0.418692	0.482306	0.434463	0.687424	0.748678	0.329308	0.355529	0.117587	0.0982288	0.11587	0.302013
ihec.chipseq.ihec-chipseq-containerv1.1.4.IHECRE00000332.2.c9c514ac-1a99-4191-b0b0-7e14f38ebc7a.fc.signal	0.189653	0.169547	0.0324833	0	0.154718	0.138084	0.104246	0.142871	0.14332	0.423583	1.03116	1.1708	0.872673	0.601796	1.68936	1.87822	1.67117	1.65845	1.47442	0.608382	0.290086	0.542298	0.030572	0.0357353	0.201417	0.351847	0.232871	0.0322103	0.0993779	0.157008	0.215567	0.434136	0.408916	0.192827	0.647632	0.58463	0.335664
ihec.chipseq.ihec-chipseq-containerv1.1.4.IHECRE00001907.1.9f5e6354-a818-4c74-a982-f5d683781afe.fc.signal	0.34246	0.252804	0.184352	0.271933	0.479498	0.301453	0.59459	1.06195	1.11194	0.573003	0.734474	1.18876	1.11967	1.13784	1.93299	1.64793	1.13224	2.0576	1.82451	0.755332	0.388404	0.998176	0.530353	0.616006	0.985762	1.05197	0.80123	0.368421	0.236574	0.968341	1.17672	0.437485	0.325223	0.541871	0.71143	0.721683	0.81068
ihec.chipseq.ihec-chipseq-containerv1.1.4.IHECRE00000949.6.eabfbabf-0398-4a54-beef-06d14e082ca4.fc.signal	0	0.186944	0.29788	0.156013	0.213009	0	0	0	0	0.131194	4.32689	6.22718	3.12054	3.62357	4.67167	5.56886	4.64244	3.85234	1.77811	1.06489	0.432231	1.43207	1.37337	0.104962	0.585118	1.03905	0.353552	0.0524844	0	0.110486	1.61699	1.49211	0.740313	0.308821	0.159891	0.30383	0.280303
ihec.chipseq.ihec-chipseq-containerv1.1.4.IHECRE00001447.1.2d82798a-f83d-476e-85d2-c494f324979a.fc.signal	0.171025	0	0	0	0.0457453	0.238879	0.015778	0	0.128052	0.50704	0.997295	0.665976	0.677521	1.41032	1.64525	1.72666	0.450134	0.625402	0.55359	0.148786	0.309254	0.410909	0.51516	0.339778	0.467457	0.517483	0.259682	0.171571	0.268569	0.121912	0.772037	0.338041	0.277676	0.378103	0.74919	1.71013	0.264706
ihec.chipseq.ihec-chipseq-containerv1.1.4.IHECRE00001892.4.f92b9e80-4bf7-4519-837e-1a5c78d2d2b2.fc.signal	0.612467	0	0	0	0	0	0	0	0.36923	0.604917	3.20413	2.36699	1.08741	1.68144	1.96719	1.33476	1.6346	6.7012	5.32712	2.06904	0.744415	1.14541	0.638225	0.471303	1.16014	1.90728	0.514493	0.787462	1.01883	1.36818	0.348313	0.650034	0.300113	0	2.35554	2.98878	0.311927
ihec.chipseq.ihec-chipseq-containerv1.1.4.IHECRE00004616.1.5fc2101e-b79e-4aed-9fe2-994fb8efbe2d.fc.signal	0.403166	0.553445	0.719974	0.829245	0.545375	0.706819	0.763459	0.708985	0.735332	1.47428	0.91929	0.641348	0.61416	0.723711	0.956362	0.918597	0.318854	0.255557	0.501816	0.690374	0.630235	0.850659	0.876894	0.947606	1.17017	1.57652	0.556843	0.473998	0.458277	0.621092	0.780702	0.319286	0.267321	0.422067	0.198335	0.423466	0.283554
ihec.chipseq.ihec-chipseq-containerv1.1.4.IHECRE00000309.2.693ad392-d054-4c78-9766-792a524f6764.fc.signal	0.287516	0.445524	0.0617567	0.188261	0.180854	0.218032	0.111001	0.559328	0.733325	1.2474	2.01167	1.29397	0.655337	1.64735	1.65636	3.3936	1.99747	2.01991	1.75059	1.34356	1.36807	2.04685	1.79502	1.76584	1.04716	0.894773	0.840445	1.36815	1.04506	0.179051	0.539412	0.374879	0.727174	0.866468	0	0	0.418269
ihec.chipseq.ihec-chipseq-containerv1.1.4.IHECRE00000964.7.31304b6b-0e3c-47a2-858e-e0febf9013fe.fc.signal	0	0	0	0	0	0	0	0	0.409195	0.139835	0.998745	1.27223	0.795539	1.09293	0.981081	1.18665	0.635364	0.372424	0.440387	1.06044	0	0	0	0	1.36601	1.36768	0.0486495	0.260743	1.06209	0.443568	1.56353	0.729372	0.207979	0.229149	2.86868	4.43597	0.552
ihec.chipseq.ihec-chipseq-containerv1.1.4.IHECRE00000866.3.8ab33063-999a-4988-84dd-a334b327781d.fc.signal	0.46168	0.365375	0.728313	1.05445	0.787815	1.51343	1.41354	1.06816	1.20603	0.345514	0.978796	1.59339	0.972041	0.703329	0.906362	0.673104	1.3819	1.10353	1.13562	2.13781	1.49823	2.3122	0.708875	1.1294	0.666491	1.18924	1.13667	0.551695	0.618832	0.729845	1.06969	0.62565	0.893218	0.847283	0.608148	1.11612	0.407407
ihec.chipseq.ihec-chipseq-containerv1.1.4.IHECRE00000683.3.73cca5f1-3898-4daf-996d-381eabe2e655.fc.signal	1.09614	0.86376	1.04285	0.364541	0.529531	1.14434	0.545511	0.463736	1.26213	0.910257	1.44404	2.04032	2.48373	2.58306	2.16545	2.32448	3.0246	2.91173	1.84136	0.714801	1.01656	1.22819	1.43396	1.47988	2.21308	1.87213	1.0132	1.80696	1.23824	1.43504	0.52926	0.578664	1.02799	1.1947	0.962713	0.776384	0.458065
ihec.chipseq.ihec-chipseq-containerv1.1.4.IHECRE00000301.2.7a4d4e19-6cf8-495a-862e-2c607fbd601e.fc.signal	0	0.377737	0.508114	0	0.0359273	1.05734	2.27896	1.63224	0.428528	1.2524	2.72723	2.56252	3.8823	4.12306	4.25435	2.50991	3.76036	5.46636	4.56174	1.05682	1.40318	2.4124	2.08905	0.655562	1.16001	0.53651	0	0	0	0	0.446548	2.46886	2.95646	1.40203	0.622551	0.64796	0.461905
ihec.chipseq.ihec-chipseq-containerv1.1.4.IHECRE00004618.1.209b7d40-2aaf-4f0d-9a2f-e178d8a84b13.fc.signal	0.769106	0.579852	1.41848	1.22077	1.64287	1.68884	1.195	0.644649	0.63102	0.767549	1.1814	0.912355	1.70494	1.02276	1.27644	2.12835	1.86149	2.57453	2.0699	2.60343	0.995727	0.873827	0.956489	0.707757	1.45994	1.08469	0.267776	0.751419	1.62328	1.46391	0.957639	0.955212	1.13282	0.588715	1.02763	1.42155	0.421162
ihec.chipseq.ihec-chipseq-containerv1.1.4.IHECRE00003806.1.ca0477cb-21d8-4e11-a363-fca55b28eb49.fc.signal	0.183607	0.292647	0.162484	0.155073	0.421377	0.289073	0.401521	0.291414	0.36174	0.8746	2.11087	2.76759	2.84011	2.39141	1.70838	1.28098	1.71798	1.95728	1.29279	0.528225	0.0615287	0.473836	0.387423	0.620124	0.539892	0.844758	0.781381	0.963773	0.483017	0.678719	0.804071	1.03614	0.800951	0.522978	0.359128	0.34831	0
ihec.chipseq.ihec-chipseq-containerv1.1.4.IHECRE00001955.3.f92185be-1c43-4aca-8ad8-6624fd4fe491.fc.signal	0.138254	0.00387753	0.0186341	0.175211	0.170249	0.501965	0.252495	0.464565	0.624674	0.398583	0.345887	0.408519	0.909815	1.66856	0.893622	0.475259	0.455755	0.743819	0.918555	0.799089	0.62164	0.826438	0.553212	0.733497	0.215215	0.812197	0.833875	0.598882	0.902386	0.66397	0.583677	0.60517	0.486937	0.795428	0.661606	0.578545	0.194805
ihec.chipseq.ihec-chipseq-containerv1.1.4.IHECRE00003830.4.d292671f-acdf-4c3d-a0bd-85566c15af43.fc.signal	0.70041	0.985975	0.923983	0.505597	0.312674	0.823453	1.25145	1.71129	1.87199	1.5439	0.703937	0.342721	0.254398	0.225033	0.291335	0.614515	0.544373	0.377124	0.209209	0.563439	0.859912	0.638737	0.0302269	0.111091	0.58518	0.920096	0.155867	0	0.301012	0.64122	0.415832	0	0.0751333	0.153588	0.518137	1.22719	0.498246
ihec.chipseq.ihec-chipseq-containerv1.1.4.IHECRE00000232.3.deeb1740-ff27-48b5-993b-e759c8aa7550.fc.signal	0	0	0	0	0	0.0229068	0.335493	0.298878	0.00127187	0.260778	0.69996	0.591374	0.331679	0.370054	0.294156	0.454705	0.46397	0.283542	0.382255	0.304575	0.261564	0.961017	0.441017	0.0239631	0	0	0	0	0	0	0	0	0	0	0	0	0.461749
ihec.chipseq.ihec-chipseq-containerv1.1.4.IHECRE00000247.3.d48138c2-a252-44ae-9d3c-40d754a464fb.fc.signal	0	0.0487936	0.230538	0.144814	0	0	0	0	0.106004	0.531276	0.963806	1.15653	0.79328	0.574263	0.801158	0.483933	0.386316	0.399345	0.336212	0.255806	0.316135	0.872164	1.19286	0.445542	0.007565	0	0.0680884	0.203181	0.0747546	0.229386	0.614879	0.68308	0.585353	0.121544	0	0	0.127273
ihec.chipseq.ihec-chipseq-containerv1.1.4.IHECRE00000001.4.8f91a2fb-7003-480a-b893-926d784b78c7.fc.signal	0.338045	0.42107	0.122556	0	0.0201301	0.283845	0.316588	0.14929	0.705844	1.29231	1.05068	0.683124	0.603271	0.502797	0.265034	0.37456	0.819449	0.967557	0.704786	0.630958	0.272717	0.444652	0.232012	0.306065	1.68619	2.1353	0.249072	0.427716	1.02249	0.811985	0.0770549	0.947524	2.11928	1.68547	0.96498	1.1336	0.493878
ihec.chipseq.ihec-chipseq-containerv1.1.4.IHECRE00000864.3.807b95cf-3868-4ccf-8959-450b4ce9bd14.fc.signal	0.89414	0.770874	0.266198	0.357345	1.0358	1.11847	0.260697	0.657634	1.57281	0.679255	1.31435	0.527789	1.68405	2.32865	1.54949	2.66307	1.48061	0.93415	2.63623	1.90962	0.859159	0.314769	0.124909	1.18047	1.50124	1.5971	1.22509	1.67883	2.8543	1.86425	2.06189	0.47377	1.73508	1.25695	0.0703533	1.11794	0
ihec.chipseq.ihec-chipseq-containerv1.1.4.IHECRE00001006.4.732d1f82-feba-4a67-aa61-d02368a35bbb.fc.signal	0.400269	0.206131	0	0	0	0.320197	0.074947	0	0.1955	1.07142	0.37932	0.891224	0.560386	0.496154	1.11387	0.866157	1.72368	1.94222	0.986858	0.488217	0.473872	0.975398	0.443943	0.56356	0.617546	0.210886	0.359006	0.457304	1.25901	0.600532	0.75096	0.903032	1.32735	0.870015	0.568262	0.643518	0.969828
ihec.chipseq.ihec-chipseq-containerv1.1.4.IHECRE00000270.2.a5df10b9-ca14-4e65-b2a1-c605818b459b.fc.signal	0.380222	0.240788	0.266088	0.53544	0.606009	0.503161	0.737415	0.725177	0.418407	0	0.80854	2.69984	1.07077	0	0.532115	0.829338	0.491122	2.08917	4.64386	3.82339	0.606623	1.65216	0.418524	0.507404	0.553864	1.62137	4.32791	1.4376	1.11713	1.27504	0	0	0	0	0.0487233	1.03102	0.0588235
ihec.chipseq.ihec-chipseq-containerv1.1.4.IHECRE00004606.2.5d173747-d877-4237-a9b2-01437c36f68b.fc.signal	0.561922	0.986249	0.15869	0.073398	0.252099	0.680752	0.535888	0.286276	1.17069	1.00394	1.07663	1.23792	1.2593	0.765526	1.46361	1.20232	0.581068	0.52095	0.332855	0.427346	0.788502	1.39733	0.35555	0.596434	1.49517	1.41235	0.805424	0.392807	0.765768	0.210147	0.54965	0.787123	1.637	0.812241	0.549852	0.877653	0.358261
ihec.chipseq.ihec-chipseq-containerv1.1.4.IHECRE00001887.4.8d92c560-11be-4c39-83b5-4989c5ac9c68.fc.signal	0	0.218304	0.128637	0.242177	0.342923	0.257351	0.722459	0.555577	1.74936	1.98258	0.283206	0.419137	1.85554	1.70514	0.348187	1.17296	1.33887	1.73888	0.926572	0.544053	0.660708	0.238947	0.590855	0.457573	0.651249	0.450386	0.0722233	0	0.864087	2.0506	1.30954	0.485496	1.04475	0.00929387	0.563958	1.88416	0.131579
ihec.chipseq.ihec-chipseq-containerv1.1.4.IHECRE00000109.3.dccfcc68-924e-49b1-92e4-cb32ee0b138a.fc.signal	2.14205	1.82515	0	0	0	0.0312018	1.08075	0.838729	0.481683	0.963707	2.68595	4.94444	5.78292	5.3818	5.03917	3.48478	5.69936	6.26762	3.69006	4.2787	1.46665	0.585032	1.57945	1.33291	1.63718	0.975574	0.284158	0.459661	0.948511	0.151576	0.597693	0.256546	0.600464	0.509245	0.538293	0.574041	0.198113
ihec.chipseq.ihec-chipseq-containerv1.1.4.IHECRE00004615.1.cf454773-02e8-4ae6-8d9d-05793e9b3346.fc.signal	0.864915	0.945394	1.3488	1.11612	0.60478	1.84054	1.94967	1.37462	1.54788	1.59443	0.718172	0.150515	0.0418752	0.545917	1.63272	1.3156	0.510555	1.04908	2.62386	2.38124	0.670962	1.35096	1.2303	0.736103	0.958223	0.96709	2.03426	0.980587	1.54852	1.59349	1.96156	1.76975	2.89432	1.2606	1.89679	2.69993	0.534107
ihec.chipseq.ihec-chipseq-containerv1.1.4.IHECRE00004605.1.9bf3f7d0-484d-45f8-8d1f-2e9e5a1c459e.fc.signal	0.546588	0.760715	1.30926	1.09926	1.22722	0.612453	0.152667	0.325794	0.346058	0.327675	0.431291	0.531623	0.993139	0.544046	0.6012	1.08016	0.881366	1.15016	1.25056	1.74247	0.957884	0.940362	0.887248	0.294944	0.401518	1.04461	1.85462	1.22962	0.74708	1.70482	1.07554	0.375099	0.861447	0.53736	0.448075	0.58492	0.348624
ihec.chipseq.ihec-chipseq-containerv1.1.4.IHECRE00000070.3.347d3afa-c2ed-4926-b64e-b55024096a09.fc.signal	0	0	0.632142	0.784193	1.13373	0.68713	0.114372	0.847804	0.856003	1.33339	1.89308	0.0219488	0.0329232	1.04702	0.909973	1.9699	1.64067	2.44571	1.17289	0.230462	0.460925	1.58031	0.0438976	0	0.212944	0.559637	0.354133	0.536832	0.521241	0.802329	3.24096	2.47472	1.74492	1.02062	3.29231	3.29231	0.475285
ihec.chipseq.ihec-chipseq-containerv1.1.4.IHECRE00001011.4.8f80b5ae-2ed4-49bd-9661-ee91c91c6668.fc.signal	0.0225402	0	0	0	0	0	0.353594	0.272399	0.713037	1.31917	1.15086	0.720566	0.615397	0.697599	0.970561	0.93181	0.459127	0.511938	0.626706	0.228432	0.194804	0.130311	0.140703	0.279532	0.569925	0.767142	0.212864	0.041488	0.306887	0.579149	1.07028	0.619579	0.717915	0.916755	0.884371	0.641419	0.873171
ihec.chipseq.ihec-chipseq-containerv1.1.4.IHECRE00003715.2.d19dd174-314a-4acb-be96-200f2ac615ac.fc.signal	0.256973	0.277893	0.340865	0.457383	0.0528663	0.199796	0.513858	0.416358	0.62508	1.28036	1.85814	2.24208	2.21092	3.76322	4.3247	3.56819	2.36542	1.59314	1.70142	1.36314	1.00065	1.46245	0.951498	0.851633	0.364079	0.817483	1.0913	0.593608	0.422101	0.508217	0.615531	0.575705	1.3406	1.35031	0.739305	0.549891	0.456
ihec.chipseq.ihec-chipseq-containerv1.1.4.IHECRE00000987.6.29b8d050-beec-45b5-afda-a75534d88bfc.fc.signal	0.854027	0.29189	0.227989	0.369245	0.386395	0.724382	0	0.489792	1.26089	1.10174	3.14871	2.51655	2.49394	1.24867	3.31437	2.29327	1.97617	1.59855	0.734473	0.7947	0.386851	0.255707	0.827653	0.334809	0.916703	0.397269	0.645398	0.286518	0.14302	0.325116	1.19364	0.71412	2.1194	1.2883	0.827505	1.81877	0.275026
ihec.chipseq.ihec-chipseq-containerv1.1.4.IHECRE00000014.2.9f2879ba-e9f8-4912-a9bf-d228f4198556.fc.signal	0.232564	0.337374	0.125992	0.185574	0.163102	0.269145	0.0263011	0.38222	0.172139	0.608202	2.24018	3.9784	2.75885	1.21786	3.16938	1.48001	0.856771	0.926752	2.21673	2.79018	1.81874	3.14538	2.4717	1.06009	0.260158	0.839875	0.636793	0.559484	0.412975	0.0594011	0.154558	0.303174	0.378381	1.13349	1.35179	1.40442	0.198777
ihec.chipseq.ihec-chipseq-containerv1.1.4.IHECRE00001005.4.95f53ebc-36d6-4d56-97fe-845639d80b60.fc.signal	0.320889	0.00124593	0	0	0	0.222756	0.238042	0.145734	0.52468	0.458296	0.906055	1.05454	0.767871	1.35033	0.927064	0.967912	1.30588	1.73431	1.22213	0.794037	0.408948	0.829059	0.198249	0.567975	0.748054	0.525712	0.375299	0.60132	0.693275	1.20679	0.687238	0.494434	0.679953	0.9861	1.20026	1.76483	0.843648
ihec.chipseq.ihec-chipseq-containerv1.1.4.IHECRE00000227.3.3c5cc6dc-a3c4-4ffa-bcf6-9a6cbcb9395f.fc.signal	0.0138391	0	0	0	0	0	0	0	0.0007012	0.189636	0.844371	0.78937	0.427244	0.565077	0.619497	0.416075	0.450519	0.752591	0.69941	0.558492	0.243689	0.167019	0.203832	0.278274	0.303997	0.48206	0.242617	0.220659	0.345219	0.0554009	0.0311513	0.585823	0.903281	0.204866	0.241001	0.360314	0.792
ihec.chipseq.ihec-chipseq-containerv1.1.4.IHECRE00003847.4.6b7b5a08-0745-4f51-b02b-128b90e0a540.fc.signal	1.01627	0.674483	1.69846	3.64248	1.6742	1.47128	3.92614	5.50811	5.08842	3.95266	2.20922	2.24152	2.98069	3.90465	3.58339	2.84574	3.18704	4.16828	4.40828	3.28505	2.33764	0.666106	0.635356	1.05912	1.72162	2.14278	2.06194	2.78	2.028	2.44607	1.62986	0.842259	1.6033	1.39664	1.89128	2.3864	0.528505
ihec.chipseq.ihec-chipseq-containerv1.1.4.IHECRE00003846.4.ae11d2f2-b315-4883-b4de-1c58d8435b6e.fc.signal	0.387905	0.359092	1.00944	1.06421	0.504739	3.06312	1.72446	3.68675	2.3589	4.00755	1.53142	1.69937	5.04961	2.90291	2.41755	2.01703	1.48701	2.11416	1.69675	1.70617	0.859213	0.553433	1.89541	1.2617	0.951018	0.455345	0.92684	1.58914	0.819976	0.879231	2.86353	2.01708	2.40762	1.2719	1.65081	2.42564	0.404282
ihec.chipseq.ihec-chipseq-containerv1.1.4.IHECRE00000239.3.8ce1f18a-d03e-4c19-95a1-c9c301ff06b5.fc.signal	0	0	0	0	0	0	0	0	0	0.116597	0.362708	0.555513	0.668115	0.544015	0.43247	0.4429	0.38996	0.639643	0.94806	0.656681	0.105078	0.113738	0.314984	0.199849	0.0030764	0	0	0	0	0	0.011814	0.271722	0.294276	0.256686	0.318594	0.163982	0.5
ihec.chipseq.ihec-chipseq-containerv1.1.4.IHECRE00003825.5.3a6727af-55d3-46f1-8dd6-a5257de4af2e.fc.signal	1.06857	2.05034	1.67811	1.94422	1.71272	1.96887	2.43779	1.83874	1.6512	1.56087	1.36434	1.25881	1.69977	1.2454	1.80956	1.4849	0.691714	0.705059	0.472233	0.710652	0.347262	0.570172	0.685918	1.18108	2.23466	1.45011	1.32256	1.32255	0.942109	0.997577	0.9702	0.929984	0.897751	0.323219	0.581387	0.76666	0.667622
ihec.chipseq.ihec-chipseq-containerv1.1.4.IHECRE00001007.4.0c298cd2-cf14-4428-9865-01a844349556.fc.signal	0.167518	0.414661	0.857336	0.217337	0.109584	0.317608	0.488397	1.09135	0.541785	0.849631	0.906372	1.29096	1.50378	2.00798	1.42043	0.630747	0.681006	0.745751	0.964591	0.48673	0.209401	0.303081	0.166422	0.66002	1.14462	0.872043	0.273296	0.639263	0.601766	0.490743	0.737077	1.19737	1.3872	0.479882	0.858179	2.09653	0.933673
ihec.chipseq.ihec-chipseq-containerv1.1.4.IHECRE00003826.4.f503b9d8-64c9-4c5c-b95d-a4926bc8e587.fc.signal	0	0	0	0	0	0	0	0.135912	0.350888	0.857638	10.6365	7.24408	1.86367	9.25823	11.4819	7.57051	20.0111	29.5623	7.93577	3.13053	0.059562	2.0594	0.14265	0.238581	0	0	0	0	0	0	0	0	0	0	0	0	0.431665
ihec.chipseq.ihec-chipseq-containerv1.1.4.IHECRE00001016.4.a39e5205-5c09-4c97-9b2d-d4bf8542f324.fc.signal	0.0688141	0.571407	0.412442	0.41813	0.197676	0	0	0.612306	0.671544	0.254008	1.18257	2.1373	1.74496	1.17921	1.64453	1.54909	1.92601	1.87392	1.46612	0.759756	0.53976	0.514527	0	0.0122061	0.287415	0.700828	0.655024	0.579522	0.346538	0.512389	0.749191	0.672219	0.346669	0.85291	0.812049	0.47483	0.983824
ihec.chipseq.ihec-chipseq-containerv1.1.4.IHECRE00001548.1.1063dcb8-ca8d-4076-8364-56a3871d88c2.fc.signal	0.427186	0.380714	0.250381	0.247406	0.1229	0.0907305	0	0.0020184	1.27353	1.62074	0.413634	1.15115	1.58521	0.559307	1.11475	0.791173	1.09378	0.0643643	0.09011	0.462938	0.42851	0.172097	0.425503	0.336087	0.895227	0.119914	0.242208	0.795357	0.0317898	0.0783832	1.25685	1.31167	0.741928	0.224751	0.331807	0	0.25
ihec.chipseq.ihec-chipseq-containerv1.1.4.IHECRE00000316.2.b4d4bcf0-a916-4308-9d7a-be69b7080f7f.fc.signal	0.51795	0.0805467	0.695916	0.502792	0	0.141846	0.597945	1.37284	0.485225	0.578562	1.44248	2.36579	1.26943	2.3376	3.14251	0.928379	0.380436	1.22668	1.7876	2.74133	0.614132	0.23914	0.592699	2.2917	1.02994	1.05898	0.354562	0	0.240079	0.409083	0.448172	0.0391312	0	0.984755	0.784615	0	0.475177
ihec.chipseq.ihec-chipseq-containerv1.1.4.IHECRE00000051.3.9f1c6bb3-2810-4634-8a37-bbfe71cc01fc.fc.signal	0.332716	1.21784	0.0251552	0	0.673427	0.664492	0.78966	0.107808	0.893012	0.705193	0.869815	0.229887	0	0	0.509219	0.594905	0.126975	0.239741	0.230211	0	0	0	0	0	0.313699	2.18449	0.954446	0.333375	0.61649	0.0107808	1.39155	1.57709	1.96418	0	0	0	0.291391
ihec.chipseq.ihec-chipseq-containerv1.1.4.IHECRE00003401.1.ab8d152a-fa3d-4bf9-9cab-93176cf303af.fc.signal	1.47517	0.628698	0.021172	0.351331	0.542075	0.77973	0.538353	1.0879	2.225	2.27785	1.40166	0.882749	2.02612	2.03481	1.9659	0.89259	1.82918	0.529713	1.23892	0.679555	0.683657	0.0763876	0.281342	0.446099	0.161952	1.08011	0.420084	0.414466	1.11609	1.11732	0.809473	0.264831	0.467437	0	0.114184	0.5293	0.057971
ihec.chipseq.ihec-chipseq-containerv1.1.4.IHECRE00004900.1.21a553ba-0627-43d2-9045-d7e885ce5199.fc.signal	1.45314	0.483652	0.754655	0.40711	0.221442	0.316904	0.0316345	1.07259	0.941039	0.331406	0.4505	1.03565	0.336294	0.699385	1.72012	1.33228	1.39458	0.975695	0.396401	0.129513	0.492773	0.491592	0.840743	0.460071	0.923058	1.07916	0.722298	1.50465	0.858138	0.299393	0.722557	0.863597	1.1206	2.26503	1.83376	1.54819	0.303936
ihec.chipseq.ihec-chipseq-containerv1.1.4.IHECRE00003803.1.cbcfbcdb-4d41-42fe-a44e-156c7af5f576.fc.signal	0.188558	1.91287	1.0561	0.660454	0.761326	0.321242	0	0	0.129297	0.624232	2.22913	4.06572	2.50045	1.49129	1.17046	0.204445	2.02962	2.93489	2.27879	1.17819	0.779454	0.689616	0.785287	0.958918	0.92886	0.42706	0.138542	0	0	0	0.528983	1.45831	0.568198	0.368568	1.97565	3.04401	0.146497
ihec.chipseq.ihec-chipseq-containerv1.1.4.IHECRE00003818.1.f4551532-527f-469b-8771-a060adbc4ccb.fc.signal	0	0	0.244066	0.0559165	0.203233	0.017476	0.0592998	0.180552	0.0064888	1.00075	1.25248	1.25143	0.826986	1.84038	4.12161	0.943972	0.902257	1.30999	2.12948	1.30445	1.67759	1.89559	1.52931	0.987221	0.457021	0.51596	0.258237	0.801292	0.839853	1.58508	2.09494	0.72104	1.71162	1.2864	1.56672	1.63103	0.132275
ihec.chipseq.ihec-chipseq-containerv1.1.4.IHECRE00001526.1.550205ac-8a7f-4b71-8ea4-36643fa7f2d7.fc.signal	0	0	0.0628208	0.30401	0.0760144	0.134599	0.671779	0.271765	0.310899	0.383383	1.66755	1.89468	1.73936	1.70569	1.06375	0.542847	0.980856	1.11484	0.643932	0.614125	0.109368	0.21691	0.0173749	0.239999	0.108464	0.247939	0.239739	0	0.153226	0.196305	0.131548	0.0909458	0	0.654099	1.40909	1.1129	0.193798
ihec.chipseq.ihec-chipseq-containerv1.1.4.IHECRE00000992.7.674a18bf-8b42-412f-a2ea-cabb31234aa2.fc.signal	0.236509	0.339088	0.406947	0.0891811	0	0	0.00316353	0.277746	0.322888	0.877862	0.588317	0.94377	1.06011	0.936786	0.823421	0.961624	0.490202	0.927252	0.465572	0.450836	0.377974	0.646774	0.569506	0.740225	0.8825	0.771842	0.363653	0.299968	0.963503	0.74755	1.47113	0.792448	0.639945	0.534297	0.926298	2.07097	0.861905
ihec.chipseq.ihec-chipseq-containerv1.1.4.IHECRE00003821.3.51d4846d-06bc-4866-a76b-054529993101.fc.signal	0.794134	0.578776	0.287922	1.48266	0.500988	0.550308	0.48411	1.05284	1.72466	1.05188	0.690182	0.863293	1.1566	0.450491	0.314344	0.306265	0.557402	0.914151	0.876149	0.661363	0.734527	0.544303	0.275889	1.25339	0.362031	0.439972	1.02706	0.870458	1.24495	1.43731	0.75533	0.418506	0.443439	0.205548	0.485371	0.29874	0.493197
ihec.chipseq.ihec-chipseq-containerv1.1.4.IHECRE00001233.5.fc2e2a67-89eb-4b79-90d9-0a29fc9855be.fc.signal	0.170964	0.238597	0.730775	0.0231168	0	0.273067	0.391573	0.321558	0.752113	0.710132	0.977984	0.744362	0.617075	1.24379	0.905947	1.13849	0.94995	0.838087	0.796671	0.410554	0.415712	0.953023	0.277661	0.107371	0.34479	0.402252	0.328706	0.169566	0.483095	0.554193	0.300097	0.503595	1.34074	0.293649	0.977738	0.945863	0.789474
ihec.chipseq.ihec-chipseq-containerv1.1.4.IHECRE00003816.1.0deee6d5-e373-405d-893f-0c3ca80f3c2d.fc.signal	0.0963825	0.479214	0.575875	0.238364	0.193392	0.0858665	0.244379	0.398506	0.356173	0.444957	0.863832	0.650079	0.389963	0.4641	0.780474	0.630631	0.463048	0.508458	0.362028	0.357198	0.0948952	0.222203	0.202896	0.279558	0.539563	0.553369	0.669712	0.362647	0.03243	0.23873	0.125918	0.196794	0.142951	0.30498	0.324951	0.876295	0
