	chr12:27674564-27674713	chr12:27674714-27674863	chr12:27674864-27675013	chr12:27675014-27675163	chr12:27675164-27675313	chr12:27675314-27675463	chr12:27675464-27675613	chr12:27675614-27675763	chr12:27675764-27675913	chr12:27675914-27676063	chr12:27676064-27676213	chr12:27676214-27676363	chr12:27676364-27676513	chr12:27676514-27676663	chr12:27676664-27676813	chr12:27676814-27676963	chr12:27676964-27677113	chr12:27677114-27677263	chr12:27677264-27677413	chr12:27677414-27677563	chr12:27677564-27677713	chr12:27677714-27677863	chr12:27677864-27678013	chr12:27678014-27678163	chr12:27678164-27678313	chr12:27678314-27678463	chr12:27678464-27678613	chr12:27678614-27678763	chr12:27678764-27678913	chr12:27678914-27679063	chr12:27679064-27679213	chr12:27679214-27679363	chr12:27679364-27679513	chr12:27679514-27679596	Expression
ihec.chipseq.ihec-chipseq-containerv1.1.4.IHECRE00001957.2.d45c4556-52ef-4ca9-a134-983b6abd1f9a.fc.signal	0.148709	0	0	0	0	0.0279041	0.261407	0.0213576	0	0	0	0.396204	0.166729	0.024863	0	0	0.0799963	0.220051	0.00777573	0	0	0.0399903	0.229968	0	0	0.0393671	0.208055	0.308088	0.0367237	0.288311	0.225618	0.0385154	0.0715897	0.32793	0.527864
ihec.chipseq.ihec-chipseq-containerv1.1.4.IHECRE00004643.3.642afba0-6390-4d20-9062-25a6e2cb3e9d.fc.signal	0.634384	0.472085	1.33017	1.4528	0.491309	1.29051	0.364048	0.0428151	0.83201	0.654788	0.769514	0.838058	1.28346	0.728162	0.995087	0.794522	0.359205	0.876581	1.0335	1.20302	1.08781	1.6461	0.597732	0.439232	1.02502	0.845411	0.520428	0.0520453	0.434395	0.608179	0.277097	0.490789	1.1812	0.627307	0.47561
ihec.chipseq.ihec-chipseq-containerv1.1.4.IHECRE00001961.2.f19e0b8f-152f-42de-82db-a8afb7688356.fc.signal	0.441991	0.0211913	0.187181	0.0947873	0.175176	0	0.0211913	0.326952	0	0.451072	0.493454	0.196847	0.181779	0.0645957	0.0841399	0.0849634	0.125041	0.0565443	0.113992	0.0695903	0.317415	0.697735	0.527965	0.44613	0.576259	0.446654	0.50008	0.328954	0.302526	0.207636	0	0.249568	0	0.517719	0.523117
ihec.chipseq.ihec-chipseq-containerv1.1.4.IHECRE00001546.1.37e46e69-fcc7-4b78-84e3-84d20f000766.fc.signal	0.34318	0.235253	0	0.150253	0.506628	0	0.040674	0.359464	0.0458033	0	0	0.138123	0.293093	0.462317	0.0887427	0.235511	0.146946	0.206319	0.192364	0.437282	0.640875	0.341429	0.723739	0.273983	0	0	0	0	0.0931179	0.375218	0.0148288	0	0	0.309128	0.417752
ihec.chipseq.ihec-chipseq-containerv1.1.4.IHECRE00003819.1.299049e5-7348-4021-acb8-2d0e75f38cdf.fc.signal	0.683288	0.237627	0.132929	0.278848	0.122403	0.15039	0.0989489	0.134224	0.183126	0	0.0344625	0.285793	0.24668	0.323063	0.107168	0.0788277	0.0092848	0.288353	0.0407045	0	0.139337	0.0409276	0.079786	0	0	0	0	0	0.144145	0	0.0543632	0.278107	0.359259	0.298661	0.439201
ihec.chipseq.ihec-chipseq-containerv1.1.4.IHECRE00004607.2.e64b57f4-2bfc-4a28-ae9d-fc80cb038d7e.fc.signal	0	0	0.0310124	0.335106	0.419625	0.539128	0.256789	0.0040016	0	0.383133	0.547353	0.0191669	0	0	0.313407	0.15378	0.316612	0.566729	0.129744	0.0951847	0.0880539	0.211358	0.148077	0.0670843	0.317353	0.0946367	0	0	0.164529	0.520426	0.259229	0.179139	0.768641	0.412825	0.60523
ihec.chipseq.ihec-chipseq-containerv1.1.4.IHECRE00003398.1.24f592c8-8c69-4c91-ba18-ad0c533ddaf8.fc.signal	1.42396	0.314923	0.797572	1.80874	2.23343	3.56839	3.5805	1.15484	0.638341	1.28727	2.10895	1.63006	2.09645	1.15328	1.28367	1.73172	0.514769	0.859973	0.775344	1.4602	1.32647	2.45234	0.791616	1.0888	1.73675	2.0687	1.71158	0.374919	0.48887	0.724813	1.97459	0.449051	1.44205	1.29407	0.612105
ihec.chipseq.ihec-chipseq-containerv1.1.4.IHECRE00001378.1.b7155ae3-84c0-47e8-9535-8c807cc3903c.fc.signal	0.265725	0.0494923	0.152081	0.223396	0.104254	0.28366	0	0.392376	0.00429627	0	0	0.437017	0.267708	0	0	0.0659827	0.447939	0.277089	0.183809	0.0226827	0.236993	0.511172	0.354247	0	1.00082	0.327693	0	0	0.297305	0.121803	0	0.161437	0.840916	0.719725	0.383754
ihec.chipseq.ihec-chipseq-containerv1.1.4.IHECRE00001003.4.9d84f1f6-2f6a-416c-bcef-ff170f289a63.fc.signal	0.0732082	0	0.0698835	0.646813	0.157991	0.9423	0.6282	0	0	0	0	0.539298	0.925935	0.480496	0.484576	0.267464	0.647743	0.816061	0.516951	0.458196	0	0	0	0.352562	0.499834	0.352153	0.44672	0.332713	0.409493	0.594453	1.61345	0.360411	0	0.187505	0.579365
ihec.chipseq.ihec-chipseq-containerv1.1.4.IHECRE00000053.3.8efd4d25-0ff3-467d-8be9-cd2a58761d99.fc.signal	0.175648	0.31319	0.305209	0.207794	0.789023	0.381256	0.342278	0.298095	0.364766	0.300544	0.284084	0.247019	0.271541	0.658514	1.29888	1.04668	0.584411	1.0571	1.65527	0.735743	0.470047	0.301818	0.648159	1.74823	0.843792	0.349228	0.290985	0	0	0	0.304296	0.567001	1.23073	1.10529	0.312321
ihec.chipseq.ihec-chipseq-containerv1.1.4.IHECRE00004647.3.43f1c761-68ab-4b08-9b03-abbbc17d64b6.fc.signal	0.33839	0.5969	0.405432	0.34539	0.240166	0.17828	0.253553	0.264564	0.289532	0.345729	0.221465	0.135947	0.107927	0.158803	0.18045	0.237595	0.173199	0.0923037	0.244856	0.319214	0.245585	0.339851	0.396057	0.66435	0.63526	0.913196	0.816708	0.395477	0.156499	0.0549627	0.171695	0.695674	0.538213	0.425782	0.658805
ihec.chipseq.ihec-chipseq-containerv1.1.4.IHECRE00002063.1.29eb7dda-7f49-49e4-a68a-685ebc852d97.fc.signal	0.0389831	0.307483	0.116877	0	0	0	0	0.330653	0.649713	0.302606	0	0.238026	0.820891	0.498946	0	0.119243	0.308565	0.0111177	0	0	0.251544	0.385573	0.506185	0.286707	0.119642	0.263286	0.462964	0.758771	0.453316	0.367106	0.200766	0.31129	0.108549	0	0.313869
ihec.chipseq.ihec-chipseq-containerv1.1.4.IHECRE00003832.2.c3c561b3-1ba8-48ab-9c44-6537af372fb5.fc.signal	0.0407453	0.183243	0.0977445	0	0.304809	0.72217	0.114001	0.117998	0.166176	0.143749	0.0909177	0.0190255	0.180512	0.355932	0.138534	0.165537	0	0.213073	0.0993185	0.249088	0.111057	0	0.209512	0.139077	0.172959	0.0939856	0.387551	0.147226	0	0	0	0	0.133705	0.24217	0.423423
ihec.chipseq.ihec-chipseq-containerv1.1.4.IHECRE00001232.5.ca485291-98be-4da7-8667-33d3bd0f55ac.fc.signal	0.156951	0.119405	0.378703	0.431587	0.534674	0.251267	0	0.121079	0.32748	0.129605	0.107136	0.563466	0.337265	0.0997105	0.0750141	0.657255	0.643594	0.365657	1.34514	0.859584	1.27268	0.51348	0.23022	0.385547	1.01155	0.408903	0	0.842693	0.539043	0.503239	0.406256	0.317641	0.641436	3.82611	0.589359
ihec.chipseq.ihec-chipseq-containerv1.1.4.IHECRE00004900.1.4a1ca7c4-2f79-45be-831a-730c86435275.fc.signal	0	1.68927	1.65333	0.767342	0	0	0	0	0	0.990601	0.125524	0.753725	0.25302	0.0321296	0.656829	0.177077	0.92639	0.976782	0.980609	0.555895	0.258494	1.70004	1.27306	0	0.903901	0.172868	0	0.363916	0.685738	0.863168	1.16263	0	0.690064	1.96243	0.523094
ihec.chipseq.ihec-chipseq-containerv1.1.4.IHECRE00000071.3.ad6f214b-6bc2-494d-ba70-0c0eed50632c.fc.signal	0.819179	0	0.0122742	0.388157	0.356533	0.179836	0.130925	0.345741	0.246026	0.431691	0	0	0.946209	0.366251	1.0202	0.971973	0.428994	0	0.24951	0.138444	0.375753	0.352934	0	0.805589	0.100719	0.334085	0	0	0.146857	0.293812	0	0.175465	0.301604	0.222757	0.472028
ihec.chipseq.ihec-chipseq-containerv1.1.4.IHECRE00000972.6.767f330d-c515-40cb-be8a-255001f91f74.fc.signal	0.212307	0	0	0	0	0	0	0	0	0	0	1.21658	1.16733	1.16902	0.0863223	0.321958	1.64465	4.13486	1.08521	0.638046	0	0	0	0	0	0	0	0	0	0	0	0	0	0	0.595506
ihec.chipseq.ihec-chipseq-containerv1.1.4.IHECRE00001021.4.71944ce4-bd57-4526-b0d0-a368c7bbdce8.fc.signal	0.717653	0.37645	0.387479	0.0272416	0.195146	0.28662	0.0804331	0.275904	0.0239541	0.118412	0.427656	0.496723	0.723682	0.603437	0.429322	1.54172	0.876818	0.907323	1.43793	0.636506	0.091563	0.729074	0.379258	0	0.114281	0.200589	0.473671	0.280008	0.0042272	0.0829554	0.553417	1.30721	0.620323	1.3507	0.61599
ihec.chipseq.ihec-chipseq-containerv1.1.4.IHECRE00000227.3.7dbee8a8-9cc7-46ce-85e2-59b2468157be.fc.signal	0.207187	0.701529	0.399835	0.915986	1.01776	0.247171	0	0	0	0	0	0	0	0	0	0	0.26898	0.3962	0.207187	0	0.28352	0.588848	0	0	0	0	0.0254441	0.397578	0.172917	0	0	0	0	0	0.40585
ihec.chipseq.ihec-chipseq-containerv1.1.4.IHECRE00000225.3.6300cfe8-bf7c-4c50-b350-9885c462045f.fc.signal	0.476361	0.0997547	0.733312	0.341697	0	0	0.209485	0.593611	0.369093	0	0	0.00797813	0.242221	0.301121	0.0097	0	0	0	0.713355	0.45894	0	0	0	0	0	0	0	0	0	0	0	0	0.264363	0.74828	0.338004
ihec.chipseq.ihec-chipseq-containerv1.1.4.IHECRE00001990.1.39496704-1279-499c-ac28-c72497e8030d.fc.signal	0	0.0549137	0.406478	0.387755	0.925675	0.396362	0.350319	0.713934	0.527406	0.204799	0.162988	0.0666109	0.473905	0.414078	0.205251	0.249716	0.473536	0.612518	0.126477	0.268611	0	0	0.187705	0.212588	0.20713	0	0.0248649	0.265155	0.310999	0.683535	0.157972	0.237768	0.868337	0.61827	0.385177
ihec.chipseq.ihec-chipseq-containerv1.1.4.IHECRE00003835.4.871bc941-52a9-4d1e-aec3-c4c2ce7bd4c1.fc.signal	0	0.0580111	0.376372	0.407741	0.409317	0.00313573	0	0	0	0	0	0	0	0	0.0466033	0.349083	0.446701	0.21087	0	0	0	0	0	0	0	0	0	0.297972	0.35745	0.602195	0.66832	0.484566	0.424383	0.69833	0.473048
ihec.chipseq.ihec-chipseq-containerv1.1.4.IHECRE00001955.3.a0cc4058-35e9-4651-8cca-631ead3cc726.fc.signal	0	0.0240611	0.196273	0.143374	0.159743	0	0	0	0	0	0.205443	0	0	0	0	0	0	0	0	0.129278	0.238105	0.14553	0	0	0.216206	0	0	0	0	0	0	0	0	0	0.59488
ihec.chipseq.ihec-chipseq-containerv1.1.4.IHECRE00001235.5.aff67f26-7ea5-4004-b6c7-42e5d6d7c336.fc.signal	0.0773808	0.296517	0.981388	0.692764	0.760961	0.0408998	0	0	0	0	0	0.451485	0.664119	0.270515	0.120133	0.330986	0.704445	0.894881	1.19719	0.99814	0.383395	0.112366	0	0	0	0.521252	0.326046	0	0	0	0.221919	0.133578	0.317652	0.678772	0.635625
ihec.chipseq.ihec-chipseq-containerv1.1.4.IHECRE00001306.1.2f01b19c-2e56-45af-86c9-ded8324ddd4a.fc.signal	0	0.0223242	0.498919	0.494731	0.229892	0	0	0	0	0.012656	0.336988	0.318689	0.184438	0.0473992	0.377205	0.44974	0.121377	0	0	0	0	0	0	0	0	0.317876	0.23352	0.406104	0.545462	0.453254	0.377895	0.749207	0.532595	0.36862	0.210728
ihec.chipseq.ihec-chipseq-containerv1.1.4.IHECRE00000013.3.153650ef-7ef6-43cd-b5dc-cf062deb8afd.fc.signal	0.254081	0.627425	0	0	0	0.300811	0.358005	1.41766	0.326674	0	0.219422	0.649522	0.50951	0	0	0.344055	0.287402	0.755707	0.0764281	0	0	0	0	0	0	0	0	0	0	0.238525	1.07855	0.547294	0.488472	0.478654	0.487663
ihec.chipseq.ihec-chipseq-containerv1.1.4.IHECRE00003833.4.09140551-847e-4455-880b-7ea02a3132da.fc.signal	0.42477	0.0200135	0.768509	0.698612	0.549658	0.358954	0.163246	0.253389	0.0897757	0.493077	0.401475	0.247803	0.326526	0.274226	0.147545	0.671636	0.703634	0.59647	1.14126	1.21686	1.29686	1.56754	0.671762	0.904463	0.674277	0	0	0	0.309517	0.348389	0.172385	0.0694294	1.09896	1.92528	0.782274
ihec.chipseq.ihec-chipseq-containerv1.1.4.IHECRE00001891.4.cefd2162-5b9f-4732-99fc-718d82bca068.fc.signal	0.0587165	0.431191	0	0.700308	0.541614	0.388172	0.222493	0.611986	0.855332	0.0765152	0.200862	1.09749	1.35879	0.248771	0.485442	1.3359	0.6104	0.176322	0.604385	0.592059	0.614525	0.503899	0.463339	0.548334	0.358889	0.498923	0.371532	0.187096	0.351323	1.39497	1.06772	0.324656	0.0531391	0.220394	0.499327
ihec.chipseq.ihec-chipseq-containerv1.1.4.IHECRE00003678.3.71f94e98-332b-4fcc-9a34-c0ad4b748586.fc.signal	0.384973	0.429671	0.300143	0.184725	0.11395	0.468182	0.48614	0.595398	1.0007	0.917782	0.260491	0.513792	0.564773	0.238622	0.331057	0.182531	0.23177	0.0313969	0.207171	0.189707	0.206121	0.327188	0.178787	0.270324	0.245033	0.120744	0.236739	0.10448	0.273266	0.55418	0.729652	0.822646	0.847572	1.52351	0.6942
ihec.chipseq.ihec-chipseq-containerv1.1.4.IHECRE00001508.1.ed370922-25ef-47f2-a418-4e72e927a2c1.fc.signal	0.722425	0.529502	0	0	0	0.178246	0.835239	1.3387	1.23499	0.066432	0.45335	0.319314	0	0.272776	1.20308	0.536039	0.602028	0.557626	0.81044	2.61764	1.15941	0.363985	0.826664	0.569416	0.522022	0.950168	0.426885	0	0	0.493449	0.534175	0.0086986	0.946366	1.09996	0.340909
ihec.chipseq.ihec-chipseq-containerv1.1.4.IHECRE00000235.3.ae41c415-756f-48a0-be26-8a57c412db20.fc.signal	0.0186204	0.668261	1.72128	1.78749	1.1958	0.502757	0.00206893	0	0	0	0	0.127635	0.554752	0.461564	0.146944	0.659188	1.51431	1.27447	1.27137	1.4081	0.444809	0	0	0	0	0.0633581	1.10338	1.52133	0.691833	0.630771	0.31034	0.0062068	0	0	0.5892
ihec.chipseq.ihec-chipseq-containerv1.1.4.IHECRE00001915.1.bac25e3f-fc09-41ff-86d6-c2a6c3049d47.fc.signal	0.0431529	0.61292	0.725823	0.329951	0.168802	0.884117	0.838058	0.71089	0.361122	0.450284	0.188255	0.567457	0.56796	0.125326	0.157947	0.143174	0.185919	0.283136	0.40237	0.426214	0.606802	0.243011	0.339477	0.0976616	0.801742	0.308887	1.05783	0.202799	0.31644	0.351319	1.05377	0.331595	0.308885	0.980988	0.244094
ihec.chipseq.ihec-chipseq-containerv1.1.4.IHECRE00003676.3.9365f108-a198-478a-b79f-ca1f34b9eba5.fc.signal	0.447209	0.211027	0.154179	0.163056	0.163282	0.436363	0.184328	0.129766	0.307726	0.198107	0.0499573	0.188311	0.280325	0.0614536	0.164783	0.513616	0.37172	0.420698	0.415997	0.496818	0.652488	0.461071	0.62828	0.708386	0.793378	0.282776	0.105501	0.459397	0.227062	0.0920144	0.242802	0.333882	0.550648	0.607476	0.647059
ihec.chipseq.ihec-chipseq-containerv1.1.4.IHECRE00000785.3.66a43673-c091-4ff9-9f8c-cff41c7031b3.fc.signal	0.0215311	0.875848	1.10304	1.12738	0.275259	0.430658	0.0572701	0.565533	2.38835	2.32562	0.841329	0.828603	1.64524	1.2439	0.649807	0.395961	1.30953	0.758539	1.04514	1.38671	1.44433	0.363101	0.280386	0.592417	0.55363	0.463754	0	0	0.960997	1.54926	1.02511	0.035906	0	0	0.328671
ihec.chipseq.ihec-chipseq-containerv1.1.4.IHECRE00000775.1.58e5cc13-3837-4676-9815-86ae7a4468bc.fc.signal	0	0.0941847	0.198164	0.0326185	0.204551	0.199009	0.242152	0.0384057	0.104935	0.00562507	0	0	0	0	0.164498	0.296937	0.290332	0.0221254	0.249191	0.492495	0.537863	0.16888	0	0.0861751	0.189212	0.269347	0.200501	0.224842	0.0884193	0.201424	0.0659624	0.444595	0.19161	0.246046	0.433376
ihec.chipseq.ihec-chipseq-containerv1.1.4.IHECRE00000126.3.a389932f-ae32-47d4-b6e3-f5cd02b280f6.fc.signal	0.339697	0.391426	0.363484	0.190636	0.316239	0.126582	0.0021278	0.317282	0.103364	0.0939435	0.598783	0.47224	0.384488	0.088085	0	0.151125	0.461198	0.683317	0.575567	0.221445	0.154346	0.797675	1.00524	0.376004	0.16637	0	0	0	0	0.364844	1.18447	0.797448	0	0.0648561	0.590015
ihec.chipseq.ihec-chipseq-containerv1.1.4.IHECRE00002005.1.85fb694c-24ac-4a67-afb4-86273572ea8c.fc.signal	0.118306	0	0.119162	0.290488	0.0641374	0	0	0.257538	0.215618	0.0267241	0.121462	0.529858	0.710736	0.788213	0.175215	0.463227	0.366414	0.218156	0.0220117	0.216207	0.1326	0.122606	0.223973	0.137334	0.29223	0.221745	0.0912969	0.220464	0.0168747	0	0.0684619	0.139977	0.136419	0.639588	0.250646
ihec.chipseq.ihec-chipseq-containerv1.1.4.IHECRE00002067.1.d8e6c755-45ac-4108-b1ba-23233bd0ab31.fc.signal	0.298139	0.439509	0.101461	0	0	0	0.175888	0.130917	0.178753	0.15194	0.235905	0.138923	0.502045	0.35034	0.261115	0.325415	0.930064	0.562005	0.64029	0.145599	0	0	0.532555	0.605976	0	0.0995243	0.254688	0.297096	0.301862	0.373165	0.0626977	0.0148939	0.245961	0.0617218	0.254138
ihec.chipseq.ihec-chipseq-containerv1.1.4.IHECRE00000270.2.78aaba4a-3f88-4f65-82d6-9d5fa5ceabcb.fc.signal	1.01843	1.02858	0	0	0.0803231	1.16066	0.527959	0.0988338	0	0.0750576	1.09618	1.67132	0.328187	0.399462	0.103077	0.690917	0.12478	0	0	0.489974	0.665233	0.580786	0	0.0223391	0.759579	0.861073	0.529065	0	0	0	0.107491	0.76779	0.735807	1.50264	0.287879
ihec.chipseq.ihec-chipseq-containerv1.1.4.IHECRE00001030.7.69848b5e-1d71-4ca5-a68d-b2c1db7d8201.fc.signal	0.0204727	0	0	0.0276396	0.39575	0	0	0	0	0	0	0.367144	2.07063	0.533987	0	0.254769	1.0964	0.561583	1.39015	0.924464	0	0	0	0	0	0	0	0	0.465682	0.108099	0.512845	0.0122843	0.54496	3.11099	0.634021
ihec.chipseq.ihec-chipseq-containerv1.1.4.IHECRE00001022.4.66df243c-6c5c-42f5-bb98-73ebf9a3096e.fc.signal	0.381676	0.277582	0.045655	0.322565	0.528778	0.27735	0.225654	0.266028	0	0	0.0978888	0.243249	0.461259	0.444377	0.359912	0.771325	1.75319	1.85821	0.631	0.505406	0.677536	0.231286	0.338859	0.348621	0.085933	0.0536997	0.449437	0.186139	0	0.00168327	0.235626	0.470169	0.326862	0.822044	0.512077
ihec.chipseq.ihec-chipseq-containerv1.1.4.IHECRE00000250.2.4878d059-ae9d-4e75-b9f6-57c37838f3e3.fc.signal	1.27512	1.40174	0.35217	0.091768	0.416169	0.176015	0.610156	0.609336	0.270459	0	0.428268	1.69224	0.518556	0.416028	0.347171	0.530436	0.299615	0.783431	1.24512	0.282701	0.562858	0.60375	0.558039	0.202359	0	1.00336	1.16357	0.953259	0.368207	0.857766	0.793028	0.901616	0.720637	0.98717	0.421359
ihec.chipseq.ihec-chipseq-containerv1.1.4.IHECRE00000059.3.b5d4a5b3-a118-48b7-a386-2e56f2330a88.fc.signal	0.261867	0	0.247594	0.0913623	0.421359	0.9816	0.883701	0.123013	0.35648	0.246913	0.289795	0.199302	0.392454	0.668831	1.3471	0.309083	0	0.760866	0.365302	0.0564785	0.31853	0.745338	0.312272	0.322215	0.280274	0.176687	0.257463	0.130832	0.472683	0.321656	0.175818	0.795757	0.339042	0.606011	0.577778
ihec.chipseq.ihec-chipseq-containerv1.1.4.IHECRE00004603.3.4c655c7c-8a8a-4e2d-a610-f4e47cf57813.fc.signal	0.206929	0.401982	0.160936	0	0	0	0	0	0	0	0.0965595	0.436296	1.18412	0.18168	0.176081	0.723947	1.19089	0.545509	0.317878	0.187517	0	0	0	0	0	0	0	0.569692	0.367531	0.212593	0.0359963	0.256237	1.10103	2.04499	0.655172
ihec.chipseq.ihec-chipseq-containerv1.1.4.IHECRE00003811.1.d8f0d283-97b1-48be-a67c-353c0ecb4b0e.fc.signal	0.218838	0.0127715	0.101177	0.162649	0.369417	0.27659	0.206191	0.210974	0.282785	0.124412	0.218567	0.290825	0.0743007	0.13058	0.119673	0.165113	0.296437	0.151027	0.187081	0.0463333	0.0323519	0.247532	0.225166	0.266544	0.158286	0.166178	0.331111	0.235668	0.152819	0.414791	0.297514	0.103625	0.159028	0.312326	0.518129
ihec.chipseq.ihec-chipseq-containerv1.1.4.IHECRE00001027.7.3e57f4b2-3eea-42bc-9983-8ecec55d5977.fc.signal	1.06477	1.02138	0.732822	0.526312	0.169024	0	0	1.01038	0.449602	0	0	0.186548	0.975103	1.14667	1.14403	0.347777	0.436142	0.332061	0.858931	1.13736	0	0	0	0.257183	1.27597	0.587622	0	0.478723	0.235636	0.0117924	0.723179	0	0	0	0.477011
ihec.chipseq.ihec-chipseq-containerv1.1.4.IHECRE00001901.1.47ac92c8-3161-452d-8dd3-b7ed71169f80.fc.signal	0.214254	0.172887	0.38757	0.188744	0.151511	0.277799	0.420747	0.339118	0.487147	0.859081	0.502724	0.374296	0.217356	0.135617	0.354335	0.17214	0.479307	0.450486	0.440699	0.0489619	0.264641	0.501704	0.275582	0.325622	0.0392331	0.171871	0.037692	0.0478282	0.161859	0.122602	0.194285	0.18717	0.318381	0.322052	0.5
ihec.chipseq.ihec-chipseq-containerv1.1.4.IHECRE00001965.2.e7144f2b-c79b-4aad-950f-07ae1b5e1dad.fc.signal	0.146593	0.211214	0.593779	0.172708	0	0.153456	0.288016	0.0495771	0	0	0	0.136107	0.58426	0.328368	0.687866	0	0	0.125827	0.178389	0.333081	0.0327233	0.208331	0.0966685	0.0786597	0.193252	0.281534	0.253298	0.0828421	0.22107	0	0	0	0.33756	0.436693	0.518563
ihec.chipseq.ihec-chipseq-containerv1.1.4.IHECRE00000242.3.1a9690ca-63a1-4ea3-8dc4-24421ed40248.fc.signal	0	0	0	0	0	0	0	0	0	0	0	0.220052	1.03178	1.03598	0.238302	0.257585	1.72323	1.74096	0.27538	0	0	0	0	0	0	0	0.0660914	0.178794	0.0877005	0	0	0	0	0	0.612035
ihec.chipseq.ihec-chipseq-containerv1.1.4.IHECRE00003826.4.3b07c369-960c-43eb-b4e5-3e3773e044bc.fc.signal	0.694558	0.515414	0.293135	0.195631	0.326746	0.401347	0.165056	0.316591	0.246507	0.246176	0.182236	0.244628	0.0303603	0	0	0.138376	0.191909	0.0856923	0.238176	0.0564611	0.0486247	0.629723	0.520464	0.32267	0.750783	0.491824	0.0559896	0	0	0.387498	1.54157	1.05959	0.537069	0.280435	0.371689
ihec.chipseq.ihec-chipseq-containerv1.1.4.IHECRE00000224.3.768c3dd3-4d38-474a-b6d5-c316c21bc08d.fc.signal	0	0	0	0	0	0	0	0	0	0	0	0	0	0	0	0.356993	0.858482	0.594553	1.05616	0.776258	0	0	0	0	0	0.338748	1.03247	0.821356	0.127603	0	0	0	0	0	0.574595
ihec.chipseq.ihec-chipseq-containerv1.1.4.IHECRE00001008.4.00528f90-1767-43ef-bb37-a22f6e9f4039.fc.signal	0	0.303684	0.142493	0.449133	0.695311	0.59849	0.710947	0.328731	0.126003	0.107587	0.443214	0.3836	0.537036	0.643571	0.380722	0.908924	0.970317	0.422016	1.19372	0.610483	0.411747	0.446579	0.48346	0.819459	1.10739	0.607647	0.860241	0	0.0184087	0.397208	0.535088	1.10337	0.414171	1.24311	0.652174
ihec.chipseq.ihec-chipseq-containerv1.1.4.IHECRE00000864.3.313549b4-5e36-4d5c-9816-17b9c7f898e3.fc.signal	0	0	0	0	1.39503	0.940695	0	0	0	0	0.667854	1.86948	0.195198	0	0	0	0	0	0	0	0	0	0	0	0.776879	0.842747	0	0	0	0	0	0	0.0811402	2.14936	0.348028
ihec.chipseq.ihec-chipseq-containerv1.1.4.IHECRE00003693.3.d51ed427-007f-40d3-b98a-eaa67c358ae9.fc.signal	0	0	0	0	0	0.041847	0.106228	0.175766	0.09657	0.0148074	0	0.150028	0.326497	0.308465	0.0856255	0.00928113	0.129717	0.358917	0.283347	0.0527927	0.113957	0.288495	0.321334	0.238253	0.166347	0.120262	0.0553668	0.0437784	0.16162	0.334866	0.273694	0.0566544	0	0	0.612039
ihec.chipseq.ihec-chipseq-containerv1.1.4.IHECRE00003400.1.f1517182-68cd-4431-ae69-970e870c1c44.fc.signal	1.71864	0.788819	1.0047	2.89008	1.95789	2.59648	0.88232	1.347	0.661077	0.747805	0.823445	0.816	0.607756	1.59155	1.901	0.335049	1.53107	1.12711	2.20831	1.85926	1.52903	1.21719	0.464677	0.377073	0.584176	0.392148	1.79808	0.679518	0	1.09553	3.38863	1.00186	1.05588	4.23419	0.619048
ihec.chipseq.ihec-chipseq-containerv1.1.4.IHECRE00000222.3.6c44093e-8a4f-4f36-9bdc-4181cde15c47.fc.signal	0.598166	0.443635	0.460015	0.318813	0.107096	0	0	0	0	0	0	0.0644268	0.973989	1.06371	0.250107	0.426709	0.24663	0.316168	0.514939	0.44353	0.231796	0.312192	0.245986	0	0	0	0.835221	2.32532	1.31184	0.132435	0	0	0	0	0.690556
ihec.chipseq.ihec-chipseq-containerv1.1.4.IHECRE00000240.3.e5051162-3534-4c21-b37a-9d70a53452b8.fc.signal	0.165526	0.966118	1.14063	0.318463	0	0	0	0	0	0	0.237497	1.04993	2.25522	1.34938	0.337369	0.80629	1.17021	0.658653	0.657867	0.329483	0	0	0	0	0.0575744	0.454709	0.693902	0.489627	0.05545	0.31504	0.735834	0.519978	0.0017992	0.0195094	0.486486
ihec.chipseq.ihec-chipseq-containerv1.1.4.IHECRE00000942.6.d7f763be-bfdd-4c86-bf20-202adde8af39.fc.signal	0	0	0	0.753799	0.145622	0	0	0	0	0	0	0.777619	0.46962	0	0	1.87142	1.49046	1.35777	0.319399	0.242241	0	0	0	0	0.824867	0.61328	1.43702	0	0	0	0	0	0.408367	0.495486	0.583851
ihec.chipseq.ihec-chipseq-containerv1.1.4.IHECRE00001009.4.6c91eb19-cf51-4ff7-b713-f8f2fc326b1d.fc.signal	0.128375	0.222659	0	0	0	0.174411	0.217691	0.258925	0.285877	0.0681757	0	0	0.232524	0.62831	0.0241073	0.315546	0.248481	0.255171	0.492337	0.0876525	0.0859654	0	0.0327011	0.937385	0.941018	0.39242	0.450523	0.181664	0.225257	0.13813	0.257209	0.599277	0.499911	0.88641	0.533784
ihec.chipseq.ihec-chipseq-containerv1.1.4.IHECRE00000665.1.af8f440a-d096-482c-84b1-79bcd318ff11.fc.signal	0.020408	0	0	0.189013	0.602653	0.255001	0.235107	0.191818	0.290243	0	0	0	0.305361	0.0835868	0.676943	0.138732	0	0.0971381	0.337767	0	0.135594	0.244527	0.258406	0.0239535	0.494043	0.14814	0	0	0.0165668	0.42667	0	0	0.0602688	0.522291	0.549153
ihec.chipseq.ihec-chipseq-containerv1.1.4.IHECRE00001997.1.1164241b-8ba2-45bf-987f-0243c87c0a1c.fc.signal	0.82819	0.36035	0.296979	0.457869	0.748045	0.182962	0.513841	0.326879	0.0235851	0.0862373	0.104417	0	0.21773	0.322225	0.135219	0.143581	0.0333928	0.320129	0.444779	0.0993877	0	0.192206	0.80584	0.256018	0.593453	0.436274	0.240541	0.158253	0.0490933	0.284255	0.032985	0	0	0.173368	0.280564
ihec.chipseq.ihec-chipseq-containerv1.1.4.IHECRE00000184.3.0a1684db-dfdc-416a-9b39-88bdc9d8980d.fc.signal	0	0	0.352433	0.122111	0	0	0	0.115362	0.367272	0.276629	0.014155	0	0.299367	0.16354	0	0.246395	0.0945793	0	0	0	0	0	0	0	0.0556755	0.245336	0.335953	0.43224	0.635869	0.544186	0.070775	0.0079268	0.256942	0.478579	0.598878
ihec.chipseq.ihec-chipseq-containerv1.1.4.IHECRE00003675.3.48a0264b-6e25-46c0-b33d-21ee41282ecb.fc.signal	0.325442	0.331399	0.359468	0.418024	0.54956	0.463474	0.103898	0.0641019	0.11452	0.132782	0.230697	0.13731	0.59049	0.533362	0.169052	0.0088676	0.25069	0.292204	0.285641	0.110893	0.109597	0.149542	0.290167	0.0726139	0	0.0836957	0.12537	0.595736	0.436693	0.138674	0.320472	0.0737076	0.15873	0.403698	0.677316
ihec.chipseq.ihec-chipseq-containerv1.1.4.IHECRE00002076.1.f6bea37b-7779-4621-9ed2-82fb7b23df8f.fc.signal	0.660948	1.32927	0.763744	0.202069	0.551317	0.0101897	0.212544	0.239608	0.0033016	0	0	0.0244552	0.272317	0.377818	0.588286	0.372601	0.723729	0.595686	0.766534	0.0996849	0.210207	0.293238	0.63941	0.0418277	0.296218	0.575657	0.542832	0	0	0	0.21957	0.0894908	0.0791873	0.266947	0.17769
ihec.chipseq.ihec-chipseq-containerv1.1.4.IHECRE00001902.1.97f665f6-6f48-4b26-ac5c-9db0c04ef7bc.fc.signal	0.46697	0.522983	0.227156	0.27867	0.0372585	0.160949	0.0907046	0.335102	0.365044	0	0	0.176635	0.683615	0.395098	0.174694	0.119109	0.0296279	0.0696949	0.270834	0.0301067	0	0.0455347	0.112628	0	0.418609	0.589227	0.0764847	0.0873387	0.145599	0.0125779	0.313107	0.0812469	0.294595	0.410312	0.535236
ihec.chipseq.ihec-chipseq-containerv1.1.4.IHECRE00001851.4.05b73e87-893b-4343-ab37-69c778c437f8.fc.signal	0.14006	0	0.330206	0.725999	3.11557	1.11313	0.363369	0.475076	0.490012	0.54278	0.438934	0.520739	0.77575	1.10892	0.835721	1.89193	1.39453	0.840134	0.696576	0.274019	0.0374413	0.215447	0.315417	0.327368	0.236063	0.212569	0.250494	0	0.0327973	0.374779	0.358617	0.71012	1.24012	1.63936	0.625364
ihec.chipseq.ihec-chipseq-containerv1.1.4.IHECRE00001457.1.9f6f8a52-1626-4301-ab46-eb5cd8e0bb33.fc.signal	0	0	0	0	0	0	0.1801	0.434681	0	0.238596	0.394313	0.115881	0	0.0137829	0.614423	0.424873	0	0.239165	1.02981	0.524673	0.220346	0.405004	0.402667	0.008744	0.630149	0.165105	0	0	0	0	0.430038	0.938763	0.265837	0	0.38642
ihec.chipseq.ihec-chipseq-containerv1.1.4.IHECRE00004605.1.8871bb3d-7ee4-4151-b7f6-e200809c7bd1.fc.signal	0.917155	0.282552	0.0152213	0.270188	0.0927378	0	0.144605	0.218812	0.208379	0.183108	0.213896	0.327934	0.0520265	0	0	0.111306	0.468066	0.602204	0.496606	0.323689	0.564772	0.526097	0.319655	0.349147	0.0469913	0.227858	0.196444	0.514681	0.262575	0.240694	0.00665933	0.0420169	0.430781	0.658462	0.668027
ihec.chipseq.ihec-chipseq-containerv1.1.4.IHECRE00000987.6.5433b540-f9ea-4edf-8a0e-cdc2c654fa20.fc.signal	0.458611	0.5078	0	0	0	0	0.241514	0.457459	0	0	0	0	0.375519	0.752886	0	0	0.320298	0.248709	0	0.386718	0.369437	0.403971	0.74171	0.0394004	0.989423	0.160142	0	0	0	0	0	0	0	0	0.573864
ihec.chipseq.ihec-chipseq-containerv1.1.4.IHECRE00003679.3.e95554aa-fb20-4b17-91ac-139d0399c1c8.fc.signal	0.415563	0.507109	0.3615	0.275141	0.295379	0.522177	0.523068	0.490428	0.212353	0.278559	0.391761	0.248514	0.177746	0.18787	0.344301	0.715509	0.29268	0.419059	0.473911	0.4705	0.669938	0.615178	0.267816	0.152623	0.190376	0.181574	0.41865	0.119758	0.149127	0.227888	0.227302	0.122883	0.0241387	0.179373	0.642722
ihec.chipseq.ihec-chipseq-containerv1.1.4.IHECRE00001557.1.a242dd5d-850e-4408-ba72-89a9c252ed07.fc.signal	0.587421	0	0	0	0.435255	0.2072	0.54301	0	0	0	0.0712987	0.303963	0.0800308	0.803745	0.309917	0.658741	0.489527	1.56451	0.234945	0.174461	1.00604	0.211131	2.15261	1.33547	0.23804	0.40997	0.506281	0	0.191612	1.13277	2.47793	1.40471	0	0	0.41958
ihec.chipseq.ihec-chipseq-containerv1.1.4.IHECRE00001900.1.01d071c9-f298-47b3-9bd4-0b04699959a8.fc.signal	0.39419	0.0813001	0.282654	0.1783	0.213569	0.221015	0.327516	0.438371	0.319383	0.387361	0.428324	0.379851	0.286202	0.708889	0.506101	0.800996	0.702428	0.157247	0.786436	0.854005	0.844976	0.689604	0.540124	0.741849	0.743655	0.11255	0	0.0121044	0.289556	0.462906	0.540213	0.196894	0.270943	0.37883	0.60307
ihec.chipseq.ihec-chipseq-containerv1.1.4.IHECRE00000001.4.a034ee31-90a4-46ec-8ae3-50525e7d309a.fc.signal	0	0	0	0	0	0	0	0	0	0	0	0.135854	0.31726	0.171396	0	0	0	0	0	0	0	0	0	0	0	0	1.22389	1.65137	0.0527034	0	0	0	0	0	0.493306
ihec.chipseq.ihec-chipseq-containerv1.1.4.IHECRE00001966.2.92b83b8d-5485-446e-910e-2f148077cb85.fc.signal	0	0	0	0	0	0	0	0	0	0	0	0.194936	0.0854225	0	0.568262	0.476059	0.0361822	0.233139	0	0	0	0	0	0	0	0	0.157757	0.876422	0.367013	0.853623	0.186724	0	0	0.430362	0.582598
ihec.chipseq.ihec-chipseq-containerv1.1.4.IHECRE00001002.4.affdcac3-6070-43fc-99e1-6c9751bbcbf6.fc.signal	0	0.0733633	0.445799	0.793313	0.484148	0.00902933	0	0	0	0	0	0.157495	0.336581	0.0026936	0.060948	1.15676	2.15999	1.93426	2.02681	0.786576	0	0.286681	0.164785	0	0	0.0485327	0.624045	0.230233	0.10158	1.21205	0.706475	0.224605	0.030474	0.3386	0.623865
ihec.chipseq.ihec-chipseq-containerv1.1.4.IHECRE00000233.3.fb9aae7d-4076-4e4e-92a7-34572e1b705b.fc.signal	0	0	0	0	0	0	0	0	0	0	0	0.0483057	0.889245	1.30574	0.549672	0.637867	0.637136	0.465021	0.698734	0.382388	0	0	0	0	0	0	0	0.933865	1.71142	0.576939	0	0	0	0	0.583333
ihec.chipseq.ihec-chipseq-containerv1.1.4.IHECRE00001904.1.1726d2d4-326e-4dc2-912a-cee3015ea75f.fc.signal	0	0.633257	0.344867	0.221363	0.347793	0.0900919	0.365591	0.519245	0.302295	0.581331	0	0	0.280422	0.542626	0.28474	0.43097	0.0760361	0.145396	0	0.20485	0	0.714084	0.345834	0.269589	0.272094	0.0228864	0.370605	0.0076288	0	0	0.453275	0.0584413	0.0909196	0.382372	0.52518
ihec.chipseq.ihec-chipseq-containerv1.1.4.IHECRE00003845.2.794488aa-2650-453d-b408-62a2d6724c53.fc.signal	0.194973	0.206993	0.250516	0.115423	0.148045	0.202722	0.0261906	0.195488	0.29291	0.0898507	0.0255573	0.223334	0.0758765	0	0	0	0	0.17605	0.275157	0.195407	0.0937437	0.0208251	0.244267	0.21917	0.109429	0.141737	0.0189905	0	0	0	0	0.0642419	0.202144	0.330172	0.406504
ihec.chipseq.ihec-chipseq-containerv1.1.4.IHECRE00000055.3.409fce32-3c80-4968-819f-d774f10df209.fc.signal	0	0	0	0	0	0	0	0.167435	0.847231	1.23056	1.14165	0.730793	0.961415	0.404417	0.168006	0.312084	0.482272	0.153472	0.17587	0.544555	0	0.60598	0.364722	0.871624	0.710899	0.60581	0.78508	0.0432721	1.82976	1.2796	0.822551	2.51977	0.774007	3.00699	0.456067
ihec.chipseq.ihec-chipseq-containerv1.1.4.IHECRE00002086.1.982b1a46-0bf8-457b-a213-1cec9bf76346.fc.signal	0	0.441571	0.782061	0.390264	0.36748	0.425127	0.145704	0	0	0	0	0.0721904	0.549885	0.379775	0.453488	0.23803	0.310317	0.112827	0.314381	0.0615991	0	0.201734	0.318129	0.601113	0.522729	0.0185253	0	0.157532	0.724646	0.0724041	0.388688	0.461066	0.653024	1.26215	0.284663
ihec.chipseq.ihec-chipseq-containerv1.1.4.IHECRE00000231.3.24a1fcd8-2a4a-4091-be70-d4c06c7ee2cc.fc.signal	0	0.0897027	0.32423	0.126449	0	0	0	0	0	0	0	0.524554	0.781955	0.519495	0.163035	0.12501	0.358549	0.407864	0.278044	0.215056	0	0	0	0	0	0.0473902	0.623775	1.00287	0.382298	0.218938	0.10375	0	0	0	0.485777
ihec.chipseq.ihec-chipseq-containerv1.1.4.IHECRE00003682.3.fc38d8a2-8f66-4203-ae35-4bfe2174aadb.fc.signal	0.177821	0.387964	0.134451	0.163171	0.394846	0.244577	0.0690231	0.471543	0.267131	0.173451	0.1495	0.239178	0.324305	0.243577	0.262221	0.0633357	0.330972	0.194689	0.223669	0.17803	0.511304	0.961256	0.377354	0.865259	1.16936	0.484325	0.203152	0.175229	0.290274	0.947905	0.712311	0.945645	0.248377	0	0.562178
ihec.chipseq.ihec-chipseq-containerv1.1.4.IHECRE00001973.1.6e93a1e0-8828-4ce5-83f8-36249902bda2.fc.signal	0.251063	0.283936	0.281075	0	0.215231	0.227869	0.345061	0	0	0	0	0.18935	0.466159	0.396348	0.330103	0.253838	0.553119	0.683695	0.568565	0	0.277808	0.0226179	0.167662	0.514647	0.513638	0.236904	0.328025	1.25814	1.32388	0.336681	0.211187	0	0.101244	0.967859	0.212871
ihec.chipseq.ihec-chipseq-containerv1.1.4.IHECRE00000230.3.eca9fb65-4b68-4689-9dc2-ca87771c92ab.fc.signal	0	0.3632	0.847677	1.56413	0.911132	0.0294969	0	0	0	0	0	0.529812	2.02752	1.12995	0.102766	0.249684	0.845935	1.92685	2.33628	1.01109	0.138146	0	0	0	0	0.142806	0.683443	0.565056	0.543214	0.458647	0.152142	0	0.277838	1.39701	0.670759
ihec.chipseq.ihec-chipseq-containerv1.1.4.IHECRE00004641.3.f304faea-b0f0-4641-894c-c818af6118ec.fc.signal	0.728159	0.273334	0.0779313	0.28351	0.3127	1.33101	1.92637	0.613225	0.878443	1.19936	1.65671	0.883718	0.594304	1.52613	0.878997	0.928604	0.91693	0.758183	0.975137	1.15485	0.403249	0.348226	0.221588	0.447636	1.05549	0.587395	0.738475	0.00163413	0	0.269137	0.879593	1.16088	0.629761	0.893471	0.494812
ihec.chipseq.ihec-chipseq-containerv1.1.4.IHECRE00001234.5.0e619ad9-ebc8-47ed-93f9-8d329910a69e.fc.signal	0	0.00413347	0.417484	2.36025	1.92819	0.177961	0.163273	0.291413	0	0.0826697	0.434019	1.61947	1.30893	0.200958	0.299585	1.40107	0.890101	0.638562	0.729133	0.781562	0	0	0.00413347	0.223207	0.131798	0.26765	0.322554	0.504357	0.27064	0.697479	0.655664	0.542403	0.178466	0.952086	0.56338
ihec.chipseq.ihec-chipseq-containerv1.1.4.IHECRE00000236.3.0bc39444-c5d6-4c2e-a719-a28af7034202.fc.signal	0	0	0.412315	0.60935	0.115765	0	0	0	0	0	0	0.260744	0.275209	0.290789	0.507016	0.437469	0.249771	0.569365	1.29725	1.14615	0.836838	0.509816	0	0	0	0	0.519964	1.59126	1.33844	0.607312	0.225426	0	0	0.0513834	0.628332
ihec.chipseq.ihec-chipseq-containerv1.1.4.IHECRE00003824.4.4dfd78e7-f48b-44fa-ae63-a8e81a422336.fc.signal	0.213866	0	0.031705	0.953281	0.896068	0.330873	0.112871	0.377836	0.480473	0.0798959	0	0	0	0.229541	0.239537	0.202789	0.305523	0.370106	0.217557	0	0.0043568	0.181259	0.678716	0.42145	0.0139899	0	0	0	0.117941	0.429579	0.35982	0.779067	0.435441	0.193085	0.488732
ihec.chipseq.ihec-chipseq-containerv1.1.4.IHECRE00004884.1.04b53f1e-ede2-4352-b282-8fd62b69ea23.fc.signal	0	0.464731	0.770389	0.126748	2.71607	1.23129	0	0	0	0	0	0.300592	0.657877	0.483713	0.525037	0.300562	0.237173	0.550598	0.36201	0.201467	0.590002	0.731751	1.48798	1.11057	2.25134	0.81685	0	0	0	0.38627	1.57534	0.754441	0.144851	0.90532	0.535551
ihec.chipseq.ihec-chipseq-containerv1.1.4.IHECRE00004728.1.84110ecf-3acc-4ab9-918a-d46b0401ed1e.fc.signal	0	0.203063	0	0.2424	0.212419	0.191667	0	0.406126	0	0	0	0.231912	0.680451	0.405034	0.392365	0.609189	0.609189	0.0393367	0.681271	0.281736	0	0	0.203063	0.568576	0.446739	1.42144	0.576444	0.478208	0.478208	0.746761	0.611849	0.406126	0.340635	0	0.788208
ihec.chipseq.ihec-chipseq-containerv1.1.4.IHECRE00003715.2.f2f63871-d4ff-46d8-b566-9462262914af.fc.signal	0.372442	0.783959	0	0.815379	0.431297	0	0	0	0	0	0	0	0	0.32025	0.276928	0.321991	0.426067	0	0	0.47046	0.150719	0.101804	0.464262	0	0.393551	0.189817	0	0.166312	1.13508	0	0.256375	0.997806	0.609794	2.05168	0.461366
ihec.chipseq.ihec-chipseq-containerv1.1.4.IHECRE00003830.4.182c98c8-4ca5-4dcd-abb2-f3a65447c98c.fc.signal	0	0	0	0	0	0	0.345218	0.195534	0	0	0	0.257935	0.540365	0.341511	0.012969	0	0.0739648	0.0793525	0.0915231	0.147389	0.260818	0.314133	0.001441	0.239202	0.334085	0.273598	0.289638	0.002882	0	0	0	0	0	0	0.616071
ihec.chipseq.ihec-chipseq-containerv1.1.4.IHECRE00000303.2.993b7ab3-77ff-48d8-8505-9adcdd467461.fc.signal	0	0.449195	0.736033	0.105744	0.33545	0.424229	0.332863	0.709327	0.607582	0.653122	0.157252	0.504901	0.608423	0.516944	0.636579	0.593213	0.230253	0.798588	1.21692	1.5326	0.945074	0.48425	0.314662	0.325661	0.643745	0.857214	0.315927	0.282246	0	0.591087	0.82604	0.550431	0.303805	0.225187	0.448337
ihec.chipseq.ihec-chipseq-containerv1.1.4.IHECRE00001958.3.f473421b-0068-43e9-8689-afd1d3e0454e.fc.signal	0	0	0	0	0	0	0	0	0	0.162693	0.141752	0.351547	0.431843	0.245592	0.1311	0	0	0	0	0	0	0	0	0	0	0	0.176432	0.214598	0.0204763	0	0	0	0	0	0.574949
ihec.chipseq.ihec-chipseq-containerv1.1.4.IHECRE00001012.4.85be5809-5a62-4b0b-9ffb-29881f7da7c3.fc.signal	0.260282	1.44889	1.04108	0.615087	0	0	0	0	0	0	0.331617	0.501997	1.17161	0.156566	0	0	0	0.52648	0.420068	0.0642733	0.397111	0	0.629338	1.0217	1.14202	0.198125	0.488217	0.894806	0.831318	0	0	0.0816483	0.703835	0.96886	0.653571
ihec.chipseq.ihec-chipseq-containerv1.1.4.IHECRE00004614.1.954b2eef-b887-4e5e-9bfd-a189bb44a099.fc.signal	0.22955	0	0	0.526581	0.113995	0	0.199587	0.916509	0.343467	0.688649	0.803138	0.191196	0	0	0	0.382392	0	0.573442	0.175482	0	0	0	0.338125	0.0862267	0.133403	0.459099	0.22955	0	0	0	0	0.918199	1.14775	0.276221	0.600733
ihec.chipseq.ihec-chipseq-containerv1.1.4.IHECRE00003827.1.320bbee6-9fb9-4b6e-9202-0bae2e741228.fc.signal	0	0	0	0	0.187591	0.393897	0.203891	0.254899	0.105408	0.103092	0.128575	0	0	0	0	0	0	0	0	0	0	0.259543	0.203921	0	0	0	0	0	0	0	0	0.18227	0.49552	0.48398	0.434109
ihec.chipseq.ihec-chipseq-containerv1.1.4.IHECRE00000223.3.e1dc7d2c-ad1c-431d-b26b-8d6d2c33cf69.fc.signal	0.11048	0.572348	0.77124	0.592263	0.411032	0.106061	0	0	0	0	0	0.0297205	0.36424	0.579776	0.398155	0.773178	0.609461	0.119209	0	0	0	0	0	0	0	0.171258	0.846178	0.548024	0.12366	0.229394	0.143624	0	0.117109	0.33144	0.631632
ihec.chipseq.ihec-chipseq-containerv1.1.4.IHECRE00000969.7.e51e6c81-760c-43e7-86ae-cbe3dc54eb4c.fc.signal	0.0745869	0.666413	1.83612	1.13405	1.07482	0.0350997	0	0	0	0	0	0.0575901	1.51783	1.29743	0.372429	0.402852	0.906842	0.192602	0.431999	0.170183	0.424066	0.0786751	0.161831	0	0.130496	0.102932	0.537945	0.156094	0	0	0	0	0	0.197412	0.425197
ihec.chipseq.ihec-chipseq-containerv1.1.4.IHECRE00000318.2.6d2c1eb1-64cd-4b80-95ec-5404bd3906e9.fc.signal	0.60478	0.244901	0.113851	0.482258	0.192003	0.300067	0.714911	0.578758	1.08071	0.180045	0.218368	0.897864	0.180582	0	0	0.327918	0.616008	0.664512	0.100426	0	0	0.559314	0.396714	0.0686093	0.27809	0.0124432	0.0499747	0.295102	0.181941	0.419135	0.194679	0.717538	0.310233	0.36737	0.41629
ihec.chipseq.ihec-chipseq-containerv1.1.4.IHECRE00000105.3.b8195daf-923e-4feb-a22f-4386014244e9.fc.signal	0.180475	0.340976	0.459042	0.467384	0.717912	0.554757	0.544873	0.21316	0.851196	0.344468	0.137747	0.431541	0.990677	0.99349	0.349463	0.243434	0.611059	0.50624	0.467164	0.209077	0.711377	0.611262	0.433009	0.377282	0.574976	1.01165	0.657861	0.267707	0.219092	0.319705	0.992694	1.72923	1.3181	1.56236	0.408867
ihec.chipseq.ihec-chipseq-containerv1.1.4.IHECRE00003847.4.634ae276-c9fe-4e24-9f62-06eb5bf694ac.fc.signal	0	0.222964	0.612005	0.626208	0.667215	0.1264	0	0.296991	0.565169	0.427414	0.558035	0.352121	0.134518	0.0893306	0.167769	0.207222	0.158915	0.0689251	0.22059	0.55945	0.816523	0.505531	0.812977	0.349323	0.0624917	0	0.0880565	0.258461	0.565152	1.13883	0.423526	0.352141	0.305278	0.42082	0.3416
ihec.chipseq.ihec-chipseq-containerv1.1.4.IHECRE00000195.3.1d49e429-7d54-40c1-a965-968c057abf12.fc.signal	0.062044	1.00261	0.597963	0.0218635	0.0358431	0.488074	0.585276	1.05317	0.593225	0.0628575	0	0.191035	0.511106	0.154162	0.302242	0.0588286	0.263326	0.415397	0.422124	0.1269	0	0.335514	0.153044	0.642557	0.462095	0	0.177271	0.598393	0.866975	0.208546	0	0	0.952268	1.92668	0.634921
ihec.chipseq.ihec-chipseq-containerv1.1.4.IHECRE00001236.5.b3e823f8-bdfb-415e-8681-ed2acdcbeb38.fc.signal	0.139585	0.349315	0.34204	0.361102	0.0785115	0	0	0	0	0	0.0571387	0.573794	0.582997	0.268243	0.36127	1.01724	1.68812	1.12715	0.724953	1.29455	0.212785	0.264073	0.201003	0.0688621	1.30839	0.335007	0	0.346356	0.191853	0.629073	1.35352	0.182563	0.252568	0.546147	0.629315
ihec.chipseq.ihec-chipseq-containerv1.1.4.IHECRE00000243.3.f19b01fb-285f-4aa3-a654-49a7198b9c00.fc.signal	0.478045	0.961736	0.863869	0.707657	0.771647	0.156212	0	0	0	0	0.0752827	0.271035	0.302231	0.101632	0.252197	2.48056	2.01193	0.961736	0.632374	0.402762	0.775411	1.19888	0.73777	0.0696365	0	0.182725	0.902162	1.23652	0.66528	0.279327	0	0.0376413	0.551446	0.646252	0.725564
ihec.chipseq.ihec-chipseq-containerv1.1.4.IHECRE00001907.1.8f8990bc-bdfc-474d-b52f-20c0591d22d2.fc.signal	0.772433	0.482341	0.579068	0.289649	0.562083	0.799966	0.833962	0.384583	0.122217	0.16084	0.0762643	0.246737	0.14425	0.164622	0.364702	0.650204	0.539119	0.253103	0.320654	0.0624143	0.230774	0.197851	0.490866	0.379339	0.177993	0.210301	0	0	0.279419	0.382305	0.728103	0.446824	0.656239	0.456681	0.5
ihec.chipseq.ihec-chipseq-containerv1.1.4.IHECRE00001935.1.91e9ef78-52b0-44be-b463-2c4d06233b83.fc.signal	0.547187	0.476565	0.952418	0.44117	0.187618	0	0	0.427464	0.313826	0.306874	0.832082	0.0253187	0.314335	0.363414	0.264259	0.843787	0.831188	0.112134	0.339427	1.1444	0.389212	0.100919	0	0	0.067606	0.355997	0.546492	0.0061172	0.421891	0.0473245	0.821456	0.290539	0.4222	0.441567	0.476861
ihec.chipseq.ihec-chipseq-containerv1.1.4.IHECRE00000099.3.13cd1a6f-98d2-4646-9ca8-70d7500b92e5.fc.signal	0	0	0	0	0.21282	0.436143	0	0	0	0	0	0	0	0	0	0	0.574007	1.16525	0.822727	0.125566	0	0	0	0.176319	0.805966	0.062616	0	0	0	0	0	0	0.475719	0.173386	0.562526
ihec.chipseq.ihec-chipseq-containerv1.1.4.IHECRE00001014.4.c5ae491c-ef59-4b85-83e8-7c458c9d3645.fc.signal	0.271787	0.207012	1.56711	0.720071	0.682903	0.266124	0	0.0919893	0.179797	0	0.2488	0.159608	0.336042	0.419907	0.167449	0.49851	0.823753	0.381779	1.34598	1.0255	0.559709	0	0	0.00209067	0.629046	0.53331	0.433676	0.117546	0.184352	0.194432	1.11876	1.6394	1.24417	1.8026	0.836364
ihec.chipseq.ihec-chipseq-containerv1.1.4.IHECRE00000221.3.ee2442de-4362-4f9f-9331-9ed79b0e0f3c.fc.signal	0.345857	1.83995	0.442697	1.47334	1.46643	0.725907	0	0	0	0	0	0.169062	0.534845	0.192647	0.92948	2.21343	1.15605	0.308634	1.52236	0.965636	0.546454	1.31425	0.33894	1.16208	0.885392	0.701004	0.0466416	0.560883	0.684885	0.0415028	0	0.540922	0.98915	0	0.745568
ihec.chipseq.ihec-chipseq-containerv1.1.4.IHECRE00003716.2.79f94066-2988-40f9-a746-bdd6578c3873.fc.signal	0.162942	0	0.186894	1.44879	1.22935	0.272488	0	0	0.538757	0.135205	0	0	0.389771	0.776299	0.352757	0.225017	0.440217	0.709565	0.763738	0.828997	0.0487447	0	0	0.21222	0.0729599	0	0.422238	0.262828	0.591245	0.448471	0.309081	0.342646	0.743041	1.87095	0.483878
ihec.chipseq.ihec-chipseq-containerv1.1.4.IHECRE00001889.4.0a4412db-98d2-49c5-9fe7-7e089d81032b.fc.signal	0	0.424626	0	0	1.28385	0.47159	0.524384	1.06642	1.62743	0.90632	0	0.434815	1.22996	0.18918	0.365879	0.190491	0.165166	1.01209	1.31477	0.478542	0.178608	0.230354	0.387005	0	0.552588	1.43439	0.599912	0.117433	0.32967	0.297541	0.126963	0.327736	0.900727	1.04761	0.43883
ihec.chipseq.ihec-chipseq-containerv1.1.4.IHECRE00001956.2.fe4e2c35-293c-45d0-aa4a-9678c367d2df.fc.signal	0.313793	0	0	0	0	0	0	0	0	0	0	0.144781	0.196561	0	0	0	0.145344	0.0241069	0.636635	0.177824	0	0	0.310983	0.49235	0.164668	0.108827	0.401609	0.0220092	0	0.106589	0.216073	0	0.0298128	0.532413	0.599055
ihec.chipseq.ihec-chipseq-containerv1.1.4.IHECRE00001005.4.295db198-fe3f-4319-97a2-6e37da59d182.fc.signal	0.55754	0.331112	0.211196	1.31464	0.279843	0.707425	0	0.150321	0.669816	0.0551986	0.342688	0.407307	1.00463	0.320577	0.616743	0.767315	0.632297	1.12679	0.866906	0.635414	0.487844	0.568137	0.776497	0.398821	0.337492	0.209374	0.0818462	0.583849	0.353947	0.546034	1.42549	0.380625	0.472099	0.543856	0.663793
ihec.chipseq.ihec-chipseq-containerv1.1.4.IHECRE00004609.2.3aca4661-f677-47cf-b2b4-9335fbd4c1a8.fc.signal	0.244019	0.25652	0.377097	0.815795	0.215711	0.488465	0.112041	0	0	0	0.224142	0.0666221	0.541101	0.18612	0	0.887143	0.438263	0.31457	0.532542	0.205831	0.353943	0.0127309	0	0.0168747	0.537409	0.366265	0.527763	0.178332	0	0	0.0555695	0.43872	0.883525	0.735079	0.662045
ihec.chipseq.ihec-chipseq-containerv1.1.4.IHECRE00003837.4.7a6d8040-3df1-443f-8bf8-8f3e00d9a3bc.fc.signal	0.936784	0.144192	0.0362656	0.616772	0.333161	0.266827	0.885305	0.269399	0.194278	0.701982	0.139879	0	0	0.298916	0.360929	0.23788	0.386769	0.44926	0.380217	0.35293	0.477554	0.28811	0	0.150242	0.326384	0.531019	0.637224	0.308252	0.18899	0.741658	0.354245	0.38011	0.569093	0.215572	0.645445
ihec.chipseq.ihec-chipseq-containerv1.1.4.IHECRE00000014.2.f3dac2fd-4a27-4e6d-ac7b-9d439b1e4f70.fc.signal	0.619937	1.07847	0.887959	0.10356	0.788839	0.379758	0.441702	0.440603	0.27443	0.656493	0.369099	0.211024	0	0	0.148244	0.154259	0.167832	0.60473	0.450299	0.43235	0.308847	0.0413009	0.413013	0.706241	0.847688	0.48649	0.168123	0.188849	0.458831	0.275882	0.763996	0.397297	1.10331	1.47279	0.320713
ihec.chipseq.ihec-chipseq-containerv1.1.4.IHECRE00003812.1.7f19b755-763d-4552-86cc-5866c38edfa6.fc.signal	0.29112	0.514831	1.32988	1.12766	0.0721392	0	0	0	0.189454	0.146239	0.595456	1.92117	0.976106	0.427003	0.0678009	0.652699	0.710356	0.0704001	0.0250623	0.362549	0.0159809	0	0.166203	0.210912	0	0	0	0	0	0	0	0	0	0	0.617886
ihec.chipseq.ihec-chipseq-containerv1.1.4.IHECRE00001016.4.764ff188-5975-4398-93ca-ac1cbb246bef.fc.signal	0.232789	0.490132	0.180577	1.43614	0.836746	0	0.296662	0.247648	0.0470891	0.0419783	0.452273	0.170942	0.312969	0.906629	0.351217	0.530825	1.13526	1.01894	0.968534	0.372178	0.485955	0.5345	0.183572	0.0668044	0	0	0.484141	0.400975	0.264093	0.161096	1.22123	1.11649	0.677274	0.169233	0.673077
ihec.chipseq.ihec-chipseq-containerv1.1.4.IHECRE00003680.3.c19bd00a-5c6a-4173-86bf-6f467b56a6c8.fc.signal	0.573766	0.401899	0.192815	0.15362	0.156169	0.33777	0.194993	0.158635	0.333514	0.0863947	0.557909	0.600561	0.163907	0	0	0.0969088	0.061394	0.272614	0.434093	0.299064	0.399907	0.91026	0.449293	0.122475	0.186148	0.235781	0.361709	0.305694	0.149652	0.543485	0.253124	0.245137	0.965192	0.739793	0.69341
ihec.chipseq.ihec-chipseq-containerv1.1.4.IHECRE00001888.4.30f2e2fa-2f52-48ca-a898-c1b357672427.fc.signal	0.344958	0.318639	0	0	0	0.155818	0.488241	0.695701	0.351772	0	0	0	0.811521	0	0	0	0	0	0.056877	0.644516	0	0.0116169	0.924461	0	1.66489	0.325206	0.431887	0	0	0.872857	0.493312	0.43884	0.0359134	1.53026	0.463763
ihec.chipseq.ihec-chipseq-containerv1.1.4.IHECRE00004615.1.138484bb-d1db-4537-b285-bd13fe5a9644.fc.signal	0.829881	0.0883139	0	0.6545	0.398575	1.34041	0.383121	0.340264	0.862202	0.922747	0.401306	0.270137	0.387019	0.258415	0.355708	0.316043	0.221496	1.01631	0.612738	0.345713	0.021538	0.323103	0.0903206	0.235824	0.502563	0.415405	0.374034	0.657152	0.311694	1.21958	0.666216	0.340513	0.339002	0.691306	0.752475
ihec.chipseq.ihec-chipseq-containerv1.1.4.IHECRE00003810.1.86c1b69f-56b1-4f10-8993-9f16337e88d8.fc.signal	0	0.0618296	0.185287	0.268234	0.393164	0.0986271	0	0.0710945	0.249593	0.243195	0.270253	0.0286572	0.230415	0.264324	0.479563	0.295896	0	0.00921793	0.464008	0.182242	0.344902	0.0932514	0	0	0	0	0.124026	0.167055	0	0	0.29108	0.554312	0.0933937	0.445531	0.482821
ihec.chipseq.ihec-chipseq-containerv1.1.4.IHECRE00000949.6.e8717b6c-436c-4750-b776-17ab8ac934dd.fc.signal	0.439618	0.413088	0.499867	0.378883	0.519701	0.239912	0	0	0	0	0	0.353996	1.27166	0.789503	0	0.929663	1.53532	0.112495	1.63552	0.742025	0.13508	1.40372	0.0751657	0	0	0	1.15672	1.13401	0.242993	1.17091	0.5799	0	0.485685	0.354745	0.584501
ihec.chipseq.ihec-chipseq-containerv1.1.4.IHECRE00001893.4.6bb5df92-9ff3-4e16-95ee-8879c7d772cd.fc.signal	0.602759	1.07815	0.0235593	0.284265	0	0	0	0.21933	0.761334	0.22486	0.418098	0.328547	0.427296	0.923039	0.759969	0.213827	0	0.150169	0.0898401	0.87337	0.367601	0.367805	0.780625	0.473732	0.438245	0.425241	0.294906	0	0.0747365	0.814998	0.562922	0.481511	0.339944	0.45192	0.549836
ihec.chipseq.ihec-chipseq-containerv1.1.4.IHECRE00000237.3.c302d52d-2f68-44d1-89a6-40282d63fa3e.fc.signal	0	0	0	0	0	0	0	0	0	0	0	0.112167	0.373633	0.323333	0.362941	1.05609	0.934269	0.437397	2.42677	2.54454	0.21217	0	0	0	0	0	0.507847	1.27087	1.15974	0.365908	0	0	0	0	0.452446
ihec.chipseq.ihec-chipseq-containerv1.1.4.IHECRE00003825.5.1834b585-ddc4-496a-932c-7a9bf9d8b90a.fc.signal	1.02054	0.448825	0.358874	0.563998	0.648552	0.513528	0.894255	1.00542	0.845886	0.826991	0.766002	0.484616	0.733664	0.412768	0.217485	0.308064	0.710796	0.908027	1.25984	0.854453	0.479967	0.968786	0.454641	0.343428	0.920512	1.10375	0.237024	0.128683	0.298964	0.40533	0.62199	1.36683	1.12234	0.658288	0.382423
ihec.chipseq.ihec-chipseq-containerv1.1.4.IHECRE00001326.1.37115afe-1066-4486-a16d-45ed3b145950.fc.signal	0	0	0.0210377	1.15379	0.545446	1.06608	0.939228	0.677644	0.512851	1.40806	0.0612731	0.29515	0.274988	0.461185	0	0.287436	0.679508	0.948007	1.38904	0.538098	0	0	0.330253	0.478503	0	0	0	0.0947597	0.559881	0.246301	0.34106	0	0.87286	1.59485	0.236364
ihec.chipseq.ihec-chipseq-containerv1.1.4.IHECRE00000938.7.01f9973b-8525-412e-af4b-17a7500beaf0.fc.signal	0	0	0	0.520219	0.241077	0	0	0	0	0	0	0	2.00592	0.83352	0	0.152291	1.8003	0.706295	3.13937	1.52033	0.112575	1.64935	0.594444	0	0.761296	0	0	0	0	0.07428	0.485227	0	0.615235	2.73771	0.73545
ihec.chipseq.ihec-chipseq-containerv1.1.4.IHECRE00004610.2.c8287f3a-ec01-4e9b-9790-466f356c7045.fc.signal	0.352823	0.312882	0	0.006678	0.321306	0.589356	0.0457711	0	0	0	0.0116677	0.32192	0.261784	0.134857	0.167973	0.0149856	0.287605	0.318494	0.690392	0.409331	0.0100621	0	0	0.0316363	0.225149	0.344509	0.45933	0.248798	0.00416267	0	0.1681	0.164771	0.375498	0.661145	0.715697
ihec.chipseq.ihec-chipseq-containerv1.1.4.IHECRE00001875.2.c8e36202-3364-4044-b761-9decdba45b1b.fc.signal	1.2798	0.449537	1.59717	1.05317	0.385561	0.581106	0.687201	0.321323	0.775481	0.0422224	1.13347	0.397462	0.67674	0.852668	0.279034	0.568422	1.53998	1.59872	0.856011	1.16013	1.32713	0.570947	0.179155	0.495727	0.138478	0.902539	1.65738	0.819048	0.602163	2.33241	0.178191	1.1796	0	0.799131	0.655665
ihec.chipseq.ihec-chipseq-containerv1.1.4.IHECRE00000277.2.fb2124f0-36af-4a76-8ad7-d174d0cea4e6.fc.signal	0.970277	0.834052	0.16071	0.264942	0.275911	1.07864	0.460382	0.418281	0.343215	0.194268	0.416154	0.404553	0.48485	0.411975	0.236208	0.769116	1.00806	0.773404	1.89604	0.87209	0.525732	0.0343569	0	0.109746	0.760421	0.513047	0.07616	0	0	0.818251	1.32759	0.556351	0	0.40579	0.297814
ihec.chipseq.ihec-chipseq-containerv1.1.4.IHECRE00003404.1.74b350f6-e337-49cb-b533-051914db11db.fc.signal	1.32122	0.55371	0	0.430906	0.779596	0.615633	1.58984	0.688462	0.872009	2.02818	3.51711	2.43562	1.71297	1.92753	1.42932	2.36554	2.09852	1.0222	1.86925	1.40776	2.09963	1.09471	1.56155	0.288582	1.18614	3.19822	1.39182	0.260248	0	1.0827	0.564406	1.23687	0.805059	2.59534	0.755302
ihec.chipseq.ihec-chipseq-containerv1.1.4.IHECRE00001548.1.f82ac9b0-d6bf-42cb-bbfe-2f32bc25b0e5.fc.signal	0.260139	0.101394	0.226211	0.502859	0.191606	0	0	0.173025	0.586053	0.671638	0.387561	1.26898	0.600465	0.181903	0.335654	0.306046	0.14239	0.321035	0.312083	1.04468	0.107673	0	0	0.382482	0.272421	0.59928	0.336757	0	0	0.206822	0.110207	0.198411	0.325234	0.0280839	0.35905
ihec.chipseq.ihec-chipseq-containerv1.1.4.IHECRE00003686.3.4f07d906-46cb-4b49-9eca-84ffb88233a3.fc.signal	0	0	0	0	0	0.192268	0.805127	0.432979	0.0120167	0.0312433	0.330458	0.142998	0	0	0	0	0	0	0.0827171	0.208908	0.0155032	0	0	0.0619388	0.341063	0.343571	0.236728	0	0	0.193468	0.882033	0.438614	0	0	0.602132
ihec.chipseq.ihec-chipseq-containerv1.1.4.IHECRE00004604.3.90b22b5d-3f31-4944-a92b-e05b092bb019.fc.signal	0	0	0	0	0	0	0	0	0	0.0501904	0.241247	0.0382194	0.986782	0.851786	0.12364	0.467134	0.372202	0.837449	0.593344	0.791297	0.561588	0.365468	0.629173	0.221275	0	0.157714	1.34756	0.702768	0.195138	0.499329	0	0.0321719	0.575674	0.84448	0.618218
ihec.chipseq.ihec-chipseq-containerv1.1.4.IHECRE00004703.3.1bba97b5-19f8-44b2-9010-957803792d0a.fc.signal	0.445983	0.996871	0.682129	0.306135	0.59506	1.17248	1.06023	0.442666	0.419713	0.547006	0.59617	0.814481	0.987974	0.740188	0.474349	0.423234	0.767994	0.882025	0.577128	0.216118	0.643759	1.07398	0.737596	0.688907	1.188	0.604068	0.454909	0.320469	0.495985	0.705945	0.489349	0.179156	0.465347	0.428284	0.570312
ihec.chipseq.ihec-chipseq-containerv1.1.4.IHECRE00000348.2.1c3471cc-b698-44b7-a81f-e538004368cc.fc.signal	0.456718	0.360109	0.880258	0.222218	0	0.645044	0.657375	0.845661	0.354894	1.22834	0.916615	0.16664	0.256132	0.345625	0.0931219	0.381908	0.314765	1.05243	2.18203	1.33019	0.962501	1.59098	0.944525	0.513625	0.412253	1.36611	0.663488	0	0	0.694405	1.08995	0.560408	0.922163	0.463625	0.3
ihec.chipseq.ihec-chipseq-containerv1.1.4.IHECRE00001013.4.770958ed-9bbe-4b12-bd7b-8137c6cce8cb.fc.signal	0.120997	0.422336	0	0.1207	0.302049	0.526158	0.377704	0.435877	0.218523	0.26999	0.503848	0.507503	0.55184	0.665741	0.395556	1.15028	0.732247	0.847878	1.19153	0.240849	0.0113824	0.665641	0.304623	0	0	0	0	0.531009	0.566699	0.34949	0.0898443	0.0048564	0.785079	1.01899	0.657407
ihec.chipseq.ihec-chipseq-containerv1.1.4.IHECRE00001015.4.5c0d3bc3-2483-4334-82c2-b98db24b9499.fc.signal	0	0.00842613	0.284384	0.0997503	0.33201	0.254514	0.108209	0.389381	0.250064	0.0770389	0.254558	0.371957	0.576511	0.242682	0.187793	0.933793	1.03728	1.03545	0.608895	0.292472	0.0973285	0.630709	0.541325	0.481493	0.541674	0.853328	0.205838	0.250379	0.373161	0.761515	0.376844	0.749157	0.568682	0.373937	0.643299
ihec.chipseq.ihec-chipseq-containerv1.1.4.IHECRE00000321.2.5ba9011d-0b2f-4dce-adf6-b6fc909772d8.fc.signal	0.0679537	0.330953	0.741528	0.892616	0	0.138564	0.883365	0.901338	1.45552	0.0951843	0	0	0.151177	0.608495	0.378153	0.250615	0.978555	0.481496	0.757387	0.696815	0.81344	0.659844	0.365092	0.0391921	0.465965	0.758941	0.773002	0	0.165665	0.578415	0.697439	1.21344	0.273348	0.571043	0.317121
ihec.chipseq.ihec-chipseq-containerv1.1.4.IHECRE00001918.1.ffd8a608-2156-4a94-9cef-9114e8021510.fc.signal	0.189039	0.738433	0.656974	0.674534	0.298327	0	0.394761	0.280968	0.0041628	0.336764	0.302201	0.297133	1.46768	1.16213	0.612339	1.093	1.61621	1.30877	0.0644997	0	0.0090488	0.249561	0	0.486496	0.397025	0.0721457	0.246009	0.231045	0.0854214	0.163056	0.406707	0.00386547	0.221826	0.485232	0.0403226
ihec.chipseq.ihec-chipseq-containerv1.1.4.IHECRE00003843.4.0955c465-0a29-4812-9c6e-d756f9a18b54.fc.signal	0.550201	0.345465	0	0	0.123744	0.352711	0.00502587	0	0.0402069	0.350554	0.177162	0.367384	0.645348	0.678474	0.147471	0.290642	0.782475	0.38072	0.138992	0.309091	0.236216	0.317886	0	0.173392	0.462321	0.511314	0.874099	0.576858	0.257346	0.538379	0.188594	0.17644	0.253346	0.00942771	1
ihec.chipseq.ihec-chipseq-containerv1.1.4.IHECRE00003814.1.dae7eca5-76e6-4bd8-b7ed-ed119799b038.fc.signal	0.48198	0.379008	0.941843	0.709978	0.320294	0.665107	0.260178	0.346894	0.575441	0.880708	1.02435	0.282928	0.60343	0.215603	0.394598	0.878478	0.33032	1.1636	0.532618	0.273231	0.471407	0.412719	0.489161	0.232485	0.294854	0.241544	0.411776	0.0908789	0.136891	0.467445	0.652676	0.282796	0.241787	0.231915	0.490281
ihec.chipseq.ihec-chipseq-containerv1.1.4.IHECRE00003803.1.f859dcbd-afbe-4ae5-8435-ea7adf39970c.fc.signal	0.628968	0.614813	0.0289895	0.33304	1.64895	1.51036	0.551121	0.487152	0.0260223	0	0	0	0.0308864	0.938926	1.1659	0.751196	0.0758517	0.529836	1.3111	0.593581	0.0566524	0	0.401474	1.12446	1.14777	0.439242	0.233851	0.328286	0.157431	0	0	0.0894816	0.428235	0.254783	0.625731
ihec.chipseq.ihec-chipseq-containerv1.1.4.IHECRE00003730.1.aa91ddbb-920b-4389-adfc-bc95d87573a2.fc.signal	0.55696	1.12554	2.07686	1.28034	0.415522	0.137537	0.929891	0.823969	0.088041	0.522073	0.606884	1.96349	1.06306	0.80089	0.332079	2.74036	1.84996	1.07824	1.19088	0.528531	1.51692	1.20888	1.00729	1.98319	1.39966	0.00465453	0.692302	0.157447	0	0	0.223169	0.800017	1.32045	1.65296	0.524706
ihec.chipseq.ihec-chipseq-containerv1.1.4.IHECRE00001854.4.6809abea-4899-4dd9-b04a-d68ef6203ffb.fc.signal	0.231913	0.537549	0.822124	0.780129	1.15239	1.10178	0.788706	0.384592	0.788302	1.57894	0.377051	0	0	0.423402	0.486336	0.0263337	0	0	0.116744	0.488231	0.421386	0.195198	1.83772	1.81574	1.39973	0.844085	0.554958	1.01893	0.185042	0	0.0997786	0.772127	1.27283	0.952554	0.522886
ihec.chipseq.ihec-chipseq-containerv1.1.4.IHECRE00004681.3.2df51237-5ee8-4df1-9b35-852de3df9810.fc.signal	0.363194	0.604648	0.670467	0.582298	1.23118	1.23952	1.49456	1.14934	1.61805	0.502513	0.415224	0.488362	0.243508	0.620512	1.21918	0.946221	0.825035	1.08518	0.935836	0.31131	0.744281	1.38481	0.824089	1.16738	1.56189	1.60632	0.872	0.730322	0.66892	0.361503	0.431624	0.369584	0.461281	0.420228	0.481278
ihec.chipseq.ihec-chipseq-containerv1.1.4.IHECRE00001233.5.3fd172f1-2dff-4354-a3a1-c7faa70478b7.fc.signal	0	0	0.00723567	0.285482	0.0500565	0	0	0	0	0	0.23616	0.165007	1.07097	0.73891	0.525974	0.422037	0.408638	1.0498	1.47047	0.572279	0.0349867	1.31183	0.532657	0	0	0	0	0.355101	0.580711	0	0.210047	0.225956	0.194176	0.837723	0.743056
ihec.chipseq.ihec-chipseq-containerv1.1.4.IHECRE00001019.4.9d84c99a-dac5-45a2-b863-f9fa27db5859.fc.signal	0.532829	0.276005	0.584321	0.227496	0.273795	0.147565	0.307729	0.223098	0.313575	0.0491883	0.167548	0.384283	0.918903	0.524746	0.633322	1.20479	2.15678	0.709272	0.966833	0.832986	1.04525	0.800846	0.41281	0.120053	0.276804	0.067666	0.291426	0.258238	0.951486	0.503136	0.666181	0.23237	0.837472	1.41089	0.756098
ihec.chipseq.ihec-chipseq-containerv1.1.4.IHECRE00003818.1.404b0fff-7a57-4978-8379-3089d99854a9.fc.signal	0.107478	0.573599	0.577222	0.243995	0.393217	0.238373	0.451364	0.113616	0.0200782	0.624709	0.230265	0.081418	0.639968	0.704173	0.433253	0.170829	0.156774	0.190575	0.0410063	0.535311	0.570502	0	0.0501133	0.454751	0.211143	0.290548	0.118757	0	0.149251	0.848071	1.45856	1.60332	0.557339	0.521482	0.590604
ihec.chipseq.ihec-chipseq-containerv1.1.4.IHECRE00003817.1.8283360d-85c5-47d8-8e88-2dbecb596c14.fc.signal	0	0	0	0	0.136621	0.146006	0.0787439	0.189214	0.165429	0.13048	0.122053	0.134735	0.21592	0.163848	0	0.169161	0.229322	0.0336067	0	0.0944427	0.0252459	0.104446	0.139663	0.175689	0.273184	0.208809	0.0508816	0	0	0.0325583	0.238097	0.213777	0.20898	0.418652	0.57702
ihec.chipseq.ihec-chipseq-containerv1.1.4.IHECRE00003396.1.4bb6cf38-793d-41e7-af37-1f5641085d37.fc.signal	0.667236	0.0353964	0.193199	0.740885	1.78843	1.38356	1.74117	1.25344	1.06468	2.04999	0.472688	1.11649	2.45793	0.997292	1.82057	2.072	0.264877	1.95721	1.99637	0.99553	0	1.18484	0.703294	0.453661	0.830228	2.89649	0.0121215	0	0.448642	1.44904	2.54067	0.339214	1.26026	0.904878	0.580705
ihec.chipseq.ihec-chipseq-containerv1.1.4.IHECRE00004713.2.9c4780de-3fe9-463d-b53b-5fe60a9ad8a2.fc.signal	0.247386	0.348254	0.229422	0.590968	0.513135	0.148738	0	0.071447	0.237996	0.25002	0.281264	0	0.168976	0.295646	0.0908311	0.148567	0.631203	0.564816	0.916614	0.688286	0.36624	0.0574192	0.704283	0.512199	0.731749	0.197632	0.275415	0.258568	0.463881	1.04935	1.18966	1.18557	0.745673	0.29014	0.512179
ihec.chipseq.ihec-chipseq-containerv1.1.4.IHECRE00001335.1.6d13e882-b47b-453b-9f9b-154094e4f3fb.fc.signal	0.217985	0.26479	1.26937	0.374385	0.340087	0.201321	0	0.364367	0.360172	0	0.804817	0.516691	0.0539352	1.33683	1.16818	0	0.198293	0.417377	0.297846	0.0157309	0	0.187405	0.270486	0	0.332335	0.892854	0.0871939	0.0660759	0.491752	0.370239	0.412075	0.395193	0.315329	1.26891	0.410169
ihec.chipseq.ihec-chipseq-containerv1.1.4.IHECRE00004602.2.6afade6a-decd-4de3-8d6c-21d796fc221f.fc.signal	0.132496	0.269208	0.0722613	0.588467	0.192205	0.0597217	0.212298	0.156824	0.0332766	0	0	0	0	0	0.276232	0.352026	0.0519151	0.220324	0.164004	0.35837	0.0970787	0.105401	0.208344	0.140705	0.268978	0.0473633	0	0	0	0	0.0744565	0.185666	0.120276	0.486933	0.299578
ihec.chipseq.ihec-chipseq-containerv1.1.4.IHECRE00003806.1.52efbfdb-5e8a-4fc8-aa16-3be398d8b82d.fc.signal	0	0.307299	0.247067	0.176005	0	0	0	0	0.0310295	0.349845	0.925004	0.413001	0.468718	0.40293	0.0868224	0.14585	0.419998	0.267826	0.403513	0.0636922	0.115952	0.168376	0	0.0555265	0.488478	0.158491	0.200558	0.383231	0.0840296	0.340283	0.442642	0.333523	0.651655	0.84717	0.231579
ihec.chipseq.ihec-chipseq-containerv1.1.4.IHECRE00003846.4.2cf78cce-4147-4b4e-9fec-f7eecb7960a2.fc.signal	0.150506	0.009936	0.349188	0	0	0	0.0377051	0.201206	0.0230207	0	0	0.0390457	1.1552	0.445808	0.0179651	0.264403	0.467355	0	0	0	0.177446	0.0351194	0	0	0.56064	0.455313	0.0530288	0.146063	0.693052	1.59281	1.12745	0.760951	1.24897	0.894391	0
ihec.chipseq.ihec-chipseq-containerv1.1.4.IHECRE00004888.1.9cc24acd-6188-40e5-bad4-b78f8ccb0b3a.fc.signal	0.601511	0	0.229454	0.836492	0.39449	0.431917	0.0986616	0	0	0	0.110138	0.583516	0	0.452214	0.223503	0.395565	0.668423	1.45427	1.56107	1.82593	1.52513	1.3811	0.554939	0	0	0	0	0	0	0.618485	0.634122	0.0971559	1.29673	1.22677	0.551426
ihec.chipseq.ihec-chipseq-containerv1.1.4.IHECRE00001903.1.7f8e529d-cf30-4d19-82b7-6287d94d8e26.fc.signal	0.577401	0.400131	0.460907	0	0.436223	0	0.314962	0.115676	0	0.260066	0.171013	0.146623	0	0	0	0	0.336552	0.137477	0.216084	0.583235	0.543296	1.11441	0.13774	0.402424	0	0	0.371024	0.295715	0.147219	0.380736	0.42538	0.310565	0.400686	0	0.57554
ihec.chipseq.ihec-chipseq-containerv1.1.4.IHECRE00004618.1.f3b6006d-3e3a-44fa-b4a9-49a87f36ab7f.fc.signal	0.337858	0.610842	0.480875	0.677611	0.168278	0.397982	0.368383	0.372471	0.555454	0.0750141	0.315278	0.639967	0.450787	0.0630621	0.383014	0.508845	0.571095	0.227247	0.734673	0.354151	0.277726	1.03552	0.180761	0.692338	0.283447	0.0972344	0.352166	0.644852	0.28266	0.299598	0.268659	0.460485	0.56598	0.924376	0.784572
ihec.chipseq.ihec-chipseq-containerv1.1.4.IHECRE00001044.7.81d2cec4-6d09-4c4d-9e5a-688e4151854e.fc.signal	0.231546	0	0.637963	0.518287	0.779001	0.560921	0.419771	0.449336	0.554796	0.245187	0.173184	0.222814	0.459153	0.236515	0.205266	0.33602	0.214024	0.770638	0.487167	0.263528	0.117144	0.751075	0.367443	0.365511	0.821873	1.00628	1.00078	0.859649	0.618012	1.0581	0.487707	0.686591	0.591846	1.13881	0.508485
ihec.chipseq.ihec-chipseq-containerv1.1.4.IHECRE00000339.2.7a2d3f54-2b3a-4474-b0f6-8d1ef1d55280.fc.signal	0.407182	0	0	0	0	0	0	0	0	0	0	0.106387	0.647411	0.810758	2.45675	0.853656	1.57896	0.385854	0.131198	0.388667	0.457254	0.341914	0.494529	0.508178	1.02038	1.01573	0.579537	0.571917	0.00397513	0.119323	0.676374	0.116371	0.865741	1.06065	0.22043
ihec.chipseq.ihec-chipseq-containerv1.1.4.IHECRE00002058.1.bb047498-09b9-4c13-b396-ee9ca79dcf59.fc.signal	0.347847	0.263794	0.383308	0.0678727	0.339271	0.113241	0	0.574497	0.464695	0.180719	0	0.320758	0.0924232	0	0	0	0.607002	0.529866	0	0.243506	0.0925514	0	0.143113	0.0303417	0.135148	0.369363	0.00718633	0	0	0	0.0567708	0.143493	0.208283	0.104862	0.243697
ihec.chipseq.ihec-chipseq-containerv1.1.4.IHECRE00003402.2.d3186b4d-954d-4e57-a34d-97e0da3e61a0.fc.signal	1.37377	0.332359	0.0523753	0.792687	1.14404	0.958948	1.41733	0.646928	0	0.0496038	0.872171	0.725137	0.522606	0.372876	0.342348	0.660368	0.281806	0.542989	0.556717	0.413748	1.0988	0.562857	0.413903	0.763342	0.43389	0.721295	1.22876	0.722788	0.993492	1.30548	1.39348	1.64505	0.786944	0.917105	0.671642
ihec.chipseq.ihec-chipseq-containerv1.1.4.IHECRE00001936.1.560a707c-11f9-456f-9667-23fa8be1b9b6.fc.signal	0.32639	0.609073	0.797832	0.566338	0.628708	0.197443	0.479965	0.354695	0.300086	0.441149	0.607125	0.898029	0.949702	0.804338	0.160776	0.179415	0.451021	0.328777	0.588326	0.40066	0.243286	0.516976	0.39232	0.399079	0.238327	0.336416	0.407111	0	0.33719	0.439083	0.527779	0.277097	0.514568	0.555981	0.507692
ihec.chipseq.ihec-chipseq-containerv1.1.4.IHECRE00001482.1.9755e0ba-37a3-43a9-ac73-183469af6d57.fc.signal	0.0282507	0.716447	0.146683	0	0.899144	0.874829	0.628378	0.339	0.447663	0.867284	1.18522	0.418988	0.474849	1.17704	0.945315	0.63025	1.02206	0.887386	0	0	0.683918	0.343932	0	0.0449574	1.13564	0.986106	1.0474	0	0.0114385	0.485537	0	0	0.62443	0.361301	0.344595
ihec.chipseq.ihec-chipseq-containerv1.1.4.IHECRE00000060.3.859b49cb-ac61-48c4-a1ad-a49ca139de17.fc.signal	0.641632	1.30107	1.85084	0.918103	0.169851	0	0	0.079807	0.408724	0.36309	0.492177	0.813039	1.8482	0.750663	0	0	0.132736	0.818377	0.119708	0.376415	0.119978	0.144076	0.276251	0.319118	0	0.929355	0.657683	0.562174	0.983555	0.610596	0.113825	0.508383	0.492211	1.32951	0.412587
ihec.chipseq.ihec-chipseq-containerv1.1.4.IHECRE00004617.2.88e56c75-286f-4a1a-b576-b35887e484d4.fc.signal	0	0	0	0.0753992	0.525375	1.20861	1.05715	0.771649	0.746186	0.800307	0.466861	0.260439	0.134468	0.55982	0.732588	0.185998	0.251323	0.594926	0.0437732	0	0	0.100611	0.298464	0.253462	0.237102	0.58208	0.529005	0.14095	0.195521	0.464043	0.131608	0.202359	0.110549	0.0287086	0.730655
ihec.chipseq.ihec-chipseq-containerv1.1.4.IHECRE00001039.6.1c43239d-dfc1-4ee8-9404-c3dda7976cff.fc.signal	0.349611	0	0.297899	0.53292	0	0.423553	0.69094	0.908195	0	0	0	0	0	0.296883	0	0.0702898	0.573782	0.352769	0.337843	0	0.0166412	0.612127	0.587591	0.483594	0.470402	0.247771	0.585797	0	0.096599	0.334991	0.399346	0.59037	0.409954	0.18556	0.317269
ihec.chipseq.ihec-chipseq-containerv1.1.4.IHECRE00001914.1.8e285ede-ec5b-4f68-8356-b0089710b615.fc.signal	0.30428	0.224075	0.87807	0.852191	0.469395	1.03228	0.400699	0.504832	0.560493	0.445761	0.21847	0.289714	0.514967	0.765928	0.444022	0.753897	0.743021	0.575563	1.58271	0.903225	0.346343	0.219533	0.328595	0.267438	0.441206	0.647462	0.528289	0.679034	0.544377	0.302358	1.0729	0.927731	1.0629	0.0401494	0.330189
ihec.chipseq.ihec-chipseq-containerv1.1.4.IHECRE00003829.4.86c5f202-7b84-42f8-b6ed-71aa22b2e0fd.fc.signal	0.130886	0.0896212	0.339691	0.0424464	0	0.140151	0.316846	0	0.229993	0.241788	0	0	0	0.105322	0.250376	0.0401362	0.12271	0.174381	0.0107865	0	0	0	0	0	0	0	0	0.139133	0.278334	0.272435	0.318005	0.296469	0.0436255	0.134168	0.214628
ihec.chipseq.ihec-chipseq-containerv1.1.4.IHECRE00000228.3.7281ed79-ca1f-4f34-ad6b-6aeb18d6b751.fc.signal	0	0	0	0	0	0	0	0	0	0	0	0.284205	0.86293	0.385095	0	0	0.357241	0.654236	1.18623	0.810379	0.0209152	0	0	0	0	0	0.106766	0.286342	0.356527	0.352969	0	0.106319	0.519384	0.400029	0.682875
ihec.chipseq.ihec-chipseq-containerv1.1.4.IHECRE00001963.2.c17770a0-5e1a-467c-8c25-b0784609b22f.fc.signal	0	0	0	0	0	0	0	0	0	0	0	0	0	0	0.0168535	0.204563	0.0581269	0	0	0	0	0	0.135727	0.156009	0.00479	0	0	0	0	0	0	0	0	0	0.436893
ihec.chipseq.ihec-chipseq-containerv1.1.4.IHECRE00000238.3.bd79aee4-cb3e-4358-b4aa-2b3125cb6682.fc.signal	0.167908	0.489138	0.733134	0.54164	0.820585	0.10562	0.273528	0.295194	0.13541	0	0.0999026	0.367154	1.07855	0.931122	1.45518	1.82169	0.48206	0.863916	0.666217	0.750171	0.75288	0.696007	0.251863	0.560597	1.44076	0.903492	0.142933	0.435186	0.177604	0.720381	1.83334	2.15025	1.27015	2.77003	0.75129
ihec.chipseq.ihec-chipseq-containerv1.1.4.IHECRE00003808.1.fe6c656d-0fea-4a9a-b4bd-a49f16ef7992.fc.signal	0.566337	0.36301	0.140417	0.434937	0.377408	0.560216	0.930286	0.485239	0.404367	0.16443	0.0818038	0.266025	0.212144	0.245098	0.239537	0.0191105	0.246619	0.317866	0.0768395	0.268266	0.519939	0.428129	0.369589	0.412205	0.234204	0.321628	0.0566275	0	0.0395952	0.124703	0.245017	0.314387	0.679739	0.180078	0.461049
ihec.chipseq.ihec-chipseq-containerv1.1.4.IHECRE00001471.1.1a15235c-2fe4-4569-a5a6-ed62c1765abd.fc.signal	0.807262	0.442711	0.718011	0.229012	0.287486	0.266919	1.11821	0.714347	1.35112	1.39112	0.541201	0.586545	0.467134	0.361735	0.0828468	0.350267	0.939344	1.1002	0.836985	1.25983	2.13114	0.43546	0.154126	0.455024	0.229349	0.602567	0.526325	0.218759	0.811615	0.655062	0.840081	0.667424	0.368408	0.241068	0.512397
ihec.chipseq.ihec-chipseq-containerv1.1.4.IHECRE00003690.3.dc1d2dc3-279f-44dc-a6f1-0d5154726fd5.fc.signal	0.550742	0.118095	0	0.006592	0.115605	0.18716	0.0892607	0.320669	0.649367	0.440737	0.252241	0.495742	0.541211	0.24782	0.0878918	0	0.10365	0.286091	0.182808	0.0429899	0.147593	0.131871	0	0.0809807	0.218542	0.367008	0.421131	0.432688	0.211333	0.040268	0	0.0603954	0.154743	0.189629	0.567185
ihec.chipseq.ihec-chipseq-containerv1.1.4.IHECRE00004635.3.e09563f2-ad32-412b-91d3-8f5c1229dde6.fc.signal	1.88997	1.53788	0.412934	0.337707	0.972276	1.39329	1.28181	0.828239	0.386211	0.363974	0.548423	0.999206	1.57099	0.88946	1.24136	1.68669	1.16143	1.72075	1.29393	0.931172	0.760392	1.53856	1.37916	0.982952	0.688845	1.2203	1.08546	0.22021	0.0512368	0.524075	1.92419	1.31168	0.759459	0.614469	0.463565
ihec.chipseq.ihec-chipseq-containerv1.1.4.IHECRE00004664.3.d6d75692-32d3-4ddf-b607-bb2c11beb469.fc.signal	0.391534	0.613579	0.482498	0.668514	0.30654	0.563163	1.08052	0.344088	0.429814	0.521642	0.402479	0.506015	0.0478802	0	0	0	0.0170535	0.408987	0.938614	0.788798	0.156797	0.344146	0.532337	1.18795	0.85051	0.503417	0.570879	0.233504	0.032651	0.128793	0.933729	0.711346	0.621368	0.43145	0.534884
ihec.chipseq.ihec-chipseq-containerv1.1.4.IHECRE00000260.2.5f5eb12c-0369-497c-bc47-61446f48fe2b.fc.signal	0.590579	0.28709	0	0	0.0116388	1.04361	1.28403	0.562945	2.15661	0.650112	0.13521	0	0	0	0	0.044863	0.755592	1.12508	1.16388	0.513437	0.923226	0.810423	0.152072	0.0077648	0.401698	0.161679	0	0	0	0.104749	0.549278	0.135674	0.432409	0.622363	0.314079
ihec.chipseq.ihec-chipseq-containerv1.1.4.IHECRE00003691.3.6671b082-a817-48d2-abb0-2b33e6b6a3bd.fc.signal	0	0	0	0.127681	0.516737	0.661348	0.462911	0.250818	0.0504104	0	0.0105747	0.231568	0.556149	0.326187	0.0406936	0.036039	0.15362	0.124131	0.0886241	0.151317	0.12396	0.0231392	0.0140488	0.23645	0.174436	0	0.0793674	0.24803	0.0975563	0	0.0236884	0.197582	0.277412	0.125417	0.558585
ihec.chipseq.ihec-chipseq-containerv1.1.4.IHECRE00003696.3.e00c0d9c-ba65-4ccf-bfd6-bf0790f0d972.fc.signal	0.202977	0.0511393	0.232355	0.37278	0.148993	0.180864	0.313236	0.43751	0.497709	0.20063	0	0.0458005	0.379845	0.65176	0.376709	0.246897	0.267938	0.290224	0.186791	0.129853	0.167012	0.36116	1.15466	1.33715	0.926171	0.973411	0.964347	0.576035	0.32034	0.294447	0.253056	0.416793	0.774748	0.807083	0.555474
ihec.chipseq.ihec-chipseq-containerv1.1.4.IHECRE00003683.3.337d4e8a-e984-41f8-aa57-60f7eb5f2a93.fc.signal	0	0	0.0123735	0.197996	0.4257	0.363617	0.2993	0.213781	0	0.00787407	0.293672	0.204776	0	0	0	0	0	0.0687299	0.169667	0.109621	0.276719	0.774109	0.820296	0.0720025	0	0	0	0	0	0	0.0427449	0.295262	0.366816	0.369892	0.621697
ihec.chipseq.ihec-chipseq-containerv1.1.4.IHECRE00003838.5.82ddd4cf-3b63-4f67-947e-b3f54aa3c13f.fc.signal	0.156288	0	0	0	0.0343577	0.11568	0.109554	0.131138	0.0363183	0	0	0.0509119	0.0978909	0.0331372	0.131273	0.0820008	0.0786192	0.0232361	0	0	0	0	0	0	0	0	0	0	0	0.00788527	0.174838	0.243743	0.279364	0.200237	0.102178
ihec.chipseq.ihec-chipseq-containerv1.1.4.IHECRE00003804.1.6ec1eb56-dc70-4c75-a01e-fb5bc58e0bff.fc.signal	0.296965	0.175478	0.159346	0.168738	0.332262	0.0709092	0.0803694	0.230345	0.351089	0.570977	0.322918	0.349012	0.385642	0.585921	0.191194	0.196655	0.291351	0.569694	0.328261	0.0946461	0.116449	0.430387	0.274918	0.279108	0.40932	0.32775	0.242709	0.0153649	0.0359524	0.356677	0.338424	0.0591268	0.359977	0.755682	0.584699
ihec.chipseq.ihec-chipseq-containerv1.1.4.IHECRE00000953.7.bf11ac1b-8dad-44dd-9341-8c4e3e027748.fc.signal	0.161296	0	0	0.250359	0.3183	0	0	0	0	0	0	0.940733	1.23678	0	0.618366	2.34967	2.2618	0.234466	0.970186	1.04698	0	0	0	0	0	0	0	0	0.221782	0.987938	1.17234	0	1.06182	1.84025	0.488889
ihec.chipseq.ihec-chipseq-containerv1.1.4.IHECRE00000193.3.179018aa-ea1d-4971-92d4-32a8540ba1a7.fc.signal	0	0	0.0507373	0.58543	0.113695	0	0.320037	2.19662	1.80124	1.10855	0.65492	0.893835	0.719369	0.283382	0.47615	0	0.839221	0.615386	0.453922	0.294922	0	0	0	0	0.218561	0.474126	0	0	0	0	0.792187	0.825475	0.431688	0.319082	0.472222
ihec.chipseq.ihec-chipseq-containerv1.1.4.IHECRE00000943.7.2d49fd2f-74c0-448e-a30b-e44db7e3a5ff.fc.signal	0.470073	0.336019	0	0.692737	0.319526	0	0.614457	0.496504	0	0.16621	0.189906	0.692188	0.918153	0.961191	0.477791	0.378591	0.186516	0.530583	0.529208	0.35047	0.259295	0.361326	0.663573	0.40612	0.402477	0.133743	0.430834	0.537489	0.08428	0.399463	0.653307	0	0.313489	1.01502	0.762419
ihec.chipseq.ihec-chipseq-containerv1.1.4.IHECRE00001878.2.b354eb4d-cb73-4537-9821-0c6583037536.fc.signal	0.782824	0.543789	0.168163	1.23483	0.438307	0.146694	0.468267	0	0.708765	0.0460127	0.656597	0	0	0.533521	0	0.294268	0.469343	0.383072	0.817304	0.665908	0	0.289858	0.389857	0.606521	0.351683	1.36457	0.547616	0.198329	0	0.503536	0.0825185	0	2.03833	0.640451	0.590517
ihec.chipseq.ihec-chipseq-containerv1.1.4.IHECRE00003685.2.e68f52c1-41a1-4e05-8c93-7ca09c5fb4fe.fc.signal	0	0	0	0	0	0.0581309	0.217136	0.183796	0.0615504	0.230814	0.205168	0.0111133	0	0	0	0	0	0	0.0667729	0.230494	0.346842	0.211152	0.166699	0.25646	0.064115	0	0.134214	0.25646	0.0931805	0.311176	0.506946	0.171829	0.319725	0.488336	0.620797
ihec.chipseq.ihec-chipseq-containerv1.1.4.IHECRE00003695.3.08f241da-4ea3-4efd-8a07-63057f4f6ca8.fc.signal	0.124991	0.189568	0.0736236	0.128973	0.208716	0.0759727	0.0752061	0.16669	0.114214	0.0202104	0	0.0880596	0.21654	0.137142	0	0.0895032	0.204453	0.203793	0.388001	0.322098	0.0115488	0	0.132089	0.21654	0.0931122	0	0.0710621	0.174676	0.147247	0.0461952	0	0.0028872	0.186946	0.249917	0.607387
ihec.chipseq.ihec-chipseq-containerv1.1.4.IHECRE00001025.7.737b5bf1-d829-45ff-8c28-1667416be068.fc.signal	0.64989	0.329288	0.956404	1.14162	0.296609	0.778527	0.0370807	0	0.407887	0	0.0592963	0.476789	0.33482	0.711806	0.296401	0.433726	1.2876	0.517025	0.945378	0.38928	0.92736	0.736715	0.379415	0	0.814233	1.03848	1.05547	0.0574636	0.340231	0.0845587	1.24336	1.15478	0.426748	0.618177	0.591489
ihec.chipseq.ihec-chipseq-containerv1.1.4.IHECRE00000177.3.94ad3781-f8aa-4d56-830a-df16a910858c.fc.signal	0	0.158141	0.664573	0.0075744	0	0	0	0.368662	0.113673	0	0	0	0.603665	0.512208	0	0	0	0	0.112122	0.176435	0	0.236321	0.255215	0.426665	0.456092	0	0	0	0	0.228123	0.22642	0	0.071994	0.711281	0.593985
ihec.chipseq.ihec-chipseq-containerv1.1.4.IHECRE00004608.1.7e686e4a-008d-44af-95b1-78718b51ae70.fc.signal	0.233568	0.0803235	0.0344988	0.907287	1.30587	0.221806	0.0547039	0.505229	0.649592	1.1743	0.707678	0.464898	0.872976	0.333043	0.32843	0.0497364	0.00140807	0.328382	0.325657	0.730492	0.210924	0.468575	0.36845	1.1218	0.844544	0.556908	0.0172187	0.125041	0.262865	0.203934	0.417672	0.358377	0	0.0154269	0.780158
ihec.chipseq.ihec-chipseq-containerv1.1.4.IHECRE00004606.2.9b49aaf7-72bf-4817-8334-370db5ccd844.fc.signal	0.910798	0.428601	0	1.09738	0.207237	0.203563	0.086455	0.528645	0.602379	0.171978	0	0	0	0	0.0910589	0.221308	0.280986	0.335634	0.362776	0.845864	0.324073	1.04563	0.123465	0.926156	0.524232	0.490399	0.659904	0.130961	0.136574	1.67532	0.825909	0.508489	0.52441	0.52366	0.614604
ihec.chipseq.ihec-chipseq-containerv1.1.4.IHECRE00001011.4.567c133d-62ea-4adf-bc97-6ef3e532e6a6.fc.signal	0.087653	0.819669	0.933378	0.623047	0	0	0	0	0	0.172937	0.134971	0.240642	0.437046	0.66151	0.363948	0.544342	0.793447	0.411618	0.424833	0.845727	0	0	0	0	0	0	0.270066	0.170568	0.238612	0.525918	0	0.293756	0.300863	0.663605	0.807692
ihec.chipseq.ihec-chipseq-containerv1.1.4.IHECRE00003677.3.424bbc61-947c-4459-9db6-6a124654e2c1.fc.signal	0.45916	1.27489	0.898917	0.789217	0.336632	0.493646	0.721442	0.859942	0.477027	0.58168	0.63063	1.40962	0.730383	0.314328	0.255882	0.377859	0.285768	0.252415	0.264665	0.00879893	0.105873	0.269526	0.157966	0.75687	0.248645	0.252298	0.317776	0.622697	0.229312	0	0	0.186721	0.919825	1.44567	0.577244
ihec.chipseq.ihec-chipseq-containerv1.1.4.IHECRE00000709.3.a821fd7c-44ed-4d61-9142-fdff92927929.fc.signal	1.4713	1.12075	0.912368	0.466025	0.66763	0.67717	0.515858	1.24071	0.480541	0.0808259	0	0	0.124184	0.66468	1.15018	0.881982	0.7086	0	0.13035	0.388935	0.410054	0.592098	0.0807863	0.513844	1.48512	0.530977	1.0279	0.962308	1.06002	0.0371253	1.48056	0.277299	0.915019	1.04162	0.503979
ihec.chipseq.ihec-chipseq-containerv1.1.4.IHECRE00000964.7.f15be373-5bad-4963-a06f-42b469a3cf40.fc.signal	0	0	0	0.535543	0.647319	0.060675	0	0	0	0	0	0.0068752	1.77494	0.501417	0	1.38846	0.856656	0.0778032	1.91003	0.951414	0	0	0	0	0	0	0	0	0	0	0	0	0	0	0.76392
ihec.chipseq.ihec-chipseq-containerv1.1.4.IHECRE00000315.2.77b077b9-b592-40fb-a148-e0b72142ceae.fc.signal	0.0705432	0.63797	0.451012	0	0.26336	0.582872	0.423604	0.943734	0.412354	0.496383	0.554476	0.396152	0.048145	0.0659683	0.400073	0.528622	0.37499	0.111308	0	0	0.63172	0.728776	0.0612864	0.24469	0.559627	0.817015	0.462315	0	0	0.0702262	0.4344	0.929727	0.536285	0	0.321608
ihec.chipseq.ihec-chipseq-containerv1.1.4.IHECRE00000008.3.b96d5c84-a138-4fe2-8971-713e73270893.fc.signal	0	0	0.265215	1.77417	1.32078	0	0	0	0	0	0	0	0	0.239578	1.20901	0	0	0	0	0.416186	0.603587	0.32384	0	0	0	0.647943	1.2322	0	0.732324	0.207822	0	0	0.060312	0.476988	0.492063
ihec.chipseq.ihec-chipseq-containerv1.1.4.IHECRE00000784.3.0c5be813-07c9-46d8-a028-5fb001a00a5b.fc.signal	0.0159966	0	0	0.852674	0.05826	0	0	0	0	0	0	0	0.265637	0.154914	0	0	0	0	0	0.325835	0.00372973	0	0	0	0.366895	0.323948	0.159948	0	0	0	0	0	0.47198	0.447693	0.483705
ihec.chipseq.ihec-chipseq-containerv1.1.4.IHECRE00001004.4.e0369074-ee52-41ac-b225-ea681cb464a2.fc.signal	0	0	0	0	0	0	0	0	0	0	0	0.0975221	0.59714	0.101503	0.14925	0.374151	1.25594	0.79614	0.455784	0.15323	0	0	0	0	0	0	0.0751715	1.17789	0.694914	0.20099	0.429902	0.19104	0	0	0.557692
ihec.chipseq.ihec-chipseq-containerv1.1.4.IHECRE00003842.2.8e80fc9c-0a28-49e7-b117-74c22a7209b5.fc.signal	0	0	0	0	0	0	0	0	0	0	0	0	0	0	0	0	0	0	0	0	0	0	0	0	0.00911427	0.172323	0.133873	0	0	0	0	0.0412001	0.364269	0.3982	0.15
ihec.chipseq.ihec-chipseq-containerv1.1.4.IHECRE00003816.1.9e6f4d67-87ca-49b7-b858-47c6e7245820.fc.signal	0.249612	0.160684	0.076177	0.913441	0.594179	0.138345	0.0475555	0.322892	0.193668	0.227428	0.202774	0.397053	0.291648	0.395323	0.167885	0.12272	0.391998	0.614911	0.456774	0.167875	0.158752	0.301695	0.104377	0.372009	0.226832	0.330815	0.416561	0.0125201	0.312811	0.333725	0.233668	0.257099	1.12703	0.840332	0.243478
ihec.chipseq.ihec-chipseq-containerv1.1.4.IHECRE00001906.1.ab339ba6-8e79-4160-a042-90f773410cae.fc.signal	0.32571	0.697633	0.618262	0.219282	0.27421	0.0328909	0.313726	0.20553	0.266754	0.0797832	0	0.162846	0.363175	0.568156	0.599553	0.291585	0.258218	0.498676	0.66771	0.371922	0.337267	0.18169	0.414155	0.428183	0.263947	0.367846	0.0852893	0.100575	0.245091	0.39383	0.892146	0.648586	0.248389	0.402797	0.502439
ihec.chipseq.ihec-chipseq-containerv1.1.4.IHECRE00000343.2.17a73f09-9579-40bb-9699-7c91429465bb.fc.signal	0.789042	0.582093	0.70142	0.242649	0.454473	0.192747	0	0.284789	0.317723	0.137967	0.106094	0.925244	0.530449	0	0	0.514329	0	1.04641	0.512554	0.669023	0.909874	0.959088	0	1.42052	0.273638	0	0	0	0.52011	1.65311	0.257484	0.777398	0.428929	0.0678393	0.445205
ihec.chipseq.ihec-chipseq-containerv1.1.4.IHECRE00000084.3.6615446a-840c-42f3-8de3-7683d60a1480.fc.signal	0.145046	0	0	0	0	0	0.215894	0.1168	0	0.190848	0.173062	0	0	0.109928	0.29063	0.009632	0.175648	0.155242	0	0.189185	0.163712	0	0.004816	0.247833	0.220889	0.323925	0.129091	0	0.0761174	0.351605	0.607156	0.0474768	0	0	0.616162
ihec.chipseq.ihec-chipseq-containerv1.1.4.IHECRE00004616.1.e6e5588b-fe96-4b91-9008-3b9e9024c855.fc.signal	0.172076	0	0.0216981	0.530667	0.601167	0.551669	0.535319	0.610475	0.473341	0.434608	0.634479	0.526198	0.205852	0.0322109	0.0807654	0.230265	0.46108	0.664812	0.447492	0.270879	0.292004	0.560289	0.437957	0.335029	0.244468	0.733916	0.73447	1.04816	0.507822	0.170263	0.406594	0.187469	0.669321	0.58151	0.725437
ihec.chipseq.ihec-chipseq-containerv1.1.4.IHECRE00000983.7.0397ac10-5d52-43ec-8084-1b153343aa3a.fc.signal	0	0	0	1.50311	0.193772	1.92088	0	0	2.03475	0.138554	0	0	0.476598	0.217326	0	0	0	0.500732	0.726177	0	0	0	0	0	0	0	0	0	1.10591	2.27183	0	0	0.229708	2.70026	0.614035
ihec.chipseq.ihec-chipseq-containerv1.1.4.IHECRE00003813.1.fde459e9-ceb5-4bb4-b1e4-eaafd7232945.fc.signal	0.525059	0.200282	0.296552	0.100968	0.00606733	0.262437	0.228766	0.442432	0.433823	0.298548	0.222235	0.496441	0.265833	0.0946497	0.176551	0.389775	0.2079	0.0536225	0.146574	0.0185225	0.106891	0.255222	0.216369	0.110905	0.510746	0.164095	0.511261	0.22947	0.162947	0.267268	0.15601	0.0372591	0.090309	0.351609	0.453052
ihec.chipseq.ihec-chipseq-containerv1.1.4.IHECRE00001962.2.6ff00d21-c2de-48d7-8406-d314ad572f14.fc.signal	0	0	0.119382	0.176786	0.0026364	0.0350539	0.120215	0.0326045	0	0	0	0	0.0862631	0.286395	0.18143	0.192396	0	0	0	0	0.0911129	0.191026	0.0361361	0	0	0	0	0	0	0	0	0	0	0	0.460094
ihec.chipseq.ihec-chipseq-containerv1.1.4.IHECRE00003809.1.9a7e77a9-9d89-49f5-a3a3-c6dd62d450f6.fc.signal	0	0	0	0	0.119947	0.19512	0.286945	0.445871	0	0	0	0.324181	0.243718	0	0.332191	0.371706	0.740116	0.244843	0.414563	0.263751	0	0	0.129422	0.0627857	0.20268	0.27131	0.39739	0.657039	0.592533	0.447224	0.13391	0.237313	0.689752	0.278416	0.443144
ihec.chipseq.ihec-chipseq-containerv1.1.4.IHECRE00001852.4.7414bb41-cf54-40da-9950-d1fdfeffed2f.fc.signal	1.10797	0.497633	0.446763	0.582957	0.929184	1.73917	1.56366	0.844292	0.696274	1.11595	1.08751	0.692444	0.394054	0.674074	1.16156	1.15468	0.50375	1.0719	0.958055	0.311721	1.36219	1.52091	1.67132	0.633578	0.875646	1.02966	0.360612	0.021072	0.07902	0.926159	1.09548	0.878239	1.17265	1.64146	0.579235
ihec.chipseq.ihec-chipseq-containerv1.1.4.IHECRE00000121.3.18840011-517b-4a58-bd65-f86bd389148f.fc.signal	1.67248	0.978203	1.44543	1.92921	2.513	1.62453	2.15325	2.86441	1.83457	1.364	0.527641	1.7176	2.62697	3.03527	1.92766	2.03171	2.30754	2.52257	3.44551	3.21224	1.7523	1.62133	1.02718	1.25827	2.74473	1.82203	0.731687	0.644913	2.07901	1.58092	1.844	2.10785	2.27051	4.07701	0.458621
ihec.chipseq.ihec-chipseq-containerv1.1.4.IHECRE00000980.8.986df781-84f6-4a4b-bb53-6b69b505dda3.fc.signal	0.348079	1.1249	0.522184	1.04847	2.40073	0.256451	0.755561	0.0297178	1.05696	0.441508	0	0.494938	0.409339	0.0674257	0.0412799	0.17806	0.107642	0.253669	0.23943	0.733311	0.505511	0.360491	1.26074	1.06683	1.40416	0.216125	0.164337	0.282739	0.108839	0.417936	1.15913	0	0	0.362009	0.444229
ihec.chipseq.ihec-chipseq-containerv1.1.4.IHECRE00001964.2.daf2ffe6-6c5e-4ab8-9f88-8a9b4df4d380.fc.signal	0	0.157984	0.234468	0.216304	0.108699	0	0	0.12763	0.168773	0.132072	0.303111	0.274639	0.286831	0	0.166958	0.347204	0.199737	0.149989	0.085662	0	0	0	0	0	0	0	0	0.108156	0.475758	0.282801	0.585197	0.280177	0.0657505	0	0.529064
ihec.chipseq.ihec-chipseq-containerv1.1.4.IHECRE00000974.7.3ed58a0f-af1e-4c53-b5bc-87b47881334c.fc.signal	0	0.118626	0.71187	0.413122	0.514351	0.413254	0.410588	0.324227	0.349892	0.0637069	0.380383	0.278086	2.04467	0.457534	0	0.317639	1.17928	1.14365	3.11843	1.29913	0.238815	0	0.0407389	0.773611	0	0.052556	1.56958	0.809633	0.0334098	0.0490266	0.56448	1.10937	0.499571	0.48654	0.589093
ihec.chipseq.ihec-chipseq-containerv1.1.4.IHECRE00000957.7.24f7fa54-2938-4834-8448-492029a59634.fc.signal	0.54592	0.210705	1.12182	0.383509	0.880366	0	0	0	0	0	0	1.12023	0.658538	0.714791	0.158536	0.14395	0.209578	0.114381	0.67156	0.327616	0	0	0	0	0	0	0	0	0	0.327561	0.801608	0	0	0.388673	0.398463
ihec.chipseq.ihec-chipseq-containerv1.1.4.IHECRE00002065.1.a94a6b89-542c-4e29-9116-4cbe6008554d.fc.signal	0.141114	0	0.0823966	0.302126	0.454765	0.517532	0.691804	0.711035	0.487452	0	0.345532	0.264351	0.455178	0.0768618	0.183663	1.0307	1.31616	0.280086	0.468102	0.481567	0.744554	0.551646	0.347822	1.06368	0.659638	0.213083	0.663572	0.402731	0.168781	0.286633	0.0551433	0.324442	0.0573055	0.412791	0.247031
ihec.chipseq.ihec-chipseq-containerv1.1.4.IHECRE00003684.3.803d7f5d-192e-4b5b-9ea2-f9b8994e9342.fc.signal	0.139645	0.22657	0.0741042	0.494964	0.599595	0.268204	0.490254	0.119299	0	0.142962	0.481142	0.364816	0.239787	0.0970897	0	0	0.00512913	0.0707493	0.127049	0.275615	0.141863	0.200479	0.0598438	0.0980288	0.221368	0.145431	0.179408	0.195148	0.663192	0.449496	0.11325	0.30809	0.387906	0.383942	0.551463
ihec.chipseq.ihec-chipseq-containerv1.1.4.IHECRE00003822.3.74108963-2000-4ef3-be2d-d0a461ec7951.fc.signal	0.398098	0.148739	0	0	0	0	0	0.0305237	0.345743	0.253145	0.219236	0.459289	0.841638	0.334031	0.35595	0.581256	0.146938	0.0478566	0.169276	0.169901	0.293575	0.448814	0.61135	0.280827	0	0.309225	0.618472	0.369219	0.0287115	0.19576	0.0469824	0.186146	0.426003	1.18145	0.538462
ihec.chipseq.ihec-chipseq-containerv1.1.4.IHECRE00001952.2.53bb9a01-f358-4483-9142-27b2e32f31f6.fc.signal	0.13907	0.207329	0.0412811	0	0	0	0	0	0	0	0.237373	0.154728	0	0	0	0	0	0	0.265683	0.316823	0.118637	0	0	0.0146167	0.171523	0.122401	0.107238	0.284408	0	0	0	0.0392154	0.155023	0.139381	0.497592
ihec.chipseq.ihec-chipseq-containerv1.1.4.IHECRE00001954.2.792a7453-f3de-4e03-b55b-6ed6dc280947.fc.signal	0.237765	0	0	0.215518	0.0737367	0	0	0	0	0	0	0	0	0	0	0	0	0.215933	0.189983	0	0	0.107463	0.183508	0	0.243014	0.0374423	0.139203	0.161738	0.0235092	0.255556	0.00912107	0	0.171621	0.244604	0.503539
ihec.chipseq.ihec-chipseq-containerv1.1.4.IHECRE00000992.7.c608e076-b4cb-49e5-bf4c-ab19d04cc659.fc.signal	0.484759	0.504711	0.819368	0.547721	0.365978	0.211499	0.198263	0.013352	0.153268	0	0.0564411	0.325586	1.08773	1.46787	0.778689	0.712656	1.0015	1.05495	1.43776	1.14878	0.324837	0.860848	0.508454	0.0166245	0.653996	0.360867	0.0616701	0.217932	0.193839	0.655057	1.59098	0.189805	0.480513	1.30376	0.552273
ihec.chipseq.ihec-chipseq-containerv1.1.4.IHECRE00001959.2.3d9a6d56-ebb1-415e-8176-bf018adf69bf.fc.signal	0	0.174328	0.829041	0.240297	0.293687	0	0	0	0.223467	0.198077	0	0.039936	1.10144	0.659707	0.427081	0.181927	0.128824	0.262583	0.109889	0	0.376376	0.576426	0.245902	0.0903669	0.290219	0.13473	0.203593	0	0	0	1.13535	0.138584	0.265218	0.0952801	0.51374
ihec.chipseq.ihec-chipseq-containerv1.1.4.IHECRE00000129.3.24e1c000-860b-414c-8a5a-cb73e98c0c6a.fc.signal	0	0	0	0	0.468983	0.780414	0.252811	0	0.579103	0.966951	0.470588	0.180876	0.456465	0.414591	0.224037	0	0	0.378704	0.973277	0.0233781	0	0	0.816127	0.802397	0.54959	0.0580277	0	0.139229	0.54959	0.487299	1.37397	0.454328	0.303972	1.19607	0.578035
ihec.chipseq.ihec-chipseq-containerv1.1.4.IHECRE00001050.8.5efb4e46-177f-4d3d-96a6-19f7c95acfd8.fc.signal	0.0675168	0.692041	0.391031	1.58957	1.54512	0.518354	0.199625	0.354089	0.153701	0.227589	0.593094	0.0209318	0.192423	0.235829	0.125827	0.647957	0.998075	0.417874	0.884314	0.335798	0	0.503481	0	0	0.366976	0.0393009	0.379296	0.148579	0.0482691	0.686751	0.777149	0.364832	0.439653	0.970042	0.665746
ihec.chipseq.ihec-chipseq-containerv1.1.4.IHECRE00003401.1.dfa9d4a9-0f86-41c6-822f-1f52d8db067a.fc.signal	0.366242	1.09671	0	0	1.08684	0.166673	0.303351	0.441247	0.919881	0.203668	1.44284	0.950833	1.14571	0.526283	0.514782	0.806326	2.50566	0.256099	0.55926	0.69999	0.281034	0.0538445	0.483328	0.613624	0.759395	0.56604	0	0	1.48242	0.764069	1.41506	0.489476	0.404584	0.0983623	0.542802
ihec.chipseq.ihec-chipseq-containerv1.1.4.IHECRE00003694.3.a7c0537c-0a7d-415e-ae83-a8d9e779153a.fc.signal	0.157694	0.014917	0	0	0.082796	0.389753	0.537012	0.278451	0.0440407	0.205997	0.2131	0.0303807	0.0363242	0.103302	0.148106	0.177044	0.197484	0.217529	0.138787	0.0274634	0	0.0824778	0.20434	0.20205	0.200834	0.155351	0.00869267	0	0	0.0857341	0.194551	0.40319	0.569314	0.47406	0.640977
