	chr4:113370033-113370182	chr4:113370183-113370332	chr4:113370333-113370482	chr4:113370483-113370632	chr4:113370633-113370782	chr4:113370783-113370932	chr4:113370933-113370992	chr4:113370993-113371082	chr4:113371083-113371232	chr4:113371233-113371382	chr4:113371383-113371532	chr4:113371533-113371682	chr4:113371683-113371832	chr4:113371833-113371982	chr4:113371983-113372132	chr4:113372133-113372282	chr4:113372283-113372432	chr4:113372433-113372582	chr4:113372583-113372732	chr4:113372733-113372882	chr4:113372883-113373032	chr4:113373033-113373182	chr4:113373183-113373332	chr4:113373333-113373482	chr4:113373483-113373632	chr4:113373633-113373782	chr4:113373783-113373932	chr4:113373933-113374082	chr4:113374083-113374232	chr4:113374233-113374382	chr4:113374383-113374532	chr4:113374533-113374682	chr4:113374683-113374762	chr4:113374763-113374832	chr4:113374833-113374982	chr4:113374983-113375125	Expression
ihec.chipseq.ihec-chipseq-containerv1.1.4.IHECRE00004647.3.43f1c761-68ab-4b08-9b03-abbbc17d64b6.fc.signal	0.659573	0.648263	1.03555	0.62905	0.176702	0.320877	0.357328	0.263361	0.253005	0.445439	0.304872	0.624075	0.768499	0.647193	0.595008	0.52258	0.0714493	0.16611	0.516673	0.635275	0.694426	0.434962	0.325482	0.593983	0.69105	0.858123	0.604957	0.538456	0.441012	0.316879	0.20206	0.15173	0.144041	0.16985	0.526445	0.631984	0.741117
ihec.chipseq.ihec-chipseq-containerv1.1.4.IHECRE00002063.1.29eb7dda-7f49-49e4-a68a-685ebc852d97.fc.signal	0.179552	0.122214	0.122378	0.347825	0.4034	0.495241	0.221375	0	0	0.0873766	0.328606	0.266837	0.301905	0.364785	0.461233	0.0346606	0.292358	0.395261	0.463715	0.459609	0.272034	0.315398	0.187377	0	0.212453	0.59361	0.20088	0.219033	0.217445	0.256549	0.525702	0.484301	0.221866	0.02937	0.102154	0.315715	0.217565
ihec.chipseq.ihec-chipseq-containerv1.1.4.IHECRE00000972.6.767f330d-c515-40cb-be8a-255001f91f74.fc.signal	0.703103	1.09586	0.430568	0	0.548857	1.87329	0.896	0	0	0	0	0	0	0	0	0	0	0.682912	2.47691	1.28184	0	0	0	0.125983	0.7489	0	0	0	0	0	0	0	0.50308	1.0702	0	0.404022	0.697059
ihec.chipseq.ihec-chipseq-containerv1.1.4.IHECRE00001990.1.39496704-1279-499c-ac28-c72497e8030d.fc.signal	0.33159	0.231413	0.259361	0.170255	0.2535	0.0085252	0	0	0.104992	0.479452	0.0946288	0	0	0	0	0.0605735	0.251049	0.189948	0.345467	0.740421	0.837411	1.41135	0.892571	0.0547115	0.0333566	0.268463	0.174359	0.205249	0	0	0.145761	0.187525	0	0.115313	0.2309	0.0271981	0.158944
ihec.chipseq.ihec-chipseq-containerv1.1.4.IHECRE00001235.5.aff67f26-7ea5-4004-b6c7-42e5d6d7c336.fc.signal	1.44364	1.22105	0.347313	1.63046	2.35322	0.254243	0.27636	0.0307067	0.314998	0.108702	0.0589568	0.294768	0.0671225	0.0534296	0.683333	0.132653	0.281801	0.834068	0.542388	0.507716	0.388518	0.532957	0.151088	0.849661	0.0787953	0.249067	0.50876	0.692229	0.446605	0.0998777	0	0	0	0	0.39784	0.355885	0.311124
ihec.chipseq.ihec-chipseq-containerv1.1.4.IHECRE00001891.4.cefd2162-5b9f-4732-99fc-718d82bca068.fc.signal	1.20017	1.24841	1.07116	0.803091	0	0.375541	0.263195	0	0.275781	0	0	0.993673	0.344069	0.645247	0.346353	0.188181	0.216753	0.112947	0.418857	1.4146	0.139914	0.827956	0.511861	0.580718	0.0701389	0.307033	0.381433	0.0938359	0.401704	0.130219	0.318223	0.838076	0.729264	3.70937	1.17323	0.217339	0.584967
ihec.chipseq.ihec-chipseq-containerv1.1.4.IHECRE00003678.3.71f94e98-332b-4fcc-9a34-c0ad4b748586.fc.signal	0.613317	0.37096	0.44791	0.420913	0.336542	0.733503	0.294856	0.16137	0.244524	0.0469681	0.139892	0.0748997	0.375063	0.160563	0.126061	0.448321	0.484967	0.365813	0.471555	0.299395	0.124868	0.567355	0.313647	0.761473	1.08849	0.615383	0.589741	0.54076	0.137072	0.0412253	0.2877	0.123666	0.221133	0.417102	0.665512	0.337271	0.434439
ihec.chipseq.ihec-chipseq-containerv1.1.4.IHECRE00000235.3.ae41c415-756f-48a0-be26-8a57c412db20.fc.signal	0.812914	0.802539	0.814577	1.16386	0.832688	0.461362	0	0	0	0	0	0	0	0	0	0	0.583414	3.34945	5.7886	3.78388	0.645478	0	0	0	0	0.264823	1.06058	1.60626	0.614303	0	0	0	0	0	0	0	0.358696
ihec.chipseq.ihec-chipseq-containerv1.1.4.IHECRE00003676.3.9365f108-a198-478a-b79f-ca1f34b9eba5.fc.signal	0.471517	0.556816	0.215801	0.330384	0.303132	0.856177	0.540495	0.0861333	0	0.0896479	0.471702	0.735585	0.194336	0.157724	0.174079	0.46225	1.04363	0.823261	0.722322	0.831581	1.26596	1.56395	1.07457	1.2629	1.22854	0.969231	0.623411	0.569867	0.688215	0.538343	0.601221	0.49246	0.0749847	0	0.0352241	0.796895	0.454726
ihec.chipseq.ihec-chipseq-containerv1.1.4.IHECRE00000775.1.58e5cc13-3837-4676-9815-86ae7a4468bc.fc.signal	0.148087	0.207881	0.307669	0.224392	0.142343	0.18059	0	0.19801	0.183243	0.15662	0.136077	0.0108898	0.0897489	0.204449	0.118665	0.144715	0.0542501	0.195083	0.275625	0.223114	0.138619	0.372052	0.211038	0.298208	0.538819	0.323256	0.148926	0	0.0876865	0.199074	0.129412	0.235378	0.56144	0.867768	0.602012	0.634998	0.691786
ihec.chipseq.ihec-chipseq-containerv1.1.4.IHECRE00002005.1.85fb694c-24ac-4a67-afb4-86273572ea8c.fc.signal	0.387073	0.345865	0	0	0.342413	0.849123	0.495431	0.187272	0.00606713	0.136004	0.100723	0	0	0.0980195	0.427676	0.605377	0.535197	0.106328	0	0	0	0.113757	0.178102	0.198106	0.118941	0.0173344	0.465155	0.551154	0.275473	0.198159	0.235425	0	0	0	0.228398	0.582525	0.182604
ihec.chipseq.ihec-chipseq-containerv1.1.4.IHECRE00002067.1.d8e6c755-45ac-4108-b1ba-23233bd0ab31.fc.signal	0.239204	0.286064	0.132149	0.294178	0.00789787	0	0	0	0.205492	0.10132	0.144385	0.233479	0	0	0	0.0238005	0.380764	0.618023	0.0610784	0	0	0.234883	0.184452	0.661605	0.437495	0.285746	0.385858	0.195799	0.0955479	0	0	0	0.104704	0.25628	0.251814	0.12661	0.163739
ihec.chipseq.ihec-chipseq-containerv1.1.4.IHECRE00000250.2.4878d059-ae9d-4e75-b9f6-57c37838f3e3.fc.signal	0.589772	1.05482	0.47119	0.545205	0.485357	0.615369	0.296102	0.170946	0.191591	0.163943	0.19955	0.281597	0.26649	0.005506	0	0	0.0561616	0.614146	1.24764	1.69224	0.79578	0.207899	0.557678	0.582242	0.282813	0.377721	0.41251	0.176893	0.546693	0.259394	0.0161509	0.243732	0.182986	0.502873	0.986724	2.07648	0.787938
ihec.chipseq.ihec-chipseq-containerv1.1.4.IHECRE00004655.3.cf40a4a9-4cda-4678-bd80-f40b9fb23433.fc.signal	0.606492	0.953747	0.801726	0.500635	0.660222	0.850237	1.25161	1.43479	1.24364	0.847033	0.557208	0.300379	0.734989	0.859968	0.958631	0.952198	0.482099	0.403092	0.733913	0.758688	0.486161	0.499523	0.819745	0.470785	0.535261	0.591306	0.466594	1.11284	0.779734	0.496446	0.172566	0.413902	0.85739	0.883278	0.578202	0.457756	0.558824
ihec.chipseq.ihec-chipseq-containerv1.1.4.IHECRE00001027.7.3e57f4b2-3eea-42bc-9983-8ecec55d5977.fc.signal	0	1.01053	1.21694	0	0.317696	0.431587	0	0	1.12693	1.06096	0	0	0	0.197811	1.02338	0.268565	0.942692	0.282649	0.396953	0.20279	0.313928	0.499837	0.339648	1.99685	0.768997	0.756618	0.602082	0.53349	0	0	0	0	0	0.889069	2.15077	1.25133	0.738189
ihec.chipseq.ihec-chipseq-containerv1.1.4.IHECRE00000224.3.768c3dd3-4d38-474a-b6d5-c316c21bc08d.fc.signal	0.92085	0.72938	0.431464	0.779444	0.68319	0.201766	0	0	0	0	0	0	0	0	0	0.0974372	0.609871	1.11614	1.1857	0.544756	0.122407	0	0	0	0	0.0626382	2.02357	2.37927	0.675548	0	0	0	0	0	0	0	0.541436
ihec.chipseq.ihec-chipseq-containerv1.1.4.IHECRE00000864.3.313549b4-5e36-4d5c-9816-17b9c7f898e3.fc.signal	0	0	0	0	0	0	0	0	0	0	0.0920797	0.699262	0.0164919	0.831968	0.552482	0	0	0	0	0	0	0.651016	0.617027	0	0	0	0	0	0	0	0	0	0	0	0	0	0.603926
ihec.chipseq.ihec-chipseq-containerv1.1.4.IHECRE00003693.3.d51ed427-007f-40d3-b98a-eaa67c358ae9.fc.signal	0	0	0.0649018	0.298611	0.370271	0.136492	0.045066	0.09657	0.234386	0.374783	0.414526	0.190788	0.0103008	0	0	0	0	0	0	0	0.0560933	0.362059	0.465383	0.21442	0.0964216	0.180275	0.280779	0.263956	0.231443	0.127928	0.0375805	0.0446067	0.0692341	0.117424	0.116291	0.179109	0.411373
ihec.chipseq.ihec-chipseq-containerv1.1.4.IHECRE00000222.3.6c44093e-8a4f-4f36-9bdc-4181cde15c47.fc.signal	0.487011	0.468849	0.355183	0.634855	1.11447	0.456797	0	0	0	0	0	0	0	0	0	0	0.463514	2.00174	1.20371	0.575186	0.656446	0.56756	0.455953	1.27513	1.10962	1.03919	0.581107	0.313	0.668881	0.968195	0.22036	0.009461	0.53564	0.85139	0.696248	0.343354	0.185373
ihec.chipseq.ihec-chipseq-containerv1.1.4.IHECRE00000240.3.e5051162-3534-4c21-b37a-9d70a53452b8.fc.signal	0.176367	0.177165	0.856477	0.848768	0.14697	0	0	0	0	0	0	0	0	0	0	0	0.0299156	0.514164	0.641859	0.373811	0.9661	0.752044	0.622512	1.07763	0.633328	0.780863	0.5296	0.573485	1.0372	0.472859	0	0.0377832	0.280001	0.53977	0.394029	0.0320836	0.27741
ihec.chipseq.ihec-chipseq-containerv1.1.4.IHECRE00000665.1.af8f440a-d096-482c-84b1-79bcd318ff11.fc.signal	0.0596463	0.429	0	0.0648633	0.266241	0.0957487	0	0.223066	0.289284	0	0	0	0.0396013	0.248158	0.742126	0.95019	0.0580075	0.629183	0.137992	0	0.276221	0.700705	0.308593	0.271428	0.408607	0.175003	0.157414	1.70611	1.62827	0.116231	0.467666	1.1295	0.430359	0.422566	0.374324	0.799718	0.601817
ihec.chipseq.ihec-chipseq-containerv1.1.4.IHECRE00001997.1.1164241b-8ba2-45bf-987f-0243c87c0a1c.fc.signal	0.199708	0.254307	0	0	0.210129	0.0968139	0	0	0.188018	0.239773	0.170013	0	0.154797	0.206827	0.193868	0.482641	0.0366816	0	0	0	0	0	0	0.0428755	0.23392	0.0203866	0.148619	0.217164	0.344468	0.0997997	0	0	0	0	0.193675	0.412006	0.18895
ihec.chipseq.ihec-chipseq-containerv1.1.4.IHECRE00003675.3.48a0264b-6e25-46c0-b33d-21ee41282ecb.fc.signal	0.284214	0.359893	0.350888	0.478896	0.387415	0.36551	0.162313	0.15636	0.232704	0.115123	0.249097	0.0990201	0.229781	0.300586	0.20188	0.00699647	0.298584	0.411019	0.157834	0.104206	0.101213	0.168251	0.221888	0.43434	0.410754	0.322226	0.24227	0.222127	0.20556	0.464298	1.00217	0.518853	0.374984	0.401351	0.424263	0.295098	0.37858
ihec.chipseq.ihec-chipseq-containerv1.1.4.IHECRE00002076.1.f6bea37b-7779-4621-9ed2-82fb7b23df8f.fc.signal	0.873534	0.306001	0.0575029	0	0	0.527276	0.615384	0.0967417	0	0	0	0	0	0.280685	0.448344	0.319684	0.550689	0.256079	0.155552	0.0961903	0.385845	0.33421	0.101183	0	0	0.0940506	0.150196	0.14796	0	0	0	0	0	0	0.033016	0.177989	0.187569
ihec.chipseq.ihec-chipseq-containerv1.1.4.IHECRE00000987.6.5433b540-f9ea-4edf-8a0e-cdc2c654fa20.fc.signal	0.890473	0.406074	0	0	0.16019	0.655294	0	0	0	0	0	0	0	0	0	0	0	0.131628	0.527526	0	0	0	0	0	0	0	0	0	0	0	0	0.452742	0.836861	0.218604	0	0	0.326664
ihec.chipseq.ihec-chipseq-containerv1.1.4.IHECRE00003679.3.e95554aa-fb20-4b17-91ac-139d0399c1c8.fc.signal	0.635262	0.47904	0.308377	0.157228	0.0422401	0.422509	0.299873	0.213723	0.399881	0.145583	0.222499	0.184821	0.624648	0.123723	0	0	0.0424099	0.473411	0.369118	0.310064	0.536625	0.362008	0.391992	0.209517	0.387202	0.581678	0.794426	0.786056	0.0882599	0	0	0.00401847	0.16054	0.198645	0.0747599	0.194157	0.353594
ihec.chipseq.ihec-chipseq-containerv1.1.4.IHECRE00000001.4.a034ee31-90a4-46ec-8ae3-50525e7d309a.fc.signal	0	0	0.439955	0.75178	0.84977	0.339517	0	0	0	0	0	0	0	0	0	0	0	0	0	0	0	0	0	0	0	0	0	0	0	0	0	0	0	0	0	0	0.531148
ihec.chipseq.ihec-chipseq-containerv1.1.4.IHECRE00001966.2.92b83b8d-5485-446e-910e-2f148077cb85.fc.signal	1.96886	0.423965	0.388674	0.070668	0.0767376	0.343156	0	0	0	0.120069	0.139099	0	0.248771	0.0345341	0	0	0	0.568839	1.15761	0.491786	0.35557	0.158535	0	0.458603	0.259172	0.14289	0.282203	0.268535	0	0.0411121	0.328494	0	0.670286	0.716339	0.404583	0.0411417	0.821168
ihec.chipseq.ihec-chipseq-containerv1.1.4.IHECRE00001002.4.affdcac3-6070-43fc-99e1-6c9751bbcbf6.fc.signal	0.415078	0.54246	0.204826	0.221083	0.408347	0.0700995	0	0	0	0	0	0	0	0	0	0.113995	0.401784	0.74259	0.795601	0.654497	0.325049	0.679368	0.144469	0.1693	0.0361173	0.0925507	0.416476	0.525907	0.319413	0	0	0.147855	0.3386	0.343437	0.179458	0.124311	0.341543
ihec.chipseq.ihec-chipseq-containerv1.1.4.IHECRE00000233.3.fb9aae7d-4076-4e4e-92a7-34572e1b705b.fc.signal	1.0934	1.82469	1.25326	0.706022	0.758142	0.383581	0	0	0	0	0	0	0	0	0	0.116394	0.629482	1.23742	1.33059	0.764	0.14965	0	0	0	0	0.248481	0.817047	0.929976	0.802339	0.644271	0.0579313	0	0	0	0	0	0.376033
ihec.chipseq.ihec-chipseq-containerv1.1.4.IHECRE00002086.1.982b1a46-0bf8-457b-a213-1cec9bf76346.fc.signal	0.127922	0.295635	0.0173502	0.338288	0.0605201	0	0	0	0.188039	0.215669	0.034357	0.479342	0.316817	0.0906125	0	0	0.0729381	0.293551	0.272194	0.200988	0.10421	0.438885	0.48202	0.153675	0	0	0.104101	0.58929	0.0906066	0.211323	0.594184	0.192516	0	0	0.194386	0.649055	0.19103
ihec.chipseq.ihec-chipseq-containerv1.1.4.IHECRE00003682.3.fc38d8a2-8f66-4203-ae35-4bfe2174aadb.fc.signal	0.433201	0.815011	0.647546	0.636385	0.564928	0.0290177	0	0	0	0.0379532	0.402306	0.651275	0.525847	0.0435413	0.272409	0.457787	0.145384	0.347503	0.219397	0.420203	0.565132	0.554782	0.237714	0.497872	0.617393	0.126133	0.365065	0.368421	0.290273	0.436512	0.637487	0.545602	0.12937	0.05386	0.115955	0.490725	0.229711
ihec.chipseq.ihec-chipseq-containerv1.1.4.IHECRE00001973.1.6e93a1e0-8828-4ce5-83f8-36249902bda2.fc.signal	0.105745	0.270696	0.233295	0.82054	0.013811	0.096677	0.41433	0.322257	0.127061	0.328702	0	0.0110488	0.406665	0.296221	0.140872	0	0	0.119227	0.152509	0.305389	0.149622	0	0.20733	0.13571	0	0	0	0.389716	0.991296	0.0475643	0.179543	0.803913	0.720043	0.29595	0.406043	0.958085	0.169143
ihec.chipseq.ihec-chipseq-containerv1.1.4.IHECRE00000230.3.eca9fb65-4b68-4689-9dc2-ca87771c92ab.fc.signal	1.04736	1.2829	0.616132	0.426725	0.558671	0.31394	0.15246	0.0615164	0	0	0	0	0	0	0	0	0.0932872	0.642511	0.741864	0.945603	0.257918	0.46563	0.176944	0.46563	0.178494	0.0385528	1.11609	1.68022	0.928527	0.372253	0	0	0.165892	0.568758	0.892467	0.255623	0.394841
ihec.chipseq.ihec-chipseq-containerv1.1.4.IHECRE00004641.3.f304faea-b0f0-4641-894c-c818af6118ec.fc.signal	1.6166	0.696539	0.255886	0.278491	0.557665	1.14857	0.339825	0.483331	1.32475	2.13726	1.38872	0.86819	0.875177	0.923679	0.638676	0.0598031	0.517128	0.457679	0.304198	0.671703	0.995482	0.804989	0.40033	0.382375	0.763703	1.04309	0.488569	0.86508	0.712722	0.607672	0.671081	0.846932	1.06656	0.829851	0.64294	0.42562	0.501529
ihec.chipseq.ihec-chipseq-containerv1.1.4.IHECRE00001234.5.0e619ad9-ebc8-47ed-93f9-8d329910a69e.fc.signal	0.630033	0.162656	0.200387	0.987649	0.603532	0.809924	0.444353	0	0.276945	0.177741	0	0.318282	0.136406	0	0	0.487755	0.884574	1.38279	0.819275	1.37433	0.600999	1.44738	1.45221	0.461392	0.244596	0.394715	0.55218	1.3289	1.04969	0.130206	0	0	0.179805	0.073228	0.153802	0.469527	0.663934
ihec.chipseq.ihec-chipseq-containerv1.1.4.IHECRE00000236.3.0bc39444-c5d6-4c2e-a719-a28af7034202.fc.signal	0.292501	0.627309	0.759489	1.01852	1.25966	0.754099	0	0	0	0	0	0	0	0	0	0.144208	0.661765	1.34267	1.5631	0.4307	0.454959	0.379794	0.113729	0	0	0.641426	1.00439	0.547711	0.187317	0.023472	0	0.438705	1.21871	1.21871	0.617447	0	0.389485
ihec.chipseq.ihec-chipseq-containerv1.1.4.IHECRE00004728.1.84110ecf-3acc-4ab9-918a-d46b0401ed1e.fc.signal	0.478208	0.275145	0.917079	0.30789	0.454606	0.331492	1.01531	0.338438	0.609189	0.609189	0.203063	0	0.234536	0.406126	0.104827	0.606005	0.0393367	0.442682	0.0581123	0.166251	0.348025	0.418243	0.143257	0.240341	0.33943	0.490697	0.0751333	0.420154	0	0.0969028	0.203063	0.541543	0	0.87027	0.609189	0.280365	0.752137
ihec.chipseq.ihec-chipseq-containerv1.1.4.IHECRE00001012.4.85be5809-5a62-4b0b-9ffb-29881f7da7c3.fc.signal	0.52106	0	0.0339663	0.494258	0.628324	0	0	0	0	0.407904	0.446752	0.536102	0.318554	0	0	0	0.835232	0.789854	1.53498	0.659584	0.223202	0.641729	0.933527	2.22389	1.45928	0.150892	0.0271936	0.379016	1.53735	0.281641	0.669251	0.571237	1.06173	1.09726	0.529604	0.627545	0.703297
ihec.chipseq.ihec-chipseq-containerv1.1.4.IHECRE00000969.7.e51e6c81-760c-43e7-86ae-cbe3dc54eb4c.fc.signal	0.670164	0.665765	0	0	0	0	0	0	0.134001	0.341485	0.0263248	0.453896	0	0	0.0452685	0.37286	0	0.742021	1.2718	0.307919	1.0847	1.10762	0.021556	0.361121	0.0467147	0.109934	0.590058	0.4517	0.544114	0.0209955	0	0	0.319642	1.80025	0.648695	0	0.706731
ihec.chipseq.ihec-chipseq-containerv1.1.4.IHECRE00000318.2.6d2c1eb1-64cd-4b80-95ec-5404bd3906e9.fc.signal	1.25387	0.29074	0.50182	0.390831	0.00262733	0.59424	0.810663	0.505265	0.694665	1.28428	2.23964	0.504587	0.462914	0.446785	0.393716	1.00684	1.05006	0.727198	1.5649	0.639294	2.14036	2.15318	0.723952	0.542108	0.564527	0.438256	1.12813	0.675746	0.0593727	0.920719	0.809865	0.669776	0.772317	0.50638	0.162551	0.930021	0.566929
ihec.chipseq.ihec-chipseq-containerv1.1.4.IHECRE00000195.3.1d49e429-7d54-40c1-a965-968c057abf12.fc.signal	0.668245	1.61553	0.62315	0	0.688746	2.94855	1.64106	1.20714	0.879247	0.87952	2.33304	1.54356	0.816807	1.12962	0.460535	0.687899	0.450683	1.68509	0.949444	0.531873	0.640849	2.06708	1.31805	0.603169	0.434416	0.141291	0.345202	0.0272699	0.461213	1.03375	1.61992	0.823645	0.613746	1.58138	2.23537	0.690614	0.527174
ihec.chipseq.ihec-chipseq-containerv1.1.4.IHECRE00001236.5.b3e823f8-bdfb-415e-8681-ed2acdcbeb38.fc.signal	0.700895	0.598313	1.26389	1.33849	1.01425	0	0	0	0	0.428067	0	0	0	0	0.314537	0.113531	0.112688	1.0473	0.600756	0.888461	0.323065	0.402536	0.420969	0.953744	0.46738	0.930667	0.583721	0.826176	1.81251	0	0	0	0.0259129	0.512307	0.676198	0.663128	0.483221
ihec.chipseq.ihec-chipseq-containerv1.1.4.IHECRE00000243.3.f19b01fb-285f-4aa3-a654-49a7198b9c00.fc.signal	0.809602	0.435101	0.287138	0.443938	0.340431	0.408254	0.144257	0	0	0	0	0	0	0	0	0.205145	0.750945	1.58846	1.61293	0.788586	0.248433	0.0583441	0.466753	0.340654	0.0545799	0.67378	1.43225	1.02573	1.4379	1.03514	0.40088	0.165622	0.441109	0.532356	0.216438	0	0.401023
ihec.chipseq.ihec-chipseq-containerv1.1.4.IHECRE00000221.3.ee2442de-4362-4f9f-9331-9ed79b0e0f3c.fc.signal	0.129048	0.900991	0.632988	0.329326	0	0	0	0	0	0.283602	1.30733	0	0.200597	1.88146	2.6285	0.0622542	0.359691	1.15516	1.83303	1.42493	0	0.79547	0.373525	0.421945	0.0760885	1.60477	3.02754	1.91268	2.05212	0.250699	0	0	0	0.148224	0.698733	0.761852	0.598974
ihec.chipseq.ihec-chipseq-containerv1.1.4.IHECRE00001889.4.0a4412db-98d2-49c5-9fe7-7e089d81032b.fc.signal	0.749504	0.283172	0	0	0	1.0288	0.960246	0.191876	0.474746	0	0.478805	0.393829	0	0	0.41849	0.837051	0	0.873747	1.42844	1.95317	1.06109	4.19357	0.700758	1.42164	1.55004	0.573579	0.854462	0	0.133783	0.683543	1.45772	1.43509	2.3527	2.2971	1.25674	1.45945	0.522843
ihec.chipseq.ihec-chipseq-containerv1.1.4.IHECRE00001956.2.fe4e2c35-293c-45d0-aa4a-9678c367d2df.fc.signal	0.212331	0.530249	0.588119	0.151023	0	0	0	0	0	0	0	0	0	0	0	0.00291147	0.529893	0.0842217	0	0.332727	0.412571	0.350281	0.0888811	0.774741	0.346517	0.155204	0.867654	0.361374	0	0	0	0	0	0	0	0	0.784211
ihec.chipseq.ihec-chipseq-containerv1.1.4.IHECRE00003812.1.7f19b755-763d-4552-86cc-5866c38edfa6.fc.signal	0.573631	0.351424	0.575405	0.165896	0.12592	0.163896	0	0.0966054	0.36339	0.0971768	0.555141	0.606424	0.812617	0.130375	1.22895	1.28292	0.762765	0.0539658	0.120801	0.61427	0.851242	1.13111	1.34944	1.6054	0.74563	0.475743	0.00999367	0.309808	0.373767	0.36577	0.109911	0	0.227383	0.703531	0.435842	0.123944	0.910891
ihec.chipseq.ihec-chipseq-containerv1.1.4.IHECRE00001016.4.764ff188-5975-4398-93ca-ac1cbb246bef.fc.signal	0.676146	0.508158	0.222906	1.15484	1.4757	0.291502	0.0128983	0	0.159937	1.10151	0.518509	0	0	0.461755	0.462962	1.09209	0.349766	0.649299	0.669931	0.982741	0.672026	0.701592	1.41106	1.32851	0.392107	0.870925	0.694234	0.913192	0.582999	0	0	0.280731	0.465775	0.467941	0.272129	0.184739	0.5
ihec.chipseq.ihec-chipseq-containerv1.1.4.IHECRE00001892.4.a3994b5d-df9e-4d2b-8d1f-2a68f9eea142.fc.signal	0.500254	0	0	0	0	0.773922	0.96233	0.905231	0.0382717	1.24289	1.11019	0.611586	0.0216035	0	0.0439684	1.95026	0.297593	1.37845	0.632313	0.344103	0	0.711771	0	0.328976	0.518906	0.395022	0.700406	0	0	0	0.372286	1.59982	1.35721	1.62507	0.196872	0.290273	0.247619
ihec.chipseq.ihec-chipseq-containerv1.1.4.IHECRE00003680.3.c19bd00a-5c6a-4173-86bf-6f467b56a6c8.fc.signal	0	0.0253844	0.3599	0.497256	0.325539	0.552567	0.078393	0	0	0	0	0.0791396	0.503274	0.477864	0.265788	0.633223	0.131399	0.129908	0.248705	0.218007	0.200089	0.0985512	0.0791396	0.37004	0.755642	0.567496	0.0179184	0.168731	0.3718	0.089592	0.431577	1.04536	0.497884	0.0329796	0.0642076	0.437491	0.281042
ihec.chipseq.ihec-chipseq-containerv1.1.4.IHECRE00004615.1.138484bb-d1db-4537-b285-bd13fe5a9644.fc.signal	0.331698	0.177849	0.052775	0.564304	1.11397	0.293335	0	0.138785	0.350769	0.227359	0.404048	0.652324	0.239499	0	0.404999	0.387829	0.173293	0.114306	0.0319647	0.193261	0.153144	0.726109	0.297596	0.635905	0.237658	0.408202	0.53628	0.575272	0.38622	0.337977	0.477298	0.260365	0.167839	0.444941	0.314848	0.49533	0.69419
ihec.chipseq.ihec-chipseq-containerv1.1.4.IHECRE00000949.6.e8717b6c-436c-4750-b776-17ab8ac934dd.fc.signal	0.777367	1.51539	1.73672	0.585597	0.753443	0.238841	0	0	0.447722	0.12161	0	0	0	0.308443	0.143018	0	0	0.43375	0.353528	0.836929	0.397755	0.0484409	0.582028	0.199614	0	0.163776	0.322483	0	0	0	0	0	0	0.0886617	0.322075	0	0.456813
ihec.chipseq.ihec-chipseq-containerv1.1.4.IHECRE00003686.3.4f07d906-46cb-4b49-9eca-84ffb88233a3.fc.signal	0.641638	0.657841	0.481509	0.175663	0.145295	0.285039	0.113778	0	0	0.178461	0.397643	0.347307	0.298487	0.456647	0.182786	0.282162	0.559341	0.327776	0.343997	0.102702	0.173019	0.13374	0.108968	0.103321	0.219259	0.204183	0.553	1.36383	0.860627	0.608604	0.19795	0.172272	0.105783	0.138126	0.191947	0.171614	0.610465
ihec.chipseq.ihec-chipseq-containerv1.1.4.IHECRE00004604.3.90b22b5d-3f31-4944-a92b-e05b092bb019.fc.signal	0.807992	1.34348	0	0.0893471	0.486707	0.67313	0.251716	0	0	0	0	0	0	0.188904	0.368022	0.977438	0.218049	0.501727	0.659994	0.392068	0.319116	0.706973	0.503278	1.4208	0.0426565	0.136323	0.219501	0.470759	0.167346	0.394618	0.029212	0	0	0	0	0.0714979	0.761838
ihec.chipseq.ihec-chipseq-containerv1.1.4.IHECRE00003803.1.f859dcbd-afbe-4ae5-8435-ea7adf39970c.fc.signal	0.459571	0.322001	0.324101	1.16519	0.623175	0	0	0.20632	0.889143	2.55157	1.43166	0.501858	0.840976	0.182291	0.230145	0.686757	0.691035	1.1971	0.928658	2.11964	2.07829	1.17864	0.0957019	0.432726	0.881664	1.48898	0.795747	1.06923	1.06653	0.793059	1.44117	0.940718	0	0	0	0.946613	0.610169
ihec.chipseq.ihec-chipseq-containerv1.1.4.IHECRE00001854.4.6809abea-4899-4dd9-b04a-d68ef6203ffb.fc.signal	1.58271	0.304313	0.885428	0.873471	0.513922	0.628964	0.768264	0.767266	0.982345	0.735566	1.55202	1.53459	1.75248	1.2486	1.02596	0.751845	0.681608	0.0837603	0.0089348	0.448479	0.5358	1.87481	2.80235	0.681671	0.407852	0.343307	0.488816	0.0355862	0.216739	1.25079	2.44083	1.24814	1.39058	1.31378	1.66322	1.28551	0.903614
ihec.chipseq.ihec-chipseq-containerv1.1.4.IHECRE00004681.3.2df51237-5ee8-4df1-9b35-852de3df9810.fc.signal	0.697583	0.258089	1.08929	0.83319	1.10739	0.990991	1.14255	1.09977	0.961282	1.31276	0.279405	0.428625	0.971273	0.597444	0.923871	1.11659	1.64719	2.14269	1.2192	0.357853	1.10556	1.15136	0.829093	0.882768	1.16602	0.981598	0.916445	0.638808	0.504557	0.42565	0.656098	0.455419	0.458182	0.611026	0.555005	0.87246	0.757322
ihec.chipseq.ihec-chipseq-containerv1.1.4.IHECRE00003818.1.404b0fff-7a57-4978-8379-3089d99854a9.fc.signal	0.405377	0.187354	0.8113	1.69997	0.717394	0.872974	0.530707	0.561938	0.561248	0.279563	0.0502617	0.247762	0.0854879	0.223127	1.6962	1.89188	1.80172	1.74677	0.549935	0.0520917	0.567161	0.448224	0.718408	0.644582	0.712085	1.24795	1.14621	1.2633	0.223083	0	0.506978	0.164149	0	0	0	0.379094	0.768817
ihec.chipseq.ihec-chipseq-containerv1.1.4.IHECRE00004713.2.9c4780de-3fe9-463d-b53b-5fe60a9ad8a2.fc.signal	1.01495	1.49128	1.63254	0.930883	0.731373	0.611436	0.40553	0.285438	0.486074	0.98737	0.6861	0.565603	0.426248	0	0	0	0.0062852	1.04966	0.571533	1.3148	0.914028	0.0356161	0.163491	0.430153	1.41591	0.605398	0.214046	0.460772	0.483639	0.601693	0.110976	0.413181	0.794078	0.944991	0.269335	0.864119	0.48415
ihec.chipseq.ihec-chipseq-containerv1.1.4.IHECRE00001335.1.6d13e882-b47b-453b-9f9b-154094e4f3fb.fc.signal	0.3314	1.00933	0.828937	0.102622	0.558756	0.14256	0	0.380078	1.13609	0.268492	0	0	0.270464	0.325969	0	0.108938	1.16592	0.391061	0.0828652	0.569321	0.64462	0.79475	1.13482	2.17187	1.52861	1.9155	2.2925	0.145943	1.37668	1.30949	0.0996289	0.462216	0.393467	0.608441	0.426009	0.178803	0.689367
ihec.chipseq.ihec-chipseq-containerv1.1.4.IHECRE00004888.1.9cc24acd-6188-40e5-bad4-b78f8ccb0b3a.fc.signal	1.83277	0.885331	0.420521	0.108866	0.179684	0.964898	0.420033	0	0	0.00303587	0.454859	1.19479	1.3122	0.78373	0.829883	0.434633	0.522897	0.175118	0.584577	0.464818	0.589893	1.4345	0.907774	0.147994	0.791851	1.71156	0.237487	0.940495	1.61063	0.119661	0.442023	0.64402	1.17026	1.06638	0.133583	0.665635	0.680982
ihec.chipseq.ihec-chipseq-containerv1.1.4.IHECRE00004618.1.f3b6006d-3e3a-44fa-b4a9-49a87f36ab7f.fc.signal	0.297438	0.43966	0.695438	0.126847	0.91277	0.535752	0.0767238	0.235526	0.377349	0.402288	0.54941	0.604221	0.43523	0.450411	0.0895958	0.556447	0.370722	0.09278	0.225681	0.477931	0.56446	0.492379	0.328657	0.711356	0.658037	0.279436	0.260954	1.51318	0.372026	0.104031	0.0853562	0.456449	0.159498	0.0471703	0.260925	0.57781	0.642157
ihec.chipseq.ihec-chipseq-containerv1.1.4.IHECRE00002058.1.bb047498-09b9-4c13-b396-ee9ca79dcf59.fc.signal	0.0624141	0.105919	0.210077	0.131984	0	0.212835	0.29463	0	0.154178	0.778683	0.494726	0.142527	0	0.206579	0.197726	0	0	0	0	0.0666011	0.183494	0	0.125518	0.52302	0.279981	0	0	0	0	0	0	0.0842409	0.297028	0.333752	0.0671451	0.273422	0.185865
ihec.chipseq.ihec-chipseq-containerv1.1.4.IHECRE00000060.3.859b49cb-ac61-48c4-a1ad-a49ca139de17.fc.signal	0.237371	2.90981	1.26191	0.755978	0.592935	3.56352	2.04866	1.01662	0.67057	2.8188	0.679561	0.239951	0.0719545	0.544466	0.400598	0.267277	0.501957	0.596523	0.768605	0.415578	0.256098	1.11613	0.323063	0	0.267055	0.747043	0.197772	0	0	0.17906	0.754588	0.409061	0.861647	0.765313	0.0322307	0.044033	0.421053
ihec.chipseq.ihec-chipseq-containerv1.1.4.IHECRE00001039.6.1c43239d-dfc1-4ee8-9404-c3dda7976cff.fc.signal	2.34278	1.29539	1.4046	0	0.404592	0.26456	0.431114	0.0943783	0.548717	0.409636	0.601951	0.206763	0.811218	0.732142	1.04546	0.54143	0.341523	0.610618	0.865169	0.471708	1.22534	2.2871	1.80579	2.29895	1.15887	2.85511	2.05094	0.935144	0.520002	1.72108	2.34864	1.80493	2.01288	2.29364	2.04688	2.46757	0.314917
ihec.chipseq.ihec-chipseq-containerv1.1.4.IHECRE00000228.3.7281ed79-ca1f-4f34-ad6b-6aeb18d6b751.fc.signal	0.748109	0.609837	0.219661	0.153738	0.434414	0.526914	0.0740747	0	0	0	0	0	0	0	0	0	0.284792	0.967226	1.00662	0.904462	0.228298	0	0	0	0.20218	0.498457	0.964167	1.03375	0.451108	0.101747	0	0	0	0	0	0	0.708397
ihec.chipseq.ihec-chipseq-containerv1.1.4.IHECRE00001963.2.c17770a0-5e1a-467c-8c25-b0784609b22f.fc.signal	1.07517	1.56828	2.10063	1.43815	1.67251	1.73802	0.816667	0.571091	0.819777	0.665948	0.433167	0.447069	0.442726	0.582138	0.414764	0.663915	1.1945	1.40203	0.705637	0.810329	1.41588	1.1532	0.706101	0.529161	0.751138	1.10682	2.33383	2.05275	0.974821	0.343978	0.361767	0.479342	0.688693	0.780608	0.315034	0.515967	0.25
ihec.chipseq.ihec-chipseq-containerv1.1.4.IHECRE00000238.3.bd79aee4-cb3e-4358-b4aa-2b3125cb6682.fc.signal	1.45798	0.848425	0.318107	0.286777	0.146071	0.160637	0	0	0	0	0	0	0	0	0.192282	0.419771	0.788086	1.36493	1.49222	1.41097	1.23764	0.13541	0.352066	0.251863	0.744711	0.386924	0.112248	0.407945	0.301168	0.120186	0	0.352066	0.583956	0.899509	1.36493	0.528383	0.526637
ihec.chipseq.ihec-chipseq-containerv1.1.4.IHECRE00003690.3.dc1d2dc3-279f-44dc-a6f1-0d5154726fd5.fc.signal	0.173753	0.111085	0.00788687	0.163046	0.237859	0.214715	0.270293	0.267291	0.290038	0.274001	0.341258	0.46863	0.633354	0.441292	0.265073	0.31715	0.163863	0.0975036	0.166062	0.184635	0.277326	0.263888	0.352848	0.518409	0.401477	0.254375	0.282395	0.301472	0.155605	0.0741922	0.0955515	0.121501	0.156147	0.20153	0.373721	0.598628	0.400566
ihec.chipseq.ihec-chipseq-containerv1.1.4.IHECRE00004664.3.d6d75692-32d3-4ddf-b607-bb2c11beb469.fc.signal	0.473775	0.863494	1.4518	0.502941	0.499795	0.772465	0.722633	0.410029	0.449011	0.414299	0.466655	0.679159	0.437169	0.63234	0.531513	0.790616	1.12231	0.883891	0.312379	0.691572	0.722527	1.36255	0.850885	0.313481	0.0281819	0.65018	0.714467	0.922516	0.905942	0.284827	0.439021	0.507505	0.497817	1.0665	0.957534	0.773175	0.694033
ihec.chipseq.ihec-chipseq-containerv1.1.4.IHECRE00003691.3.6671b082-a817-48d2-abb0-2b33e6b6a3bd.fc.signal	0.758145	0.595384	0.340432	0.245661	0.20685	0.143812	0.0428533	0	0.104406	0.365498	0.185253	0.127513	0.222241	0.133809	0.226083	0.0922077	0.0665618	0.217283	0.204626	0.213625	0.393953	0.107897	0	0.149678	0.367938	0.371552	0.123641	0	0.0457812	0.139247	0.0941151	0	0	0	0	0	0.379928
ihec.chipseq.ihec-chipseq-containerv1.1.4.IHECRE00003696.3.e00c0d9c-ba65-4ccf-bfd6-bf0790f0d972.fc.signal	0.265341	0.29704	0.521013	0.572153	0.384439	0.668605	0.729778	0.607324	0.670544	0.767617	0.526192	0.246737	0.295095	0.242058	0.0872504	0.217713	0.395815	0.602354	0.388359	0.0418275	0	0.0161321	0.120015	0.173411	0.331685	0.748216	0.696441	0.425208	0.343014	0.387663	0.640123	0.491236	0.295069	0.186265	0.392189	0.739982	0.290698
ihec.chipseq.ihec-chipseq-containerv1.1.4.IHECRE00003683.3.337d4e8a-e984-41f8-aa57-60f7eb5f2a93.fc.signal	0	0	0.127688	0.26328	0.123735	0.32744	0.33757	0.0581267	0	0	0	0.238511	0.528813	0.286903	0.274536	0.310533	0.349564	0.190437	0.0855614	0.207581	0.40823	0.328869	0.255612	0.413427	0.551378	0.5746	0.58624	0.353318	0.358933	0.298174	0.0449947	0	0	0	0	0.118665	0.352975
ihec.chipseq.ihec-chipseq-containerv1.1.4.IHECRE00000943.7.2d49fd2f-74c0-448e-a30b-e44db7e3a5ff.fc.signal	1.1242	1.13671	0.0919843	0.214927	0.19335	0.303241	0.0769413	0	0.502722	0.0811381	0	0	0	0	0.774183	0.342548	0.744061	1.54397	0.940201	0.77853	0.832176	0.728564	0.735359	1.58849	0.729666	0.0991893	0.379228	0.173981	0.0954317	0.238353	0	0.248936	0.082848	0.196666	0.294696	0.449564	0.737631
ihec.chipseq.ihec-chipseq-containerv1.1.4.IHECRE00003685.2.e68f52c1-41a1-4e05-8c93-7ca09c5fb4fe.fc.signal	0.625803	0.453461	0.342684	0.293645	0.342457	0.219659	0.083922	0.0708542	0.367855	0.415239	0.199882	0.17949	0.180171	0.333562	0.234977	0.298959	0.419601	0.237654	0.246097	0.235964	0.166691	0.362748	0.537615	0.377963	0.375054	0.240601	0.0238571	0	0.18485	0.265478	0.228318	0.469795	0.766331	0.671245	0.586232	0.120646	0.406417
ihec.chipseq.ihec-chipseq-containerv1.1.4.IHECRE00003695.3.08f241da-4ea3-4efd-8a07-63057f4f6ca8.fc.signal	0.397988	0.176756	0.279741	0.299174	0.0950775	0	0.090225	0.10827	0.2086	0.0975961	0.00808307	0.0983188	0.182999	0.0903159	0.143737	0.406259	0.55713	0.467652	0.3486	0.225392	0.0293641	0	0.0761349	0.148528	0.393046	0.676873	0.406281	0.0382175	0	0	0	0	0	0	0.060362	0.151686	0.346276
ihec.chipseq.ihec-chipseq-containerv1.1.4.IHECRE00001025.7.737b5bf1-d829-45ff-8c28-1667416be068.fc.signal	1.60401	0.826215	0.384291	0.814973	0.498008	1.11084	0.710485	0.25432	0	0	0.0097968	0.962721	0	0	0.444471	0.344274	0.0154912	0.653694	0.684498	1.29244	1.50704	0.631822	0.55353	0.82852	0.152224	0.463959	0.972826	0.369224	0.30198	0.292718	0	0.223624	1.79016	1.15195	1.40356	1.59841	0.608
ihec.chipseq.ihec-chipseq-containerv1.1.4.IHECRE00004608.1.7e686e4a-008d-44af-95b1-78718b51ae70.fc.signal	0.681308	0.481341	0.274723	0.297107	0	0.309255	0.150159	0	0.521748	0.139114	0.233462	0.623453	0.629394	0.242142	0.415795	0.67815	0.752697	0.524625	0.881521	1.12597	1.00332	1.4923	0.149764	0.152591	0.272051	0.729019	0.82205	0.884728	0.244477	0.444606	0.529894	0.711304	0.11788	0.508155	0.867696	0.0658775	0.648829
ihec.chipseq.ihec-chipseq-containerv1.1.4.IHECRE00001011.4.567c133d-62ea-4adf-bc97-6ef3e532e6a6.fc.signal	0.257973	0.234628	0.320348	0.242338	0.415598	0.18738	0	0	0	0	0	0	0	0.217948	0.108974	0.289018	0.217948	0.805386	2.39563	1.49464	1.36436	1.11809	0.421681	1.02809	0.203734	0.35535	0.302573	1.50754	0.244007	0.097129	0.210841	0.457217	0.528583	0.431496	0.291387	0	0.648855
ihec.chipseq.ihec-chipseq-containerv1.1.4.IHECRE00003677.3.424bbc61-947c-4459-9db6-6a124654e2c1.fc.signal	0.202234	0.0290139	0.194544	0.10247	0.0742711	0.44566	0.185678	0	0	0.132171	0.387706	0.340154	0.310434	0.0178208	0	0	0.0367329	0.328779	0.39981	0.284913	0	0.0178208	0.425189	0.398417	0.132005	0.537679	0.888075	0.240498	0.411071	0.426307	0.0356416	0	0.05569	0.22276	0.37136	0.263287	0.198186
ihec.chipseq.ihec-chipseq-containerv1.1.4.IHECRE00000709.3.a821fd7c-44ed-4d61-9142-fdff92927929.fc.signal	1.19281	0.20389	0.0883395	1.87291	0.762985	0	0	0.0475917	0.550412	0.164586	2.00101	0.724277	0	0.797467	1.84808	0.865798	0.375062	1.62494	0.557142	1.59763	0.951576	0.869656	0.0059644	0.320126	0.722309	0.820153	1.50379	1.18793	0.0623145	0.995447	0.836306	1.06449	0.78151	0.879722	0.488278	0.389226	0.660288
ihec.chipseq.ihec-chipseq-containerv1.1.4.IHECRE00000784.3.0c5be813-07c9-46d8-a028-5fb001a00a5b.fc.signal	0.807574	0.55108	1.25877	0.349596	0.789955	0.332393	0.422328	0.147845	0.336107	0.418657	0.256308	0	0.11561	0.399723	0.093693	0.401632	0.271938	0.637608	0.628881	0.234759	0.193896	0.754603	0.176036	0.320679	0	0.268929	0.528239	0.63674	1.40288	1.46458	0.918287	0.324948	0.546694	0.780403	0.0654154	0	0.630942
ihec.chipseq.ihec-chipseq-containerv1.1.4.IHECRE00000983.7.0397ac10-5d52-43ec-8084-1b153343aa3a.fc.signal	1.07491	0.364965	0	0	0	0.972215	2.47308	0.164872	0.467209	1.55219	1.39201	0.654189	0	0	0.218979	1.13354	1.31038	1.54789	0.761088	0.973498	0	0	0	0	0	0	0	0	0	0	0	0.453722	3.44717	7.34241	2.52809	0	0.439252
ihec.chipseq.ihec-chipseq-containerv1.1.4.IHECRE00001852.4.7414bb41-cf54-40da-9950-d1fdfeffed2f.fc.signal	1.10957	0.628735	0.536411	0.531014	0.65767	0.310225	0.40727	0.454624	0.585082	0.90545	0.878334	1.006	1.22004	0.856552	0.860923	1.11818	1.09007	1.02072	0.853352	0.982385	1.54901	1.06041	0.83715	0.541038	0.430486	0.647219	0.597035	0.687374	0.387121	0.632576	1.31745	1.43456	0.952072	0.755574	0.77282	1.1605	0.467213
ihec.chipseq.ihec-chipseq-containerv1.1.4.IHECRE00000121.3.18840011-517b-4a58-bd65-f86bd389148f.fc.signal	0.322696	0.979427	0.737851	0.76338	0.357193	0.150928	0	0.0474819	0.325036	0.465596	0.0514336	0.0192281	0.173989	0.361849	0.367789	0.445536	0.262336	0.497091	0.741692	0.737869	0.212048	0.302175	0.533645	0.585098	0.0782219	0.139474	0.375289	0.55188	0.385191	0.410403	0.0094292	0.368221	0.57104	0.256809	0	0.0916878	0.466258
ihec.chipseq.ihec-chipseq-containerv1.1.4.IHECRE00000980.8.986df781-84f6-4a4b-bb53-6b69b505dda3.fc.signal	1.08181	0.403294	1.74961	0.517509	0.348454	0.459791	0.201071	0.735198	0.496696	0.612726	0.377817	0	0	0.152834	0.999556	1.90539	0.410906	1.12063	0.353985	0.334267	0.55746	0.657578	0.879938	0.435962	1.0825	0.706404	0.687508	0	0	0	0	0	0	0.347459	0.721045	0.352178	0.874548
ihec.chipseq.ihec-chipseq-containerv1.1.4.IHECRE00000957.7.24f7fa54-2938-4834-8448-492029a59634.fc.signal	0.223713	0.317276	0.8628	0.0212813	1.52607	0.746191	0	0	0	0	0	0	0	0	0	0.0386317	1.00097	0.600669	2.07201	0.816642	0.682844	1.32332	0.601438	0.737657	0.623457	0.975523	1.34141	0	0	0	0	0	0	0	0	1.75272	0.817619
ihec.chipseq.ihec-chipseq-containerv1.1.4.IHECRE00002065.1.a94a6b89-542c-4e29-9116-4cbe6008554d.fc.signal	0.197285	0.472022	0.108453	0.41049	0.980784	0.502524	0.268969	0.219281	0.374003	0.408761	0.0630209	0	0.181697	0.91322	0.618326	0.308536	0.580895	0.483013	0.220394	0.301261	0.0761099	0	0.0064148	0.137723	0.0330287	0.169854	0.864387	1.07508	0.46985	0.442947	0.199151	0.239013	0.462133	0.601115	0.484366	0.89439	0.198775
ihec.chipseq.ihec-chipseq-containerv1.1.4.IHECRE00003684.3.803d7f5d-192e-4b5b-9ea2-f9b8994e9342.fc.signal	0.148339	0	0.279261	0.961474	0.324104	0.480145	0.358787	0.0893782	0.0739804	0.393939	0.166532	0.225877	0.106412	0.371946	0.934506	0.426737	0.22338	0.607897	0.534976	0.0793769	0.0128732	0.421104	0.44677	0.673931	1.15659	0.529655	0.0475636	0.350065	0.704887	0.351393	0.133848	0.345467	0.515105	0.61578	0.290654	0.00650783	0.64
ihec.chipseq.ihec-chipseq-containerv1.1.4.IHECRE00000992.7.c608e076-b4cb-49e5-bf4c-ab19d04cc659.fc.signal	1.18016	1.55142	0.64269	0.354111	0.0748783	0.9147	0.0693953	0	0.562728	0.156726	0	0.277393	0.0759922	0.0783885	0.0025336	0.766909	0.55404	1.17452	1.22157	1.31349	0.761648	1.25144	0.705407	1.87215	1.17234	0.58762	0.775823	0.463605	0.229654	0.0093464	0.117498	0.165553	1.88617	3.015	0.926815	0.505215	0.384384
ihec.chipseq.ihec-chipseq-containerv1.1.4.IHECRE00000153.3.6094043f-929d-401f-90d7-3ed5b4b7258f.fc.signal	1.50262	1.69414	0.726436	0.202176	0	0	0	0	0.197016	0.284172	0	0	0.337895	0.75756	0.30331	0.845503	0.297164	0.19492	1.29196	1.28168	1.08146	0	0.555911	0.123953	0	0.137614	0.941127	0.376388	0	0	0.404495	0.15432	0.568015	0.692342	0.487681	0.203569	0.317365
ihec.chipseq.ihec-chipseq-containerv1.1.4.IHECRE00001050.8.5efb4e46-177f-4d3d-96a6-19f7c95acfd8.fc.signal	0.634677	1.23262	0.92541	0.465522	0.345728	0.73806	0	0	0	0	0.103533	0.789432	0.218747	0.457975	0.34697	0.605901	0.880248	0.62311	0.822143	0.571316	1.0931	1.32321	0.789617	1.71199	0.882497	1.09802	0.584808	0	0	0.0285037	0.350335	0.776371	1.49348	2.4517	0.852567	0.678434	0.454756
ihec.chipseq.ihec-chipseq-containerv1.1.4.IHECRE00003694.3.a7c0537c-0a7d-415e-ae83-a8d9e779153a.fc.signal	0.421892	0.284432	0.0606202	0	0.0805365	0.217557	0.346444	0.31075	0.31694	0.368933	0.35154	0.437432	0.560819	0.377064	0.264192	0.120095	0.0197207	0.130869	0.367427	0.419384	0.149704	0.108081	0.300512	0.456595	0.591714	0.331922	0.110093	0.17682	0.201423	0.220887	0.207406	0.133321	0.170645	0.206095	0.346713	0.567897	0.369195
