	chr2:127609750-127609899	chr2:127609900-127610049	chr2:127610050-127610199	chr2:127610200-127610349	chr2:127610350-127610499	chr2:127610500-127610649	chr2:127610650-127610799	chr2:127610800-127610949	chr2:127610950-127611099	chr2:127611100-127611249	chr2:127611250-127611399	chr2:127611400-127611549	chr2:127611550-127611699	chr2:127611700-127611849	chr2:127611850-127611999	chr2:127612000-127612149	chr2:127612150-127612299	chr2:127612300-127612449	chr2:127612450-127612599	chr2:127612600-127612749	chr2:127612750-127612899	chr2:127612900-127612969	chr2:127612970-127613049	chr2:127613050-127613199	chr2:127613200-127613349	chr2:127613350-127613499	chr2:127613500-127613649	chr2:127613650-127613799	chr2:127613800-127613949	chr2:127613950-127614099	chr2:127614100-127614249	chr2:127614250-127614399	chr2:127614400-127614549	chr2:127614550-127614699	chr2:127614700-127614827	Expression
ihec.chipseq.ihec-chipseq-containerv1.1.4.IHECRE00001006.4.35d5a8b6-1eb5-4bfe-b35b-6d956f6f9ff2.fc.signal	1.52877	1.78413	1.10932	0.934377	0.902539	1.2545	1.26566	1.57937	3.25316	2.55348	1.97183	2.04874	1.7071	2.35633	0.962953	1.85825	3.33761	3.09923	1.90524	2.01254	1.4369	1.80182	3.29841	1.40932	0.335937	0.298351	1.42597	1.16037	1.47921	1.22489	1.99518	1.26902	0.782311	0.394825	0.710415	0.426736
ihec.chipseq.ihec-chipseq-containerv1.1.4.IHECRE00003398.1.24f592c8-8c69-4c91-ba18-ad0c533ddaf8.fc.signal	1.73031	2.391	2.07478	2.31824	1.83071	2.14471	1.49927	2.42505	0.829827	1.32588	2.86138	1.06981	1.9502	3.68628	0.884748	1.63506	1.72635	1.892	1.97949	1.98827	1.21603	1.09124	2.40602	2.15523	1.13777	2.97886	0.49789	0.543571	1.19289	0.995652	1.28189	1.31444	0.962978	1.25555	2.6519	0.336658
ihec.chipseq.ihec-chipseq-containerv1.1.4.IHECRE00001018.4.1f07a69f-5385-434d-9868-2041e2fec782.fc.signal	0.941112	1.81026	0.742782	0.250094	0.642379	0.714856	1.61914	1.34786	2.46188	2.08741	1.50325	1.20132	2.10479	1.64045	1.76007	1.28494	1.37071	1.18363	1.54862	1.01303	1.26039	0.724389	0.86979	0.770919	0.405314	0.898074	1.33433	0.92602	0.922135	0.793755	1.05181	1.31284	1.13856	0.455128	0.325068	0.321154
ihec.chipseq.ihec-chipseq-containerv1.1.4.IHECRE00001003.4.9d84f1f6-2f6a-416c-bcef-ff170f289a63.fc.signal	1.09606	1.40325	0.918164	0.326674	0.343864	0.337033	2.13186	1.39643	2.74708	2.27962	0.629588	2.22244	1.86395	1.41744	0.712309	0.49231	1.60779	1.45759	1.26093	1.86112	2.38172	2.10161	2.14926	1.74187	2.04986	1.54265	2.61052	2.14233	2.75287	1.81305	1.28677	0.954786	1.57667	0.417953	0.910045	0.436577
ihec.chipseq.ihec-chipseq-containerv1.1.4.IHECRE00001232.5.ca485291-98be-4da7-8667-33d3bd0f55ac.fc.signal	3.39631	3.86371	3.19938	1.06162	1.59399	1.80484	3.55198	3.16461	4.06821	2.3713	2.05786	1.49812	1.96197	1.93385	1.14479	1.63191	2.50465	2.59861	2.73098	2.60949	0.930896	1.86795	2.8231	1.23266	0.427488	0.50608	0.657883	1.31039	1.44106	1.09735	0.832653	1.52629	0.619241	0.369196	0.314115	0.436408
ihec.chipseq.ihec-chipseq-containerv1.1.4.IHECRE00000248.2.b9dd63b5-faa8-49f6-89a1-d994c468eb04.fc.signal	1.51368	0.757287	1.27752	1.69502	1.35831	0.903344	1.49727	2.186	3.25336	2.64146	3.36593	2.90007	1.28454	3.32836	2.85403	0.748012	2.78219	2.76096	3.40876	2.46152	4.00762	3.28995	0.78883	2.00988	1.31297	5.18778	5.33627	2.5075	2.50079	2.94707	3.96799	1.44985	1.70777	0.737557	0.206119	0.544776
ihec.chipseq.ihec-chipseq-containerv1.1.4.IHECRE00000972.6.767f330d-c515-40cb-be8a-255001f91f74.fc.signal	0.586329	1.86193	0.719929	1.01035	3.88276	2.62575	4.21006	4.85647	6.00751	11.3743	4.29657	2.18162	0.635909	3.85374	2.53779	2.57062	3.61045	4.35442	5.62825	5.00817	3.53846	1.51482	6.81738	2.57066	0	0	2.62344	2.33584	3.59278	2.85208	4.54219	2.85016	6.25001	4.19121	1.3255	0.765625
ihec.chipseq.ihec-chipseq-containerv1.1.4.IHECRE00003821.3.eee60a22-f599-43f7-a6b7-6bb8cd9c0fb1.fc.signal	0.0539342	0.267611	0.332873	0.210024	0.646029	0.75517	0.939466	1.61011	2.88509	2.62646	1.03334	0.581107	0.341655	0.442108	0.409063	0.680313	0.630058	0.499495	0.580974	0.795741	1.18558	2.6197	3.29543	4.55959	7.00796	8.08492	8.72461	6.37157	5.23785	3.80956	2.05641	1.19223	0.859963	0.476437	0.240683	0.874346
ihec.chipseq.ihec-chipseq-containerv1.1.4.IHECRE00001021.4.71944ce4-bd57-4526-b0d0-a368c7bbdce8.fc.signal	1.0829	1.22172	0.50529	1.19356	0.851087	1.05439	1.70098	1.32616	3.23434	3.00445	2.60824	1.76257	3.14258	1.82879	1.79937	1.24498	1.65287	2.59001	2.84908	4.05805	2.19809	2.50687	3.16411	1.48336	1.06249	1.2131	2.92081	1.69666	1.82956	2.17377	2.60251	2.9781	1.12417	0.478267	0.610224	0.458824
ihec.chipseq.ihec-chipseq-containerv1.1.4.IHECRE00003692.4.e4c527ec-18d1-4382-887e-2c78b7a5a939.fc.signal	0.478619	0.376822	0.473341	0.515124	0.600793	1.10872	1.61062	3.25277	4.09311	4.76178	2.52416	0.748718	0.632546	0.813338	0.461636	0.343696	0.542627	1.46695	1.21228	2.87598	3.84302	5.7679	12.48	9.68667	13.304	17.6583	19.9688	9.89838	8.58437	7.77604	4.34202	2.42937	2.33786	1.28421	0.571998	0.74
ihec.chipseq.ihec-chipseq-containerv1.1.4.IHECRE00001955.3.a0cc4058-35e9-4651-8cca-631ead3cc726.fc.signal	0.160676	0.126759	0.0838634	0.172909	0.0770739	0.3578	0.585261	0.521321	0.302134	0.764401	0.286185	0.455223	0.721857	0.333829	0.459967	0.865521	0.663573	0.83112	0.527133	0.300695	0.221853	0.784133	1.07685	1.17661	0.93132	1.43574	2.13857	1.44434	1.03404	1.13738	1.01166	0.35969	0.251708	0.277195	0.239704	0.708193
ihec.chipseq.ihec-chipseq-containerv1.1.4.IHECRE00001891.4.cefd2162-5b9f-4732-99fc-718d82bca068.fc.signal	1.05707	2.85359	1.10307	0.97436	0.511826	0.43608	0.536927	1.61488	4.20413	2.7381	2.66578	1.21867	0.728208	0.261446	1.31667	2.84059	1.68712	1.25933	1.03652	1.68643	5.34095	2.72124	1.48236	1.75322	1.67749	1.939	5.36041	2.63219	1.27149	1.26085	1.1103	1.60487	0.664277	1.61908	0.2596	0.837945
ihec.chipseq.ihec-chipseq-containerv1.1.4.IHECRE00001022.4.66df243c-6c5c-42f5-bb98-73ebf9a3096e.fc.signal	0.934559	1.42217	1.58635	0.552528	0.79131	0.97336	1.57863	1.361	1.36356	1.2722	1.68854	1.36676	1.59876	1.11209	1.39963	1.1863	1.82328	2.07347	2.51061	2.32987	0.83392	0.753755	0.893568	0.692954	0.29884	0.850527	1.40325	1.79424	1.91471	0.973163	0.789294	1.23584	1.09801	0.818617	1.23431	0.380245
ihec.chipseq.ihec-chipseq-containerv1.1.4.IHECRE00001965.2.e7144f2b-c79b-4aad-950f-07ae1b5e1dad.fc.signal	0.216332	0.374773	0.717457	0.476776	0.409482	0.769236	1.05254	2.13554	2.06399	2.4494	0.990054	0.773174	1.41419	1.48171	1.25738	0.896751	0.384496	1.46497	1.60761	0.912831	1.43572	2.44275	1.66836	0.934198	1.45813	2.08047	0.855303	1.5427	1.95584	1.15746	0.959742	1.38403	1.20405	1.18033	0.92712	0.675676
ihec.chipseq.ihec-chipseq-containerv1.1.4.IHECRE00001008.4.00528f90-1767-43ef-bb37-a22f6e9f4039.fc.signal	0.927345	1.47443	0.719119	0.198923	0.256356	0.66526	0.856647	0.877325	1.95304	1.55384	1.91109	1.59781	0.877896	1.59051	1.58532	1.00899	1.14378	1.68315	1.42951	2.34596	0.832902	0.531176	1.52534	0.973622	1.19385	0.853848	0.72	0.97576	1.60346	3.30749	3.46291	3.88315	2.52275	1.45088	0.333116	0.465909
ihec.chipseq.ihec-chipseq-containerv1.1.4.IHECRE00003400.1.f1517182-68cd-4431-ae69-970e870c1c44.fc.signal	1.23498	1.26421	1.84776	0.729053	2.97252	2.52725	0.777657	0.918064	1.20733	0.625112	0.664496	0.240434	0	1.39057	1.79349	2.50547	2.25153	1.75543	0.955647	1.35866	0.354928	1.58438	2.66211	1.50466	3.94827	2.04929	2.26698	0.480083	1.39022	1.31505	2.00046	1.09941	0.777155	1.50311	0.699078	0.384509
ihec.chipseq.ihec-chipseq-containerv1.1.4.IHECRE00001009.4.6c91eb19-cf51-4ff7-b713-f8f2fc326b1d.fc.signal	1.64085	2.76658	2.84695	1.38342	1.51332	2.01491	2.97986	3.36533	4.86883	4.07211	3.0175	2.75417	2.63636	2.26017	2.02024	2.13146	2.48164	2.74628	3.10889	2.72297	2.53598	3.24436	3.30818	2.13073	0.921012	0.790789	1.14287	1.92367	1.24574	0.330138	0.378424	1.2643	0.941583	0.836991	0.765761	0.449475
ihec.chipseq.ihec-chipseq-containerv1.1.4.IHECRE00000987.6.5433b540-f9ea-4edf-8a0e-cdc2c654fa20.fc.signal	1.93045	2.76131	3.41417	3.10341	0.676237	2.62358	2.57429	2.89121	4.93201	3.67563	2.97673	4.56197	6.49107	5.2087	2.39901	3.07145	4.79796	5.01917	6.18386	9.08459	1.29706	0.439899	2.93814	4.85278	6.76516	4.02452	2.63353	1.98592	2.2758	1.05525	0.515799	0.372856	0.458892	0.497522	0.423103	0.42847
ihec.chipseq.ihec-chipseq-containerv1.1.4.IHECRE00001234.5.0e619ad9-ebc8-47ed-93f9-8d329910a69e.fc.signal	0.744606	1.38879	1.06775	0.614051	0.731914	0.590765	1.31323	1.80347	2.33503	2.18585	1.23564	1.00763	1.7115	1.92711	2.01305	2.07994	1.05705	1.57757	1.30452	0.984055	1.30626	1.75969	1.96975	0.664446	0.341252	0.570822	1.02848	1.33734	1.35495	1.4156	1.64477	0.400216	0.48727	0.0462412	0.121834	0.460021
ihec.chipseq.ihec-chipseq-containerv1.1.4.IHECRE00004884.1.04b53f1e-ede2-4352-b282-8fd62b69ea23.fc.signal	0.658565	1.23757	0.750935	0.91172	1.31216	0.580319	0.059889	0.543828	1.64844	2.21448	1.08261	0.0990009	0	0.13475	1.06407	1.3443	1.88083	1.62773	1.78806	0.863534	0	0	0	0.107796	0.505138	0.657799	0.95815	0.507902	0	0	0.773138	2.22757	1.69747	1.00898	0.0672116	0.622711
ihec.chipseq.ihec-chipseq-containerv1.1.4.IHECRE00001958.3.f473421b-0068-43e9-8689-afd1d3e0454e.fc.signal	0.353202	1.02685	0.491572	0.289312	0.754665	0.734865	0.561094	1.18676	1.42335	1.56733	0.719423	0.437151	0.736316	0.631566	0.413223	0.452053	0.632527	0.486126	0.64939	1.04656	2.45991	1.42118	2.22227	3.21279	1.67002	0.985742	2.02343	2.55887	1.80691	1.55501	0.858443	1.03658	0.654234	0.325469	0.223068	0.725194
ihec.chipseq.ihec-chipseq-containerv1.1.4.IHECRE00000244.3.2a952600-b0a6-4e68-be7d-4c6bb19924d7.fc.signal	0.154728	0.38574	0.79904	0.518988	0.266576	0.770076	1.95593	2.89711	2.88424	2.06962	1.30468	1.32397	1.1955	0.816179	0.932344	0.771107	0.817405	1.12564	1.56064	2.47829	1.52582	0.177189	0	0	0	0	0	0	0	0.215063	1.2019	2.10844	2.08122	1.62062	1.49779	0.492
ihec.chipseq.ihec-chipseq-containerv1.1.4.IHECRE00001012.4.85be5809-5a62-4b0b-9ffb-29881f7da7c3.fc.signal	0.873471	0.970975	1.10258	0.172932	0.474354	0.971582	1.00644	1.07283	1.05616	1.89881	1.67117	0.531461	1.36604	2.16486	1.35542	1.20848	0.556588	1.06564	1.70784	2.80792	1.71842	0.346385	0.070868	0.229481	0	1.02766	1.22291	0.297946	0.279959	0.832155	1.79393	0.849296	1.19941	1.09322	0.447942	0.443468
ihec.chipseq.ihec-chipseq-containerv1.1.4.IHECRE00001014.4.c5ae491c-ef59-4b85-83e8-7c458c9d3645.fc.signal	0.354496	0.541596	0.888858	0.876761	0.737569	0.746611	1.31714	0.722637	0.976038	1.03377	1.11194	0.941121	1.58531	1.22638	0.796018	0.692809	0.61466	0.802244	1.89022	1.18606	0.366419	1.29338	2.32585	1.15852	0.465483	0.173977	0.588279	0.997139	0.597305	0.618969	0.401813	0.44553	1.19324	0.472529	0.371001	0.45
ihec.chipseq.ihec-chipseq-containerv1.1.4.IHECRE00001005.4.295db198-fe3f-4319-97a2-6e37da59d182.fc.signal	1.40512	3.29644	1.6878	1.00292	0.541413	0.90227	1.64792	1.58327	3.17944	2.19686	1.37901	1.76983	1.87271	1.55572	1.07415	0.704429	1.72677	1.57308	1.74909	1.57687	1.13868	1.73735	1.02795	1.10068	0.0399103	0.144833	0.420502	0.808568	1.37074	1.39814	1.65183	1.89737	1.28402	0.494029	0.727827	0.360661
ihec.chipseq.ihec-chipseq-containerv1.1.4.IHECRE00003812.1.7f19b755-763d-4552-86cc-5866c38edfa6.fc.signal	4.5518	1.91772	1.3784	1.59414	1.62702	3.35451	4.00006	6.10823	7.34555	4.58167	6.01704	2.56216	1.7738	4.08183	3.72353	2.52359	6.64334	4.80613	6.02709	5.69322	3.93608	2.06047	2.35333	2.3559	1.48953	2.41399	3.69311	2.35874	2.19619	2.48868	1.84307	1.64754	1.69544	1.23735	0.900137	0.433191
ihec.chipseq.ihec-chipseq-containerv1.1.4.IHECRE00001016.4.764ff188-5975-4398-93ca-ac1cbb246bef.fc.signal	0.877551	3.09017	3.45612	1.3131	1.07034	2.32705	2.36073	1.54866	2.10527	3.74508	3.55894	2.43874	3.05697	3.49378	2.17625	1.78029	1.88562	1.94609	1.50808	3.8342	1.41096	1.82614	3.21345	2.44366	0.49455	0.287692	1.02087	1.9778	1.63534	1.198	1.05755	1.30829	0.882274	0.604099	0.198721	0.45709
ihec.chipseq.ihec-chipseq-containerv1.1.4.IHECRE00001892.4.a3994b5d-df9e-4d2b-8d1f-2a68f9eea142.fc.signal	1.10684	1.83459	3.30846	2.60948	2.23751	2.85873	2.22613	2.7761	2.1356	1.45745	2.26432	0.96686	1.78786	1.92973	4.05453	2.48437	1.59564	1.98034	5.26685	3.76095	0.250035	1.88145	5.11795	3.13313	2.13561	2.84938	2.9734	4.26484	3.39692	5.17979	7.3613	5.50252	5.79007	3.16934	2.23593	0
ihec.chipseq.ihec-chipseq-containerv1.1.4.IHECRE00001010.4.ca2bdc9d-950a-4d36-8a9f-03ff16443029.fc.signal	1.59597	1.6698	0.915084	0.724146	1.07669	1.04209	1.98749	1.7967	2.53567	3.3664	1.93194	1.08217	0.766887	1.19311	1.18797	1.45801	1.92879	1.34697	1.42658	1.85511	1.12941	1.01472	1.6098	0.954643	0.113417	0	0.166494	1.09751	1.44756	0.908819	1.67564	2.0648	1.27323	0.969925	0.816991	0.37931
ihec.chipseq.ihec-chipseq-containerv1.1.4.IHECRE00000949.6.e8717b6c-436c-4750-b776-17ab8ac934dd.fc.signal	3.86632	3.96335	4.87921	5.48342	2.66195	3.03763	7.34508	8.31412	6.32811	9.28578	13.7413	8.56266	11.8739	6.5978	4.81117	3.81896	8.8947	9.4867	14.0799	14.8028	9.60906	2.23676	2.2948	2.17125	0.435039	0.447915	0.435873	3.06186	4.90733	2.0386	2.6269	2.08759	0.479353	0.603411	1.11392	0.42433
ihec.chipseq.ihec-chipseq-containerv1.1.4.IHECRE00001020.4.024b7548-e9d9-4ae1-9595-849a0178db6f.fc.signal	0.986415	1.41972	0.794747	0.805788	0.912801	1.48423	1.93189	1.27196	2.16302	2.6749	2.67579	1.58645	2.27143	2.41207	1.48936	1.37668	0.604313	0.929826	2.02339	2.07663	1.0272	1.27725	1.73658	1.49516	1.02975	1.49579	1.17533	1.36177	1.52522	1.59613	1.76904	1.47244	1.67941	0.393671	0.586492	0.46931
ihec.chipseq.ihec-chipseq-containerv1.1.4.IHECRE00000309.2.1ecfdd78-dca4-401e-9671-fb9ba4da2a16.fc.signal	0.352013	0.388714	3.55708	4.1915	3.04737	3.61207	2.77599	2.58163	2.59263	3.3664	3.32239	2.35428	1.43386	1.02679	2.43128	4.60953	3.27839	3.86876	5.18159	5.651	3.37737	4.10977	3.33798	2.615	2.53475	1.41152	1.38833	1.36343	1.23536	2.16733	1.81156	1.94723	2.17459	2.58164	1.61582	0.503311
ihec.chipseq.ihec-chipseq-containerv1.1.4.IHECRE00000310.2.2951f7df-e391-4171-b97b-48cca4ab57a3.fc.signal	0.515388	0.225784	0.835312	2.68037	2.84928	2.91738	4.37812	2.80296	3.91294	2.50106	1.39415	1.84646	2.80053	3.61361	3.74055	3.73959	2.69249	3.2294	2.82645	2.20797	2.06774	0.99052	0.763216	1.5179	1.59693	1.93023	1.98803	2.00822	1.18443	1.36842	1.96552	1.61855	0.425208	1.21096	1.3625	0.525773
ihec.chipseq.ihec-chipseq-containerv1.1.4.IHECRE00003404.1.74b350f6-e337-49cb-b533-051914db11db.fc.signal	1.26176	1.78462	2.50526	1.50221	1.31631	0.22388	0	0.58859	0.68771	1.32719	1.78817	2.38157	0.847651	0.563719	1.21628	1.72807	2.15284	3.5714	1.67429	2.05941	0.319201	0	0	0.765905	2.38275	2.74829	1.43488	4.55829	1.74551	1.42957	1.24642	2.0914	2.72549	2.50313	3.20532	0.380172
ihec.chipseq.ihec-chipseq-containerv1.1.4.IHECRE00000348.2.1c3471cc-b698-44b7-a81f-e538004368cc.fc.signal	0.943796	0.0779141	0.649741	1.84421	0.536975	0.212929	0.481444	1.27772	1.65736	1.39567	0	0.416201	1.04561	0.951256	1.36204	2.1714	0.782728	0.125003	0	0	0.404241	2.03783	2.11788	1.05991	2.06445	2.21162	1.31926	0.726883	0.683119	0.552559	0.608108	1.48198	1.11675	0.19443	0.104874	0.835951
ihec.chipseq.ihec-chipseq-containerv1.1.4.IHECRE00001013.4.770958ed-9bbe-4b12-bd7b-8137c6cce8cb.fc.signal	1.21059	1.25122	1.14195	1.01542	0.234067	1.38582	3.64514	2.80871	2.80485	3.56494	2.37498	1.56098	0.965726	1.12572	0.964295	1.10188	2.6213	1.51864	1.86059	1.77642	1.41098	1.07578	1.59168	0.984031	0	0.183503	0.794936	1.31051	0.504587	0.410272	0.865286	0.774616	0.98857	0.25593	0.406448	0.421498
ihec.chipseq.ihec-chipseq-containerv1.1.4.IHECRE00001015.4.5c0d3bc3-2483-4334-82c2-b98db24b9499.fc.signal	0.908226	1.90168	2.26245	2.28685	1.77575	2.54563	3.96961	2.8766	5.90144	4.36683	3.68766	2.87494	2.52093	2.41766	2.7473	2.31488	1.73928	4.27522	5.96886	5.70503	4.18188	3.15838	3.46735	2.88055	1.84438	1.52669	2.16484	2.65839	2.88265	3.04927	2.21981	1.96961	1.5708	1.23564	1.73321	0.424736
ihec.chipseq.ihec-chipseq-containerv1.1.4.IHECRE00003803.1.f859dcbd-afbe-4ae5-8435-ea7adf39970c.fc.signal	1.24152	0.826724	1.54234	1.29621	0.399225	1.22355	2.01357	3.14648	2.96251	3.44636	2.32127	1.66419	2.43728	3.421	1.30716	1.01181	3.83391	3.06607	2.12022	4.56322	2.94971	0.997975	1.10416	0.972456	0.196287	1.10325	1.93636	1.59211	0.917097	1.2149	0.799583	2.58412	3.46129	2.15853	0.451808	0.401556
ihec.chipseq.ihec-chipseq-containerv1.1.4.IHECRE00003730.1.aa91ddbb-920b-4389-adfc-bc95d87573a2.fc.signal	1.03761	1.20901	0.869545	1.33775	1.65666	1.31763	1.00114	0.419133	0.420462	1.40899	1.19854	0.533335	0.95969	1.52347	1.26225	1.5043	1.34966	1.21269	2.99118	1.94468	0.672391	0.712316	1.10647	1.46139	1.0297	0.712414	0.240151	1.6372	1.62168	1.75456	1.8721	0.750364	1.09288	0.613426	0.293049	0.462844
ihec.chipseq.ihec-chipseq-containerv1.1.4.IHECRE00001233.5.3fd172f1-2dff-4354-a3a1-c7faa70478b7.fc.signal	1.4219	2.18451	1.76567	0.847263	0.286096	0.924913	1.62718	1.57339	1.76817	1.82827	3.03796	1.28029	1.22526	1.05668	0.915141	1.57027	1.94083	2.0604	1.67988	2.52756	0.731099	1.81694	2.87045	1.24428	0.275609	0.241768	0.189091	0.899232	2.16255	0.58285	0.563122	1.55526	0.699147	0.334509	0.714088	0.417982
ihec.chipseq.ihec-chipseq-containerv1.1.4.IHECRE00001019.4.9d84c99a-dac5-45a2-b863-f9fa27db5859.fc.signal	1.20736	1.1286	0.834586	0.397838	0.312941	0.767347	0.972825	1.52219	3.11108	3.14654	2.26764	1.71954	1.4438	1.81911	1.74393	1.68228	1.17808	2.05376	1.95687	3.65629	2.02974	0.727799	1.81026	0.662756	0.442374	0.554862	1.0532	1.20172	1.30524	1.1341	0.969052	1.92418	1.46384	0.362169	0.119708	0.399302
ihec.chipseq.ihec-chipseq-containerv1.1.4.IHECRE00003818.1.404b0fff-7a57-4978-8379-3089d99854a9.fc.signal	3.13469	4.3132	3.61232	2.86824	3.42642	1.79671	2.28323	2.41606	3.81144	2.39474	4.61483	3.17775	1.67268	2.42361	4.85251	3.0875	2.64932	3.28283	2.01106	3.30308	2.18762	2.12571	2.87432	3.14524	1.95748	1.30403	3.14265	2.66604	2.35359	1.92695	3.33763	3.09614	2.13848	1.00225	2.79455	0.429041
ihec.chipseq.ihec-chipseq-containerv1.1.4.IHECRE00003396.1.4bb6cf38-793d-41e7-af37-1f5641085d37.fc.signal	2.59551	3.29281	2.09573	2.97168	1.04408	0.774814	1.42805	2.0425	2.43879	0.974785	1.45531	1.32242	2.34546	1.52078	3.17006	0.998164	2.68652	4.10886	1.68509	0	1.30023	3.58689	2.58168	2.81912	0.941336	0.961287	0.258097	1.16574	1.13385	2.88913	3.6344	0.309709	2.6544	1.35909	2.26018	0.389566
ihec.chipseq.ihec-chipseq-containerv1.1.4.IHECRE00003828.3.48fd1d77-4fae-45b7-99ef-0f36a27d82a3.fc.signal	0	0	0	0	0.277835	1.05232	0.923697	1.86927	1.71892	2.5436	2.25306	1.55741	1.12073	1.05021	0.0911152	0.236548	0.860777	0.600484	0.691893	0.883767	2.13997	2.47968	3.88016	2.72949	5.97641	5.25927	5.6059	4.90826	3.27302	3.00325	1.19077	0.978151	1.02187	0.393112	0.742684	0.768
ihec.chipseq.ihec-chipseq-containerv1.1.4.IHECRE00003846.4.2cf78cce-4147-4b4e-9fec-f7eecb7960a2.fc.signal	0.71467	0.526054	0.569624	0.856697	1.25898	0.74178	0.870058	2.22305	4.31936	3.09728	1.82419	1.68906	0.3929	0.94345	0.691992	0.559115	1.93932	1.32724	1.30181	3.69552	6.43884	4.03819	8.0963	7.04845	5.71352	2.75628	3.77667	1.85183	0.675141	0.738543	1.13645	0.694731	0.226889	0.988887	0.412869	0.733819
ihec.chipseq.ihec-chipseq-containerv1.1.4.IHECRE00001007.4.1a97b39a-ee79-4473-a53d-52cf42dd3336.fc.signal	0.996994	1.56874	0.734915	0.772977	0.284219	0.463943	0.179285	1.75913	2.25825	2.39523	1.25738	1.44547	1.15226	0.999401	0.674956	1.69619	0.518744	1.21344	1.51644	0.37346	1.4227	0.420122	0.909578	1.17807	0.0820148	0.424324	1.53341	3.16575	0.984152	1.18553	0.907735	1.06626	1.00729	0.267778	0.410446	0.417211
ihec.chipseq.ihec-chipseq-containerv1.1.4.IHECRE00000339.2.7a2d3f54-2b3a-4474-b0f6-8d1ef1d55280.fc.signal	0.665548	0.308532	1.14603	1.72272	0.355109	1.02691	0.489479	0.270517	0.520907	1.77468	0.86776	0.558439	0.405745	0.981668	0.658529	0.8271	0.679592	0.763727	0.510118	0.430434	0.121978	0.42786	0.660491	0.55913	0.747281	1.41996	1.76641	0.957151	2.37366	1.39209	1.12784	1.2021	1.47741	0.80251	0	0.811881
ihec.chipseq.ihec-chipseq-containerv1.1.4.IHECRE00003402.2.d3186b4d-954d-4e57-a34d-97e0da3e61a0.fc.signal	0.447024	0.120113	0.535521	0.631896	0	0.345391	1.92638	1.25657	0.321505	1.26815	2.59201	1.28018	0	0.867454	3.04797	1.53427	1.46931	0.723686	0	0	0	0.0393673	0.355566	0.69219	1.69579	1.50684	0.779305	0.44688	0.116979	0.773489	1.82688	1.90465	1.93615	0.425615	0.775244	0.43575
ihec.chipseq.ihec-chipseq-containerv1.1.4.IHECRE00001017.4.8b041313-9130-46c7-a7b6-9eca4440f0be.fc.signal	0.817197	1.78828	0.829462	0.845641	0.892199	2.23262	2.5478	1.7722	2.27645	2.04847	1.54904	0.605533	0.900721	1.2827	1.88973	1.57199	1.22358	1.8009	2.47919	2.10335	0.760284	1.72807	2.70747	1.22998	0.426654	1.34979	1.71151	1.49538	1.38726	2.82868	0.669101	1.35722	1.00026	0.423809	1.14139	0.361927
ihec.chipseq.ihec-chipseq-containerv1.1.4.IHECRE00001963.2.c17770a0-5e1a-467c-8c25-b0784609b22f.fc.signal	0.405535	0.44017	0.352665	0.23338	0.18542	0.421196	0.42785	0.663626	0.670513	0.421497	0.700001	0.284339	0.00372987	0.396033	0.182407	0.112514	0.418745	0.292982	0.483485	0.601747	0.086248	0.0821403	0.23874	0.410768	0.970647	0.845846	0.696079	0.388515	0.778584	1.01347	0.374188	0.557015	0.086738	0.0415267	0.229262	0.73913
ihec.chipseq.ihec-chipseq-containerv1.1.4.IHECRE00003838.5.82ddd4cf-3b63-4f67-947e-b3f54aa3c13f.fc.signal	0.0704241	0.0634175	0.0636197	0.064327	0.165713	0.323657	0.655457	0.754386	0.950978	1.32874	1.44114	0.941816	0.595387	0.396528	0.848635	0.85742	0.522541	0.432189	0.734231	0.924502	1.81805	2.88339	3.78828	3.11274	2.32711	2.38629	2.46641	1.87144	0.995797	1.26201	1.08599	0.70325	0.424758	0.272875	0.228646	0.932039
ihec.chipseq.ihec-chipseq-containerv1.1.4.IHECRE00001025.7.737b5bf1-d829-45ff-8c28-1667416be068.fc.signal	2.0284	1.2647	2.2211	0.95854	1.73186	0.901154	1.73254	2.08693	3.50213	2.35663	1.63949	1.00194	1.87915	1.73705	1.32593	2.59756	1.137	1.75393	1.73471	1.91615	1.73712	1.02109	3.66788	1.46059	0.539961	0.319851	2.42482	1.92255	2.6288	1.87214	1.45411	2.12405	2.6461	0.811248	0.718619	0.32381
ihec.chipseq.ihec-chipseq-containerv1.1.4.IHECRE00001011.4.567c133d-62ea-4adf-bc97-6ef3e532e6a6.fc.signal	0.356181	0.868253	0.863587	0.43792	0.0645445	0.645837	1.18302	1.01342	1.35949	1.26253	1.08722	0.642897	0.847345	1.05371	0.941259	0.678805	0.411255	1.33444	1.35058	1.42933	0.506652	0.800762	1.03	0.587971	0.0640509	0	0.279991	0.897875	1.60544	1.37151	1.51964	1.74768	0.688508	0.391812	0.91495	0.467717
ihec.chipseq.ihec-chipseq-containerv1.1.4.IHECRE00000709.3.a821fd7c-44ed-4d61-9142-fdff92927929.fc.signal	0.278266	0	0	0.941166	2.43335	1.8878	1.06664	0.193683	1.37768	1.48135	0.111845	0	0	0	0.0927339	0.695644	0.00272747	0	0.207287	0.695631	1.91367	3.38573	2.99222	0.368263	2.49065	2.83436	0.521026	2.11013	1.57465	1.78645	1.06454	0.610674	1.19964	0.0231941	0.642248	0.270732
ihec.chipseq.ihec-chipseq-containerv1.1.4.IHECRE00000315.2.77b077b9-b592-40fb-a148-e0b72142ceae.fc.signal	1.20791	1.13662	0.817826	1.01621	0.850815	0.0148965	0	0.266008	1.70274	1.36322	0.838705	1.27711	1.12207	0.926224	0.223357	0.34692	0.456158	0.222621	0.605588	1.45764	1.43686	1.28616	0.917797	1.09305	1.06487	1.25331	0.523124	0.611893	0.396236	0.870282	1.23226	0.498988	0	0	0	0.75974
ihec.chipseq.ihec-chipseq-containerv1.1.4.IHECRE00000343.2.17a73f09-9579-40bb-9699-7c91429465bb.fc.signal	0	0.397601	0	0.0963127	0.829415	1.06676	2.25916	1.35873	4.34578	2.12444	0.567504	2.39074	1.1342	2.38447	1.79647	0.878431	1.19116	0.984493	3.12436	3.12163	0.439215	1.38919	1.48896	2.16339	1.83161	2.33189	0.990962	2.77855	1.92707	3.17281	2.22575	2.53346	3.08479	2.77191	0.261588	0.257862
ihec.chipseq.ihec-chipseq-containerv1.1.4.IHECRE00000983.7.0397ac10-5d52-43ec-8084-1b153343aa3a.fc.signal	2.17731	1.74466	1.16197	0	0.123654	1.64683	3.15388	2.02226	1.34981	2.30416	2.0592	2.03263	2.85614	0.491354	1.46586	2.75969	2.6007	3.3602	3.75734	2.03344	2.98631	1.25905	4.25061	3.17629	0	0.10846	2.57591	5.60445	2.49845	3.35028	3.13245	0.537558	0.82222	0.889278	1.12921	0.475102
ihec.chipseq.ihec-chipseq-containerv1.1.4.IHECRE00000330.2.6b3a15db-45f7-4c78-af1d-ba6d658e4b18.fc.signal	2.46564	1.99111	2.73701	1.47175	2.44038	1.49016	1.15904	2.74094	2.90719	2.89061	2.12103	2.72815	1.82777	2.3057	3.40169	2.58278	2.90169	2.71821	4.10337	3.79012	2.80498	4.71421	5.84194	3.60566	3.52146	5.85294	6.44338	3.71459	6.40422	2.79329	2.8029	3.41923	2.37469	2.43818	1.86877	0.443804
ihec.chipseq.ihec-chipseq-containerv1.1.4.IHECRE00001852.4.7414bb41-cf54-40da-9950-d1fdfeffed2f.fc.signal	0.251563	0.40669	0.242328	0.576319	0.692486	0.260239	0.317134	0.446726	0.708019	0.714362	0.434083	0.323455	1.09586	0.781822	0.389832	0.45937	0.16963	0.320294	0.552086	0.872447	1.31713	1.83566	2.06651	1.69757	1.55151	2.64323	1.75097	1.54961	1.55486	0.924486	1.18195	0.407743	0.715421	0.992958	0.582442	0.47479
ihec.chipseq.ihec-chipseq-containerv1.1.4.IHECRE00001964.2.daf2ffe6-6c5e-4ab8-9f88-8a9b4df4d380.fc.signal	0.702824	0.586149	0.324148	0.271529	1.21965	1.54577	2.36653	1.83105	1.57818	2.26276	0.787701	1.0242	1.44553	1.98763	0.915896	0.0619435	1.62373	1.28786	1.22049	0.945735	1.07221	1.26004	1.30362	1.1695	0.841378	1.98296	1.94316	1.01296	1.06663	1.1721	2.05892	1.36651	0.806082	0.450406	0.237564	0.558879
ihec.chipseq.ihec-chipseq-containerv1.1.4.IHECRE00003401.1.dfa9d4a9-0f86-41c6-822f-1f52d8db067a.fc.signal	2.48763	0	1.30173	0.256308	0.357821	1.62042	1.00421	0.884408	1.18632	0.908827	1.66886	0.283031	2.06428	0.524778	0.149273	0.842923	0	0	0.463664	0.705265	1.05822	0.125687	0.65979	0.531745	0.362837	0.590737	1.35575	0.409229	0.565216	0.67547	0.428369	1.31126	1.13563	0.226753	0.832704	0.386503
