	chr8:103925342-103925491	chr8:103925492-103925641	chr8:103925642-103925791	chr8:103925792-103925941	chr8:103925942-103926091	chr8:103926092-103926241	chr8:103926242-103926391	chr8:103926392-103926541	chr8:103926542-103926691	chr8:103926692-103926841	chr8:103926842-103926991	chr8:103926992-103927141	chr8:103927142-103927291	chr8:103927292-103927441	chr8:103927442-103927591	chr8:103927592-103927741	chr8:103927742-103927891	chr8:103927892-103928041	chr8:103928042-103928121	chr8:103928122-103928191	chr8:103928192-103928341	chr8:103928342-103928491	chr8:103928492-103928641	chr8:103928642-103928791	chr8:103928792-103928941	chr8:103928942-103929091	chr8:103929092-103929241	chr8:103929242-103929391	chr8:103929392-103929541	chr8:103929542-103929691	chr8:103929692-103929841	chr8:103929842-103929991	chr8:103929992-103930141	chr8:103930142-103930291	chr8:103930292-103930389	Expression
ihec.chipseq.ihec-chipseq-containerv1.1.4.IHECRE00002063.1.29eb7dda-7f49-49e4-a68a-685ebc852d97.fc.signal	0.302225	0.648966	0.73107	0.917008	0.290332	0.300514	0.550735	0.236243	0	0.217403	1.32637	1.39413	0.369947	0.0052578	0	0.0452298	0.305187	0.3406	0	0.189019	0.538912	0.407124	0.526884	0.151783	0.515691	0.546494	0.543269	0.319166	0.385643	0.463196	0.43519	0.145695	0	0.221802	0.658847	0.192183
ihec.chipseq.ihec-chipseq-containerv1.1.4.IHECRE00000227.3.7dbee8a8-9cc7-46ce-85e2-59b2468157be.fc.signal	0	0	0	0	0	0	0.607023	0.265345	0	0	0	0	0	0	0	0	0	0	0	0	0	0	0	0	0	0	0	0	0	0	0	0	0	0	0	0.503546
ihec.chipseq.ihec-chipseq-containerv1.1.4.IHECRE00000225.3.6300cfe8-bf7c-4c50-b350-9885c462045f.fc.signal	0	0	0.496327	0.611073	0.0648405	0	0	0	0	0	0	0	0	0	0	0	0	0	0	0	0	0	0	0	0	0	0	0	0	0	0	0	0.207019	0.758255	1.0422	0.556391
ihec.chipseq.ihec-chipseq-containerv1.1.4.IHECRE00001990.1.39496704-1279-499c-ac28-c72497e8030d.fc.signal	0.732553	0.387219	0.235257	0.153559	0	0	0.307118	0.0945021	0.151693	0.646889	0.829544	0.725786	0.289285	0.262898	0.0415317	0.184691	0.484829	0.174397	0.32442	0.593117	0.354687	0.33523	0.371983	0.097326	0.0302792	0.32442	0.0778608	0	0	0.19658	0.205175	0.36812	0.402925	0.451845	0.14566	0.272103
ihec.chipseq.ihec-chipseq-containerv1.1.4.IHECRE00003836.3.bb5f2209-5784-4d8e-bc4f-dc5a3678ac34.fc.signal	1.49322	1.05671	1.17712	1.20297	0.861296	0.566788	0.89842	0.915369	0.324474	0.412232	0.764962	0.627708	0.169743	0.546231	1.04303	0.412385	0.640422	0.508141	0.504476	0.766464	0.697767	0.540072	0.468407	0.474289	1.1134	0.745304	0.80006	1.09971	1.07691	0.678869	0.520522	0.72709	0.431302	1.66075	1.27288	0.496689
ihec.chipseq.ihec-chipseq-containerv1.1.4.IHECRE00003678.3.71f94e98-332b-4fcc-9a34-c0ad4b748586.fc.signal	0	0.105414	0.290665	0.190467	0.0263937	0.348776	1.13616	1.08344	0.645269	0.711421	0.728687	0.860053	0.200378	0.395974	0.61938	0.997153	1.18121	0.672112	0.194152	0.470512	0.615528	0.156291	0	0.0258823	0.52926	0.580058	0.186956	0.0919997	0.156511	0.227169	0.302949	0.941214	0.584119	0.435677	0.271548	0.492795
ihec.chipseq.ihec-chipseq-containerv1.1.4.IHECRE00003676.3.9365f108-a198-478a-b79f-ca1f34b9eba5.fc.signal	0.165188	0.233086	0.588574	0.376644	0.430674	0.582271	0.315253	0.957742	0.9468	0.376948	0.312669	0.714917	0.757809	0.704581	0.536621	0.448764	0.666048	0.74179	0.518425	0.588793	0.614263	0.473743	0.667543	0.745927	1.16626	0.395356	0.157626	0.154156	0.532314	0.27725	0.278416	1.05953	0.42276	0.213688	0.184927	0.754286
ihec.chipseq.ihec-chipseq-containerv1.1.4.IHECRE00002005.1.85fb694c-24ac-4a67-afb4-86273572ea8c.fc.signal	0.0999321	0	0	0.428395	0.704895	0	0.167537	0.484754	0.104368	0.0266418	0.265251	0.14207	0.173698	0.192771	0.20644	0.316535	0.380004	0.244824	0.231296	0.2184	0.256618	0.121991	0.672812	0.695516	0.219565	0.109361	0.257976	0.174095	1.35615	1.20177	0.336581	0.380614	0.137041	0.510237	0.516594	0.19699
ihec.chipseq.ihec-chipseq-containerv1.1.4.IHECRE00002067.1.d8e6c755-45ac-4108-b1ba-23233bd0ab31.fc.signal	0.412997	0.680307	0.670413	0.638376	0.357811	0.240029	0	0.232944	0.268677	0.273293	0.3787	0.615763	0.28878	0.00191633	0	0.16221	0.40505	0.158241	0	0.115251	0.730109	0.342882	0	0.128828	0.187255	0	0	0	0	0.232963	0.326357	0.405497	0.517651	0.10649	0.150553	0.140438
ihec.chipseq.ihec-chipseq-containerv1.1.4.IHECRE00000222.3.6c44093e-8a4f-4f36-9bdc-4181cde15c47.fc.signal	0	0	0	0	0	0	0	0	0	0	0	0	0	0	0	0	0	0	0	0	0	0	0	0	0	0	0	0	0	0	0	0	0	0.268674	1.33205	0.427273
ihec.chipseq.ihec-chipseq-containerv1.1.4.IHECRE00000240.3.e5051162-3534-4c21-b37a-9d70a53452b8.fc.signal	0	0	0	0	0	0	0	0	0	0	0	0	0	0	0	0	0	0	0	0	0	0	0	0	0	0	0	0	0	0	0	0	0.127743	0.437212	0.322206	0.511145
ihec.chipseq.ihec-chipseq-containerv1.1.4.IHECRE00001997.1.1164241b-8ba2-45bf-987f-0243c87c0a1c.fc.signal	0.0191144	0.112915	0.164637	0.264481	0.0738081	0.139742	0.3122	0.120441	0.0170196	0.212679	0.320254	0.441488	0.46554	0.324244	0.250351	0.231778	0.506074	0.553013	0.120776	0	0	0.0704096	0.496386	0.268694	0.455405	0.369052	0.360879	0	0.0347882	0.332822	0.154987	0.302796	0.428617	0.162342	0	0.161104
ihec.chipseq.ihec-chipseq-containerv1.1.4.IHECRE00003675.3.48a0264b-6e25-46c0-b33d-21ee41282ecb.fc.signal	0.472082	0.27261	0.10286	0	0	0.438259	0.801517	0.512022	0.233267	0.283145	0.184602	0.291421	0.417392	0.163663	0.497188	0.367487	1.24685	1.07023	0.669373	0.38068	0.108968	0.00325813	0	0.115855	0.265086	0.0128611	0.0822883	0.538132	0.245784	0.204324	0.220882	0.303172	0.933164	1.00935	0.538567	0.607721
ihec.chipseq.ihec-chipseq-containerv1.1.4.IHECRE00002076.1.f6bea37b-7779-4621-9ed2-82fb7b23df8f.fc.signal	0.156001	0.269368	0.656919	0.162512	0.509573	0.297364	0.134277	0.422951	0.178643	0.212303	0.0923491	0.310964	0.433149	0	0	0	0.614675	0.574901	0.268597	0.099048	0.276606	0.139949	0.474382	0.153824	0.212858	0.0099048	0	0.126036	0.254263	0.135312	0.519759	0.828701	0	0.119649	0.331034	0.174706
ihec.chipseq.ihec-chipseq-containerv1.1.4.IHECRE00000987.6.5433b540-f9ea-4edf-8a0e-cdc2c654fa20.fc.signal	0	0	0	0	0	0	0	0.421314	0.477066	0	0	0.640797	0.460553	0.596621	0.30142	0	0	1.77263	2.87081	1.16564	0.670021	1.07203	0	0	0	1.01686	0.402013	0	1.10271	1.79576	1.38476	1.18195	0.104243	1.60311	0.871937	0.523364
ihec.chipseq.ihec-chipseq-containerv1.1.4.IHECRE00003679.3.e95554aa-fb20-4b17-91ac-139d0399c1c8.fc.signal	0.359501	0.369036	0.384786	0.384796	0.217354	0.217526	0.16916	0.145177	0.35056	0.296584	0.571718	0.676957	0.721281	0.537843	0.698879	0.82069	0.716794	0.579814	0.100898	0.296686	0.508494	0.644259	0.198414	0	0.371197	0.568861	0.50246	0.722004	0.550733	1.32708	0.878172	1.06756	0.70556	0.344427	0.248517	0.445808
ihec.chipseq.ihec-chipseq-containerv1.1.4.IHECRE00001002.4.affdcac3-6070-43fc-99e1-6c9751bbcbf6.fc.signal	0	0	0	0	0	0	0	0	0	0	0	0	0	0	0	0	0	0	0	0	0	0	0	0	0	0	0	0	0	0	0	0	0	0.111738	0.1693	0.42446
ihec.chipseq.ihec-chipseq-containerv1.1.4.IHECRE00002086.1.982b1a46-0bf8-457b-a213-1cec9bf76346.fc.signal	0.14603	0.103525	0.179502	0.373783	0.468785	0.0205643	0.142533	0.416159	0.123521	0	0.0484211	0.292009	0.265338	0.146321	0	0.441484	0.751353	0.946485	0.30363	0	0	0	0	0.175408	0.188924	0	0.221016	0.222797	0.255709	0.350418	0.512954	0.102821	0.199507	0.530729	0.129383	0.204112
ihec.chipseq.ihec-chipseq-containerv1.1.4.IHECRE00003682.3.fc38d8a2-8f66-4203-ae35-4bfe2174aadb.fc.signal	0.555983	0.365081	0.388522	0.604007	0.329364	0.482292	0.519738	0.0994104	0.166279	0.243422	0.0575631	0.456108	0.4577	1.1916	0.961293	1.16337	0.544816	0.461071	0.967136	1.31586	0.979145	0.0491104	0	0	0.0491069	0.36843	0.355039	0.290257	0.47894	0.759467	0.429247	0.974021	0.983785	0.448671	0.101362	0.61165
ihec.chipseq.ihec-chipseq-containerv1.1.4.IHECRE00001973.1.6e93a1e0-8828-4ce5-83f8-36249902bda2.fc.signal	0.0188151	0.794385	0.634068	0.213365	0	0	0	0	0.0392318	0.374256	0.289098	0.64715	0.479217	0.48913	0.634069	0.224828	0.684364	0.323353	0.122861	0	0.330094	0.0854907	0.137053	0.280443	0	0	0	0.279838	0.114402	0.284775	0.207261	0.774566	0.10928	0	0.14126	0.2267
ihec.chipseq.ihec-chipseq-containerv1.1.4.IHECRE00004641.3.f304faea-b0f0-4641-894c-c818af6118ec.fc.signal	1.21187	1.26156	1.1985	1.16027	0.967207	0.97676	1.54442	0.61359	0.351729	1.2862	1.31959	1.01136	1.42759	1.90564	0.816001	0.665025	0.772568	0.953707	1.04239	1.87594	2.33389	1.71839	2.52503	2.00893	2.23447	0.9863	0	0.217922	1.43358	1.91238	0.729974	0.78507	0.626837	0.886973	0.461205	0.448052
ihec.chipseq.ihec-chipseq-containerv1.1.4.IHECRE00000244.3.2a952600-b0a6-4e68-be7d-4c6bb19924d7.fc.signal	0	0	0	0	0	0	0	0	0	0	0	0	0	0	0	0	0	0	0	0	0	0	0	0	0	0	0	0	0	0	0	0	0	0	0	0.571831
ihec.chipseq.ihec-chipseq-containerv1.1.4.IHECRE00001375.1.ab4892aa-1edb-472f-99f8-9d7de35e1786.fc.signal	0.247737	0	0.117957	0.700874	0.60117	0	0	0.13086	0.227053	0	0.157864	0.550341	0.963799	0.0923922	0	0	0	0	0	0	0	0.306972	0.237698	0	0	0.321998	0.791508	0.286072	0	0	0	0	0	0	0	0.478261
ihec.chipseq.ihec-chipseq-containerv1.1.4.IHECRE00001236.5.b3e823f8-bdfb-415e-8681-ed2acdcbeb38.fc.signal	0	0	0.275452	0.152615	0	0	0.0257201	0.15534	0.451127	0.783554	0.421311	0.118501	0	0	0	0	1.06542	0.168277	0	0	0	0	0	0	0	0	0	0	0	0	0.0223336	0.405732	0	0.27173	0.528492	0.630435
ihec.chipseq.ihec-chipseq-containerv1.1.4.IHECRE00000243.3.f19b01fb-285f-4aa3-a654-49a7198b9c00.fc.signal	0	0.0207027	0.56462	0.280428	0	0	0.0734006	0.28231	0.210791	0.28231	0.0489337	0.385824	0.8921	0.421583	0	0	0	0	0	0	0	0	0	0	0	0	0	0	0	0	0	0	0	0.395234	0.56462	0.526415
ihec.chipseq.ihec-chipseq-containerv1.1.4.IHECRE00001889.4.0a4412db-98d2-49c5-9fe7-7e089d81032b.fc.signal	0.020767	0.333498	0.72552	0.0855641	0.327431	0.349049	1.18319	0.578694	0.706748	0.622166	0.232919	0.737105	0.639839	0.310327	0.70164	0.0754271	0.590835	0.12721	0	0	0.483945	1.01332	0.30377	0	0	0	0	0.409792	0.393858	0.695311	0.667687	0.185635	0.458731	0.406635	0.958471	0.436937
ihec.chipseq.ihec-chipseq-containerv1.1.4.IHECRE00000332.2.2d8d5533-830a-43b4-b551-587064ddf941.fc.signal	0	0	0	0.208954	0.0700859	0.261347	0.215976	0.196927	0.182249	0	0	0.244999	0.0891881	0.0440044	0.1904	0.0847866	0.689413	0.364923	0.0959438	0	0	0	0.0170576	0.825861	0.310703	0	0	0	0	0	0	0	0	0	0	0.480226
ihec.chipseq.ihec-chipseq-containerv1.1.4.IHECRE00003680.3.c19bd00a-5c6a-4173-86bf-6f467b56a6c8.fc.signal	0.631674	0.801017	0.361535	0.411315	0.450283	0.670174	0.473482	0.500771	0.187481	0.272655	0.335893	0.890979	0.569434	0.596261	0.528157	0.589893	0.593246	0.373312	0.526392	0.889641	0.733263	0.26728	0.44795	0.103031	0.480863	1.32609	1.48436	0.568973	0.797471	0.10759	0.836364	1.99661	1.29174	1.04122	0.412763	0.529258
ihec.chipseq.ihec-chipseq-containerv1.1.4.IHECRE00000949.6.e8717b6c-436c-4750-b776-17ab8ac934dd.fc.signal	0	0	0	0	0	0	0	0	0	0	0	0	0.328795	0.371392	0	0	0.4722	0.360764	0.277689	0.47016	0.238633	0	0	0	0	0	0.292163	0.422095	0	0	0	0	0.321274	0.133596	0.777075	0.544304
ihec.chipseq.ihec-chipseq-containerv1.1.4.IHECRE00003686.3.4f07d906-46cb-4b49-9eca-84ffb88233a3.fc.signal	0.41458	0.767875	0.279384	0	0.015345	0.318389	0.369693	0.0287147	0.178265	0.112381	0.171744	0.214985	0.397263	0.620932	0.627606	0.404372	0.185309	0.416552	0.329502	0	0	0.0444617	0.335265	0.124973	0	0	0	0	0.105747	0.647915	0.330692	0.342475	0.0420583	0.039655	0.271795	0.517241
ihec.chipseq.ihec-chipseq-containerv1.1.4.IHECRE00002058.1.bb047498-09b9-4c13-b396-ee9ca79dcf59.fc.signal	0.353412	0.120993	0	0	0	0	0.144941	0.314969	0.671747	0.558227	0.481031	0.0306607	0.00958133	0.625667	0.489848	0.0610819	0.280331	0.0479067	0	0.281618	0.266001	0.0458055	0.227443	0.408416	0.128157	0.221759	0.586615	0.692698	0.468853	0.45008	0.345747	0	0	0	0.187385	0.210004
ihec.chipseq.ihec-chipseq-containerv1.1.4.IHECRE00001039.6.1c43239d-dfc1-4ee8-9404-c3dda7976cff.fc.signal	0.700121	0.404522	0.519501	0.06396	0.510556	0.165827	0	0.125875	0.606126	0.352422	0.102194	0.149485	0.96023	0.158979	0.161321	0.135973	0.241644	0.235545	0	0.402491	0.2048	0.336224	0.920061	0.338641	0.345838	0.288144	0.241817	0.156687	0.281062	0.341642	0.0035692	0.448153	0	0.421415	1.068	0.455446
ihec.chipseq.ihec-chipseq-containerv1.1.4.IHECRE00000238.3.bd79aee4-cb3e-4358-b4aa-2b3125cb6682.fc.signal	0	0.725798	0.958703	0.909955	0.222072	0.265404	0.249154	0.603929	0.289777	0	0	0	0	0	0	0.319568	0.170617	0.213948	0	0	0	0	0	0	0	0	0	0	0	0	0.0758296	0.276236	0.184158	1.42451	1.18138	0.416149
ihec.chipseq.ihec-chipseq-containerv1.1.4.IHECRE00004635.3.e09563f2-ad32-412b-91d3-8f5c1229dde6.fc.signal	0.92341	0.780621	1.0182	1.28938	0.912999	0.829966	0.741686	0.692717	0.790761	0.945447	0.828103	0.644409	0.767062	0.345614	0.186864	0.536459	0.908214	0.75381	0.633626	0.743334	0.604047	0.505842	0.640665	0.0450265	0.172965	0.211054	0.79594	0.800359	0.370587	0.747975	0.998097	0.646093	0.532559	0.558169	1.21392	0.626984
ihec.chipseq.ihec-chipseq-containerv1.1.4.IHECRE00003691.3.6671b082-a817-48d2-abb0-2b33e6b6a3bd.fc.signal	0.185974	0.282276	0.484251	0.68622	0.642375	0.907356	0.939601	0.576179	0.342884	0.26839	0.21851	0.145035	0	0	0	0.132588	0.823105	1.0961	0.76263	0.352511	0.0620027	0.0710726	0.257947	0.377781	0.450504	0.117388	0.0967137	0.583609	0.639004	0.314971	0.426552	0.740713	0.499299	0.590978	1.17874	0.580153
ihec.chipseq.ihec-chipseq-containerv1.1.4.IHECRE00003696.3.e00c0d9c-ba65-4ccf-bfd6-bf0790f0d972.fc.signal	0.477788	0.728071	0.522118	0.577622	0.815724	0.58251	0.480935	0.516851	0.517573	0.355463	0.438321	0.415615	0.311924	0.337951	0.493825	0.638828	0.795445	1.03944	1.00238	0.705959	0.638178	0.840081	0.627159	0.4278	0.534607	0.295128	0.363711	0.465343	0.385073	0.219409	0.354649	0.565032	0.818091	0.92618	0.751345	0.628571
ihec.chipseq.ihec-chipseq-containerv1.1.4.IHECRE00000943.7.2d49fd2f-74c0-448e-a30b-e44db7e3a5ff.fc.signal	0	0	0.0662784	0.580006	0	0.0284837	0.893805	0.945534	0.087544	0.08814	0.264068	0.411274	0.19814	0.291958	0.0818907	0.341805	0.168368	0.413897	0	0	0	0	0.206872	0.127034	0	0	0	0	0	0	0	0.133241	0.218657	0.237275	0.415203	0.476821
ihec.chipseq.ihec-chipseq-containerv1.1.4.IHECRE00003677.3.424bbc61-947c-4459-9db6-6a124654e2c1.fc.signal	0.393615	0.482124	0.459364	0.455281	0.115608	0.661299	0.447333	0.165433	0.393243	0.320347	0.400403	0.560231	0.871208	0.719075	0.0685607	0.249914	1.10904	1.41459	0.629463	0.334228	1.28634	1.52995	0.907544	0.515444	0.405538	0.0846488	0.335675	0.548126	0.357955	0.586779	0.355117	0.620624	0.605602	0.258312	0.447207	0.523396
ihec.chipseq.ihec-chipseq-containerv1.1.4.IHECRE00002065.1.a94a6b89-542c-4e29-9116-4cbe6008554d.fc.signal	0.463081	0.0400738	0	0.180496	0.25283	0.308807	0.18598	0.793282	0.428935	0.0417615	0.256303	0.590882	0.529999	0.231966	0.215775	0.166393	0.985074	0.816489	0.260141	0.25747	0.148579	0.0615284	0.526165	0.280302	0	0	0.12066	0.195263	0.393887	0.702345	0.364256	0.175967	0.166729	0.2468	0.177361	0.203314
ihec.chipseq.ihec-chipseq-containerv1.1.4.IHECRE00003684.3.803d7f5d-192e-4b5b-9ea2-f9b8994e9342.fc.signal	0.466986	0.14057	0	0.036992	0.426403	0.34316	0	0	0.0943279	0.396796	0.450452	0.938827	1.0674	0.27842	0.0212702	0.27743	0.104499	0	0	0.134755	0.892533	0.868534	0.554065	0.299683	0.656718	0.453249	0.371841	0.357957	0.302421	0.248766	0.309176	0.0837572	0	0.458768	0.808788	0.466019
ihec.chipseq.ihec-chipseq-containerv1.1.4.IHECRE00000992.7.c608e076-b4cb-49e5-bf4c-ab19d04cc659.fc.signal	0.113492	0.0954982	0.544576	0.237835	0	0	0.0633993	0.728221	0.484043	0.0124185	0.124175	0.677028	0.115367	0.149542	0.217638	0.093464	0.172586	0.214625	0	0	0	0	0.0574136	0.0961344	0	0	0	0	0	0	0.046732	0.171265	0.195832	0.371787	1.09224	0.576271
ihec.chipseq.ihec-chipseq-containerv1.1.4.IHECRE00001050.8.5efb4e46-177f-4d3d-96a6-19f7c95acfd8.fc.signal	0.126484	0.511505	0.55641	0.494791	0	0	0.308692	0.174574	0.0834804	0.717974	0.374617	0.272035	0	0.044651	0.116687	0	0.351748	0.0189425	0	0	0	0.252791	0	0.250953	0.120187	0.330207	0.269912	0.3034	0	0	0	0.0104803	0.249436	0.597505	0.926241	0.589532
