	chr16:53619719-53619868	chr16:53619869-53620018	chr16:53620019-53620168	chr16:53620169-53620318	chr16:53620319-53620468	chr16:53620469-53620618	chr16:53620619-53620768	chr16:53620769-53620918	chr16:53620919-53621068	chr16:53621069-53621218	chr16:53621219-53621368	chr16:53621369-53621518	chr16:53621519-53621668	chr16:53621669-53621818	chr16:53621819-53621968	chr16:53621969-53622118	chr16:53622119-53622268	chr16:53622269-53622418	chr16:53622419-53622568	chr16:53622569-53622718	chr16:53622719-53622868	chr16:53622869-53623018	chr16:53623019-53623168	chr16:53623169-53623318	chr16:53623319-53623468	chr16:53623469-53623618	chr16:53623619-53623768	chr16:53623769-53623918	chr16:53623919-53624068	chr16:53624069-53624218	chr16:53624219-53624368	chr16:53624369-53624518	chr16:53624519-53624668	chr16:53624669-53624818	chr16:53624819-53624856	Expression
ihec.chipseq.ihec-chipseq-containerv1.1.4.IHECRE00001957.2.d45c4556-52ef-4ca9-a134-983b6abd1f9a.fc.signal	0.411897	0.233671	0.385898	0	0.148826	0.0660219	0.138878	0.238746	0.299848	0.475253	1.00743	0.717047	0.48521	0.882312	0.508731	0.557291	0.801423	0.24116	0.873476	1.28407	0.463968	0.610388	0.301937	0.403639	0.54864	0.426153	0.53126	1.34704	1.49365	1.90209	1.68386	3.25499	1.13767	1.30288	2.09541	0.252941
ihec.chipseq.ihec-chipseq-containerv1.1.4.IHECRE00000152.3.44e2eb71-a355-4ddb-907d-128d4b46c83d.fc.signal	0	0	0	0	0.007487	0.352838	0.0781887	0	0	0	0	0.00695147	0.388526	0.355055	0.253098	0.433075	0.345105	0	0.355888	0.522854	0.17088	0.369951	0.0645138	0	0.133173	0.448619	0.741132	0	0	0.014528	0.3159	0.0679701	0.0744245	0.403976	0.40964	0.365385
ihec.chipseq.ihec-chipseq-containerv1.1.4.IHECRE00001961.2.f19e0b8f-152f-42de-82db-a8afb7688356.fc.signal	0.00605467	0	0	0	0.105585	0.368963	0.166503	0.348143	0	0.320897	0.027246	0	0	0.505561	0.384471	0.586044	1.06673	1.16417	1.30863	0.350388	0	0.171364	0.831565	0.0435923	0.208484	0.271665	0.179728	0.0820155	0.125145	0.178058	0.211536	0.114989	0.792785	0.759586	0.0659053	0.575758
ihec.chipseq.ihec-chipseq-containerv1.1.4.IHECRE00004607.2.e64b57f4-2bfc-4a28-ae9d-fc80cb038d7e.fc.signal	0.31855	0.147346	0.325732	0.252711	0.665907	1.0755	0.831206	0.585669	0.468783	0.0383222	0	0	0.0706781	0.453911	0.409594	0.0239587	0.0107814	0.340489	0.308703	0.498139	0.278437	0.311495	0.0465336	0.211388	0.139952	0	0	0.0990087	0.288405	0.047776	0.337733	0.972507	0.473405	0.314959	0.35925	0.45
ihec.chipseq.ihec-chipseq-containerv1.1.4.IHECRE00003398.1.24f592c8-8c69-4c91-ba18-ad0c533ddaf8.fc.signal	0.0898392	1.23785	1.13324	0.63743	1.23838	1.14076	1.25039	0.669469	0.373183	0.846175	0.365766	0.326176	0.466869	1.16784	0.869563	1.83528	0.374114	0	1.12813	0.831887	1.14566	0.985686	1.18465	0.553136	0.154873	0.274346	1.67619	0.75834	0.075834	0.704031	0.551825	0	0.313447	0.394337	0	0.77533
ihec.chipseq.ihec-chipseq-containerv1.1.4.IHECRE00002063.1.29eb7dda-7f49-49e4-a68a-685ebc852d97.fc.signal	0.27363	0.498359	0.0753808	0	0.0672841	0.49541	0.291421	0.0776676	0.54063	0.6359	0.16048	0.646499	0.963771	0.50437	0.475638	0.697582	1.62153	1.63192	0.494526	0.0868045	0.281189	0.789402	0.82498	0.646082	0.254468	0.382917	0.747815	0.481422	0.731579	0.442266	1.45306	1.11349	0.0605483	0.593487	0.78976	0.454545
ihec.chipseq.ihec-chipseq-containerv1.1.4.IHECRE00001232.5.ca485291-98be-4da7-8667-33d3bd0f55ac.fc.signal	0	0	0	0	0	0	0	0	0	0	0	0	0	0.0375173	0.390627	0.274648	0.724984	0.702022	0.706374	0.0873155	0.399263	1.41565	0.0786689	0.400621	0.191551	0.12107	0.247777	0.301916	0.161854	0.453056	0.12264	0.517955	0.325864	0.239051	1.47615	0.105263
ihec.chipseq.ihec-chipseq-containerv1.1.4.IHECRE00004900.1.4a1ca7c4-2f79-45be-831a-730c86435275.fc.signal	0.362728	0.906889	0.209282	0	0.46042	0.65575	0.327875	0.788296	0	0	0	0	0.31104	0.7081	0.858056	2.04387	2.82357	1.40802	0.634685	3.20049	0.930774	0.906036	0	0	0.683655	1.00451	2.00522	0.65506	2.27351	0.235638	0.588754	0.483134	0.558086	0.608133	0.922873	0.330508
ihec.chipseq.ihec-chipseq-containerv1.1.4.IHECRE00003821.3.eee60a22-f599-43f7-a6b7-6bb8cd9c0fb1.fc.signal	0.853513	0.526204	0.40523	0.392779	0.665164	0.549801	0.986074	0.886625	1.20567	0.514609	0.489716	0.944632	0.1591	0	0	0.0547096	0.236986	0.219024	0.255618	0.352897	0.275397	0.712061	0.985139	0.0523895	0.109884	0.365903	0.306188	0.396076	0.665734	0.186468	0.310749	0.599937	0.522854	0.440034	0.428516	0.370968
ihec.chipseq.ihec-chipseq-containerv1.1.4.IHECRE00001990.1.39496704-1279-499c-ac28-c72497e8030d.fc.signal	0.0672673	0.292925	0.0289893	0.102719	0.944338	0.300678	0.316705	0.115659	0.29299	0.192977	0.287884	0.452753	0.517547	0.983439	0.901304	0.607475	0.641253	1.13768	0.606004	0.338689	0.739941	0.708502	0.125898	0.019689	0.274092	0.604431	0.470814	0.486206	0.798729	0.212292	0.902003	0.319535	0.445866	0.263453	0.460963	0.591837
ihec.chipseq.ihec-chipseq-containerv1.1.4.IHECRE00003835.4.871bc941-52a9-4d1e-aec3-c4c2ce7bd4c1.fc.signal	0	0	0	0	0.324621	0.302665	0	0	0	0.119158	0.672745	0.81372	0.812087	0.14269	0.747992	0.680407	0.442201	0.542468	0.243725	0.317333	0.219302	0	0	0.0836381	0.482081	0.721674	0.481238	0.333877	0.280265	0.0402376	0.505785	0.603595	0.232364	0.796625	0.959447	0.41129
ihec.chipseq.ihec-chipseq-containerv1.1.4.IHECRE00003836.3.bb5f2209-5784-4d8e-bc4f-dc5a3678ac34.fc.signal	0.233011	0.332553	0.655404	1.09318	1.13358	0.628693	0.616313	0.972667	0.635871	0.140756	0.810441	0.702327	0.871053	0.617609	0.3251	0.157046	0.624152	0.87171	0.961298	0.984451	0.750508	0.432371	0.443556	0.467072	0.529402	0.426367	0.467056	0.420317	0.751337	1.02932	1.32514	1.88021	1.11015	0.384377	0.0180066	0.21256
ihec.chipseq.ihec-chipseq-containerv1.1.4.IHECRE00003692.4.e4c527ec-18d1-4382-887e-2c78b7a5a939.fc.signal	0.361507	0.84515	0.027148	0	0	0.161741	0.379255	0	0.304791	0.540422	0.388684	0	0.069104	0.34428	0.409679	0.162884	0.209163	0	0.00918793	0.186656	0	0.137547	0.352075	0.151876	0.0025058	0.1366	0.124624	0	0	0.249464	0.665536	0.193768	0.325768	0.0678695	0.1851	0.497696
ihec.chipseq.ihec-chipseq-containerv1.1.4.IHECRE00001235.5.aff67f26-7ea5-4004-b6c7-42e5d6d7c336.fc.signal	0	0	0	0	0	0	0.591196	0.256019	0	0	0	0	0	0.709072	1.03387	0.654782	0.884784	0.856308	1.14222	0.528754	1.26331	1.94466	0.235698	0.496897	0.208591	0.63354	1.06082	0	0.564051	1.62917	1.22773	1.01871	0	0.70271	3.59029	0.568528
ihec.chipseq.ihec-chipseq-containerv1.1.4.IHECRE00003833.4.09140551-847e-4455-880b-7ea02a3132da.fc.signal	0.481736	0.143379	0.344479	0.214713	0.280525	0.353609	1.16659	0.577124	0.0115801	0.372702	0.667284	0.276587	0.0776996	0.867144	0.475484	0.0435589	0.494919	0.728118	0.311871	0.401984	0.487568	1.00211	0.523272	0.918978	0.870218	0.618688	0.687332	0.42838	0.260126	0.440628	0.00235453	0.0541543	0.344806	0.0718095	0	0.326996
ihec.chipseq.ihec-chipseq-containerv1.1.4.IHECRE00000232.3.bb312763-aab5-42d7-8f1f-61e48149dd10.fc.signal	0	0	0	0	0	0	0	0	0	0	0	0	0.352239	0.516212	0.381825	0.660974	0.792196	0.752399	0.616766	0.550789	0.809154	1.3834	0.578217	0	0	0	0.210731	0.826763	0.908622	0.596693	0.520952	0.6118	0.420528	0.185927	0.274599	0.268519
ihec.chipseq.ihec-chipseq-containerv1.1.4.IHECRE00001891.4.cefd2162-5b9f-4732-99fc-718d82bca068.fc.signal	0	0.304739	0.331568	0.465365	0	0.232734	0.768245	0.231956	0.051546	0.541233	0.592779	0	0	0.571236	0.484531	0	0	0	0.556697	0.0488347	0.387704	2.48742	0.0785536	0.15941	0.129122	0.239518	0.071739	0	0.351181	0.601315	0	0	0	0	0	0.481633
ihec.chipseq.ihec-chipseq-containerv1.1.4.IHECRE00003678.3.71f94e98-332b-4fcc-9a34-c0ad4b748586.fc.signal	0.00766827	0.0161854	0.353671	0.454487	0.492833	0.787177	0.310243	0.173132	0.112869	0.717192	0.422839	0.728701	0.342407	0.455553	0.230115	0.109896	0.399448	0.695851	0.83693	1.07333	0.554309	0.434347	0.322873	0.591271	0.293095	0.128873	0.373938	0.741331	1.19847	0.51585	0.0172536	0.0833924	0.247402	0.0527193	0.204411	0.547826
ihec.chipseq.ihec-chipseq-containerv1.1.4.IHECRE00000235.3.ae41c415-756f-48a0-be26-8a57c412db20.fc.signal	0	0	0	0	0	0	0	0	0	0	0	0	0.352796	0.302083	0.184863	0.184827	0.304593	0.489507	0.419594	0.978763	1.88525	1.40487	0.140687	0	0	0	0.030144	0.374232	0.325103	0.341867	0.461985	0.758791	0.695333	0.388494	0.40634	0.415873
ihec.chipseq.ihec-chipseq-containerv1.1.4.IHECRE00001915.1.bac25e3f-fc09-41ff-86d6-c2a6c3049d47.fc.signal	0.946996	0.367372	0.137647	0.528529	1.78955	0.457106	0.33903	0.544843	0.697385	0.49856	0.304426	0.270633	0.679025	0.298254	0.187992	0.0531241	0.00578467	0.173122	0.0165381	0.260853	0.198513	0.748651	1.14277	0.0362491	0	0.836456	0.896742	0.273176	0.410926	0.312862	0.105828	0.505321	0.41307	0.0832423	0.200646	0.208696
ihec.chipseq.ihec-chipseq-containerv1.1.4.IHECRE00003676.3.9365f108-a198-478a-b79f-ca1f34b9eba5.fc.signal	0.197246	0.570213	0.29544	0.0198107	0	0	0	0.0921627	0.233421	0.409139	1.41347	0.263571	0.0611547	0.249787	0.293717	0.254958	0.587439	0.417755	0.440328	0.351478	0.846901	0.757286	0.0807382	0.291171	0.641394	0.469978	0.509672	0.127394	0.324726	0.418617	0.211028	0.375551	0.434117	0.630506	0.0476	0.635556
ihec.chipseq.ihec-chipseq-containerv1.1.4.IHECRE00000126.3.a389932f-ae32-47d4-b6e3-f5cd02b280f6.fc.signal	0.103806	0.244623	0.0854629	0.148403	0.42413	0.23721	0.197119	0.201829	0.022244	0.336186	0.37763	0.35424	0.462049	0.936758	0.814088	0.269511	0	0.550134	1.51426	0.521319	0.156595	0.153738	0.54742	0.49775	0.139063	0	0	0.458444	1.16973	0.413992	0.1806	0.368716	0.666667	1.10582	0.142579	0.342105
ihec.chipseq.ihec-chipseq-containerv1.1.4.IHECRE00002005.1.85fb694c-24ac-4a67-afb4-86273572ea8c.fc.signal	0.015786	0.358133	0.197973	0.170956	0.303394	0.243008	0.242796	0.141925	0.0360199	0.246028	0.277535	0.297885	0.135281	0.0043336	0.188457	0.694778	0.996617	1.06846	0.231777	0	0.0184581	0.24118	0.0973874	0.283482	0.484394	0.464869	0.24092	0	0	0	0	0	0.230513	0.463006	0.928965	0.504886
ihec.chipseq.ihec-chipseq-containerv1.1.4.IHECRE00002067.1.d8e6c755-45ac-4108-b1ba-23233bd0ab31.fc.signal	0.351044	0	0.247149	0.058824	0	0.222228	0.514178	0.167402	0.50596	0.0775465	0.289954	0.402554	0.322355	1.27924	1.73861	0.777432	0.283859	0.0825309	0.262891	0.639996	0.47396	0.44093	0.839662	0.841335	0.216579	0.572281	0.17117	0.223902	0.32867	0.735955	0.530485	0.999813	0.940086	0.0482177	0.449968	0.334792
ihec.chipseq.ihec-chipseq-containerv1.1.4.IHECRE00000250.2.4878d059-ae9d-4e75-b9f6-57c37838f3e3.fc.signal	0.00734113	0.147348	0.0592978	0.134902	0.683887	1.07695	0.628385	0.841012	0.516792	0.201692	0.761083	1.51247	1.12188	0.257021	0	0.255086	0.74354	0.242355	0.708373	0.977656	0.581195	0.729733	0.118591	0	0.262594	0.779336	0.303796	0.375022	0.131533	0	0.381138	0.248104	0	0.0571689	0.450933	0.702586
ihec.chipseq.ihec-chipseq-containerv1.1.4.IHECRE00004603.3.4c655c7c-8a8a-4e2d-a610-f4e47cf57813.fc.signal	0	0	0	0	0	0	0	0	0	0	0	0.0448672	0.235553	0.987208	0.753559	0.622673	1.38177	1.49886	1.12667	0.59091	0.634217	0.56124	0.325343	0.863554	0.772967	0.250491	0.65424	0.280663	0	0.749986	0.392645	1.0246	1.04522	0.267405	0.56102	0.383178
ihec.chipseq.ihec-chipseq-containerv1.1.4.IHECRE00001965.2.e7144f2b-c79b-4aad-950f-07ae1b5e1dad.fc.signal	0.149216	0.155253	0.168306	0.0746413	0	0.0860441	0.380874	0.101616	0	0.192447	0.821221	0.584433	0.386886	0.306217	0.304693	0.393058	0.372518	0.59654	0.385745	0.352218	0.306217	0.674876	0.628254	0.493914	0.428053	1.10343	0.240705	0	0.599906	1.53847	1.55583	1.352	1.29311	1.02011	2.51333	0.571429
ihec.chipseq.ihec-chipseq-containerv1.1.4.IHECRE00000242.3.1a9690ca-63a1-4ea3-8dc4-24421ed40248.fc.signal	0	0	0	0	0	0	0	0	0	0	0	0	0.0597295	0.236773	0.466427	0.876125	1.7061	1.43261	0.733747	0.541384	1.35719	0.860076	0.0952637	0	0	0	0	0	0.448588	0.965942	0.701536	0.810745	0.345019	0.0960531	0.263544	0.355828
ihec.chipseq.ihec-chipseq-containerv1.1.4.IHECRE00003826.4.3b07c369-960c-43eb-b4e5-3e3773e044bc.fc.signal	0.44406	0.0256567	0.0204838	0.396919	0.373897	0.410031	0.603363	0.487293	0.350964	0.204156	0.237501	0.221344	0.410067	0.566001	0.285112	0.213833	0.184571	0.296172	0.596845	0.170752	0.350312	0.344116	0.0655153	0.146194	0.137229	0.358388	0.170107	0.24018	0.363455	0.0493096	0	0.0258317	0.535017	0.265468	0	0.808917
ihec.chipseq.ihec-chipseq-containerv1.1.4.IHECRE00000224.3.768c3dd3-4d38-474a-b6d5-c316c21bc08d.fc.signal	0	0	0	0	0	0	0	0	0	0	0	0	0.422868	0.762142	0.261396	0.212503	0.531758	0.383246	0.157705	0.32979	0.396485	0.10089	0	0	0	0	0	0.0620891	0.256912	0.44546	0.420036	0.219713	0.307729	0.354623	1.02694	0.465812
ihec.chipseq.ihec-chipseq-containerv1.1.4.IHECRE00001008.4.00528f90-1767-43ef-bb37-a22f6e9f4039.fc.signal	0	0	0	0	0	0	0	0	0	0	0	0.144409	0.337633	0.482024	0.559332	0.0723853	0.230696	0.385061	0.729694	0.860512	0.369527	2.28084	0.375533	0.292318	0.36693	0.822293	0.835358	0.597503	0.81341	0.636595	0.738188	0.445934	0.29064	0.204138	2.28596	0.402597
ihec.chipseq.ihec-chipseq-containerv1.1.4.IHECRE00003693.3.d51ed427-007f-40d3-b98a-eaa67c358ae9.fc.signal	0.0959291	0	0	0	0	0.110735	0.215057	0.32907	0.6439	0.589821	0.330319	0.347088	0.261431	0.353538	0.356111	0.437228	0.516428	0.297499	0.0792625	0.172629	0.114671	0.0279759	0	0	0.0542245	0.160477	0.147192	0.0476412	0	0	0	0	0	0	0	0.599398
ihec.chipseq.ihec-chipseq-containerv1.1.4.IHECRE00000240.3.e5051162-3534-4c21-b37a-9d70a53452b8.fc.signal	0	0	0	0	0	0	0	0	0	0	0	0.168392	0.445244	0.351279	0.204219	0.208226	0.521382	0.775931	0.543144	0.720922	1.15022	0.970242	0.238837	0	0.0122785	0.499509	0.691274	0.751346	0.93387	0.711502	0.793139	2.89028	2.37193	0.250227	0.333804	0.512563
ihec.chipseq.ihec-chipseq-containerv1.1.4.IHECRE00000665.1.af8f440a-d096-482c-84b1-79bcd318ff11.fc.signal	0.261776	0	0.168369	0.838449	1.22296	0.795142	0.711336	0.3291	0.321902	0.429399	0.209443	0.105662	0.136463	1.2519	0.913007	1.32003	1.76357	0.601578	0.144035	0.756334	0.0495287	0.0411869	0.396055	0.153079	0.158914	0.0351311	0.520461	0.888258	1.00256	0.859361	0.383009	0.75879	0.710156	0.354066	1.11584	0.13617
ihec.chipseq.ihec-chipseq-containerv1.1.4.IHECRE00001997.1.1164241b-8ba2-45bf-987f-0243c87c0a1c.fc.signal	0.203108	0.314867	0.244263	0.150368	0.1691	0	0.489351	0.342517	0.0255285	0.654533	0.380056	0.285094	0.436491	0.256073	0.320103	1.01822	1.46471	0.335461	0.304339	0.5646	0.819571	0.979993	0.334663	0	0	0.300489	0.290122	0.260442	0.298015	0.191563	1.2214	0.529183	0.696871	0.132303	0.0746126	0.535461
ihec.chipseq.ihec-chipseq-containerv1.1.4.IHECRE00000184.3.0a1684db-dfdc-416a-9b39-88bdc9d8980d.fc.signal	0	0	0	0	0	0.420485	0.159141	0	0	0	0	0.24154	0.552898	0.019212	0.493104	0.573129	0.403452	0.307352	0.822839	0.915662	0.246539	1.29986	1.02129	0.252218	0	0.313724	0.383223	0.133716	0.361662	1.33839	1.27371	1.64836	2.56123	1.54633	1.80718	0.284884
ihec.chipseq.ihec-chipseq-containerv1.1.4.IHECRE00003675.3.48a0264b-6e25-46c0-b33d-21ee41282ecb.fc.signal	0.28585	0.432091	0.495906	0.707783	0.254199	0.00108273	0.16241	0.0530539	0.144005	0.394125	0.32158	0.0064964	0	0.200309	0.828311	0.27069	0	0	0	0	0	0	0	0	0	0.130641	0.360068	0.184702	0.194729	0.154241	0.294509	0.637748	0.339933	0.0714607	0.32483	0.665339
ihec.chipseq.ihec-chipseq-containerv1.1.4.IHECRE00002076.1.f6bea37b-7779-4621-9ed2-82fb7b23df8f.fc.signal	0.167493	0.300572	0.874415	0.491534	0.14242	0.0676828	0.309213	0	0.170126	0.25519	0	0	0.236665	0.911653	0.898045	0.817696	1.27978	1.28902	0.00236287	0	0.486814	0.640451	0.0676828	0	0.512644	0.583567	0.14472	0.235261	0.606638	0.690671	0.407764	1.21229	0.630966	1.72044	1.68016	0.398693
ihec.chipseq.ihec-chipseq-containerv1.1.4.IHECRE00000229.3.23ce8c02-fb50-4a0a-991c-771c3456cdf5.fc.signal	0	0	0	0	0	0	0	0	0	0	0	0	0	0.168301	0.683951	0.813251	1.33007	1.02347	1.02635	0.9856	0.531027	0.313653	0.195247	0	0.0681303	0.568943	0.592945	0.163668	0.195713	0.422182	0.553358	0.399565	0.0093566	0.703973	1.20999	0.243243
ihec.chipseq.ihec-chipseq-containerv1.1.4.IHECRE00001851.4.05b73e87-893b-4343-ab37-69c778c437f8.fc.signal	0.424912	0.177905	0.277901	0.311987	0.0115709	0.999792	0.991004	0.822835	0	0.124962	1.402	0.844699	0.257537	0.467925	0.0277583	0.194308	0.424305	0.511545	0.821638	0.799927	0.9755	0.148904	0.695651	0.266444	0.37691	0.0049148	0.342514	0.60441	0	1.08257	0.404475	0	0	0	0	0.392344
ihec.chipseq.ihec-chipseq-containerv1.1.4.IHECRE00004605.1.8871bb3d-7ee4-4151-b7f6-e200809c7bd1.fc.signal	0.211726	0	0	0.201523	0.607928	0.690782	0.520408	0.36689	0.025686	0.310144	0.366273	0.244499	0.236888	0.432867	0.0960871	0.19598	0.336781	0.551289	1.82673	0.768717	0.418453	0.444589	0.224543	0.403594	0.546193	0.376718	0.401033	0.625194	0.658686	0.197249	0	0.0237833	0.378639	0.691631	0.439376	0.44898
ihec.chipseq.ihec-chipseq-containerv1.1.4.IHECRE00000987.6.5433b540-f9ea-4edf-8a0e-cdc2c654fa20.fc.signal	0.982618	0.772495	0	0	0	0.279984	0.492332	0.570893	1.14521	1.64746	0.622725	0	0.220713	2.18348	1.23757	2.85357	0.599078	0	0	0	0	0.638491	0.756797	0	0	0	0	0	0	0	0	0	0.567547	0.851321	1.15127	0.461538
ihec.chipseq.ihec-chipseq-containerv1.1.4.IHECRE00003679.3.e95554aa-fb20-4b17-91ac-139d0399c1c8.fc.signal	0.185995	0.0905104	0.212694	0.49263	0.415658	0.0912679	0.574868	0.808786	0.618865	0.18593	0.396855	0.163671	0.279874	0.399881	0.227043	0.333462	0.703164	0.565569	0.481516	0.603899	0.289925	0.323719	0.36412	0.227272	0.306089	0.1952	0.191236	0.0054726	0.00971467	0.128268	0.200427	0.28517	0.360646	0.300273	0.259059	0.648148
ihec.chipseq.ihec-chipseq-containerv1.1.4.IHECRE00000001.4.a034ee31-90a4-46ec-8ae3-50525e7d309a.fc.signal	0	0	0	0	0	0	0	0	0	0	0	0	0	0.367066	1.02585	0.864748	0.178251	0.478352	0.457823	0	0	0	0	0	0	0	0	0	0	0	0.302565	0.442447	0.0124389	0.197342	1.65945	0.291667
ihec.chipseq.ihec-chipseq-containerv1.1.4.IHECRE00001966.2.92b83b8d-5485-446e-910e-2f148077cb85.fc.signal	0	0	0.454638	0	0.416284	0.784814	0.2538	0.0230687	0	0	0	0	0	1.21002	0.54758	0	0.330713	0.459618	0	0.852757	0.97273	0.350996	0.265866	0.38678	0.149338	0	0	0	0	1.03927	0.321513	0.353273	1.97564	2.06552	2.51016	0.417614
ihec.chipseq.ihec-chipseq-containerv1.1.4.IHECRE00001002.4.affdcac3-6070-43fc-99e1-6c9751bbcbf6.fc.signal	0	0	0	0	0	0	0	0	0	0	0	0	0.544318	0.704291	1.22445	0.75625	0.304613	0.458882	0.860478	0.899055	0.579779	0.358028	0.0998556	0.20331	0.172744	0.445773	0.904842	0.647512	1.53455	1.66896	0.779874	0.460982	0.248416	0.36725	1.19166	0.402477
ihec.chipseq.ihec-chipseq-containerv1.1.4.IHECRE00000233.3.fb9aae7d-4076-4e4e-92a7-34572e1b705b.fc.signal	0	0	0	0	0	0	0	0	0	0	0	0	0.453543	0.48607	0.236891	0.313561	0.56706	0.683385	0.374497	0.249914	0.208555	0.598521	0.572179	0.372	0.38831	0	0	0.258909	0.376704	0.636086	0.820848	1.04204	0.97224	0.398312	0.258717	0.498866
ihec.chipseq.ihec-chipseq-containerv1.1.4.IHECRE00003845.2.794488aa-2650-453d-b408-62a2d6724c53.fc.signal	0.0552131	0.457784	0.325325	0.29279	0.157803	0.346097	0.26516	0	0	0.127559	0.263009	0.0286849	0.399451	0.501311	0.371784	0.286231	0.484608	0.283096	0	0	0	0	0	0.0982302	0.108499	0.371972	0.145534	0.0471363	0.0721693	0.707932	0.655547	0.703998	0.37871	0.243244	0	0.048951
ihec.chipseq.ihec-chipseq-containerv1.1.4.IHECRE00002086.1.982b1a46-0bf8-457b-a213-1cec9bf76346.fc.signal	0.0539784	0	0.314067	0.116733	0	0.0411285	0.276395	0.226978	0.231216	0.381879	0.162557	0.254766	0	0.323869	1.7649	1.53784	1.24885	0.706993	0.0928896	0	0.206477	0.122288	0	0	0	0.248693	0.509381	0.0173508	0.678486	0.899566	0.638747	0.866241	0.839449	0.895353	1.16112	0.536023
ihec.chipseq.ihec-chipseq-containerv1.1.4.IHECRE00000231.3.24a1fcd8-2a4a-4091-be70-d4c06c7ee2cc.fc.signal	0	0	0	0	0	0	0	0	0	0	0	0	0.073557	0.403616	0.467672	0.452336	0.514505	0.458198	0.538711	1.08946	0.860634	0.5072	0.068339	0	0	0	0	0.145132	0.43142	0.329356	0.225096	0.48171	0.339666	0.139394	0.0879268	0.58
ihec.chipseq.ihec-chipseq-containerv1.1.4.IHECRE00003682.3.fc38d8a2-8f66-4203-ae35-4bfe2174aadb.fc.signal	0.339401	0.0580502	0.33495	0.0535842	0	0.179722	0.256765	0.0100446	0	0	0	0.0066964	0.417523	0.269031	0.16741	0.177504	1.08855	0.5077	0.0268815	0.0917108	0.426126	0.532226	0.143643	0.531901	0.371906	0.109035	0.349444	0.832357	0.528395	0.428722	0.148437	0.228841	0.13058	0.16741	0.123355	0.552288
ihec.chipseq.ihec-chipseq-containerv1.1.4.IHECRE00001973.1.6e93a1e0-8828-4ce5-83f8-36249902bda2.fc.signal	0.173573	0.246147	0	0	0.285012	0.192679	0	0.0398539	0.343845	0	0	0.413151	0.681956	0.244051	0.427466	0.69543	0.662881	2.831	0.822339	0	0	0.204403	0.25136	0	0.235582	0.191101	0.200114	0.185684	0.190924	0.35602	0.890347	0.13401	0.586244	0.748688	1.60298	0.460227
ihec.chipseq.ihec-chipseq-containerv1.1.4.IHECRE00000230.3.eca9fb65-4b68-4689-9dc2-ca87771c92ab.fc.signal	0	0	0	0	0	0	0	0	0	0	0	0	0.203408	0.916692	0.637165	0.146404	0.715561	1.2289	0.573051	0.921866	0.675194	0.405676	0.0046574	0	0	0.479624	1.15769	0.575218	0.60437	0.474793	0.452599	0.736897	0.71367	0.361167	0.326204	0.267241
ihec.chipseq.ihec-chipseq-containerv1.1.4.IHECRE00004641.3.f304faea-b0f0-4641-894c-c818af6118ec.fc.signal	1.36857	1.12778	1.65149	0.86015	1.63751	1.74901	0.548554	0.483617	1.17681	2.22683	2.01275	1.95542	1.3795	0.690678	0.193085	0.554327	1.3858	1.48235	1.81155	1.07046	0.312158	0.585505	0.509382	0.694733	0.856356	0.947446	1.19942	0.757621	0.464834	0.628848	0.388039	0.519888	0.698185	0.897103	0.890146	0.116751
ihec.chipseq.ihec-chipseq-containerv1.1.4.IHECRE00000236.3.0bc39444-c5d6-4c2e-a719-a28af7034202.fc.signal	0	0	0	0	0	0	0	0	0	0	0	0.0034496	0.565301	0.779592	0.443025	0.606711	0.743988	0.8387	0.764385	0.395374	0.288457	0.102901	0	0	0	0	0	0.0393837	0.235086	0.395108	0.472589	0.665488	0.524475	0.312383	0.773305	0.441509
ihec.chipseq.ihec-chipseq-containerv1.1.4.IHECRE00003824.4.4dfd78e7-f48b-44fa-ae63-a8e81a422336.fc.signal	0.411737	1.26802	2.10725	1.5457	0.66688	0.819868	0.466621	0.62508	0.937046	0.953528	0.701164	0.545219	0.348747	0.082433	0.0076092	0.483298	0.530092	0.768106	0.919904	0.840552	0.662043	0.963845	1.02849	0.555679	0.851468	0.548127	0.871741	0.621896	0.63853	0.728052	0.668993	1.62298	1.64106	0.40071	0.19023	0.01875
ihec.chipseq.ihec-chipseq-containerv1.1.4.IHECRE00004728.1.84110ecf-3acc-4ab9-918a-d46b0401ed1e.fc.signal	0.203063	0.203063	0.812252	0	0.609189	0.203063	0	0.0314735	0.203063	0	0.609189	0	0.406126	0.203063	0.609189	1.21838	0.655117	0.782167	0.241144	0	0.163346	0.156665	0.314365	0.544198	0.174729	0.20558	0.179481	0.15987	0.818212	0.606898	0.50877	0	0.644594	0	0.160313	0.47929
ihec.chipseq.ihec-chipseq-containerv1.1.4.IHECRE00003715.2.f2f63871-d4ff-46d8-b566-9462262914af.fc.signal	0	0	0	0	1.04979	1.02048	0.302149	0.299964	0	0	0	0	0.443496	0.573936	0.516542	1.03098	0.652223	1.81589	0.026088	0	0	0	1.2348	0.140887	0	0.280676	1.90561	1.50444	0.703923	0.756565	0.600092	0.861005	0	0.161764	1.56548	0.556962
ihec.chipseq.ihec-chipseq-containerv1.1.4.IHECRE00001958.3.f473421b-0068-43e9-8689-afd1d3e0454e.fc.signal	0.371371	0.53932	0.191981	0.449076	0.321798	0.393385	1.0218	0.213219	0.471456	0.315266	0.320554	0.400401	0.818619	1.22383	1.03163	0.249632	0.185816	0.665623	1.40517	0.982798	0.97613	0.26771	0.41741	0.352773	0.443271	0.242446	0.280881	1.35696	1.95922	1.7444	1.756	2.24882	2.71432	3.11796	4.14952	0.5
ihec.chipseq.ihec-chipseq-containerv1.1.4.IHECRE00004614.1.954b2eef-b887-4e5e-9bfd-a189bb44a099.fc.signal	0	0.22955	0.688649	0.22955	0.57112	1.03212	0.535234	0.22955	0.650295	0.918198	0.22955	0	0.22955	0.22955	0.382392	0	0.22955	0.22955	0	0	0	0	0.328706	0.643868	1.076	0.887764	0.572944	0.634604	0	0	0	0	0	0.22955	0.906117	0.458564
ihec.chipseq.ihec-chipseq-containerv1.1.4.IHECRE00001375.1.ab4892aa-1edb-472f-99f8-9d7de35e1786.fc.signal	0	0	0	0.335413	0.231773	0	0	0	0	0	0	0	0.0038772	1.13201	0.298513	0	0	0.0890261	0.606963	0.433462	0.332141	0.1412	0	0	0	0	0	0.712223	1.28324	0.14249	0	0.724965	1.09325	1.67869	1.7599	0.367925
ihec.chipseq.ihec-chipseq-containerv1.1.4.IHECRE00000223.3.e1dc7d2c-ad1c-431d-b26b-8d6d2c33cf69.fc.signal	0	0	0	0	0	0	0	0	0	0	0	0	0.362385	0.584038	0.620003	0.997849	1.53306	1.28866	0.642167	0.564613	0.459908	1.1042	1.64331	0.409915	0.0132576	0	0.0044192	0.850427	1.75599	1.05889	0.57587	0.638078	0.367145	0.112053	0.611606	0.57265
ihec.chipseq.ihec-chipseq-containerv1.1.4.IHECRE00003847.4.634ae276-c9fe-4e24-9f62-06eb5bf694ac.fc.signal	1.56947	1.5345	0.798015	0.160479	0	0.318082	1.11326	0.80799	1.33764	1.55913	0.667363	0.210162	0.21304	0.021304	0.0598515	0.495462	0.865105	0.804103	1.00563	0.193204	0.237811	0.120098	0.242583	0.713523	2.59327	2.26345	1.41146	0.708568	0.744085	0.903116	1.29358	1.54916	0.789511	0.258443	0	0.436842
ihec.chipseq.ihec-chipseq-containerv1.1.4.IHECRE00001236.5.b3e823f8-bdfb-415e-8681-ed2acdcbeb38.fc.signal	0.0446672	0	0	0	0	0	0	0	0	0	0	0	0	0.562069	1.38656	0.815187	1.93292	1.67457	0.0734404	0.64563	0.190081	0.478585	0.0222693	0.527126	0.379028	0.186545	0.277167	0.255187	0.729402	0.688628	0.374092	0.481617	0.255731	0.188817	2.11542	0.608108
ihec.chipseq.ihec-chipseq-containerv1.1.4.IHECRE00000243.3.f19b01fb-285f-4aa3-a654-49a7198b9c00.fc.signal	0	0	0	0	0	0	0	0	0	0	0	0	0.0581932	0.326034	0.430188	0.481946	0.568756	0.404272	0.0789479	0.348324	0.802562	0.858376	0.719876	0.198826	0.537873	1.02204	1.29899	0.482246	0.453312	0.707039	0.195511	0.343095	0.24978	0.120675	0.531658	0.42029
ihec.chipseq.ihec-chipseq-containerv1.1.4.IHECRE00000099.3.13cd1a6f-98d2-4646-9ca8-70d7500b92e5.fc.signal	0	0.0999282	0.486401	0.0771689	1.15099	0.0262575	0	0	0	0	1.29856	1.07251	0.545973	0.348608	0	0.403161	0.469437	0	0	0.562527	0.473889	0.691769	0.740719	1.01978	0	0	0	0	0	0.016341	0.81705	0.065364	0	0.495677	0.81705	0.328
ihec.chipseq.ihec-chipseq-containerv1.1.4.IHECRE00000221.3.ee2442de-4362-4f9f-9331-9ed79b0e0f3c.fc.signal	0	0	0	0	0	0	0	0	0	0.473546	0.331464	0.329523	0.223197	0.361084	0.181748	0.170773	0.321981	0.61418	0.93085	0.499581	0.728993	0.90698	0.506246	0.0699624	0	0	0	0	0.12332	1.18863	0	0	0.116791	0.2146	0.50694	0.315287
ihec.chipseq.ihec-chipseq-containerv1.1.4.IHECRE00003716.2.79f94066-2988-40f9-a746-bdd6578c3873.fc.signal	0.20166	0.0909632	0	0	0	0.17673	0.0757833	0	0	0	0.291626	0.411685	0.100592	1.11002	2.10906	3.70796	1.64139	0.996636	0.732337	0.936206	1.10701	0.851089	0.56664	0.201656	0	0	0.156847	0.400431	0.270237	0.338751	1.28401	1.58942	3.56301	4.30941	5.08084	0.90099
ihec.chipseq.ihec-chipseq-containerv1.1.4.IHECRE00001889.4.0a4412db-98d2-49c5-9fe7-7e089d81032b.fc.signal	0.292387	0.26929	0.666182	1.04938	0.725921	0.0869386	0.37426	0.096051	0.872855	0.496005	0.979813	0.647223	0.497602	1.28553	0.506974	0	0	0.376478	1.14636	2.43293	0.47617	0.00827987	1.58111	1.16341	2.13635	2.6465	0	0.738846	0.999048	1.1335	0.684736	0	1.33407	0.699589	1.50729	0.495726
ihec.chipseq.ihec-chipseq-containerv1.1.4.IHECRE00001956.2.fe4e2c35-293c-45d0-aa4a-9678c367d2df.fc.signal	0	0	0	0	0	0	0.109022	0.253175	0	0	0	0.386982	0.195757	0.423968	0.225679	0.558263	0.500989	0.422386	0.228555	0.496833	0.37723	0.409027	0.273433	0.270179	0	0	0.359077	0.119614	0.746866	0.265719	0.0822345	0.346794	0	0.53831	0.575451	0.391304
ihec.chipseq.ihec-chipseq-containerv1.1.4.IHECRE00004609.2.3aca4661-f677-47cf-b2b4-9335fbd4c1a8.fc.signal	0.152641	0.25302	0.23498	0.119328	0.715724	0.606129	0.409735	0.142167	0.261496	0.0563718	0	0.076032	0.320904	0.388323	0.581972	0.60126	1.12415	0.751852	0.419218	0.899723	0.339448	0.495552	0.148932	0.262996	0.310835	0.438457	0.387552	0.408143	0	0.185678	0.543425	0.372801	0.443439	0.0373653	0.0570947	0.257246
ihec.chipseq.ihec-chipseq-containerv1.1.4.IHECRE00003837.4.7a6d8040-3df1-443f-8bf8-8f3e00d9a3bc.fc.signal	0.163235	0.463946	0.265749	0.554299	0.915609	0.0841872	0.216294	0.301775	0.0103616	0.650075	0.519779	0.180032	0	0	0	0	0	0.0803274	0.529132	0.644783	0.318065	0.320332	0.489695	0.652194	0.327915	0.188928	0.320804	0.136069	0.166062	0.262824	0.469514	0.544849	0	0	0	0.538095
ihec.chipseq.ihec-chipseq-containerv1.1.4.IHECRE00000332.2.2d8d5533-830a-43b4-b551-587064ddf941.fc.signal	0	0.103199	0.106138	0	0.134336	0.432243	0.206695	0.620327	0.306654	0.181092	0.0361615	0	0.0057298	0.28649	0.126056	0.269301	0	0	0	0	0	0	0.0867835	0.264331	0.147034	0.341708	0.519829	0.0903591	0	0.16605	0.24574	0.548143	1.04192	0.653878	0.42973	0.283582
ihec.chipseq.ihec-chipseq-containerv1.1.4.IHECRE00001921.1.33f29835-e25b-4253-aaf6-b5aa600df80f.fc.signal	0.272911	0.213266	0.239355	0.303125	0.728619	0.987717	0.702452	0.526298	0.387966	0.294841	0.427802	0.608773	0.508855	0.277844	0.644622	0.357817	0.406363	0.358855	0.226135	0.302173	0.76117	0.314155	0.265443	0.487085	0.579809	0.217327	0.345635	0.591471	0.353106	0.352992	0.405389	0.740457	0.462612	0.363335	0.514358	0.420168
ihec.chipseq.ihec-chipseq-containerv1.1.4.IHECRE00000014.2.f3dac2fd-4a27-4e6d-ac7b-9d439b1e4f70.fc.signal	0.555025	0.497995	0	0	0.0497785	0.353161	0.380934	0.601597	1.44927	0.452894	0.319085	0.491702	1.12972	0.49713	1.10716	0.916862	0.721379	0.75821	1.0017	0.411769	0.93505	0.285646	0	0	0.61258	1.06165	0.431654	1.1937	0.61763	0.273675	0.743187	0.44441	0.911356	0.467004	0.75323	0.472868
ihec.chipseq.ihec-chipseq-containerv1.1.4.IHECRE00001315.1.b83cadfd-ffa7-4094-aa63-9e7954d5ffb2.fc.signal	0	0	0	0	0	0.0972563	0.439882	0.332674	0	0.317739	0.38314	0.33487	0.321381	0.998979	0.846116	1.24849	0.727583	0.741379	0.264496	0	0	0.162398	0.817668	0.627323	0.335588	0.565551	0.416076	0.822077	0.997826	0.832323	0.631141	0.611827	1.1272	1.49377	1.54479	0.17757
ihec.chipseq.ihec-chipseq-containerv1.1.4.IHECRE00001892.4.a3994b5d-df9e-4d2b-8d1f-2a68f9eea142.fc.signal	0	1.28872	0.865924	0.873695	0.629123	0.764313	0.476041	0	0	0	0.957964	0.889361	0.733396	1.06382	0	0	0	0.0503152	1.3077	1.33247	0	0.375036	0.240132	1.28474	0.42748	1.12525	1.51233	0.489215	0	0.373541	0.238472	0.342421	0.299619	0.342421	0.9172	0.219828
ihec.chipseq.ihec-chipseq-containerv1.1.4.IHECRE00003680.3.c19bd00a-5c6a-4173-86bf-6f467b56a6c8.fc.signal	0.156786	0.067194	0.444993	0.56001	0.622757	0.719847	0.365865	0.258322	0.449881	0.490948	0.304609	0.74071	0.61229	0.0627144	0.22398	0.38976	1.05149	0.305324	0	0	0.0279119	0.293964	0.17196	0.325031	0.528327	0.166151	0	0.285089	1.00495	0.769123	0.972192	0.790028	0.380806	0.228459	0.365435	0.652174
ihec.chipseq.ihec-chipseq-containerv1.1.4.IHECRE00001888.4.30f2e2fa-2f52-48ca-a898-c1b357672427.fc.signal	0.155948	0.978218	0	0	0	0	0	0	0	0	0	0	1.07951	1.08315	0.510374	0.623791	0	0	0.635704	1.28856	0	0	0.112845	0.705214	0.0803257	1.46922	0.197501	0	0	0	0	0	1.38942	0.879008	0	0.469444
ihec.chipseq.ihec-chipseq-containerv1.1.4.IHECRE00004615.1.138484bb-d1db-4537-b285-bd13fe5a9644.fc.signal	0.119421	0.135068	0.483125	0.211824	0.398709	1.39877	1.22189	0.704457	0.499252	0.49829	0.959197	0.222073	0.551073	0.299923	0.136637	0.0480531	0.156829	0.768849	1.26116	0.185719	0.315528	0.29813	0.107568	0.191255	0.0235935	0.0561199	0.375161	0.772927	0.980537	0.0802111	0.444305	0.279926	0.224335	0	0	0.296748
ihec.chipseq.ihec-chipseq-containerv1.1.4.IHECRE00000949.6.e8717b6c-436c-4750-b776-17ab8ac934dd.fc.signal	0	0	0.00556047	0.83407	0.0744119	0.0222419	0.815179	0.0517198	0	0	0	0	0.527102	1.06165	0.0222419	0	0.222419	0.590138	0.398173	1.29864	0.830635	1.29012	0.617229	0.105649	0.811828	0.167385	0.267995	0	0	0	0.617212	0.300265	0.533805	0.405916	2.34873	0.409639
ihec.chipseq.ihec-chipseq-containerv1.1.4.IHECRE00001893.4.6bb5df92-9ff3-4e16-95ee-8879c7d772cd.fc.signal	0.0820719	0.383332	0.105599	0.32025	0.194513	0.351925	0.443415	0.266741	0.275458	0.0559994	0.157032	0.0984723	0.54696	0.228823	0.159418	0.202813	0.14609	0.273994	0.427238	0.225791	0.996658	0.49407	0.474078	0.748942	0.435074	0.307839	0.178084	0.586214	0.544855	0.305041	0.246186	0.236451	0.566278	0	0	0.387931
ihec.chipseq.ihec-chipseq-containerv1.1.4.IHECRE00000237.3.c302d52d-2f68-44d1-89a6-40282d63fa3e.fc.signal	0	0	0	0	0	0	0	0	0	0	0	0	0.157386	0.356106	0.491885	0.896262	0.977591	0.64675	0.454923	0.484672	0.3311	0.180995	0	0	0	0	0	0	0.004601	0.396821	0.502668	0.435609	0.328029	0.491393	0.957159	0.459459
ihec.chipseq.ihec-chipseq-containerv1.1.4.IHECRE00004610.2.c8287f3a-ec01-4e9b-9790-466f356c7045.fc.signal	0.163813	0.0721978	0.293476	0.329183	0.242959	0.12793	0.270592	0.361125	0.2147	0.289608	0.360326	0.167292	0.237987	0.274611	0.787229	0.665769	1.27657	0.952839	0.785977	0.42108	0.567669	0.701874	0.13969	0.198739	0.287104	0.194128	0.193274	0.162681	0.267352	0.289964	0.155706	0.240826	0.340813	0.398591	0.160985	0.277273
ihec.chipseq.ihec-chipseq-containerv1.1.4.IHECRE00003686.3.4f07d906-46cb-4b49-9eca-84ffb88233a3.fc.signal	0	0.00721	0.320845	0.176645	0	0.159822	0.64144	0.177847	0.152612	0.471057	0.718607	0.171839	0.26677	0.279988	0.358097	0.157418	0.36411	0.499245	0.0672933	0	0	0	0	0.170964	0.249743	0.399687	0.0508109	0.286185	0.573204	0.112957	0.0588817	0.29561	0.150208	0	0	0.587549
ihec.chipseq.ihec-chipseq-containerv1.1.4.IHECRE00004604.3.90b22b5d-3f31-4944-a92b-e05b092bb019.fc.signal	0	0	0	0	0.0506341	0.241486	0.406941	0.469229	0	0	0	0	0	0.543232	1.00081	0.469255	2.59745	1.25113	0.845018	0.284177	0.263116	1.46148	0.505246	0.921596	0.935626	0.722715	0.305705	0.397212	0.327081	0	0.514805	0.823596	0.650316	0.494551	0.676298	0.313084
ihec.chipseq.ihec-chipseq-containerv1.1.4.IHECRE00000348.2.1c3471cc-b698-44b7-a81f-e538004368cc.fc.signal	1.28363	1.11987	2.08156	0.539053	0.462422	0.209406	0.968658	1.01666	0.282517	0.448874	0.778173	0.297092	0.873728	0.157394	0.288908	0.146763	0	0.26539	0.740708	1.05859	1.46602	1.16663	0.400241	1.33728	1.12588	0.94666	0.987114	0.720741	1.08061	1.108	0.52154	0.419687	0.339453	0.212956	1.02337	0.490909
ihec.chipseq.ihec-chipseq-containerv1.1.4.IHECRE00000188.3.5f49d325-f36a-4eaa-918a-81abf7f7d1e2.fc.signal	0.479425	0.330319	0.18621	0.280096	0.296418	0.118459	0.274087	0	0	0.11885	0.519447	0.127279	0.497813	0.748592	0	0	0.411659	0.827407	0.22415	0	0	0.53163	0.371442	0.301465	0.388918	0.230566	0.735737	0.513521	0	0	0.348965	0.629361	1.53606	1.26297	1.2156	0.0982143
ihec.chipseq.ihec-chipseq-containerv1.1.4.IHECRE00001887.4.a6734a5b-3b03-45c9-8bf9-b4b30b035291.fc.signal	0.128918	0.424063	0.244318	0.227994	0.458148	0.42786	1.1051	0.85583	0.572923	0.606825	0.677334	0.953451	0.770862	0.544072	0.0379068	0.732906	0.11372	0.442177	0.535661	0.655428	0.220373	1.07068	0.396099	1.96159	0.645216	1.19433	0.675065	1.76091	0.766648	0.31589	0.434613	0.185322	0.8717	0.38328	0.63178	0.420765
ihec.chipseq.ihec-chipseq-containerv1.1.4.IHECRE00001015.4.5c0d3bc3-2483-4334-82c2-b98db24b9499.fc.signal	0	0	0.150467	0.0120373	0.138429	0.0132411	0.434548	0.154078	0.0204635	0.130003	0.0589829	0.592292	0.758263	0.277807	1.66558	0.905973	1.24751	0.736221	0.643087	1.25836	1.19499	0.333846	0.0329628	0.00973173	0.191202	0.0446031	0.347983	0.191383	0	0	0.114676	1.25075	0.811255	0.619859	1.42052	0.256637
ihec.chipseq.ihec-chipseq-containerv1.1.4.IHECRE00000321.2.5ba9011d-0b2f-4dce-adf6-b6fc909772d8.fc.signal	0.366519	1.01118	0.315965	0.623549	2.65847	1.55046	1.19076	0.594	0.460593	1.15604	1.33771	1.04602	0.7055	1.13338	0.210643	0.332816	0.446564	0	0.498389	1.00751	1.32921	0.290005	0	0	0.457383	1.22157	0.494173	1.28395	1.59154	0.0221247	0	0	0.0800445	0.749918	0.898069	0.314961
ihec.chipseq.ihec-chipseq-containerv1.1.4.IHECRE00001918.1.ffd8a608-2156-4a94-9cef-9114e8021510.fc.signal	0	0	0	0	0	0	0.715039	0.563606	0	0	0	0.154567	0.853376	0.648878	1.76997	0.516905	2.11764	1.41288	0.75238	0.41271	0.678561	1.35726	0.348515	0.0970547	0.450066	0.226401	0.41202	0.40052	0.685061	1.51153	1.03381	1.19913	0.422378	1.05419	1.55064	0.461538
ihec.chipseq.ihec-chipseq-containerv1.1.4.IHECRE00003843.4.0955c465-0a29-4812-9c6e-d756f9a18b54.fc.signal	0.325382	0.278338	0	0	0.109313	0.349298	0.614306	0.492467	0.409573	0.462324	0.075388	0	0	0	0.305321	0.903431	1.05976	0.327741	0.412898	0.508706	0.258773	0.0143725	0.453191	0.623351	0.237532	0.312268	0.542689	0.495007	1.0842	0.487454	1.38689	1.86054	0.821591	0.150776	0.18847	0.0680628
ihec.chipseq.ihec-chipseq-containerv1.1.4.IHECRE00003803.1.f859dcbd-afbe-4ae5-8435-ea7adf39970c.fc.signal	0	0	0	0	0.0532213	0.75693	1.04667	0.619699	0.0564886	0	0	0	0.757706	0.349852	0.82041	0.431408	2.11423	1.36921	2.24118	0.806185	0	0.244517	0.19289	0	0.55307	2.01888	0.731967	0.953018	1.54822	1.20024	0.949365	0.476003	0.619993	1.06864	1.71637	0.307692
ihec.chipseq.ihec-chipseq-containerv1.1.4.IHECRE00003730.1.aa91ddbb-920b-4389-adfc-bc95d87573a2.fc.signal	0.392054	0.53819	0.768644	1.94493	1.50126	0.500901	0	0.0928548	0.799588	0.861502	0.154758	0.475108	0.423005	0.531336	0.423005	0	0	0	0.0930667	0.47264	0	0	0	0.260029	0.517055	0.498097	0.598865	0.834433	1.1298	0.73769	0	0.711887	0.242454	0.149599	0.77379	0.6
ihec.chipseq.ihec-chipseq-containerv1.1.4.IHECRE00001854.4.6809abea-4899-4dd9-b04a-d68ef6203ffb.fc.signal	0.985935	0.826423	0.419681	0.777445	1.6765	2.17925	1.89405	1.20838	1.7927	1.35647	1.69919	0.875166	0.301417	0.932562	0.204591	0	0.18454	0.517514	0	0	0	0.588899	1.33362	0.710596	0	0.84425	0.520765	0.175041	1.15605	0.509097	0.628206	1.30769	1.6437	1.01887	0.60176	0.745652
ihec.chipseq.ihec-chipseq-containerv1.1.4.IHECRE00003396.1.4bb6cf38-793d-41e7-af37-1f5641085d37.fc.signal	0.309709	0.332438	0	0	0	0.638106	0.445366	1.00271	0.0831713	0	1.17272	1.32242	0.499581	0	0	0	0	0	0.795405	0.657772	0.772673	0.966996	0.332208	1.27252	1.29747	1.98782	2.29553	0.436455	0	0	0	0	0.405085	0.0575183	0	0.518248
ihec.chipseq.ihec-chipseq-containerv1.1.4.IHECRE00004713.2.9c4780de-3fe9-463d-b53b-5fe60a9ad8a2.fc.signal	0.168797	0.228242	0.0100568	0.206104	0	0.141558	0.515046	0.4836	0.071931	0.437423	0.19902	0.759087	0.280888	0.474843	0.437487	0.66225	0.869874	2.32759	1.10404	0.702909	0	0	0	0.464758	0.390686	0.11861	0.0293309	0.365917	0.545331	0.691357	0.307393	0.412594	0.95383	0.776485	0.532298	0.183673
ihec.chipseq.ihec-chipseq-containerv1.1.4.IHECRE00003828.3.48fd1d77-4fae-45b7-99ef-0f36a27d82a3.fc.signal	1.43105	0.711614	0.661049	0.927891	1.05697	1.20764	0.11383	0.636688	0.246028	0.995324	0.446495	0.244178	0.802279	0	0.348823	0.174416	0.310451	0.224522	0.321705	0.337774	0.174747	0.339469	0.0965864	0.780707	0.826777	0.941788	0.669558	0.558432	0.827288	1.05579	0.664557	0.286045	0.244253	0.115132	0.78492	0.402439
ihec.chipseq.ihec-chipseq-containerv1.1.4.IHECRE00001335.1.6d13e882-b47b-453b-9f9b-154094e4f3fb.fc.signal	0.237694	0.282354	0.179285	0	0	0.43905	0.892773	0.733241	0.0912192	0.0067418	0.382452	0.336803	0.556802	0.133028	0.614217	1.19478	1.00967	1.12747	1.62047	0.706767	0.344969	0.870839	1.45981	2.27175	0.723595	0.405888	0.0245702	1.033	2.09055	0.389911	0	0.268429	0.316715	0.582273	1.26209	0.504132
ihec.chipseq.ihec-chipseq-containerv1.1.4.IHECRE00004602.2.6afade6a-decd-4de3-8d6c-21d796fc221f.fc.signal	0.0089696	0.296867	0.399673	0.0541378	0.107481	0.171688	0.0238139	0	0	0	0.0548179	0.255144	0.137605	0.233889	0.411838	0.229392	0.274192	0.193618	0.020824	0.444481	0.35811	0	0.0906249	0.262812	0.128681	0.459271	0.162137	0.149983	0.124548	0.487119	0.679459	0.59027	0.722672	0.472282	0.702439	0.87037
ihec.chipseq.ihec-chipseq-containerv1.1.4.IHECRE00003806.1.52efbfdb-5e8a-4fc8-aa16-3be398d8b82d.fc.signal	0.398229	0.642739	0.235572	0	0	0.0224195	0.593306	0.0881007	0.0746282	0.427444	0.362436	0.617054	0.470177	0.357096	0.389767	0.271022	1.32878	1.18078	0.479309	0.341557	0.56113	1.29154	0.381653	0.113931	0.20293	0	0.100471	0.210991	0.774679	0.305561	0.61818	0.891275	1.02839	0.342853	0.502583	0.176991
ihec.chipseq.ihec-chipseq-containerv1.1.4.IHECRE00003846.4.2cf78cce-4147-4b4e-9fec-f7eecb7960a2.fc.signal	0.213112	0.242255	0	0.446259	0.22404	0.240434	0	0.540928	0.825	0.318739	0.783439	0.369098	0.537329	0.406187	0.0491796	0.952521	1.98402	0.266025	0.331356	0.992543	0.211948	0.504461	0.344232	0	0.445489	0.923379	0.472424	0.79406	1.08542	1.36044	1.41508	0.93975	2.10903	0.351516	0.27322	0
ihec.chipseq.ihec-chipseq-containerv1.1.4.IHECRE00004888.1.9cc24acd-6188-40e5-bad4-b78f8ccb0b3a.fc.signal	0.406662	0	0	0	1.35989	1.06337	1.05774	0	0.35768	0.504092	0.529508	0	0.775301	0.622782	1.49123	2.27504	1.3099	0.379403	1.0464	1.37045	1.17777	0.565018	0	0.203331	0.987184	0.719323	1.25841	1.50372	1.6451	0.766073	0.491384	0.874456	0.44326	0.0465967	0.63541	0.392336
ihec.chipseq.ihec-chipseq-containerv1.1.4.IHECRE00004618.1.f3b6006d-3e3a-44fa-b4a9-49a87f36ab7f.fc.signal	0.593028	0.329494	0.515875	0.0975832	0.122659	0.818523	0.576846	0.705006	1.04979	0.454599	0.33574	0.0825973	0.312149	0.0971733	0.369179	0.150183	0.750798	0.872617	1.01461	0.614602	0.340388	0.765549	0.377569	0.446314	0.387089	0.548654	0.705002	0.751594	0.407525	0.503933	0.902305	0.731018	0.409286	0.57803	0.75734	0.264423
ihec.chipseq.ihec-chipseq-containerv1.1.4.IHECRE00001044.7.81d2cec4-6d09-4c4d-9e5a-688e4151854e.fc.signal	0.186264	0.0384254	0.331352	0.882763	0.58686	0	0.373	0.0963583	0.276642	0.264206	0.854786	0	0.649635	0.432802	0	0.624771	0.208258	0.6761	0.301126	0.476173	0.795726	0.361751	0.440802	0.217537	0.277968	0.675003	0.620401	0	0.108791	1.31595	1.11913	0.0155417	0	0.183392	0.46625	0.294304
ihec.chipseq.ihec-chipseq-containerv1.1.4.IHECRE00000339.2.7a2d3f54-2b3a-4474-b0f6-8d1ef1d55280.fc.signal	0.206303	0.628225	0.66114	0.0925596	1.30917	0.872744	1.27246	1.4708	0.619676	0.766315	1.22475	0.481724	0.122642	0	0	0	0	0	0.46578	0.431945	1.01824	0.767191	0	0	0.312337	0.307837	0.417998	0.639899	0.44986	0.0198757	0	0	0	0	0	0.257485
ihec.chipseq.ihec-chipseq-containerv1.1.4.IHECRE00002058.1.bb047498-09b9-4c13-b396-ee9ca79dcf59.fc.signal	0.050302	0	0	0.0143728	0.305627	0.443192	0.919856	0.025086	0	0	0	0	0.0598833	0.451851	0.997965	0.846117	1.22633	1.31852	0.844596	0.0473847	0.635859	0.539277	0.0781328	0.214625	0.245285	0	0	0	0	0	0	0.704795	0.102357	0.747513	1.39749	0.475862
ihec.chipseq.ihec-chipseq-containerv1.1.4.IHECRE00003402.2.d3186b4d-954d-4e57-a34d-97e0da3e61a0.fc.signal	0.123819	0.462063	0	0.14085	0.933988	0.465556	0.85225	0.691607	1.2554	0.768175	0.632123	1.70686	0.772835	1.2482	0.618865	0.415524	0	0	0.0514402	0.578962	0.513485	1.08661	0.442149	2.10483	1.24597	2.02789	1.3849	0.256142	0	1.41454	1.07417	0.583502	0.928294	0.327115	0.66307	0.29703
ihec.chipseq.ihec-chipseq-containerv1.1.4.IHECRE00004617.2.88e56c75-286f-4a1a-b576-b35887e484d4.fc.signal	0.634592	0.814087	0.705136	0.353882	0	0.114666	0.802804	0.863906	0.395762	0.40048	0.0460523	0.327128	0.415502	0.794353	0.9128	0.490713	0.058268	0.245342	0.358165	0.3063	0.340036	0.531293	0.733352	0.886418	0.36355	0.545253	0.597996	0.691021	0.504545	0.298002	0.120296	0.24723	0.119372	0.410789	0.56406	0.368
ihec.chipseq.ihec-chipseq-containerv1.1.4.IHECRE00001039.6.1c43239d-dfc1-4ee8-9404-c3dda7976cff.fc.signal	0.132948	0.617682	0	0	0	1.1515	1.34933	0.774154	1.25321	0.659084	0.603266	0.615002	1.11557	1.55518	1.15002	0.31554	0.435924	1.69229	1.68333	2.53815	0.600833	0.63529	0.455528	0.628698	1.50688	0.316026	1.04132	1.5652	0.855226	0.718208	0.685054	1.30364	2.73968	1.64323	1.24557	0.418868
ihec.chipseq.ihec-chipseq-containerv1.1.4.IHECRE00003829.4.86c5f202-7b84-42f8-b6ed-71aa22b2e0fd.fc.signal	0.356165	0.486136	0.699356	0.284234	0.32669	0.535426	0.518912	0.0341929	0	0	0	0	0.169558	0.237773	0.0034904	0.0282274	0.308031	0.112059	0.0883778	0.289826	0.0526995	0.171573	0.0828861	0.346999	0.686179	0.574678	0.506281	0.166515	0.304005	0.0693608	0	0.0610775	0.287774	0.122623	0	0.772727
ihec.chipseq.ihec-chipseq-containerv1.1.4.IHECRE00000228.3.7281ed79-ca1f-4f34-ad6b-6aeb18d6b751.fc.signal	0	0	0	0	0	0	0	0	0	0	0	0	0.258306	0.844358	1.39918	0.822092	0.901261	0.868158	0.37586	0.440287	0.407758	0.535192	0.482485	0.0508576	0	0	0	0.379987	0.985656	0.678947	0.464647	1.02214	0.86462	0.289366	0.202894	0.377358
ihec.chipseq.ihec-chipseq-containerv1.1.4.IHECRE00000238.3.bd79aee4-cb3e-4358-b4aa-2b3125cb6682.fc.signal	0.0487476	0	0.0735829	0.452136	0.0802647	0.263427	0.378123	0.510046	0	0	0	0	0.0671057	0.208428	0.155149	0.0515653	0.172165	0.424831	0.296547	0.487656	0.280521	0.263637	0.42115	1.62871	1.23033	0.815284	0.392938	0.342295	0.501441	1.93118	0.987477	0.365712	0.232412	0.0814517	0.191339	0.586466
ihec.chipseq.ihec-chipseq-containerv1.1.4.IHECRE00003690.3.dc1d2dc3-279f-44dc-a6f1-0d5154726fd5.fc.signal	0.238186	0.12349	0	0	0.171139	0.227354	0.195379	0.297049	0.289902	0.295898	0.493674	0.706369	0.425302	0.00671	0	0	0	0.0476505	0.273043	0.445438	0.333417	0.219898	0.308395	0.332057	0.287634	0.286792	0.449482	0.388326	0.107342	0.0275165	0.352885	0.509855	0.226775	0.0543618	0	0.519355
ihec.chipseq.ihec-chipseq-containerv1.1.4.IHECRE00004635.3.e09563f2-ad32-412b-91d3-8f5c1229dde6.fc.signal	0.303769	0.309557	0.541907	0.692024	1.27524	1.07424	0.825469	0.752523	0.902438	0.900913	0.733307	1.58221	1.73575	0.533637	0.485123	0.86335	1.0842	0.217913	0.368057	0.559973	0.270283	0.439908	0.447602	0.547982	0.774071	0.715598	1.88506	0.895952	0.186803	0.546112	0.631238	0.627555	0.65648	0.423208	0.503361	0.56872
ihec.chipseq.ihec-chipseq-containerv1.1.4.IHECRE00003691.3.6671b082-a817-48d2-abb0-2b33e6b6a3bd.fc.signal	0.145478	0.478604	0.462922	0.49596	0.116549	0.0066112	0.204192	0.205846	0.0471048	0.357935	0.539805	0.486052	0.308357	0.271996	0.12153	0.228143	0.607609	0.357953	0.0809872	0	0.0611393	0.178285	0.0641443	0.0759376	0.072526	0.0465041	0.107072	0.279341	0.742588	0.744006	0.300897	0.016528	0	0	0	0.706625
ihec.chipseq.ihec-chipseq-containerv1.1.4.IHECRE00003696.3.e00c0d9c-ba65-4ccf-bfd6-bf0790f0d972.fc.signal	0.607109	0.977332	1.17731	0.644222	0.33679	0.407936	0.333989	0.242705	0.340433	0.449159	0.354001	0.161178	0.207114	0.386368	0.187696	0.02913	0.144984	0.313867	0.227806	0.231847	0.40288	0.527631	0.312936	0.103031	0.408928	0.611752	0.323421	0.0547077	0.229832	0.553253	0.690959	0.746267	0.334616	0.0142413	0.181424	0.643243
ihec.chipseq.ihec-chipseq-containerv1.1.4.IHECRE00003683.3.337d4e8a-e984-41f8-aa57-60f7eb5f2a93.fc.signal	0.273411	0.0292465	0	0	0	0	0	0	0	0.295892	0.60761	0.109122	0	0	0	0	0	0.0719944	0.411017	0.524573	0.384644	0.248783	0.31885	0.233256	0.136462	0.235551	0.303297	0.0301632	0.117173	0.299245	0.0539936	0.333033	0.452306	0.210377	0.519659	0.436441
ihec.chipseq.ihec-chipseq-containerv1.1.4.IHECRE00003838.5.82ddd4cf-3b63-4f67-947e-b3f54aa3c13f.fc.signal	0.347852	0.0979435	0	0	0	0	0.398301	1.11446	0.513598	0.743077	1.56115	0.310285	0.210919	0.0030384	0.229829	0.726673	0.57275	0.123267	0.41597	0.0670641	0.308542	0.468335	0.46395	0.0203664	0.222331	0.384802	0.0622164	0.237764	0.0384919	0.0947452	0.437906	0.74891	0.763926	0.63772	0.478884	0.293103
ihec.chipseq.ihec-chipseq-containerv1.1.4.IHECRE00000943.7.2d49fd2f-74c0-448e-a30b-e44db7e3a5ff.fc.signal	0	0	0	0	0.320442	0.053407	0.563956	0.0846891	0	0	0	0.135298	0.380977	2.23645	0.238551	0	0.113956	0.728895	1.1953	0.380872	0.493766	0.826433	0	0.17157	0.457832	0.977295	0.936165	0.200334	0	0	0	0.470018	0.658747	0.302133	0	0.445652
ihec.chipseq.ihec-chipseq-containerv1.1.4.IHECRE00003685.2.e68f52c1-41a1-4e05-8c93-7ca09c5fb4fe.fc.signal	0	0	0.0367593	0.541994	0.870266	0.900188	0.791619	0.383841	0.300916	0.624918	0.649709	0.275273	0.165481	0.175282	0.0735185	0	0	0	0	0.0288694	0.239363	0.212007	0.0025646	0	0.0971961	0.337378	0.343404	0.195406	0.492413	0.493007	0.259025	0.112842	0	0.0162427	0.472436	0.616487
ihec.chipseq.ihec-chipseq-containerv1.1.4.IHECRE00003695.3.08f241da-4ea3-4efd-8a07-63057f4f6ca8.fc.signal	0.0416342	0.183217	0.191999	0.194886	0.411344	0.479897	0.238593	0.0510254	0.30963	0.637249	0.780884	0.442388	0.0101052	0	0	0	0.106105	0.123428	0.230975	0.313974	0.198493	0.346824	0.473157	0.27164	0.0663702	0	0	0	0	0	0.16457	0.226644	0.177562	0.210766	0.10827	0.59589
ihec.chipseq.ihec-chipseq-containerv1.1.4.IHECRE00004608.1.7e686e4a-008d-44af-95b1-78718b51ae70.fc.signal	0.32767	0.833348	0.581983	0.287547	0.191125	0.330556	0.721863	0.385942	0.0592794	0.57101	0.471767	0.25397	0.166889	0.303047	0.161855	0.194571	0.318543	0.371134	1.01793	1.07435	1.16063	1.03744	0.631881	0.0665356	0.862792	0.235684	0.311691	0.204051	0.320877	0.588124	0.175907	0.256554	0.507944	0.411522	0.156327	0.389831
ihec.chipseq.ihec-chipseq-containerv1.1.4.IHECRE00003677.3.424bbc61-947c-4459-9db6-6a124654e2c1.fc.signal	0.76505	1.04721	0.245059	0	0.408494	0.751584	1.31012	1.82916	0.371351	0	0	0	0.166347	0.575693	0.755303	0.519657	1.01012	0.563641	0.342336	0.348203	0.411787	0.567723	0.201808	0	0.390442	0.390609	0.128239	0.221152	0.954436	0.341613	0.813586	1.89406	1.55964	0.0757561	0.22276	0.482192
ihec.chipseq.ihec-chipseq-containerv1.1.4.IHECRE00000709.3.a821fd7c-44ed-4d61-9142-fdff92927929.fc.signal	1.82172	1.10154	0.0821692	0.764035	0.602802	0.0791152	1.52768	0.907382	0.566355	0.0450373	0.687458	0.0678826	1.80177	1.08304	0.518343	0.272811	0	0.180038	2.19056	1.37219	0.240068	0.788423	0.701856	0.344441	1.83398	3.38259	1.44575	0.522985	0.62614	0.349751	0.365348	0	0.610415	0.136407	0	0.558824
ihec.chipseq.ihec-chipseq-containerv1.1.4.IHECRE00000315.2.77b077b9-b592-40fb-a148-e0b72142ceae.fc.signal	0.0796193	0.601726	0.602324	0.557213	0.282932	0.701924	1.53168	0.525676	0.800362	0.323692	0	0.241955	0.793868	1.85071	1.0965	0.483097	0.610227	0.689684	0.47674	0.16527	0.950302	0.377591	0.381559	1.07642	0.704174	0.11571	1.16959	2.38995	0.406817	1.68447	0.546661	0	0.505344	0.708753	0.100366	0.436975
ihec.chipseq.ihec-chipseq-containerv1.1.4.IHECRE00001852.4.7414bb41-cf54-40da-9950-d1fdfeffed2f.fc.signal	0.411679	0.623063	0.933249	1.17503	1.19709	0.83373	0.739505	0.972522	1.06709	1.14228	1.7187	1.28241	0.947627	1.40401	0.835563	0.843386	0.690459	0.960932	1.60898	1.16958	0.25665	0.369773	0.887676	0.266058	0.316926	0.707086	0.939456	0.734186	1.02454	1.37272	0.777962	0.616622	0.662434	0.814282	0.956029	0.817778
ihec.chipseq.ihec-chipseq-containerv1.1.4.IHECRE00001964.2.daf2ffe6-6c5e-4ab8-9f88-8a9b4df4d380.fc.signal	0.0503565	0	0	0.218006	0.149503	0	0	0	0.0311808	0.477489	0.166243	0.791406	0.799571	0.490176	0	0.541549	0.532581	0.141168	0.296631	0.84719	0.0375256	0.3556	0.0387695	0.138553	0.411515	0.22014	0.324066	0.731322	0.715356	0.241236	0.60229	0.888241	1.23859	0.816792	0.966605	0.471074
ihec.chipseq.ihec-chipseq-containerv1.1.4.IHECRE00000974.7.3ed58a0f-af1e-4c53-b5bc-87b47881334c.fc.signal	0.004289	0.939291	0	0.295941	0.175849	0.347409	0.124381	0.25734	0.21445	0.355987	0.115803	0	0	0.8578	0.506102	0.051468	0	0.253051	0.806244	2.29595	1.01531	3.14249	0.55328	0.337217	0.180946	1.23292	1.08919	0.734362	0.480368	1.29717	0.657066	2.42757	1.67699	0.579013	1.93004	0.532189
ihec.chipseq.ihec-chipseq-containerv1.1.4.IHECRE00002065.1.a94a6b89-542c-4e29-9116-4cbe6008554d.fc.signal	0.0402313	0.197059	0.0276647	0	0.149607	0.156036	0.416239	1.06287	1.29003	0.733101	0.24759	0.555095	0.435678	1.27139	0.876082	0.697571	0.862736	0.713171	1.01816	1.38107	0.465888	0.557594	0.085048	0.0762704	0.390263	0.251945	0.570786	1.1721	1.2635	1.00127	0.708152	0.805352	0.580871	0.731296	1.38854	0.460208
ihec.chipseq.ihec-chipseq-containerv1.1.4.IHECRE00003684.3.803d7f5d-192e-4b5b-9ea2-f9b8994e9342.fc.signal	0.215473	0	0	0.149812	0.313537	0.380168	0.32374	0.105427	0.514283	0.286733	0.49764	0.336687	0.43011	0.584584	0.119323	0.479114	0.969326	0.466157	0.146117	0.337971	0.281506	0.168236	0.177101	0.189681	0.197533	0.025257	0	0.0201991	0.218138	0.158138	0.11375	0.223795	0.0656608	0.0018496	0.13872	0.342105
ihec.chipseq.ihec-chipseq-containerv1.1.4.IHECRE00001952.2.53bb9a01-f358-4483-9142-27b2e32f31f6.fc.signal	0.566252	0.213734	0	0	0.0821918	0.261368	0.0321403	0.140263	0.528837	0.0666562	0.415319	1.29028	0.886693	0.728789	1.20314	1.239	0.769871	0.621398	0.0244755	0.178377	0.225158	0.228307	0.748359	0.177984	0.385202	0.511973	0.0208278	0.644392	1.59028	0.55205	1.01856	1.8132	2.10376	1.0579	2.28689	0.637097
ihec.chipseq.ihec-chipseq-containerv1.1.4.IHECRE00001954.2.792a7453-f3de-4e03-b55b-6ed6dc280947.fc.signal	0	0	0	0	0	0	0.347634	0.721554	0.550531	0.0747036	0.320691	0.522166	0.256523	0.55978	1.35571	1.79029	1.80959	0.94795	0.763047	0.611308	0.663811	0.97176	0.672831	0.13324	0.0342271	1.02047	1.07316	1.06362	1.35057	1.4608	2.04922	2.68182	2.65355	1.68313	1.89152	0.393333
ihec.chipseq.ihec-chipseq-containerv1.1.4.IHECRE00000992.7.c608e076-b4cb-49e5-bf4c-ab19d04cc659.fc.signal	0	0	0	0	0	0.128533	0.877096	0.149544	0	0	0.299475	0.060084	0.116162	0.631557	0.556784	1.02983	0.660929	0.284399	1.19439	1.47793	1.15359	2.02008	0.420674	1.34135	1.29219	1.57662	0.810765	0.881427	1.77495	1.15783	1.11984	0.476673	0.698317	1.02945	2.03971	0.533981
ihec.chipseq.ihec-chipseq-containerv1.1.4.IHECRE00001959.2.3d9a6d56-ebb1-415e-8176-bf018adf69bf.fc.signal	0	0.349768	0.14076	0	0	0	0.609962	0.460618	0.337249	0	0	0	0	0	0.281521	0.247397	1.33936	0.873815	0.494465	0.0407795	0	0.543621	1.35226	0.652147	0.0909296	0.296225	0.242184	0.161515	1.58273	0.931114	0.121385	0	0.0221859	0.836841	0.791356	0.455696
ihec.chipseq.ihec-chipseq-containerv1.1.4.IHECRE00000153.3.6094043f-929d-401f-90d7-3ed5b4b7258f.fc.signal	0	0.393064	0.267715	0.340957	0.577567	0.626881	0.461064	0.519979	0.446003	1.52486	1.05755	0	0	0	0.540673	0.178841	0	0	1.00272	1.32873	1.03784	1.30178	1.31489	0.829398	0.5805	0	0	0.574874	1.1097	1.09113	0.870759	0	0.0967516	1.39412	1.40616	0.22
ihec.chipseq.ihec-chipseq-containerv1.1.4.IHECRE00001050.8.5efb4e46-177f-4d3d-96a6-19f7c95acfd8.fc.signal	0.230351	0.0467726	0.385346	0.0450112	0.252543	0.212557	0.233192	0.157302	0.277493	0.0979099	0.430821	0.445391	0.109715	0.843953	1.85406	1.12254	1.55582	1.08034	1.34546	1.67556	0.712842	2.72924	0.34419	0.74461	0.967931	1.4154	1.18867	1.58451	1.03534	1.53894	1.17595	1.72466	1.39403	1.66274	5.06426	0.375
ihec.chipseq.ihec-chipseq-containerv1.1.4.IHECRE00003401.1.dfa9d4a9-0f86-41c6-822f-1f52d8db067a.fc.signal	0.031992	1.25831	0.210432	0	0.0972454	0.597744	1.26534	0.48008	0.063133	0.238034	0	1.41826	0.268803	0.875586	0	0	0.207904	1.11391	1.93998	0.624499	1.07488	0.373611	1.9544	1.81633	0.100293	0.892479	1.5578	0.851744	0.640943	1.47697	0	0	0	0.545579	0.164135	0.37594
ihec.chipseq.ihec-chipseq-containerv1.1.4.IHECRE00003694.3.a7c0537c-0a7d-415e-ae83-a8d9e779153a.fc.signal	0.0589577	0	0	0	0.002131	0.206707	0.2131	0.0284133	0	0.0312547	0.292657	0.407021	0.25501	0.222334	0.142777	0.0354147	0.202114	0.256128	0.127076	0.0721413	0.19335	0.197614	0.127383	0.167195	0.259784	0.377541	0.315377	0.100494	0.00644013	0.0772115	0.201573	0.231187	0.262113	0.210259	0.10655	0.526667
