	chr2:28638427-28638576	chr2:28638577-28638726	chr2:28638727-28638876	chr2:28638877-28639026	chr2:28639027-28639176	chr2:28639177-28639326	chr2:28639327-28639476	chr2:28639477-28639626	chr2:28639627-28639776	chr2:28639777-28639926	chr2:28639927-28640076	chr2:28640077-28640226	chr2:28640227-28640376	chr2:28640377-28640526	chr2:28640527-28640676	chr2:28640677-28640826	chr2:28640827-28640976	chr2:28640977-28641126	chr2:28641127-28641276	chr2:28641277-28641426	chr2:28641427-28641576	chr2:28641577-28641726	chr2:28641727-28641876	chr2:28641877-28642026	chr2:28642027-28642176	chr2:28642177-28642326	chr2:28642327-28642476	chr2:28642477-28642626	chr2:28642627-28642776	chr2:28642777-28642926	chr2:28642927-28643076	chr2:28643077-28643226	chr2:28643227-28643376	chr2:28643377-28643501	Expression
ihec.chipseq.ihec-chipseq-containerv1.1.4.IHECRE00001018.4.1f07a69f-5385-434d-9868-2041e2fec782.fc.signal	0.464897	0.498919	0.213553	0.873291	0.574902	1.18242	1.13101	0.83577	0.57998	1.47988	1.0525	0.574986	0.64826	0.570321	0.495559	0.336584	0.451255	0.500654	0.851814	0.947023	0.375721	0.528162	0.810898	1.08221	0.641951	0.534977	0.568224	0.650553	0.987103	0.669996	0.249048	0.470535	0.27957	0.501528	0.538897
ihec.chipseq.ihec-chipseq-containerv1.1.4.IHECRE00004647.3.43f1c761-68ab-4b08-9b03-abbbc17d64b6.fc.signal	0.408965	0.439487	0.306924	0.637055	0.357497	0.12052	0.292641	0.559446	0.607376	0.776934	0.700739	0.680931	0.599999	0.279191	0.404259	0.661043	0.705695	0.622741	0.49719	0.359753	0.241843	0.550005	0.542919	0.680416	0.472418	0.184061	0.296468	0.720614	0.667574	0.47723	0.478897	0.127367	0.334269	0.199888	0.866667
ihec.chipseq.ihec-chipseq-containerv1.1.4.IHECRE00004900.1.4a1ca7c4-2f79-45be-831a-730c86435275.fc.signal	0.100072	0.205671	0.599972	0.106508	0.477611	0	1.37812	0.885015	0.740389	0.472369	0	0.536717	0.646342	0	0.240142	1.12352	0.310784	1.15533	0.211898	0.429683	0	0.30417	0.778344	0.470526	0.679781	1.00687	0.51669	0.932496	0.0417051	0.766736	0.0859769	0	0	0	0.544503
ihec.chipseq.ihec-chipseq-containerv1.1.4.IHECRE00000248.2.b9dd63b5-faa8-49f6-89a1-d994c468eb04.fc.signal	0	0.337664	0.463526	0	0	0	0	0.518254	0.795163	0	0	0	0.12085	0.576369	0.209194	0.682772	0.698578	0.719337	0.26096	0.34177	0.521772	0	0	0.185955	0.199896	0	1.10404	1.41089	0.404036	0.123233	0.306963	0.491379	0.600704	0.411123	0.461538
ihec.chipseq.ihec-chipseq-containerv1.1.4.IHECRE00001246.1.335d5648-b9ca-4211-8bfb-0a3facdceb71.fc.signal	0.763721	0	0	0	0	0.236632	1.31686	0.389718	0	0	0.438789	0.629315	0.202074	0.681277	0.47343	0	0	0	0	0.480311	0.449229	0	0.176055	0.334657	0.565806	0	0	0	0	0	0	0	0	0	0.26817
ihec.chipseq.ihec-chipseq-containerv1.1.4.IHECRE00003835.4.871bc941-52a9-4d1e-aec3-c4c2ce7bd4c1.fc.signal	0.355906	0.0545509	0	0	0	0	0	0	0.0675833	0.736916	0.280632	0	0	0	0	0	0	0	0	0	0	0	0	0	0	0	0.12205	0.373931	0.0326224	0	0	0	0.155561	0.241514	0.270479
ihec.chipseq.ihec-chipseq-containerv1.1.4.IHECRE00001955.3.a0cc4058-35e9-4651-8cca-631ead3cc726.fc.signal	0.0799275	0.201569	0.0108205	0	0.224954	0.396752	0.238882	0	0	0	0	0	0.117326	0.0832235	0	0	0	0	0	0	0.00896873	0.22841	0.0358979	0	0.225435	0.485604	0.32868	0	0	0	0.154163	0.0973099	0.0484554	0	0.186992
ihec.chipseq.ihec-chipseq-containerv1.1.4.IHECRE00001235.5.aff67f26-7ea5-4004-b6c7-42e5d6d7c336.fc.signal	0.266315	0.0860115	0.0419616	0.865175	0.338854	0.413026	0.670558	0.605805	0.309894	0.449587	0.418433	0.160885	0.17503	0.147464	0.446674	1.10498	1.08078	1.09419	0.807951	0.473808	0.585713	0.474733	0.886761	0.797437	0.474719	0.182046	0.632214	0.7258	0.471204	0.525266	0.630322	0.526545	0.303662	0.218059	0.839744
ihec.chipseq.ihec-chipseq-containerv1.1.4.IHECRE00001306.1.2f01b19c-2e56-45af-86c9-ded8324ddd4a.fc.signal	1.17899	0.784552	0.737318	0.206415	0.380134	0	0.0194898	0.437667	0.523261	0	0.289862	0.432939	0.321533	0	0.19705	0.222092	0.508149	0.980463	0.799882	0.739149	0.177469	0	0	0	0.24015	0.311425	0	0	0.11857	0.470935	0.31314	0.399134	0.803068	0.548477	0.325301
ihec.chipseq.ihec-chipseq-containerv1.1.4.IHECRE00003833.4.09140551-847e-4455-880b-7ea02a3132da.fc.signal	0.388249	0.0625597	0	0	0.0612179	0.291235	0.366916	0.272	0.126647	0.121615	0.347104	0.521525	0.791169	0.204848	0.816599	0.652106	0.227105	0	0	0.303038	0.42677	0.253341	0.510937	0.0541334	0	0.0751046	0.140474	0	0.118623	0.224966	0.0743541	0.36664	0.526729	0.453792	0.0773196
ihec.chipseq.ihec-chipseq-containerv1.1.4.IHECRE00001508.1.ed370922-25ef-47f2-a418-4e72e927a2c1.fc.signal	0.885334	1.46238	1.32554	0.348803	0	0	1.1575	1.51011	0.551952	0.218479	1.14978	0.81255	0.205068	0	0	0	0	0	0	0	0	0.314306	0.597938	1.3376	0.927551	0.042163	0	0.170415	0.301353	0.008525	0.105392	0.612911	1.30132	0.754357	0.464646
ihec.chipseq.ihec-chipseq-containerv1.1.4.IHECRE00000346.2.45aa438b-a049-4760-931a-97ae21ce712b.fc.signal	0.415605	0.520725	0	0.308694	0.913221	0.96467	0.0643113	0	0	0	0.461134	0.475727	0.832644	0.446256	0.672869	1.18327	1.76843	0.424455	0	0	0	1.16939	1.34025	0.577328	1.9549	1.22189	0.135054	0	0	0.237952	0.887496	1.43166	0.503882	0	0.596491
ihec.chipseq.ihec-chipseq-containerv1.1.4.IHECRE00001908.1.b8e4fc89-a1f2-4c5d-ae40-28beee956889.fc.signal	0.0727517	0.0874372	0.108731	0.870548	0.175612	0.0591985	0.147284	0.0916139	0.0767766	0.198592	0.596582	0.384855	0.819063	0.244615	0.895939	0.506653	0.0064776	0.114187	0.223095	0.594572	0.646127	0.884901	0.43607	0.298985	0.421552	0.220158	0	0	0.19777	0.223828	0.406209	0.180434	0.173846	0	0.670391
ihec.chipseq.ihec-chipseq-containerv1.1.4.IHECRE00004603.3.4c655c7c-8a8a-4e2d-a610-f4e47cf57813.fc.signal	0.26375	0.155709	0	0	0.165813	0.328605	0.450013	0.385303	0.378061	0.425095	0.354529	0.339637	0.0484873	0.0145661	0.755025	0.969913	0.605453	0.277562	0.363826	0.0348892	0.175248	0.311309	0.321774	0.357752	0.353582	0.0317293	0.223569	0.22534	0.440619	0.58947	0.363113	0.388283	0.191104	0.558345	0.234286
ihec.chipseq.ihec-chipseq-containerv1.1.4.IHECRE00000070.3.cefb7c30-c246-45e3-a1c7-f28257f723dd.fc.signal	0	1.30281	0.748422	0	0.655624	0.122425	0.348621	0.831805	0	0	0	0	0	0	0.254687	0.748422	0	0.537755	0.48786	0.110877	0.83158	0.083158	0	0	0	0	0	0	0.688099	0.585574	0.686184	0.972673	0.251846	0	0.101836
ihec.chipseq.ihec-chipseq-containerv1.1.4.IHECRE00003848.5.70ecef92-a4d9-47d7-a9a6-d9def918e2ee.fc.signal	0	0	0	0	0	0	0	0	0	0	0	0.200555	0.483034	0.23969	0	0	0	0	0	0.0929088	0.476626	0.0831583	0	0	0	0	0	0	0	0	0	0.130073	0.488643	0.0813842	1
ihec.chipseq.ihec-chipseq-containerv1.1.4.IHECRE00001904.1.1726d2d4-326e-4dc2-912a-cee3015ea75f.fc.signal	0.685674	0.0151797	0.219197	0.349827	0.672483	0.586458	0.140657	0.358219	0.665191	0.408605	0.298991	0.799887	0.41179	0.132005	0	0	0	0	0.65731	0.0985304	0.198703	0.0521247	0.0032528	0.181289	0.200736	0.0502685	0.0396202	0.473813	0	0	0	0	0.377759	0.495675	0.626374
ihec.chipseq.ihec-chipseq-containerv1.1.4.IHECRE00000109.3.5ba43b20-6417-4623-a4bf-5087e9f8a951.fc.signal	0.302689	0.642841	0.399486	0.329517	0.311842	0.734401	0	0.236158	0.603986	0.743731	0.601594	0.69284	0.226453	0.40438	0.345071	0.148273	0	0.376519	0.0754819	0	0	0	0.240603	0.216981	0.207582	0.680637	0.455165	0.541869	0	0.264195	0.757539	0.434035	0.0700925	0.656713	0.923664
ihec.chipseq.ihec-chipseq-containerv1.1.4.IHECRE00000284.2.def26d64-d337-47e7-91c0-09e249ac5bc5.fc.signal	0.388203	0	0	0	0	0	0	0	0	0	0.125602	0.599841	0.401102	0.321469	0	0	0.268422	0.828164	0.646954	0	0.213016	0.893458	0.410181	0	0	0	0	0	0	0	0.419422	0.201253	0	0	0.738462
ihec.chipseq.ihec-chipseq-containerv1.1.4.IHECRE00003824.4.4dfd78e7-f48b-44fa-ae63-a8e81a422336.fc.signal	0.234578	0.220601	0.279172	0.0262678	0.0393599	0.317459	0.428164	0.203362	0.144599	0.290361	0.83182	0.639829	0.544034	0.248711	0.221279	0.567647	0.517724	0.800859	0.261415	0.0785336	0.322932	0.236353	0.344583	0.341546	0.334174	0.300558	0.633238	0.442569	0.19649	0.412913	0.538161	0.180145	0.406861	1.19839	0.243902
ihec.chipseq.ihec-chipseq-containerv1.1.4.IHECRE00004884.1.04b53f1e-ede2-4352-b282-8fd62b69ea23.fc.signal	0.259135	0.760678	0.281503	0.942177	1.13482	0.959116	0.107361	0.396772	0.976932	0.324034	0	0.693386	1.2572	0.0794681	0	0	0.00691027	0.654175	1.33451	1.28022	0.787663	1.20345	1.20416	2.12465	1.82027	1.55495	0.334819	0	0	0.156949	1.54327	1.41093	0.397663	0.388993	0.447115
ihec.chipseq.ihec-chipseq-containerv1.1.4.IHECRE00003830.4.182c98c8-4ca5-4dcd-abb2-f3a65447c98c.fc.signal	0	0	0	0	0	0	0.0144994	0.0846357	0.0153525	0.105992	0.0630899	0.187653	0.241869	0	0.0701144	0.299892	0.0575267	0	0.143399	0.179632	0.0085158	0	0	0	0.0310795	0.306511	0.21242	0.243171	0.252928	0.0859549	0	0.242599	0.242849	0	0.89313
ihec.chipseq.ihec-chipseq-containerv1.1.4.IHECRE00001958.3.f473421b-0068-43e9-8689-afd1d3e0454e.fc.signal	0	0	0	0	0	0.184191	0.0550361	0.185656	0.223037	0.174205	0.162558	0.149321	0.282353	0.174502	0.393358	0.554142	0.472425	0.285794	0.281448	0.346064	0	0	0	0.0375387	0.326257	0.0488003	0	0	0.180456	0.149594	0.145535	0.294127	0.12569	0.01717	0.194305
ihec.chipseq.ihec-chipseq-containerv1.1.4.IHECRE00001012.4.85be5809-5a62-4b0b-9ffb-29881f7da7c3.fc.signal	0.238637	0	0.0614393	0.481945	0	0.156572	0.399289	0.621696	0.790516	0.445586	0.685069	0.359075	0.503467	0.0101408	0.0298613	0.390935	0	0.414921	0.0973959	0.0949606	0.134942	0.532828	0.153294	0.377505	0.104148	0.688853	0.249498	0.383079	0.391418	0.377858	0.298844	0.121115	0.161696	0.068979	1
ihec.chipseq.ihec-chipseq-containerv1.1.4.IHECRE00000683.3.a2f7b6cc-6c13-4941-b36a-dba812715f5d.fc.signal	0	0	0.227076	0.780554	0.334203	0.00114727	0	0.158763	0.30247	0	0.322022	0.479512	0.110711	0	0	0	0.143926	0.640536	0.4078	0.609507	0.0498069	0	0	0	0.301485	0.320568	0.339416	0.160744	0.359227	0.151644	0	0.364536	0.526054	0.158538	0.496689
ihec.chipseq.ihec-chipseq-containerv1.1.4.IHECRE00000308.2.64266b95-cf55-4f6a-9387-408a26cf2907.fc.signal	0	0	0.0463992	0.57999	0.146931	0	0.328709	0.678737	0.0748032	0	0	0.285502	0.341867	0	0	0	0	0	0	0	0	0	0	0	0.229996	0.129159	0	0.393691	0.351861	0	0	0	0	0.514992	0.581069
ihec.chipseq.ihec-chipseq-containerv1.1.4.IHECRE00000223.3.e1dc7d2c-ad1c-431d-b26b-8d6d2c33cf69.fc.signal	0.733697	0.411101	0.323698	0.415651	0.255978	0.229788	0.345574	0.355842	0.270554	0.205528	0.317913	0.437496	0.297908	0.202484	0.254105	0.213499	0.123472	0.206704	0.525155	0.819944	0.818265	0.746923	0.990035	1.39429	0.916896	0.309644	0.250289	0.467339	0.352636	0.306045	0.32869	0.170954	0.0694465	0	0.258621
ihec.chipseq.ihec-chipseq-containerv1.1.4.IHECRE00004905.1.bf2d6a22-ba05-47b2-a70c-a64ea707030d.fc.signal	0.352675	0.167582	0.897585	0.281068	0	0	0.305246	2.35823	2.14874	0.574566	2.03503	2.94958	0.316906	0.0903173	0.765236	0.795179	0.184261	0	0	0	0	0	0	0.505846	0.613622	0.666251	1.96143	0.915793	0.511086	1.14438	1.49345	0.647787	0.249839	0	0.604938
ihec.chipseq.ihec-chipseq-containerv1.1.4.IHECRE00003847.4.634ae276-c9fe-4e24-9f62-06eb5bf694ac.fc.signal	0.285152	0.407938	0.156937	0.318093	0.16032	0.418587	0.662565	0.00215107	0	0	0	0	0	0	0	0.238688	0.199764	0	0	0.0408031	0.295262	0.324297	0.668053	0.691773	0.855716	1.11004	0.79077	0.701117	0.349301	0.0673131	0	0.0196099	0.374611	0.418081	0.351351
ihec.chipseq.ihec-chipseq-containerv1.1.4.IHECRE00001907.1.8f8990bc-bdfc-474d-b52f-20c0591d22d2.fc.signal	0	0.0558337	0.22172	0.146149	0.402518	0.238811	0.358103	0.24563	0.19947	0.168135	0.0721788	0.259674	0.370671	0.0658173	0.704814	0.368541	0.239391	0.624621	0.00117307	0.371758	0.271114	0.185381	0.543585	0.560789	0.48186	0.0300918	0.25932	0.662225	0.525975	0.554601	0.470775	0.179851	0.204902	0.135112	0.655172
ihec.chipseq.ihec-chipseq-containerv1.1.4.IHECRE00001935.1.91e9ef78-52b0-44be-b463-2c4d06233b83.fc.signal	0.294543	0.10193	0.124757	0.395916	0.479857	0.211507	0.307438	0.411064	0.0078756	0.184948	0.223565	0	0.146155	0.182546	0.441282	0.317518	0.564494	0.377519	0	0	0	0.124291	0.410721	0.435489	0.00727767	0.0846833	0.264182	0	0.23295	0.49009	0.44417	0.119619	0.543576	0.312236	0.553571
ihec.chipseq.ihec-chipseq-containerv1.1.4.IHECRE00000866.3.0bf1ced9-73d3-4bb4-80e8-08f993f2b136.fc.signal	0	0	0	0	0	0.285044	0.862085	0.0179852	0	0	0	0	0	0	0	0	0	0	0	0	0	0	0	0	0	0	0	0	0	0.303396	1.00797	0.0370773	0	0	0.545455
ihec.chipseq.ihec-chipseq-containerv1.1.4.IHECRE00000221.3.ee2442de-4362-4f9f-9331-9ed79b0e0f3c.fc.signal	0.203921	0.362724	0.507935	0.233767	0	0	0.305176	0.186382	0.140909	0	0.752202	0.89972	1.25852	0.331293	0.437071	0.448379	0.0775231	0.477855	0.308842	0.340668	0.176108	0.0800638	0.403358	0.363047	0.486704	0.486978	0.212145	0.60418	0.350363	0.420156	0.155542	0.177889	0.215861	0.204136	0.568493
ihec.chipseq.ihec-chipseq-containerv1.1.4.IHECRE00000774.3.01056fa5-2189-424c-aa80-7250e2ec9dc9.fc.signal	0.775278	0	0	1.00169	0.130356	0	0	0	0	0	0	0	0	0	0	0.761556	0.370487	0	0	0	0	0	0	0	0	0	0	0	0	0	0	0	0	0.0523949	0.432432
ihec.chipseq.ihec-chipseq-containerv1.1.4.IHECRE00003837.4.7a6d8040-3df1-443f-8bf8-8f3e00d9a3bc.fc.signal	0.249635	0.343148	0.00231167	0	0.0360432	0.575615	0.821283	0.649542	0.424873	0.305921	0.530319	0.438447	0.57169	0.385063	0.253717	0	0	0.0142442	0.335109	0.387921	0.254763	0.406033	0.429804	0.274003	0.814903	0.448063	0.12109	0.341099	0.0297348	0.0784553	0.173697	0.0487381	0.0483138	0.279773	0.315657
ihec.chipseq.ihec-chipseq-containerv1.1.4.IHECRE00001249.1.5455a6d7-2c10-4e8c-be6d-9d33be9436db.fc.signal	0	0.336037	0.193618	0	0	0.290927	0.511647	0.193382	0	0	0.0876105	0.566415	0.466827	0	0.180537	0.345196	0	0	0	0	0	0	0	0.0198972	0.484453	0.322204	0.367032	0.0696536	0.465752	0.0405973	0	0	0	0	0.659686
ihec.chipseq.ihec-chipseq-containerv1.1.4.IHECRE00000949.6.e8717b6c-436c-4750-b776-17ab8ac934dd.fc.signal	2.40071	2.1867	0.398848	0.748223	0.493054	0.54935	1.09551	1.55142	1.92809	0.60279	0.312866	1.3327	2.71328	0.312408	0.539697	1.41082	0.23468	0.319795	0.756236	1.26965	0.351348	0	0	0	0.341958	0.819078	0.692948	2.54988	1.11089	0.510969	2.65237	2.09454	1.46169	1.01533	0.930528
ihec.chipseq.ihec-chipseq-containerv1.1.4.IHECRE00001326.1.37115afe-1066-4486-a16d-45ed3b145950.fc.signal	0.0179551	0	0	0.188577	1.05531	0.309994	0	0	0.340852	0.183689	0.144639	1.25683	0.305909	0.694799	0.282089	0.479752	0.416923	0.136801	0.300877	1.26974	0.479985	0.27075	0.49068	1.4415	1.03185	0.775133	0.22515	0.505904	0.281616	0	0.919026	0.357222	0	0	0.381818
ihec.chipseq.ihec-chipseq-containerv1.1.4.IHECRE00000309.2.1ecfdd78-dca4-401e-9671-fb9ba4da2a16.fc.signal	0.458357	1.25419	0.487724	0.0660024	0.436298	0.0677613	1.0553	1.93364	1.22908	0.231008	0	0.37768	0.880116	0.876448	0.575694	0.894787	0.821445	1.57686	1.33117	1.33486	0.795758	0.964465	1.56586	1.01947	0.839771	0.8251	1.11851	0.337366	0.495018	0.28601	1.81522	3.4764	2.33537	1.04986	0.512953
ihec.chipseq.ihec-chipseq-containerv1.1.4.IHECRE00000310.2.2951f7df-e391-4171-b97b-48cca4ab57a3.fc.signal	0.216675	0.82552	0.102213	0.16684	0.384376	0.379018	0.541061	0.150487	0.265466	1.28495	0.431506	0.2046	0.855797	1.27536	1.20531	1.40456	1.23303	0.960874	0.799824	0.325529	0.573258	1.07175	1.69882	1.27104	0.653103	1.35994	0.634644	0.418275	0.540338	1.75462	2.30154	0.950714	0.409062	1.70026	0.367347
ihec.chipseq.ihec-chipseq-containerv1.1.4.IHECRE00001518.1.c0114e44-f35c-4bde-b391-57c1b9685756.fc.signal	0.318892	0.278645	0.297021	0.471556	0	0	0.302132	0.586288	0.129486	0.300297	0	0.126146	0.372797	0.0205323	0	0	0.145121	0.380922	0	0	0	0	0	0	0	0.696724	0.670053	0	0	0.360463	0.399379	0.647784	0.0347787	0.359574	0.351064
ihec.chipseq.ihec-chipseq-containerv1.1.4.IHECRE00003843.4.0955c465-0a29-4812-9c6e-d756f9a18b54.fc.signal	0	0	0	0	0.0457289	0.258626	0.130695	0.172035	0.253739	0.111263	0.414559	0.240382	0.300394	0.290606	0.51556	0.878832	0.496891	0.024076	0	0	0	0	0	0.0239736	0.391366	0.4511	0.216507	0.154601	0.305015	0.0257698	0.103285	0.200438	0.0549518	0	0.283951
ihec.chipseq.ihec-chipseq-containerv1.1.4.IHECRE00000316.2.38701a2e-e775-4ba3-a57a-dbfc96545055.fc.signal	0.20426	0.744156	0.22786	0.80629	0.161258	0	0.376269	1.37059	0.348229	0	0	0	0.311174	0.695547	0.232861	0	0	0	0.752537	1.54796	0.886845	0.80629	0.332724	2.3612	2.01018	1.28994	0.15318	0.738674	1.08571	1.53722	1.39209	0.196415	0	0.364065	0.437209
ihec.chipseq.ihec-chipseq-containerv1.1.4.IHECRE00001233.5.3fd172f1-2dff-4354-a3a1-c7faa70478b7.fc.signal	0.372081	0.38549	0	0.0496522	0.195424	0.148613	0.272011	0.0780215	0.162099	0.464442	0.445319	0.15529	0.0420587	0.225186	0.585254	0.942598	0.334201	0.310606	0.67927	0.627157	0.335756	0.41843	0.459473	0.850365	0.616879	0.284796	0.338269	0.281301	0.164705	0.437035	0.264376	0.485732	0.404738	0.504866	0.841402
ihec.chipseq.ihec-chipseq-containerv1.1.4.IHECRE00003806.1.52efbfdb-5e8a-4fc8-aa16-3be398d8b82d.fc.signal	0.444967	0.46656	0.174072	0.612253	0.110433	0.621736	0.62868	0.214855	0.110706	0.0949159	0	0	0.13093	0.0981915	0.156079	0.431176	0.49403	0.239648	0.135748	0.312509	0.375377	0.157387	0.226093	0.0692505	0.490705	0.273857	0.155416	0.284881	0.142108	0.149714	0	0	0.0889787	0.0272547	0.406015
ihec.chipseq.ihec-chipseq-containerv1.1.4.IHECRE00000353.2.dd51356f-ebe6-460e-8074-594ddc32311a.fc.signal	0	0	0	0	0	0	0	0.287252	0.750098	0.816582	0	0.659392	0.346165	0	0	0	0	0	1.00415	0.170918	0	0	0.606966	0.168391	0	0	0	0	0	0.0209507	0.860217	0.0620422	1.34955	2.88862	0.678984
ihec.chipseq.ihec-chipseq-containerv1.1.4.IHECRE00000317.2.c81d47a7-65a6-4ce3-b453-52a119e5ceec.fc.signal	0	0	0	0	0	0	0	0.238491	0.241971	0	0	0	0	0	0.143339	0.224845	0	0	0.195936	0.24278	0.429611	0.616954	0.191281	0.336384	0.166587	0.838286	0.988611	0.610857	0.0132499	0	0	0	0	0	0.818605
ihec.chipseq.ihec-chipseq-containerv1.1.4.IHECRE00003846.4.2cf78cce-4147-4b4e-9fec-f7eecb7960a2.fc.signal	0	0	0	0	0	0.295252	0.0354059	0	0.0194588	0.382671	0.0848111	0.47258	0.655255	0.444207	0.41733	0.415118	0.265399	0.040377	0	0.186243	0.146276	0.297097	0.383641	0.0939176	0	0	0	0.107526	0.204029	0.0333122	0	0	0	0	0.494186
ihec.chipseq.ihec-chipseq-containerv1.1.4.IHECRE00001903.1.7f8e529d-cf30-4d19-82b7-6287d94d8e26.fc.signal	0	0	0	0.126097	0.384681	0.582448	0.642645	0.725691	0.354236	0.310296	0.526241	0.918449	0	0.897443	0.454051	0.0997959	0.728883	0.501314	0	0.366999	0.177389	0.332398	0.287101	0	0.147475	0.996552	0.434606	0	0.119042	0.797552	0.366709	0.153297	0	0.259065	0.41573
ihec.chipseq.ihec-chipseq-containerv1.1.4.IHECRE00000718.3.aa15ac7e-15a0-48e8-acc8-ec3bdca62dd4.fc.signal	0.397987	0.289069	0	0	0	0	0	0	0	0	0	0.548488	0.140287	0	0	0.0408107	0.589312	0.0586653	0.533201	0.155604	0	0	0	0	0	0	0	0	0	0	0	0	0	0	0.558252
ihec.chipseq.ihec-chipseq-containerv1.1.4.IHECRE00000301.2.54bef39c-00f9-4673-9ac6-2ee229fb98cf.fc.signal	1.35971	0.163007	0.689798	0.0355936	0	0	0	0.201465	0.657461	0.412299	0	0.416807	0.630153	0	0	0	0.804455	0.959687	0	0	0.293432	0.809019	0.527399	3.04059	0.559173	0.342702	0.869779	0.856031	0.834188	0.394914	0	0	0.463472	0.582658	0.803226
ihec.chipseq.ihec-chipseq-containerv1.1.4.IHECRE00000124.3.f00ae881-3750-417b-9d2b-4bb1803de1d7.fc.signal	0.820975	0.344944	0	0	0	0	0.593237	0.0819477	0	0.229509	0.494769	0.258719	0.38306	0.543005	1.22846	0.780631	0.0361099	0.0663641	0.240357	0	0.695569	0.736446	0.578542	0.73632	0.0543209	0	0	0.343309	0.232158	0	0.417325	0.613311	0.606811	0.686899	0.918919
ihec.chipseq.ihec-chipseq-containerv1.1.4.IHECRE00001936.1.560a707c-11f9-456f-9667-23fa8be1b9b6.fc.signal	0.513559	0.257603	0.369817	0.222847	0.197915	0.0221655	0.455977	0.224791	0.477054	0.428225	0.319923	0.213944	0.318379	0.543034	0.761521	0.540119	0.247413	0.328233	0.200301	0.659267	0.212701	0.112735	0.285136	0.482975	0.492362	0.203137	0.0232841	0.273283	0.231988	0.38979	0.952927	0.368297	0.0015024	0.22935	1
ihec.chipseq.ihec-chipseq-containerv1.1.4.IHECRE00001482.1.9755e0ba-37a3-43a9-ac73-183469af6d57.fc.signal	0	0	0	0	0	0.15572	0.402784	0.432441	0.0513054	0	0	0.16326	0.392789	1.24222	0.469484	1.0985	0.517494	0.529836	0.569476	0.284805	0.389661	0	0.0782873	0.582329	0.492586	0.0478089	0.177563	0.132955	0	0	0.252255	0.367887	0.0156464	0	0.347032
ihec.chipseq.ihec-chipseq-containerv1.1.4.IHECRE00000060.3.859b49cb-ac61-48c4-a1ad-a49ca139de17.fc.signal	0.135062	0.343262	0.0951576	0.151153	0.756979	0.278221	0	0	0	0.450677	0.803309	0.0391633	0.250907	0.280964	0.665384	0.777577	0.702976	0.349629	1.53892	0.662351	0	0	0	0	0	0	0.430951	0.667739	0.137221	0.353596	0.42024	0.500289	0.278498	0.0270125	0.650307
ihec.chipseq.ihec-chipseq-containerv1.1.4.IHECRE00000265.2.49ad535a-ae59-4a9d-903e-0b4b436d2583.fc.signal	0	0.146241	0.75642	0.0302568	0	0	0	0	0	0	0	0.564794	1.30104	0	0.509323	2.00703	0.282397	0	0.196669	0.736249	0	0.892576	1.09429	1.18615	0.529494	0	0	0	0.660607	1.20523	0	0.941707	0.812686	0.497281	0.535484
ihec.chipseq.ihec-chipseq-containerv1.1.4.IHECRE00003829.4.86c5f202-7b84-42f8-b6ed-71aa22b2e0fd.fc.signal	0	0	0	0	0	0	0	0	0	0	0.0128523	0.13507	0.0747805	0	0	0	0	0	0	0	0	0	0	0	0	0	0	0	0	0	0.139591	0.199579	0.00195053	0	1
ihec.chipseq.ihec-chipseq-containerv1.1.4.IHECRE00001471.1.1a15235c-2fe4-4569-a5a6-ed62c1765abd.fc.signal	0.148124	0.421552	0.460666	0.137145	0	0.230485	0.272063	0.283152	1.22118	1.24499	0.52748	0.156096	1.19116	0.353011	0.707874	0.430615	0	0	0	0	0	0.444292	0.0922108	0.344957	0.223057	0	1.10869	1.14206	1.65275	0.781374	0	0.349182	0.0745649	0.550305	0.542453
ihec.chipseq.ihec-chipseq-containerv1.1.4.IHECRE00003690.3.dc1d2dc3-279f-44dc-a6f1-0d5154726fd5.fc.signal	0.267934	0.190509	0.516224	0.831826	0.824456	1.35509	1.79015	0.953869	0.598001	0.278404	0.215334	0.22473	0.374329	0.625814	0.416811	0.0916778	0	0.0080536	0.328047	0.587637	0.287164	0.126596	0.152574	0.163608	0.199826	0.264245	0.285089	0.725163	1.16862	0.968674	1.02703	0.849282	1.06125	1.20442	0.917241
ihec.chipseq.ihec-chipseq-containerv1.1.4.IHECRE00004635.3.e09563f2-ad32-412b-91d3-8f5c1229dde6.fc.signal	0.684073	0.256219	0.242562	0.3881	0.760958	0.939065	1.34847	0.963326	0.847609	0.335576	0.350327	0.219502	0.383942	1.14741	0.94282	0.67086	0.340972	0.0318795	0.436512	0.356194	0.252264	0.323989	0.676324	0.428657	0.856595	0.878774	0.597398	0.846894	0.760958	0.293846	0.137221	0.202366	0.149373	0.681238	0.124138
ihec.chipseq.ihec-chipseq-containerv1.1.4.IHECRE00000260.2.5f5eb12c-0369-497c-bc47-61446f48fe2b.fc.signal	0.7311	1.11603	0.280395	0.469329	1.03859	0.0488471	0.38122	0.328708	0.32616	0.0723388	0.387712	0.0949237	0.451786	0.39484	0.404276	0.315201	0.334002	0	0	0	0.403533	0.611815	0.371855	0.194978	0	0.0489539	0.384929	0.342758	0.325775	0	0	0	0.127671	0.819241	0.589286
ihec.chipseq.ihec-chipseq-containerv1.1.4.IHECRE00003683.3.337d4e8a-e984-41f8-aa57-60f7eb5f2a93.fc.signal	0.418839	0.231824	0	0	0	0	0	0	0	0	0	0	0	0	0	0	0	0	0	0	0.216233	0.210551	0	0	0	0	0	0.0593803	0.405608	0.693336	0.184876	0	0	0	0.8
ihec.chipseq.ihec-chipseq-containerv1.1.4.IHECRE00003838.5.82ddd4cf-3b63-4f67-947e-b3f54aa3c13f.fc.signal	0.199007	0.262906	0.0116957	0.126325	0.0704551	0.122047	0.0132116	0.184787	0.200732	0	0	0	0	0.0223539	0.236241	0.123664	0	0	0.0340536	0.20919	0.268674	0.101324	0.245772	0.0997561	0.0457064	0.114367	0.105392	0.0795272	0.226953	0.0413037	0.0693625	0.24989	0.0200256	0	0.302521
ihec.chipseq.ihec-chipseq-containerv1.1.4.IHECRE00000159.3.8d945f17-d936-49bb-87b9-64236028f157.fc.signal	1.26652	0.261007	0.316631	0.453553	0.192546	0.577638	0	0.333746	0.436438	0.350862	0.324698	0	0.54967	2.23766	0.17971	0	0	0	0.162594	0.60759	0	0	0.952938	0.586196	0	0	0.45874	1.5813	0.124837	0.253722	0.50169	0.35514	0.412576	0.311648	0.681159
ihec.chipseq.ihec-chipseq-containerv1.1.4.IHECRE00003685.2.e68f52c1-41a1-4e05-8c93-7ca09c5fb4fe.fc.signal	0.767997	0.665751	0.260726	0.582166	0.624521	0.302773	0.295572	0.198013	0.0941385	0.0904087	0.155065	0.160889	0.264168	0.459773	0.746323	0.532591	0.116262	0.0991645	0.25646	0.12823	0	0	0.0918097	0.482832	0.567399	0.126112	0	0	0.0673799	0.784693	0.75889	0.269136	0.231414	0.0968169	0.755102
ihec.chipseq.ihec-chipseq-containerv1.1.4.IHECRE00000828.1.aa54d00c-3307-444e-b6a2-8d8127554fe8.fc.signal	0	0	0.135552	0.437974	0.404346	0.0975729	0	0.0618368	0.383903	0.146862	0	0	0	0	0	0.193181	0.399239	0	0	0	0	0	0	0	0	0	0	0	0	0.0695664	0.59505	0.466303	0.0541072	0	0.48062
ihec.chipseq.ihec-chipseq-containerv1.1.4.IHECRE00000095.3.3b9c0758-a507-4ba6-8b40-525446c44f5c.fc.signal	0.0078868	0.0146841	0.471304	0.421843	0.284744	0.178767	0	0	0.210315	0.52533	0.571462	1.69806	0.370642	0.236415	0.322665	0.484795	0.368108	0.548804	0	0	0	0.342472	0.101916	0.0272705	0.233551	0.212574	0.114369	0	0	0	0	0	0.0762391	0.39434	0.651042
ihec.chipseq.ihec-chipseq-containerv1.1.4.IHECRE00000004.3.d4ddb155-135f-4f63-b728-20a003fec429.fc.signal	1.59034	0.698376	0.681657	0.725983	1.07513	0.723203	0.319923	0	0	0	0.176165	0.650281	0.403144	0	0	0	0.127296	0.776973	1.28627	0.443364	0	0.00877907	1.12651	0.337589	0	0	0	0	0.877965	0.678129	0	0	0	0.41086	0.918367
ihec.chipseq.ihec-chipseq-containerv1.1.4.IHECRE00004606.2.9b49aaf7-72bf-4817-8334-370db5ccd844.fc.signal	0.13567	0.12042	0.0603477	0.439021	0	0.437664	0	0.122121	0.68223	0.704669	0.698212	0.852378	0.471271	0.18406	0.508654	0.383874	0.521081	0.389386	0.0897053	0	0	0.272958	0.603878	0.684143	0.119198	0.0432078	0.223494	0.404671	0.2347	0.166008	0.898851	0.606704	1.23253	0.409619	0.392344
ihec.chipseq.ihec-chipseq-containerv1.1.4.IHECRE00000256.2.79549a9e-789a-46a9-a458-4a2c1259c94e.fc.signal	0	0	0	0	0.292147	0.448133	0	0	0.164564	0.442108	0.0352483	0.533498	0.151734	0	0	0	0	0	0	0	0	0	0	0	0	0	0	0	0	0.407827	0.34048	0	0	0	0.75
ihec.chipseq.ihec-chipseq-containerv1.1.4.IHECRE00000267.2.3acbc00a-f227-403a-a48f-1ca09290ab1f.fc.signal	0.190107	0	0.193593	0.462125	0.699478	0.612036	0	0	0	0	0	1.05148	0.203779	0.377536	0.271081	0	0.379301	0.250564	0	0.634496	0	0.0186916	0.636018	0	0.21613	0.595535	0.477532	0.016633	0.578635	1.04175	0.252252	0	0	0	0.485849
ihec.chipseq.ihec-chipseq-containerv1.1.4.IHECRE00001004.4.e0369074-ee52-41ac-b225-ea681cb464a2.fc.signal	0.107912	0.251072	0.29164	0.771222	0.286005	0	0.381515	0.571406	0.223135	0.807287	0.714492	0.672849	0.351105	0.056629	0.121929	0.100092	0.107585	0.164537	0.252241	0.442646	0.558728	0.259806	0.575388	1.32643	0.424606	0.131622	0.213686	0.0640226	0.182904	0.654204	0.417686	0.243205	0.248776	0.413612	0.461538
ihec.chipseq.ihec-chipseq-containerv1.1.4.IHECRE00003816.1.9e6f4d67-87ca-49b7-b858-47c6e7245820.fc.signal	0.483148	0.434838	0.258914	0.460734	0.280256	0.308954	0.261571	0.193961	0.122223	0.16282	0.209526	0.355492	0.0625417	0.0240379	0.246362	0.221887	0	0.209932	0.418077	0.00993267	0	0.474043	0.198856	0.457752	0.487511	0.0838403	0	0.357133	0.312614	0.190533	0.49316	0.330539	0.344316	0.302617	0.823944
ihec.chipseq.ihec-chipseq-containerv1.1.4.IHECRE00001906.1.ab339ba6-8e79-4160-a042-90f773410cae.fc.signal	0.123892	0.155333	0.277781	0.632031	0.133523	0.461611	0.48458	0.13707	0.0569687	0.102524	0.164225	0.0924085	0.388038	0.377637	0.135559	0.151058	0.16242	0.375677	0.82462	0.564107	0.136068	0.155901	0.328543	0.720137	0.304438	0.0057794	0.262125	0.162008	0.0783513	0.203033	0.565853	0.509832	0.240906	0.370462	0.718447
ihec.chipseq.ihec-chipseq-containerv1.1.4.IHECRE00001905.1.1eb5c9a6-e661-4c11-8e25-f4766fa2f43d.fc.signal	0	0	0.0904231	0.376577	0.262459	0.0917743	0	0.142485	0.516775	0.172127	0.124714	0	0	0	0	0	0	0	0	0	0	0	0	0	0	0	0	0	0.0409027	0.154345	0.172026	0.0189453	0.659228	0.354847	0.28125
ihec.chipseq.ihec-chipseq-containerv1.1.4.IHECRE00004616.1.e6e5588b-fe96-4b91-9008-3b9e9024c855.fc.signal	0.764646	0.500264	0.0424605	0.274258	0.784737	0.345687	0.298075	0.213645	0.0618212	0.258735	0.444682	0.425308	0.47853	0.82841	0.594745	0.193583	0.376499	0.57218	0.152553	0.186	0.373645	0.224107	0.398217	0.764488	0.502021	0.547435	0.489615	0.601181	0.166991	0.243191	0.175819	0.0965334	0.416452	0.266622	0.817143
ihec.chipseq.ihec-chipseq-containerv1.1.4.IHECRE00000330.2.6b3a15db-45f7-4c78-af1d-ba6d658e4b18.fc.signal	0.90585	0.166162	0	0	0.466326	0.176882	0.523422	0.184701	0	0.352105	0.504713	0.621603	0.803553	0.437962	1.06565	0.588279	0	0.53818	0.510466	0.285173	0.40923	0.254054	0.183273	0.228221	0.435827	0.258324	0.187284	0.265267	0.347059	0.521206	0.530245	0.573326	0.339031	0	0.485106
ihec.chipseq.ihec-chipseq-containerv1.1.4.IHECRE00001852.4.7414bb41-cf54-40da-9950-d1fdfeffed2f.fc.signal	0.647964	0.562622	0.39789	0.372325	0.971542	0.702537	0.322638	0.619708	0.501546	0.436672	0.180278	0.231176	0.280311	0.806558	0.527478	0.569366	0.287355	0.48571	0.145397	0.166469	0.231792	0.173844	0.768103	0.868182	1.13595	0.752315	0.387725	0.207559	0.104952	0.539777	0.546461	0.271022	0.46222	0.724666	0.517874
ihec.chipseq.ihec-chipseq-containerv1.1.4.IHECRE00000121.3.18840011-517b-4a58-bd65-f86bd389148f.fc.signal	0.502179	0.720331	0.456075	0.531528	0.714382	0.619698	0.197215	0.398724	0.723485	0.347316	0.763965	0.0998761	0.207012	0.158013	0.253217	1.02067	0.502168	0.86985	0.69945	0.404937	0	0	0.215908	0.92905	0.267626	0.166013	1.12785	0.974706	0.563079	0.449687	1.37301	1.27105	0.853764	0.295397	0.839416
ihec.chipseq.ihec-chipseq-containerv1.1.4.IHECRE00000974.7.3ed58a0f-af1e-4c53-b5bc-87b47881334c.fc.signal	2.96684	0.827894	0.437695	0.735634	0.351666	0.181411	0.928461	1.28831	0.127708	1.05684	1.00452	1.06111	0.691379	0.0782201	1.22255	1.65572	2.26575	1.05643	2.5339	0.696907	0.811351	0.719799	1.03412	1.28348	0.450007	2.32607	1.9235	1.79082	1.29319	2.11781	2.03274	1.67541	0.739479	1.36109	0.215859
ihec.chipseq.ihec-chipseq-containerv1.1.4.IHECRE00001952.2.53bb9a01-f358-4483-9142-27b2e32f31f6.fc.signal	0.394918	0.0903697	0	0	0	0.115595	0.302521	0.239609	0.148618	0	0	0	0	0	0	0	0	0	0	0	0	0	0	0	0	0	0	0.252032	0.119518	0.349477	0.0934533	0.0387667	0.212495	0.156946	0.224806
ihec.chipseq.ihec-chipseq-containerv1.1.4.IHECRE00001954.2.792a7453-f3de-4e03-b55b-6ed6dc280947.fc.signal	0	0	0	0.0833355	0.255321	0.256585	0.104169	0	0	0	0	0	0	0.0159328	0.235483	0.111795	0.21448	0	0.187505	0.169647	0	0.225076	0.229173	0.248792	0	0	0.120416	0.446303	0.453885	0	0	0.154625	0.25515	0.0943402	0.15625
