	chr16:28493589-28493738	chr16:28493739-28493888	chr16:28493889-28494038	chr16:28494039-28494188	chr16:28494189-28494338	chr16:28494339-28494488	chr16:28494489-28494638	chr16:28494639-28494788	chr16:28494789-28494938	chr16:28494939-28495088	chr16:28495089-28495238	chr16:28495239-28495388	chr16:28495389-28495538	chr16:28495539-28495688	chr16:28495689-28495838	chr16:28495839-28495988	chr16:28495989-28496138	chr16:28496139-28496288	chr16:28496289-28496438	chr16:28496439-28496588	chr16:28496589-28496738	chr16:28496739-28496888	chr16:28496889-28497038	chr16:28497039-28497188	chr16:28497189-28497338	chr16:28497339-28497488	chr16:28497489-28497638	chr16:28497639-28497788	chr16:28497789-28497938	chr16:28497939-28498088	chr16:28498089-28498238	chr16:28498239-28498388	chr16:28498389-28498538	chr16:28498539-28498617	Expression
ihec.chipseq.ihec-chipseq-containerv1.1.4.IHECRE00001957.2.d45c4556-52ef-4ca9-a134-983b6abd1f9a.fc.signal	0	0.0828546	0.263949	0	0.16052	0.150351	0.0764469	0.271975	0.0044104	0	0.261684	0.0911483	0	0	0	0	0	0	0.158318	0.194058	0	0.0499845	0.532271	0.629361	0.199938	0	0	0	0	0.0643819	0.288146	0	0.0205819	0.22052	1
ihec.chipseq.ihec-chipseq-containerv1.1.4.IHECRE00000016.3.9c54dc88-50cd-4207-80de-15a482501404.fc.signal	0	0	0	0	0	0.281134	0.506892	0	0	0	0.26247	0.349259	0	0	0	0	0	0	0	0.166123	1.27787	0.132047	0.112888	0.453081	0.016798	0	0	0	0	0.455777	0.329969	0	0.801635	1.1242	0.328205
ihec.chipseq.ihec-chipseq-containerv1.1.4.IHECRE00004643.3.642afba0-6390-4d20-9062-25a6e2cb3e9d.fc.signal	0.311449	0	0.0392561	0.282254	0.338374	0.691852	0.219788	0.185675	0.306809	0.225148	0.426028	0.6487	0.191753	0.189854	0.315494	0.629827	0.348841	0.471382	0.724066	0.50637	0.262869	0.359672	0.413249	0.531526	0.104467	0.534536	0.820314	0.602532	1.19851	0.903556	0.187321	0.0294873	0.670617	0.912832	0.878788
ihec.chipseq.ihec-chipseq-containerv1.1.4.IHECRE00000152.3.44e2eb71-a355-4ddb-907d-128d4b46c83d.fc.signal	0.101091	0.014528	0.476703	0.796407	0.55477	0.349523	0.621206	0.0235668	0	0.31897	0.741829	0.378673	0.152454	0.140667	0.169182	0.228682	0.48837	0.613718	0.758725	1.17322	0.746914	0.385971	0.609894	1.14113	2.18788	0.80209	0	0.113197	0.719398	1.28463	1.16444	0.46156	1.27513	2.08774	0
ihec.chipseq.ihec-chipseq-containerv1.1.4.IHECRE00001546.1.37e46e69-fcc7-4b78-84e3-84d20f000766.fc.signal	0	0.628997	0.16802	0	0	0	0	0	0	0	0	0	0	0.390036	0.389816	0	0	0	0	0	0	0.177957	0.583898	0	0.454762	0.891317	0	0.977967	0.612664	0	0.404971	0.392046	0	0	0.435809
ihec.chipseq.ihec-chipseq-containerv1.1.4.IHECRE00001006.4.35d5a8b6-1eb5-4bfe-b35b-6d956f6f9ff2.fc.signal	0.37088	0.141807	0.105388	0.46415	0.63913	0.849328	0.570647	0.465459	0.592523	0.268537	0.609231	0.470202	0.6305	0.453051	0.143566	0.414243	0.356368	0.222918	0.109541	0.329209	0.667762	0.421647	0.113328	0.102977	0.413123	0.242764	0.156714	0.335647	0.483881	0.285403	0.328536	0.416061	0.379051	0.138031	0.698806
ihec.chipseq.ihec-chipseq-containerv1.1.4.IHECRE00003398.1.24f592c8-8c69-4c91-ba18-ad0c533ddaf8.fc.signal	1.18964	0	2.63692	0.990951	1.89721	2.6451	2.68975	0.4608	1.15451	0.811178	2.74288	2.82145	1.16437	1.60416	1.09826	2.90216	0.91385	0.197666	3.73033	1.69067	1.34128	2.73444	2.50585	2.68852	3.04638	2.49358	1.4954	2.66474	0.377906	0.14111	0.945334	3.57454	1.87854	3.33745	0.704009
ihec.chipseq.ihec-chipseq-containerv1.1.4.IHECRE00001018.4.1f07a69f-5385-434d-9868-2041e2fec782.fc.signal	0.694675	0.56266	0.419304	0.147019	0.380156	0.532234	0.365534	0.199264	0.807113	0.388194	0.0278419	0.205121	0.139469	0.184444	0.129758	0.219718	0.195997	0.358562	0.204203	0.56887	0.587237	0.539371	0.389224	0.786633	0.914178	0.670031	0.319238	0.390904	0.774765	0.923324	0.27674	0.401857	0.720831	0.76407	0.117925
ihec.chipseq.ihec-chipseq-containerv1.1.4.IHECRE00001378.1.b7155ae3-84c0-47e8-9535-8c807cc3903c.fc.signal	0	0	0	0.518454	0	0	0	0	0	0	0	0	0	0	0	0	0	0	0.0309327	0.452846	0	0	0	0	0	0	0	0.310582	0.175374	0	0	0	0	0	0.214286
ihec.chipseq.ihec-chipseq-containerv1.1.4.IHECRE00001003.4.9d84f1f6-2f6a-416c-bcef-ff170f289a63.fc.signal	0.209595	0.586878	0.0454758	0.0561274	0.538795	0.40093	0.924241	0.334197	0.377574	1.67102	1.50196	1.22512	0.51215	0.407251	0.0316031	0.243222	0	0	0	0.0267711	1.02674	0.379204	0.298639	0.249937	0.541948	0.448177	0.618206	1.34284	0.724905	0.9461	1.08049	0.764883	0.504661	0.731315	0.733245
ihec.chipseq.ihec-chipseq-containerv1.1.4.IHECRE00000053.3.8efd4d25-0ff3-467d-8be9-cd2a58761d99.fc.signal	0.103314	0	0	0	0	0	0	0	0	0.018372	0.4593	0.134728	0.0772219	1.12996	0.621599	0	0	0	0.299372	0.691485	0.206385	0.250841	0	0.0837472	0.4593	0.058178	0.57369	0.601082	0	0	0.241898	0.802271	0.718019	0.341548	0.135266
ihec.chipseq.ihec-chipseq-containerv1.1.4.IHECRE00004647.3.43f1c761-68ab-4b08-9b03-abbbc17d64b6.fc.signal	0.645252	0.380452	0.0920536	0.0531661	0.4164	0.798623	0.623325	0.478444	0.582425	0.446716	0.396109	0.418603	0.244738	0.0626704	0.388878	0.437067	0.429583	0.542439	0.385634	0.156676	0.421815	0.57199	0.626597	0.53987	0.347901	0.0974133	0.283624	0.228185	0.0972195	0.309297	0.66515	0.431453	0.396085	0.581143	0.999211
ihec.chipseq.ihec-chipseq-containerv1.1.4.IHECRE00003832.2.c3c561b3-1ba8-48ab-9c44-6537af372fb5.fc.signal	0	0.309487	0	0.0977445	0.0896004	0.183243	0.183243	0.126244	0	0	0.0884095	0.181283	0.366306	0	0	0	0	0	0.366487	0	0	0	0.183243	0.0936725	0.183243	0.549694	0.456087	0.366487	0.183243	0.54973	0.183243	0.366487	0.456087	0	0.765883
ihec.chipseq.ihec-chipseq-containerv1.1.4.IHECRE00001232.5.ca485291-98be-4da7-8667-33d3bd0f55ac.fc.signal	0.340029	0.243151	0.271518	0.239057	0.00585213	0.262197	0.329197	0.156693	0.348533	0.427163	0.147267	0.595159	0.595157	0.364738	0.293826	0.0058328	0	0.0112466	0.155127	0	0	0	0	0.189037	0.414458	0.297672	0.318364	0.207193	0.126277	0.125015	0.261541	0.350423	0.333535	0.251075	0.753059
ihec.chipseq.ihec-chipseq-containerv1.1.4.IHECRE00004900.1.4a1ca7c4-2f79-45be-831a-730c86435275.fc.signal	0.475492	0.127244	0.125116	1.02789	0.943627	0	0.281167	0.29585	0.685	0.807761	0.117578	2.27248	1.76784	0.457944	0	0	0	1.88526	0.505173	0	0.397848	0.758614	0.924719	0.937411	1.80641	2.28442	0.190254	0.912229	0.209377	0.845653	0.0956544	1.08683	1.69029	0	0.806202
ihec.chipseq.ihec-chipseq-containerv1.1.4.IHECRE00000024.3.2302e24e-631b-4ec9-a235-e193b37d434c.fc.signal	0	0	0	0	0	0.520531	1.00427	0.837847	0	0	0.342461	0.211758	0.44061	0.339525	0.909388	0.549721	0	0	0	0	0	0	0.729616	1.76999	0	0	0	0	0	0	0	0	0.490362	0.466079	0.391837
ihec.chipseq.ihec-chipseq-containerv1.1.4.IHECRE00000248.2.b9dd63b5-faa8-49f6-89a1-d994c468eb04.fc.signal	0	0	0	0	0	0	0.118708	0.445155	0	0	0	0	0	0.563863	0.708364	0.0813596	0	0	0	0	0	0	0	0.189933	0.348553	0.45952	0	0	0	0	0.480767	0.0663689	0	0.383171	0.194296
ihec.chipseq.ihec-chipseq-containerv1.1.4.IHECRE00000071.3.ad6f214b-6bc2-494d-ba70-0c0eed50632c.fc.signal	0.235947	0.20449	0	0	0	0	0.265131	0.0570105	0	0	0	0	0	0	0	0	0	0	0.512591	0.103154	0.0186584	0.754333	0.653311	0.550468	0.0777433	0	0.085962	1.00298	0	0.544426	0.372502	0.171924	0.368815	0	0.338333
ihec.chipseq.ihec-chipseq-containerv1.1.4.IHECRE00000972.6.767f330d-c515-40cb-be8a-255001f91f74.fc.signal	1.89219	0	0.395763	0.226317	0	0	0.0117888	2.27139	0.815162	0	0.347163	0.308905	0	0.691736	0.497402	0	0.572235	0.32896	2.04201	1.17107	2.28034	0	0	1.89737	2.87489	2.04911	0.770909	2.66468	0	0.832712	1.38767	3.56176	3.07995	4.52017	0.370445
ihec.chipseq.ihec-chipseq-containerv1.1.4.IHECRE00003821.3.eee60a22-f599-43f7-a6b7-6bb8cd9c0fb1.fc.signal	0.360587	0.318739	0.183846	0.861266	0.800007	1.22951	2.16115	1.20894	0.425489	0.235329	0.596385	0.184778	0.151075	0.0949048	0	0.0104781	0.200639	0.332757	0.4213	0.251053	0	0	0.0729883	0.105353	0.166575	0.146638	0.327825	0.696399	0.212216	0	0.172136	0.273498	0.017366	0.0853435	0.76781
ihec.chipseq.ihec-chipseq-containerv1.1.4.IHECRE00001021.4.71944ce4-bd57-4526-b0d0-a368c7bbdce8.fc.signal	0.129447	0.184654	0.223891	0.404177	0.369077	0.357733	0.347431	0.0627653	0.283708	0.324276	0.628291	0.739088	0.735855	0.362522	0.278123	0.614865	0.220966	0.406629	0.32357	0.440213	0.312646	0.310021	0.385743	0.182695	0.12045	0.727883	0.434869	0.0909455	0.230848	0.281672	0.11842	0.0526273	0.319684	0.930959	0.358491
ihec.chipseq.ihec-chipseq-containerv1.1.4.IHECRE00000810.3.ba7ad3ac-45d8-4d57-96d9-67d86c9899a4.fc.signal	0.611987	0.581205	0.0205625	0	0	0	0.237521	0.503751	0.192748	0.0599087	0.52838	0.53984	0.0155789	0.0226652	0.379287	0.172011	0	0.195138	0.731366	0.20753	0	0.331012	0.247175	0.0982917	0.383049	0.0968463	0	0	0.141656	0.406176	0.0303548	0	0	0	0
ihec.chipseq.ihec-chipseq-containerv1.1.4.IHECRE00001246.1.335d5648-b9ca-4211-8bfb-0a3facdceb71.fc.signal	0	0	0	0	0	0	0	0.146667	0.186404	0.294838	0.0182757	0	0	0	0	0.594674	0.0115471	0	0	0	0	0	0.242488	0.551966	0.0883269	0	0.319882	0.621873	0.508884	0.288677	0.825615	0.0981501	0	0	0.236923
ihec.chipseq.ihec-chipseq-containerv1.1.4.IHECRE00003835.4.871bc941-52a9-4d1e-aec3-c4c2ce7bd4c1.fc.signal	0.0674257	0.4705	0.156771	0.421551	0.12389	0	0	0	0	0	0	0	0.123861	0.294794	0.44224	0.377812	0.0152915	0	0	0	0	0	0	0	0	0	0	0	0	0	0	0	0	0	1
ihec.chipseq.ihec-chipseq-containerv1.1.4.IHECRE00000094.3.e983a570-c373-43ae-9da1-56da144b70e5.fc.signal	0.687661	0	1.66474	1.41713	0	0	0.363501	2.09673	1.64893	0.0842901	0.867659	1.6384	0.48467	0	0.100095	0.782226	0.110704	0	0	1.16953	2.72364	1.886	0.468864	1.41714	1.08542	0.819492	0	0	0.456126	2.10323	2.13574	1.11158	0.144412	0.916616	0.192593
ihec.chipseq.ihec-chipseq-containerv1.1.4.IHECRE00003836.3.bb5f2209-5784-4d8e-bc4f-dc5a3678ac34.fc.signal	1.26983	1.15768	1.15704	0.762928	0.366148	0.542581	1.05348	1.34621	0.518528	0.483718	1.42641	1.63262	1.46782	0.427409	0.0951429	0.248275	0.324467	0.830643	1.20915	0.668525	0.520466	0.645898	1.28151	0.889291	0.895492	0.700992	0.760584	0.669218	0.751352	1.48671	0.968795	0.269095	0.742015	1.39576	0.666093
ihec.chipseq.ihec-chipseq-containerv1.1.4.IHECRE00003692.4.e4c527ec-18d1-4382-887e-2c78b7a5a939.fc.signal	0	0	0	0	0	0	0	0	0	0	0	0	0	0	0	0	0	0	0.0300711	0.403872	0.0223975	0.205744	0.0076368	0	0	0	0	0	0	0	0	0.0217305	0.235801	0.152564	0.80303
ihec.chipseq.ihec-chipseq-containerv1.1.4.IHECRE00000155.3.2e98c95e-7e9b-4407-af30-61730f99e499.fc.signal	0	0	0	0	0.20741	0.5463	0.655949	0.0864827	0	0	0	0	0	0	0	0.02661	0.670167	0.324147	0	0.102899	0.581297	0.488849	0.0127859	0.215445	0.319557	0	0	0.270364	0.81968	0	0	0.201283	0.447485	0.700968	0.5
ihec.chipseq.ihec-chipseq-containerv1.1.4.IHECRE00000048.3.11a776de-361e-4edd-b4c1-1153e9a72498.fc.signal	0	0	0	0	0	0	0	0	0	0	0	0	0.320442	0.330455	0	0	0	0	0	0	0	0.295872	0.583206	0.171193	0.342922	1.05963	0.851765	0.253611	0.0648744	0.687561	0.599234	0.370464	0.931164	0	0.191257
ihec.chipseq.ihec-chipseq-containerv1.1.4.IHECRE00001955.3.a0cc4058-35e9-4651-8cca-631ead3cc726.fc.signal	0.360613	0.0517276	0.124042	0.287364	0.405132	0.22261	0.156591	0.0111851	0	0	0.272636	0.062916	0	0	0	0	0	0.178757	0.334937	0.371931	0	0.0281383	0.244056	0.0959708	0.176198	0.375553	0.183679	0.0466627	0	0	0	0	0.166378	0.321217	0.31491
ihec.chipseq.ihec-chipseq-containerv1.1.4.IHECRE00001235.5.aff67f26-7ea5-4004-b6c7-42e5d6d7c336.fc.signal	0.607648	0.181493	0.0528211	0.159631	0.205755	0.00873533	0.563382	0.345441	0.171077	0.481872	0.108722	0.349905	0.467689	0.661384	0.319317	0.230696	0.462787	0.755851	1.3206	0.517111	1.04263	0.659335	0.445123	0.459536	0.558009	0.653544	0.536847	0.210132	0.590567	0.527592	0.377928	0.170768	0.970775	0.646163	0.71867
ihec.chipseq.ihec-chipseq-containerv1.1.4.IHECRE00001306.1.2f01b19c-2e56-45af-86c9-ded8324ddd4a.fc.signal	0.45654	0.133918	0	0	0	0.26781	0.277665	0	0	0.375922	0.622726	0.324434	0.502754	0.008859	0	0	0	0.249429	0.31563	0	0.0631941	1.06641	0.654366	0.389686	0.188009	0.220939	0.712878	0.658991	0.0506196	0	0.425235	0.525155	0.11812	0	0.19337
ihec.chipseq.ihec-chipseq-containerv1.1.4.IHECRE00000013.3.153650ef-7ef6-43cd-b5dc-cf062deb8afd.fc.signal	0	0	0	0	0	0	0	0	0	0.0563155	0.427726	0.01609	0	0	0	0	0	0	0	0	0	0.599235	0.222969	0.295564	0.648981	0.383301	0	0	0	0.0563155	0.7278	0.031112	0	0	0.295176
ihec.chipseq.ihec-chipseq-containerv1.1.4.IHECRE00003833.4.09140551-847e-4455-880b-7ea02a3132da.fc.signal	0.521321	0.0918119	0.162819	0.213301	0.438924	0.449608	0.0765223	0.597837	0.394013	0.288561	0.369528	0.181295	0.13774	0.148336	0.228349	0.0941813	0.158931	0.194485	0.107281	0.170287	0.275734	0.00205173	0.0914723	0.13558	0.116739	0.318458	0.484539	0.170641	0.109486	0.169526	0.429583	0.36602	0.677856	0.248076	1
ihec.chipseq.ihec-chipseq-containerv1.1.4.IHECRE00003678.3.71f94e98-332b-4fcc-9a34-c0ad4b748586.fc.signal	0.469818	0.592521	0.496665	0.315476	0.671176	0.485161	0.363222	0.119668	0.0801995	0.259018	0.193926	0.106289	0.148257	0.285798	0.603282	0.442721	0.0594384	0.418995	0.594093	0.276943	0.632781	0.366299	0.558972	0.403395	0.468574	0.670829	0.182165	0.414209	0.342286	0.0028756	0.0306796	0.504335	0.282982	0.253342	0.676471
ihec.chipseq.ihec-chipseq-containerv1.1.4.IHECRE00000101.3.728f2424-573a-4743-bf7a-a87d17545a80.fc.signal	0.264754	0	0.724922	0.576875	0.98958	0.541532	0.0871355	0.80819	1.04848	0.029819	0.819477	0.315183	0	0	0	0	0.651786	0.281612	0	0	0	0	0	0	0	0	0	0	0	0	0	0	0	0	0.392371
ihec.chipseq.ihec-chipseq-containerv1.1.4.IHECRE00001508.1.ed370922-25ef-47f2-a418-4e72e927a2c1.fc.signal	0.437604	0.564103	0.528231	0.486112	0.138113	0.246372	0.137618	0	0	0	0	0	0	0	0	0.3287	0.169924	0	0	0.370049	0.213916	0	0.345304	0.275194	0	0	0	0	0	0	0	0	0	0	0.0521092
ihec.chipseq.ihec-chipseq-containerv1.1.4.IHECRE00001915.1.bac25e3f-fc09-41ff-86d6-c2a6c3049d47.fc.signal	0	0	0	0	0.0587103	0.170618	0.0719988	0.0846381	0.111523	0.0589717	0.0012802	0.0220786	0.193129	0.067905	0.0380852	0	0	0	0.0289541	0.100429	0.0577613	0.0102286	0.0719973	0.0246551	0.0955879	0.0090288	0	0.0143707	0.0997678	0.125518	0.0521399	0.0922078	0.0806103	0.0456376	0.657258
ihec.chipseq.ihec-chipseq-containerv1.1.4.IHECRE00001488.1.3b2af9eb-fdf7-488c-8635-f562c6894205.fc.signal	0	0	0	0.620377	0.457372	0	0	0	0.219348	0.181417	0.262448	0.334025	0.244554	0.948432	0	0	0	0	0.414978	0	0	0	0	0	0	0	0.596473	0.429461	0.686489	1.07371	0.274378	0.732215	0	0	0.125984
ihec.chipseq.ihec-chipseq-containerv1.1.4.IHECRE00003676.3.9365f108-a198-478a-b79f-ca1f34b9eba5.fc.signal	0.185031	0.0967031	0.373886	0.305454	0.457835	0.439377	0.193206	0.335067	0.164517	0	0.115419	0.476326	0.753677	0.205	0.116738	0.151375	0.779518	0.663113	0.536091	0.311693	0.114557	0.352292	0.401817	0.302516	0.108336	0.0513691	0.249712	0.292419	0.11139	0.0915163	0.100776	0.241176	0.468574	0.796471	0.635112
ihec.chipseq.ihec-chipseq-containerv1.1.4.IHECRE00000346.2.45aa438b-a049-4760-931a-97ae21ce712b.fc.signal	0	0	0	0	0	0	0	0	0.0614745	0.355987	0	0.407698	1.40147	0.73958	0.582779	0	0	0	0	0.545482	0.404445	1.03535	1.2154	0	0	0	0.662407	0.463042	0	0	0	0	0	0	0.604003
ihec.chipseq.ihec-chipseq-containerv1.1.4.IHECRE00000174.3.916f86f3-bba4-4f2a-8dee-7255de7413cf.fc.signal	0	0	0	0	0	0.231451	0.365873	0	0	0	0	0	0	0	0	0.522706	0.348471	0	0	0	0	0.0800541	0.70636	0.753451	0.200962	0.391333	0.941817	0.277835	0	0	0.0753451	0.600703	0.0604479	0	0.682464
ihec.chipseq.ihec-chipseq-containerv1.1.4.IHECRE00000270.2.78aaba4a-3f88-4f65-82d6-9d5fa5ceabcb.fc.signal	0	0	0.0329057	0.0954145	0.0061864	0.0153572	0.0986759	0.0165839	0	0.00191473	0.690091	0.253799	0	0	0	0	0	0	0	0	0.338237	0.184318	0	0	0	0	0	0	0.103636	0.520524	0.0698093	0	0	0	0.116162
ihec.chipseq.ihec-chipseq-containerv1.1.4.IHECRE00001908.1.b8e4fc89-a1f2-4c5d-ae40-28beee956889.fc.signal	0	0	0	0.0963833	0.285295	0.0828897	0.31686	0.0467795	0	0	0	0.108125	0.121714	0.0517322	0	0	0	0	0	0	0	0.170371	0.156334	0.250282	0.302649	0.36087	0.0204333	0.213971	0.439574	0.592343	0.501281	0.0906003	0.321921	0.0951633	0.504027
ihec.chipseq.ihec-chipseq-containerv1.1.4.IHECRE00001022.4.66df243c-6c5c-42f5-bb98-73ebf9a3096e.fc.signal	0.306478	0.711194	0.132432	0.262037	0.537794	0.248328	0.525663	0.778763	0.320639	0.360391	0.566585	0.478434	0.189994	0.765068	0.323664	0.0790287	0.104438	0.159108	0.13444	0.270108	0.131771	0	0	0.103768	0.485991	0.638729	0.439484	0.371534	0.230942	0.287748	0.0547077	0.377297	0.47156	0.465968	1
ihec.chipseq.ihec-chipseq-containerv1.1.4.IHECRE00000059.3.b5d4a5b3-a118-48b7-a386-2e56f2330a88.fc.signal	0.459159	0	0	0	0	0	0	0	0	0.209928	0.30138	0	0.352364	0.0963457	0.0941389	0.359704	0.00664453	0	0	0	0	0	0	0	0	0	0.0133013	0.4988	0.103085	0	0	0.39532	0.757717	0.189062	0.242075
ihec.chipseq.ihec-chipseq-containerv1.1.4.IHECRE00000831.3.7977d1a9-d3db-490b-949d-c6cce43aab1c.fc.signal	0	0.288908	0.319776	0	0	0	0	0.182466	0.185814	0	0	0	0.0611747	0.294852	0	0	0	0	0	0.011718	0.292941	0.115506	0.313041	0	0	0	0	0	0.04185	0.42855	0.634456	0.368287	0	0	0.242424
ihec.chipseq.ihec-chipseq-containerv1.1.4.IHECRE00000070.3.cefb7c30-c246-45e3-a1c7-f28257f723dd.fc.signal	0	0	0	0	0	0	0	0.790723	4.03509	0.124246	0	0	0	0	0.729462	0.136417	0.378838	0.539042	0.297961	0.541802	0	0	0	0	0	0	0	0.0554387	0.83158	0.138597	0	0	0	0	0.0704338
ihec.chipseq.ihec-chipseq-containerv1.1.4.IHECRE00000246.3.450afe27-076b-4841-9c2a-cbdeff10853b.fc.signal	0.14516	0.314217	0.200265	0.128573	0.228583	0.114312	0.111486	0.28715	0.383833	0.23697	0.202332	0.187129	0.209065	0.236615	0.250426	0.268051	0.188127	0.18115	0.1326	0.334342	0.509765	0.30469	0.30868	0.44811	0.361167	0.126567	0.156969	0.257171	0.322237	0.411457	0.532562	0.603999	0.389431	0.316912	0.383929
ihec.chipseq.ihec-chipseq-containerv1.1.4.IHECRE00000304.2.1637c53b-058a-418a-99ed-00ae5f9f315b.fc.signal	0	0	0.40618	0.260142	0.0168443	0.50533	0.151599	0.384051	0.470101	0.694178	0.22199	0	0	0	0.486319	0.388722	1.12054	0.609833	0.483959	0.583574	0	0.150089	0.178966	0.406769	0.309997	0	0	0.276247	0.623718	0.42963	0.486949	1.01437	1.0886	0.758884	0.346774
ihec.chipseq.ihec-chipseq-containerv1.1.4.IHECRE00001965.2.e7144f2b-c79b-4aad-950f-07ae1b5e1dad.fc.signal	0	0	0	0	0	0	0	0	0	0.247403	0.0746499	0	0.022852	0.241651	0.215373	0.0855216	0	0.117307	0.0496164	0.262036	0.163011	0.0776968	0	0	0.132542	0.202621	0	0.0350397	0.514924	0.129495	0.433521	0.225474	0	0.309098	0.695286
ihec.chipseq.ihec-chipseq-containerv1.1.4.IHECRE00003826.4.3b07c369-960c-43eb-b4e5-3e3773e044bc.fc.signal	0.295392	0.336705	0.301542	0.143946	0	0	0.138552	0.52338	0.250992	0.57012	0.162168	0	0	0.0950605	0.331572	0.361515	0.287129	0.164277	0	0	0.0361606	0.468774	0.312764	0	0	0	0	0	0	0	0	0.192797	0.187836	0.299123	0.674699
ihec.chipseq.ihec-chipseq-containerv1.1.4.IHECRE00000224.3.768c3dd3-4d38-474a-b6d5-c316c21bc08d.fc.signal	0.352141	0.351802	0.357806	0.29885	0.129039	0.0501527	0	0	0.142789	0.391534	0.113515	0	0	0	0.052512	0.17044	0.103729	0.26144	0.332625	0.347017	0.343794	0.379145	1.02379	0.751903	0.306996	0.0456995	0.165885	0.156094	0.18637	0.265726	0.191075	0.0942601	0.602956	0.745466	0.848361
ihec.chipseq.ihec-chipseq-containerv1.1.4.IHECRE00001008.4.00528f90-1767-43ef-bb37-a22f6e9f4039.fc.signal	0.457152	0.53236	0.348008	0.264037	0.796508	0.87559	0.846741	0.584746	0.410356	0.369924	0.16016	0.0909351	0.317152	0.468147	0.164601	0.639447	0.565402	0.0511091	0.259306	1.10248	0.688366	0.401533	0.0515893	0.495347	0.839388	0.536217	0.111224	0.317706	0.300242	0.389608	0.56194	0.609329	0.122168	0.274055	1
ihec.chipseq.ihec-chipseq-containerv1.1.4.IHECRE00003848.5.70ecef92-a4d9-47d7-a9a6-d9def918e2ee.fc.signal	0	0	0	0	0	0	0.180702	0.501875	0.720122	0.574607	0.174732	0.105391	0.331705	0.0736663	0	0	0	0	0	0	0	0	0	0	0	0	0	0.100631	0.536559	0.139296	0	0	0	0	0.642655
ihec.chipseq.ihec-chipseq-containerv1.1.4.IHECRE00003400.1.f1517182-68cd-4431-ae69-970e870c1c44.fc.signal	0.512391	0	0.682502	1.42928	0.675174	0.853559	0.731429	0.458057	0	1.99878	2.3692	3.11074	2.58622	1.34436	1.09112	1.10318	0.97722	1.13525	1.4224	1.76282	0.341018	1.43319	1.26885	1.02244	1.37515	2.28154	0.548109	1.2901	1.36551	0.836953	1.84474	1.70003	1.94439	3.34242	0.721143
ihec.chipseq.ihec-chipseq-containerv1.1.4.IHECRE00001009.4.6c91eb19-cf51-4ff7-b713-f8f2fc326b1d.fc.signal	0.334641	0.0447272	0.0510633	0.125447	0.263733	0.691084	0.205413	0.0340016	0.209303	0.213665	0	0.133281	0.368553	0.326569	0.219078	0.616675	0.507108	0.263447	0.207765	0.619838	0.652823	1.0365	0.709545	0.576722	0.555379	0.595777	0.564825	0.621459	0.247977	0.12353	0.298504	0.557122	0.731175	0.417409	0.77299
ihec.chipseq.ihec-chipseq-containerv1.1.4.IHECRE00000666.1.79baf790-9207-4b34-b5dd-596bb8569b6a.fc.signal	0.295874	0.327743	0.233464	0.11568	0	0	0.197288	0.114161	0	0	0	0.163641	0.682017	0.634228	0.156819	0	0	0	0.547835	1.22986	0.841145	0.627153	0.193229	0.377388	0	0	0	0	0	1.05881	0.360817	0.034091	0.11366	0.68204	0
ihec.chipseq.ihec-chipseq-containerv1.1.4.IHECRE00003675.3.48a0264b-6e25-46c0-b33d-21ee41282ecb.fc.signal	0	0	0	0.0888373	0.402892	0.0521403	0.00325813	0.189665	0.153827	0	0	0	0.177753	0.0936954	0	0.0790037	0.372176	0.154139	0.0445307	0	0	0	0	0	0	0	0	0	0	0	0	0	0.0634038	0.227982	1
ihec.chipseq.ihec-chipseq-containerv1.1.4.IHECRE00001457.1.9f6f8a52-1626-4301-ab46-eb5cd8e0bb33.fc.signal	0	0	0.179074	0.133022	0	0	0	0	0.36409	0.229382	0.414842	0.223842	0.0104926	0.642339	0.716048	0.149866	0.603625	0	0	0	0	0	0.384876	0.776519	0.0952526	0	0	0	0	0.116562	1.07025	0.106091	0.353849	0.570113	1
ihec.chipseq.ihec-chipseq-containerv1.1.4.IHECRE00000987.6.5433b540-f9ea-4edf-8a0e-cdc2c654fa20.fc.signal	0	0	0.552387	0.247218	0.71185	0.814696	2.13378	1.03108	0.462879	0	0	0	0.0472956	1.18239	2.59464	2.03543	4.0598	1.32546	0.273034	2.38554	2.69746	2.55399	1.01686	1.59235	0.972948	0	2.41216	2.49982	0.702078	1.63089	1.519	4.31803	4.3671	2.36478	0.569331
ihec.chipseq.ihec-chipseq-containerv1.1.4.IHECRE00003679.3.e95554aa-fb20-4b17-91ac-139d0399c1c8.fc.signal	0.42024	0.0294163	0.129865	0.271684	0.227871	0.0848808	0.310559	0.510504	0.336108	0.251189	0.218742	0.0585168	0.216204	0.0524073	0	0.0790141	0.200845	0.128555	0.116784	0.126254	0.187242	0.178537	0.315913	0.319418	0.198623	0.0263188	0.174402	0.170753	0.0512562	0.244036	0.357855	0.38343	0.372658	0.417426	1
ihec.chipseq.ihec-chipseq-containerv1.1.4.IHECRE00001557.1.a242dd5d-850e-4408-ba72-89a9c252ed07.fc.signal	0.295125	0	0	0	0	0	0	0.145948	0.215347	0	0	0	1.50368	0	0	0	0	0	0.528314	0	0	0	0.381333	0.529054	0.0611147	0.626557	0	0.582776	0	0	0	0.308504	0.679997	0.97069	0.1
ihec.chipseq.ihec-chipseq-containerv1.1.4.IHECRE00001526.1.bd9fc835-7cb5-4b5b-bc21-b6f19e05bebd.fc.signal	0.166759	0	0	0	0	0.202661	0.44639	0.3848	0.0405456	0	0.0487413	0.762041	0.266833	0	0.164181	0.363811	0	0	0	0	0.156501	1.25435	0.97888	0.885146	0.0513067	0	0	0	0	0.387404	1.96136	1.9173	0.375751	0.270662	0
ihec.chipseq.ihec-chipseq-containerv1.1.4.IHECRE00000233.3.fb9aae7d-4076-4e4e-92a7-34572e1b705b.fc.signal	0.0995969	0	0	0.00926273	0.456277	0.603284	0.352004	0.15787	0	0.132721	1.02177	1.16758	0.401088	0.292274	0.211459	0.111846	0.346961	0.739463	0.897032	0.506257	0.101871	0.226899	0.365406	0.218299	0.111798	0.10015	0.285225	0.33701	0.246309	0.20959	0.31683	0.23652	0.0151784	0.0237073	0.884956
ihec.chipseq.ihec-chipseq-containerv1.1.4.IHECRE00001904.1.1726d2d4-326e-4dc2-912a-cee3015ea75f.fc.signal	0.409009	0.183747	0.251881	0	0	0	0	0	0.378206	0.0223629	0	0	0	0	0	0	0.277111	0.101309	0	0.255053	0.00103493	0	0	0	0	0	0	0	0	0	0.283589	0.630295	0.149633	0	0.324099
ihec.chipseq.ihec-chipseq-containerv1.1.4.IHECRE00003845.2.794488aa-2650-453d-b408-62a2d6724c53.fc.signal	0.214584	0.169109	0	0.11723	0.227474	0.1388	0.148751	0.0226203	0	0	0	0.1948	0.459788	0.136473	0	0	0	0	0	0	0.0174108	0.271299	0.250161	0.229391	0	0	0	0	0	0	0	0	0	0	0.851175
ihec.chipseq.ihec-chipseq-containerv1.1.4.IHECRE00000055.3.409fce32-3c80-4968-819f-d774f10df209.fc.signal	0.266462	0	0	0	0	0.304841	1.35981	0.337838	0	0	0	0	0.203972	0.312784	0	0	0	0	0	0.667265	0.221541	0.12152	0.759504	0	0	0	0.289252	0.472763	0.639795	0.809858	0	0	0	0	0.254461
ihec.chipseq.ihec-chipseq-containerv1.1.4.IHECRE00000109.3.5ba43b20-6417-4623-a4bf-5087e9f8a951.fc.signal	0.218978	0.0488505	0.20219	0.283066	0	0.24802	0.324401	0.290147	0.512215	0.458297	0.951742	0.488648	0.106608	0.533782	0.315416	0	0	0.3609	0.545062	0.729989	1.09341	0.255804	0.767491	0.449386	0.333058	0	0.0647008	1.39371	0.925641	0.771025	1.00022	0.319337	0.304633	0.752488	0.117818
ihec.chipseq.ihec-chipseq-containerv1.1.4.IHECRE00000284.2.def26d64-d337-47e7-91c0-09e249ac5bc5.fc.signal	0	0	0	0	0	0	0	0	0.0349723	0.65573	0.18344	0	0	0	0	0	0	0	0	0	0	0.28415	0.590157	0	0.207484	0.443888	0	0	0.594529	0.279778	0	0	0	0	0.509843
ihec.chipseq.ihec-chipseq-containerv1.1.4.IHECRE00001460.1.80d51fbb-f86a-4d3d-818a-fa8c5d9a7c8b.fc.signal	0.492609	0.152444	0.485059	0.540552	0.379221	1.0148	1.6216	1.14223	1.10501	1.04013	0.322745	0.507132	0.473801	0.35577	0.24228	0.0791595	0.360519	0.0370559	0.25885	0.333665	0.957789	0.95984	0.357242	0.0385889	0	0.267902	1.08147	0.308349	0.0961768	0.386298	0.570003	1.64042	2.07787	2.36066	0
ihec.chipseq.ihec-chipseq-containerv1.1.4.IHECRE00001234.5.0e619ad9-ebc8-47ed-93f9-8d329910a69e.fc.signal	0.218516	0.220771	0.0610714	0.297411	0.635628	0.264347	0.28918	0.835488	0.160107	0.294488	0.315489	0.0162622	0.193457	0.434041	0.728499	0.319524	0.392652	0.436531	0.868773	0.868114	0.307552	0.320871	0.445122	0.634124	1.19291	0.94144	0.492428	0.183109	0.0455214	0.175243	0.901669	0.318015	1.13505	1.29547	0.740039
ihec.chipseq.ihec-chipseq-containerv1.1.4.IHECRE00003824.4.4dfd78e7-f48b-44fa-ae63-a8e81a422336.fc.signal	0.372841	0.0215594	0	0	0.206682	0.231841	0	0	0	0	0	0	0	0	0	0.0152184	0.314507	0.177108	0	0	0	0	0	0	0	0	0	0	0	0	0	0.0562947	0.188176	0.0117203	1
ihec.chipseq.ihec-chipseq-containerv1.1.4.IHECRE00004884.1.04b53f1e-ede2-4352-b282-8fd62b69ea23.fc.signal	0.516008	0.516113	0	0.52118	1.12093	1.07806	0.373228	0.344425	0	0	0.0614225	0.416999	0.154053	0	0.28891	0.835902	0.256715	0	0.425683	0.792648	1.17342	1.43011	0.396777	0	0	0.096051	0.655395	0.54039	0.323398	0.371544	0.449583	0.80956	1.12085	0.573078	0.693798
ihec.chipseq.ihec-chipseq-containerv1.1.4.IHECRE00003830.4.182c98c8-4ca5-4dcd-abb2-f3a65447c98c.fc.signal	0	0	0	0	0	0	0.0150077	0.10636	0.0374518	0.125131	0.0251517	0	0	0	0	0	0	0	0	0	0	0	0	0	0	0	0	0	0	0	0	0.0495186	0.201935	0.137053	0.546326
ihec.chipseq.ihec-chipseq-containerv1.1.4.IHECRE00000891.3.49bddf41-a3a3-4490-9cec-7df7d8d45988.fc.signal	0.248403	0.229478	0.159959	0.184228	0.434105	0.680658	0.41687	0.288441	0.566156	0.27556	0.601432	0.298383	0.364456	0.888866	1.92311	0.773935	0.592106	0.301879	0	0.0790293	0.581328	0.454894	0.308874	0.490701	0.350832	0.00233107	0.236608	0.229614	0.12588	0.451072	0.336847	0.215628	0.543152	0.34967	0.582524
ihec.chipseq.ihec-chipseq-containerv1.1.4.IHECRE00001958.3.f473421b-0068-43e9-8689-afd1d3e0454e.fc.signal	0.163293	0.0900928	0.115679	0	0	0	0	0	0	0	0	0	0.217309	0.195201	0.0206463	0.271838	0.105462	0	0.38863	0.0131385	0.201209	0.228986	0.358151	0	0.184095	0.184818	0	0.206463	0.159539	0.0469233	0.164973	0.299893	0.613771	0.71638	0.594284
ihec.chipseq.ihec-chipseq-containerv1.1.4.IHECRE00001012.4.85be5809-5a62-4b0b-9ffb-29881f7da7c3.fc.signal	0.205281	0.139051	0.2814	0.0439772	0	0	0	0	0.0426151	0.155248	0.287398	0.103161	0.0774191	0.125139	0.0160748	0.281847	0.346574	0.0191834	0.874907	0.869691	0.417032	0.78433	0.904803	0	0.18525	0.179699	0	0	0	0	0.286677	0.112409	0.638493	0.287465	1
ihec.chipseq.ihec-chipseq-containerv1.1.4.IHECRE00001913.1.5612a6ca-93fa-4c47-bbcb-27fe37b96dbb.fc.signal	0	0	0	0.751873	0.551307	0.110349	0.0691879	0.298595	0.261586	0	0.261431	0.168255	0.522985	0.409955	0.0068532	1.66487	0.385738	0	0	0.0222544	0.740485	0.459392	1.16241	0.0274128	0.164477	0.729866	0.236435	0	0.356366	0.397486	0.507137	0.719586	0.280981	0	0.59375
ihec.chipseq.ihec-chipseq-containerv1.1.4.IHECRE00003827.1.320bbee6-9fb9-4b6e-9202-0bae2e741228.fc.signal	0	0.0245564	0.422257	0.35927	0.289402	0.101428	0	0	0	0	0	0	0	0	0	0	0	0	0	0	0	0	0	0	0	0	0	0.016063	0.170099	0.0722088	0.128279	0.163648	0	0	0.398585
ihec.chipseq.ihec-chipseq-containerv1.1.4.IHECRE00000683.3.a2f7b6cc-6c13-4941-b36a-dba812715f5d.fc.signal	0.0829553	0.110304	0.499428	0.10722	0.136023	0.210798	0	0	0	0	0	0	0	0	0	0	0	0	0	0	0	0	0	0	0.0176741	0.312782	0.0768941	0	0	0	0	0	0	0	0.569915
ihec.chipseq.ihec-chipseq-containerv1.1.4.IHECRE00000868.3.7a6a3fc8-9cb2-4f15-b9eb-2dd3707b3b59.fc.signal	2.21091	1.38905	1.69142	1.12415	0	0.532468	1.14596	0.0463016	1.63213	1.81937	1.20765	0.0810278	2.74338	1.97939	0.682949	1.22699	0	0	0.868155	0.810278	0	0	0	0	0	0	0	0	0	0.0926032	1.58583	0.162056	1.51638	0	0.639344
ihec.chipseq.ihec-chipseq-containerv1.1.4.IHECRE00000308.2.64266b95-cf55-4f6a-9387-408a26cf2907.fc.signal	0	0	0	0	0	0	0	0	0	0	0	0	0	0	0	0	0	0	0	0	0	0	0	0.0154664	0.57999	0.177864	0	0	0	0	0	0	0	0	0.21445
ihec.chipseq.ihec-chipseq-containerv1.1.4.IHECRE00000223.3.e1dc7d2c-ad1c-431d-b26b-8d6d2c33cf69.fc.signal	0.235027	0.273642	0.271242	0.191232	0.135023	0.0429037	0.0049318	0	0.20877	0.303494	0.142711	0.343142	0.316917	0.205104	0.231264	0.134863	0.129903	0.140269	0.220912	0.217106	0.184664	0.23382	0.208332	0.229188	0.27876	0.228834	0.0846629	0.0800901	0.203411	0.316525	0.227899	0.114695	0.0808213	0.0814775	0.615385
ihec.chipseq.ihec-chipseq-containerv1.1.4.IHECRE00000743.1.61648a42-ff5d-4f08-bf4b-2339fa550206.fc.signal	0.229831	0.39289	0.0990502	0	0	0.741425	0.783313	0.641675	0.741118	0	0	0.293335	0.191698	0	0	0.272558	1.42747	0.24016	0	0.408849	0.166272	0.452657	1.09487	1.27268	0.187104	0.297981	0.0069272	0.426028	0.468891	0.501237	0	0	0.136235	0.425337	0.557971
ihec.chipseq.ihec-chipseq-containerv1.1.4.IHECRE00000043.3.531c01db-d7ec-4377-be41-51b3cab349a9.fc.signal	0.418374	0.138832	0	0	0	0	0	0	0	0	0	0.029766	0.321042	0.0547857	0.28819	0.110375	0	0.0599501	0.933959	0.17354	0.211403	0.372321	0	0	0	0	1.1644	0.498374	0	0	0	0	0	0	0.666667
ihec.chipseq.ihec-chipseq-containerv1.1.4.IHECRE00004905.1.bf2d6a22-ba05-47b2-a70c-a64ea707030d.fc.signal	0.354072	0.366429	0	0	0	0	0.173567	1.58014	1.37064	0.89776	0.0179552	0.277405	0.870625	0.179853	0.770169	0.398944	0.634417	0.712223	0.347134	0.927689	0.879425	0.351137	0.310804	0.713962	0.755022	0.243069	0	0	0	0	0	0	0	0.295465	0.686252
ihec.chipseq.ihec-chipseq-containerv1.1.4.IHECRE00000969.7.e51e6c81-760c-43e7-86ae-cbe3dc54eb4c.fc.signal	1.25957	0.247614	0.986163	0.809399	0.830126	0.890743	1.40606	1.54937	0.466839	1.76742	1.52127	1.56993	1.47003	1.31722	2.19331	1.19698	1.22522	1.22129	1.93695	1.26313	1.02619	0.729746	1.16124	1.19705	1.09588	0.453032	0.469093	0.961004	2.00971	1.79704	0.226682	0.329474	0.594596	0.824688	0.533623
ihec.chipseq.ihec-chipseq-containerv1.1.4.IHECRE00000318.2.6d2c1eb1-64cd-4b80-95ec-5404bd3906e9.fc.signal	0.141353	0	0	0.295641	0.149554	0	0	0	0	0	0.152941	0.141445	0	0	0.0702052	0.401151	0.447077	0.153911	0.219937	0.401583	0.290469	0	0	0	0.181874	0.177722	0	0	0	0.097207	0.384084	0.012961	0.0699888	0.322998	0.47541
ihec.chipseq.ihec-chipseq-containerv1.1.4.IHECRE00000738.3.017c67d4-8a28-4a28-93e6-fecc790d65b5.fc.signal	0.62706	0.278468	0.312316	0.0923705	0	0	0.384154	0.725472	0.489053	0.0679849	0.47429	0.884996	0.545219	0.701794	0.100477	0	0.0310266	0.44323	0.0723947	0	0	0	0.154385	0.326353	0.564245	0.605759	0.44323	0.183215	0.418122	0.0162573	0.415168	0.124116	0	0	0.44697
ihec.chipseq.ihec-chipseq-containerv1.1.4.IHECRE00000105.3.b8195daf-923e-4feb-a22f-4386014244e9.fc.signal	0.0335003	0.425713	0.269261	0.255692	0.451496	0.235706	0.624389	0.572832	0.0580197	0.418864	0.358813	0.0689413	0.222443	0.287692	0.325748	0.105136	0	0	0	0	0	0.0087392	0.753631	0.515638	0	0	0	0.363228	0.70997	0.110699	0.251636	0.455013	0.0206824	0.420635	0.372093
ihec.chipseq.ihec-chipseq-containerv1.1.4.IHECRE00003847.4.634ae276-c9fe-4e24-9f62-06eb5bf694ac.fc.signal	0	0	0	0	0	0	0	0	0	0	0	0	0	0	0	0	0	0	0.0852319	0.322082	0.0673555	0.111234	0.0696314	0.121969	0.0903558	0	0	0.0290474	0.32387	0.104219	0	0	0	0	1
ihec.chipseq.ihec-chipseq-containerv1.1.4.IHECRE00000195.3.1d49e429-7d54-40c1-a965-968c057abf12.fc.signal	0.192079	0	0.0121366	0.60683	0.126832	0	0	0	0.0202277	1.01701	0.449613	0.248427	0	0	0	0.315552	0.432872	0	0.258032	0.370945	0	0	0	0	0	0	0	0	0.351973	1.05195	0.0930473	0	0	0.511886	0.280612
ihec.chipseq.ihec-chipseq-containerv1.1.4.IHECRE00001236.5.b3e823f8-bdfb-415e-8681-ed2acdcbeb38.fc.signal	1.49599	0.422698	0.179769	0.375993	1.24427	1.13633	1.17194	0.645033	0.414015	0.57317	0.796857	1.07736	0.678176	0.63217	0.469465	0.490982	0.834236	0.790792	0.285176	0.443502	1.14119	0.539665	0.596633	1.3854	0.379177	0.342345	0.274349	0.604306	0.545915	0.567008	0.336993	0.420688	0.575376	0.740464	0.721698
ihec.chipseq.ihec-chipseq-containerv1.1.4.IHECRE00001907.1.8f8990bc-bdfc-474d-b52f-20c0591d22d2.fc.signal	0	0	0	0.241226	0.0365415	0	0	0.0217566	0.187677	0	0	0	0	0.0625217	0.215235	0.145599	0.215118	0.428785	0.119287	0.086676	0	0.0325692	0.229111	0	0.0152217	0.128748	0.137507	0.200681	0.155002	0.227633	0.0034922	0.275133	0.110912	0.199781	0.336379
ihec.chipseq.ihec-chipseq-containerv1.1.4.IHECRE00001935.1.91e9ef78-52b0-44be-b463-2c4d06233b83.fc.signal	0	0	0	0	0	0.0265397	0.337033	0.365631	0.0948599	0.32762	0	0	0.257911	0.0740536	0	0.0373463	0.170827	0.0608897	0	0	0	0	0	0	0.0477381	0.566888	0.0879474	0	0	0.144773	0.340407	0.271614	0.249552	0.0997892	0.38444
ihec.chipseq.ihec-chipseq-containerv1.1.4.IHECRE00001014.4.c5ae491c-ef59-4b85-83e8-7c458c9d3645.fc.signal	0.143739	0.172375	0.0168173	0.207428	0.369839	0.169052	0.160741	0.0175082	0.193687	0.454998	0.44297	0.428253	0.432639	0.342753	0.394889	0.271778	0.05156	0.0932119	0.0947015	0.0227628	0.0880819	0	0.197265	0.127981	0.18905	0.0413977	0.0372913	0.13234	0.00330233	0.142813	0.146204	0.384313	0.220164	0.0929173	1
ihec.chipseq.ihec-chipseq-containerv1.1.4.IHECRE00000866.3.0bf1ced9-73d3-4bb4-80e8-08f993f2b136.fc.signal	0	0	0	0	0	0	0	0	0	0	0	0	0	0	0.478674	1.20684	0.893327	0.117973	0	0.0134827	0.956878	0.323896	0	0	0	0	0	0	0	0	0	0	0	0	0.462002
ihec.chipseq.ihec-chipseq-containerv1.1.4.IHECRE00003689.3.395d30b6-7fa1-48b7-8904-e4b31b4f88b7.fc.signal	0.476712	0.170352	0	0	0.135197	0.361483	0.549376	0.301416	0.544112	0.975442	0.497698	0.374835	0.350788	0.25172	0.645174	0.581541	0.858347	0.584506	0.621643	0.913764	0.323041	0.688348	0.596045	0.729903	0.782975	0.586825	0.473829	0.799537	0.576677	0.396031	1.09497	0.932214	0.891868	1.24242	1
ihec.chipseq.ihec-chipseq-containerv1.1.4.IHECRE00000221.3.ee2442de-4362-4f9f-9331-9ed79b0e0f3c.fc.signal	0.384976	0.223745	0.79841	0.299343	0.311013	0.0392835	0.116957	0.369291	0.445398	0.0471467	0.365197	0.375056	0.149585	0.105583	0.0954199	0.207964	0.168668	0.169713	0.17395	0.314396	0.0732185	0.154699	0.0794335	0.169496	0.219758	0.0889995	0.262957	0.613383	0.316696	0.286411	0.241441	0.46946	0.495355	0.430992	0.778736
ihec.chipseq.ihec-chipseq-containerv1.1.4.IHECRE00001005.4.295db198-fe3f-4319-97a2-6e37da59d182.fc.signal	0.968754	0.438296	0.11609	0.176784	0.125959	0.297146	0.433359	0.640307	0.259807	0.392713	0.495011	0.471105	0.408396	0.187702	0.0479444	0.422168	0.339792	0.515685	0.314859	0.19089	0.18409	0.518463	0.486459	0.38971	0.389743	0.138686	0.0720834	0.455205	0.98423	0.348081	0.101359	0.152216	0.322624	0.488444	1
ihec.chipseq.ihec-chipseq-containerv1.1.4.IHECRE00000774.3.01056fa5-2189-424c-aa80-7250e2ec9dc9.fc.signal	0	0	0.290361	0.196679	0.324971	0.0315183	0	1.02106	0.845955	0.245601	0.654936	0	0.654935	1.47906	1.14613	0.32201	0.123552	0.158343	0.935949	0.114606	0	1.43162	1.5902	0	0	0	0	0	0	0	0	0	0	0	0.222222
ihec.chipseq.ihec-chipseq-containerv1.1.4.IHECRE00003837.4.7a6d8040-3df1-443f-8bf8-8f3e00d9a3bc.fc.signal	0	0.363942	0.154125	0	0.21241	0.29271	0.012952	0	0.142469	0.305402	0.294005	0.233002	0.109602	0.534097	0.255661	0.0681224	0.261741	0.295609	0.368223	0.325586	0.26131	0.472736	0.717524	0.204639	0.183334	0.295747	0.328099	0.204376	0.0272768	0.193852	0.312933	0.235497	0.450702	0.29824	0
ihec.chipseq.ihec-chipseq-containerv1.1.4.IHECRE00001921.1.33f29835-e25b-4253-aaf6-b5aa600df80f.fc.signal	0.171652	0.0638299	0.0296081	0.165507	0.154349	0.165715	0.160934	0.133585	0.0624186	0.056867	0.165288	0.298332	0.0630295	0.196532	0.0945823	0.0536925	0.404131	0.211598	0.255931	0.239403	0.0814453	0.205815	0.397006	0.0510897	0.0880461	0.149311	0.00792373	0	0.16106	0.184273	0.110103	0.113805	0.190103	0.270141	0.533254
ihec.chipseq.ihec-chipseq-containerv1.1.4.IHECRE00000014.2.f3dac2fd-4a27-4e6d-ac7b-9d439b1e4f70.fc.signal	0.355216	0.0791023	0	0	0	0	0	0.150902	0.579722	0.725424	0.445135	0.457569	0.111762	0	0.241037	0.298785	0	0.0267241	0.216224	0.0981578	0.0050216	0.461985	0.770791	0.14253	0	0	0.328671	0.204086	0.259662	0.579827	0.381641	0.519732	0.466921	0.308308	0.390533
ihec.chipseq.ihec-chipseq-containerv1.1.4.IHECRE00003812.1.7f19b755-763d-4552-86cc-5866c38edfa6.fc.signal	0.0979379	0	0	0.0296137	0.259529	0.381739	0.503292	0.0410803	0.394129	0.0919417	0	0.208971	0.990503	0.418028	0.27224	0.302663	0.0624393	0.336241	0	0	0.30761	0.365782	0.483092	0.487333	0.00199873	0.0419734	0.495457	1.20238	1.74775	0.48049	0.979615	1.34846	1.08142	0.936786	1
ihec.chipseq.ihec-chipseq-containerv1.1.4.IHECRE00001249.1.5455a6d7-2c10-4e8c-be6d-9d33be9436db.fc.signal	0.184924	0	0	0	0	0.315353	0.194894	0	0	0	0	0.168491	0.254992	0	0	0	0	0.382621	0.443191	0.443978	0	0	0.217344	0.143282	0	0	0	0	0	0	0	0.436817	0.494104	0.53707	0.287383
ihec.chipseq.ihec-chipseq-containerv1.1.4.IHECRE00001315.1.b83cadfd-ffa7-4094-aa63-9e7954d5ffb2.fc.signal	0.041346	0	0	0.482326	1.07306	0.522683	0.557555	1.5868	0.351638	0.341831	0.0928457	0.281877	0.21382	0.108466	0	0	0.328357	0.173653	0.227824	1.00107	0.295047	0.712512	1.34506	0.988387	0.240904	0	0.11856	0.617253	0.353597	0.408774	0.440678	0.30788	0.368151	1.03247	0.306338
ihec.chipseq.ihec-chipseq-containerv1.1.4.IHECRE00000027.3.ee84a798-d432-4ddb-a16e-2e66142b00aa.fc.signal	0	0	0	0	0	0	0	0	0	0	0	0	0	0	0	0	0	0.35409	0.218311	0	0	0.77473	0.37006	0.143764	0.79869	0.202335	0	0.207662	0.580384	0.583046	0.346103	0.35409	0.218311	0	0.0882353
ihec.chipseq.ihec-chipseq-containerv1.1.4.IHECRE00001016.4.764ff188-5975-4398-93ca-ac1cbb246bef.fc.signal	0.456377	0.634253	0.0173019	0.213203	0.639293	0.682626	0.658346	0.203789	0.476231	0.180033	0.00368253	0.818825	0.221112	0.0075424	0.528348	0.621806	0.288864	0.134532	0.155425	0	0.203791	0.18448	0.184625	0.602294	0.614829	0.34708	0.445082	0.878724	0.282096	0.358383	0.634277	1.10875	0.585809	1.36653	0.715328
ihec.chipseq.ihec-chipseq-containerv1.1.4.IHECRE00001892.4.a3994b5d-df9e-4d2b-8d1f-2a68f9eea142.fc.signal	0.494513	0	0.32062	0.431471	0.306222	1.23008	1.32186	0.0858603	0.288529	1.11095	1.14075	0.66584	0.210645	0.607285	1.36307	1.79793	0.659794	0.0971948	1.12149	0.473173	0	0.519747	0.122293	0	0	0.64204	0	0.648214	0.794964	0.483059	0.293504	0.865553	0.591973	0.859149	1
ihec.chipseq.ihec-chipseq-containerv1.1.4.IHECRE00001010.4.ca2bdc9d-950a-4d36-8a9f-03ff16443029.fc.signal	0.283511	0.211836	0.116679	0.267211	0.135488	0.0482258	0.0471249	0.193058	0.275036	0.128461	0.367892	0.272804	0.270159	0.0899154	0.0486202	0.0502277	0.0510841	0.109858	0.195305	0.167472	0.236504	0.216699	0.0542321	0.105202	0.301714	0.123775	0.0520397	0.166251	0.260375	0.248407	0.255286	0.141156	0.192971	0.291753	0.810476
ihec.chipseq.ihec-chipseq-containerv1.1.4.IHECRE00000949.6.e8717b6c-436c-4750-b776-17ab8ac934dd.fc.signal	0.99126	0	0	0	0.480088	1.48191	1.28522	0.355317	0.821798	0.618915	0.108754	0.322095	1.1949	0.59497	0.689498	0.672816	0.795147	0	0.789586	0.127891	0.278023	0.639454	0.655147	0.446687	0	0	0.817389	0.100088	0	0.83407	0.0857579	0.552614	1.33461	1.59438	0.453947
ihec.chipseq.ihec-chipseq-containerv1.1.4.IHECRE00001020.4.024b7548-e9d9-4ae1-9595-849a0178db6f.fc.signal	0.329116	0.533657	0.213878	0.408902	0.568324	0.699743	0.643197	0.266859	0.231505	0.318199	0.112379	0.158915	0.338295	0.412147	0.267336	0.181651	0.352063	0.146668	0.531031	0.505034	0.541155	0.427186	0.593221	0.372903	0.922856	0.78752	0.43575	0.321219	0.566773	0.117287	0.344413	1.04487	0.591499	0.356224	1
ihec.chipseq.ihec-chipseq-containerv1.1.4.IHECRE00000161.3.a62efed1-28b1-4005-b980-2a01726331e7.fc.signal	0	0	0	0	0	0	0	0	0	0	0	0	0	0	0	0	0	0	0	0	0	0	0	0.27741	0.46386	0	0	0	0	0.156894	1.11249	0.314232	0	0	0.576923
ihec.chipseq.ihec-chipseq-containerv1.1.4.IHECRE00000237.3.c302d52d-2f68-44d1-89a6-40282d63fa3e.fc.signal	1.38453	0.852579	0.560159	0.629588	0.410885	0.271975	0.396128	0.564319	0.339416	0.268989	0.416337	0.697826	0.637877	0.427238	0.584854	0.904549	0.671087	0.398612	0.545219	0.618588	0.721343	1.02616	0.987082	0.824377	0.572959	0.550593	0.549691	0.314715	0.469155	0.520489	0.66741	1.00279	0.815418	0.731257	0.73431
ihec.chipseq.ihec-chipseq-containerv1.1.4.IHECRE00003825.5.1834b585-ddc4-496a-932c-7a9bf9d8b90a.fc.signal	0.251429	0.24748	0.327107	0.315649	0.327892	0.353786	0.0455264	0.0174156	0.398418	0.357924	0	0.147067	0.458526	0.956699	0.294873	0	0	0	0	0.301516	0.516285	0.690851	0.522373	0.211288	0	0.0707878	0.266946	0.173908	0.446938	0.475027	0.0568072	0.187393	0.287786	0.23382	0
ihec.chipseq.ihec-chipseq-containerv1.1.4.IHECRE00001326.1.37115afe-1066-4486-a16d-45ed3b145950.fc.signal	0	0	0	0	0	0	0.295939	0.735812	0.141841	0	0.0780951	0.571969	0	0	0	0	0	0.569668	0.153413	0	0	0.326621	0.465187	0.314383	0.2109	0	0.450341	0.341467	0	0	0.529511	1.02573	0	0	0.280967
ihec.chipseq.ihec-chipseq-containerv1.1.4.IHECRE00000309.2.1ecfdd78-dca4-401e-9671-fb9ba4da2a16.fc.signal	0.205341	0	0	0	0.168673	1.03783	0.260347	0.520744	1.74187	0.949803	1.15515	2.41295	1.15511	0.132005	0.132005	0.55002	0.0513352	0.223693	1.37886	0.832427	0.498685	0.300678	0.575694	1.0525	0.271353	0.308038	1.6502	0.242028	0.458404	1.92888	0.766416	0.733407	0.513352	0.403864	0.106576
ihec.chipseq.ihec-chipseq-containerv1.1.4.IHECRE00000310.2.2951f7df-e391-4171-b97b-48cca4ab57a3.fc.signal	0.651732	0.129907	0.41346	0.500675	0.825698	1.22822	0.51552	0	0.276324	0.499777	0.522019	1.06829	1.12569	0.539527	1.33149	0.673549	0	0.369638	1.30683	0.850063	0.932017	1.88434	1.00897	1.00832	1.61218	0.871636	2.20718	0.99881	1.43056	1.97456	1.17725	1.64167	1.62	2.33912	0.203704
ihec.chipseq.ihec-chipseq-containerv1.1.4.IHECRE00000277.2.fb2124f0-36af-4a76-8ad7-d174d0cea4e6.fc.signal	0	0	0	0	0.136041	0.41985	0	0	0	0	0	0	0	0	0	0	0.398405	0.217017	0.323641	0.239691	0	0.204061	0.906939	0.387489	0.796295	0	0	0.0097172	0.48586	0.119845	0.819484	0.62514	0.69316	0.97172	0.276398
ihec.chipseq.ihec-chipseq-containerv1.1.4.IHECRE00003404.1.74b350f6-e337-49cb-b533-051914db11db.fc.signal	0.948355	0.619629	0.846545	0.388489	1.01541	0.453099	0	0	0	0.586247	0.591542	0.319449	0.336609	1.20862	1.58031	2.48937	0.787304	0	0.516667	1.63165	1.00252	0.646845	2.65137	2.05115	2.16426	1.77438	0.479343	0.449979	1.83751	0.576008	1.08899	1.51089	0.583985	2.54671	0.953224
ihec.chipseq.ihec-chipseq-containerv1.1.4.IHECRE00001548.1.f82ac9b0-d6bf-42cb-bbfe-2f32bc25b0e5.fc.signal	0	0	0.303674	0.378739	0	0.023114	0.278941	0.303692	0.56134	0.368717	0.073024	0	0.270418	0.395952	0.174457	0.760075	0.373787	0.250402	0.393488	0.499702	0.47879	0.013208	0	0.290026	0.400092	0.805253	0.545934	0	0	0	0	0	0.426508	0.485896	0
ihec.chipseq.ihec-chipseq-containerv1.1.4.IHECRE00003686.3.4f07d906-46cb-4b49-9eca-84ffb88233a3.fc.signal	0.170637	0	0	0.0399485	0.179095	0.180784	0.194027	0.0319446	0.102587	0.342659	0.0327191	0.046865	0.3605	0.097335	0	0.110553	0.359616	0.0322289	0	0	0	0.0525153	0.174278	0.16046	0.0177509	0.191776	0.664215	0.143813	0	0.114158	0.3605	0.0300417	0	0	0.844332
ihec.chipseq.ihec-chipseq-containerv1.1.4.IHECRE00001916.1.c6c23af5-0935-493c-8ba8-43c28ffbfb6f.fc.signal	0.41106	0	0	0	0	0	0	0.103876	0.617975	0.509331	0.212301	0.280742	0.505871	0.33062	0.423331	0.209039	0.0343963	0.0430399	0.447428	0.13447	0	0	0.12434	0.675297	0.902153	0.288083	0.316069	0.295109	0.0323462	0.722919	1.07645	0.0980263	0	0.0889809	0.620166
ihec.chipseq.ihec-chipseq-containerv1.1.4.IHECRE00004703.3.1bba97b5-19f8-44b2-9010-957803792d0a.fc.signal	0.235202	0.0409523	0.647708	0.888282	0.583389	0.677152	0.502105	0.566201	1.1655	0.837083	0.612493	1.05406	1.05539	1.52937	0.831497	0.53237	0.277761	0.483665	1.06474	0.762057	0.610714	0.448688	0.270641	0.115735	0.753153	0.801227	0.899155	0.905164	0.269822	0.187245	1.05354	0.735515	0.185175	0.351596	1
ihec.chipseq.ihec-chipseq-containerv1.1.4.IHECRE00000348.2.1c3471cc-b698-44b7-a81f-e538004368cc.fc.signal	0.0309799	0.146755	0.217395	0.0724384	0.121565	0.206196	0.783676	0.675693	0.186679	0.0888158	0.314835	0.261664	0.0207027	0	0.200239	0.193883	0	0.221522	0.308982	0.652034	0.0527715	0.088492	0.366466	0.320084	0.304672	0.0064592	0.559385	0.856952	0.174008	0.0552117	0.922404	0.22098	0	0	0.13783
ihec.chipseq.ihec-chipseq-containerv1.1.4.IHECRE00001013.4.770958ed-9bbe-4b12-bd7b-8137c6cce8cb.fc.signal	0.540724	0.387394	0.171809	0.035075	0.0902687	0.532342	0.708631	0.192862	0.329706	0.0687634	0.480713	0.199649	0	0.175461	0.191721	0.224349	0.240296	0.476861	0.687086	0.495776	0.236626	0.307403	0	0.209602	0.554029	0.313482	0.142935	0.661081	0.560366	0.28994	0.221497	0.986396	1.23891	0.533576	0.657459
ihec.chipseq.ihec-chipseq-containerv1.1.4.IHECRE00001887.4.a6734a5b-3b03-45c9-8bf9-b4b30b035291.fc.signal	0.641461	0.1024	0.561872	0.493242	0.564117	0.379147	0.412516	0.922944	0.319047	0.350015	0.203145	0.213029	0.6816	0	0.328403	0	0	0.164736	0.175549	0	0.574565	0.330556	0.421266	0	0	0.538314	0.357275	0.304868	0.537784	0.701664	0	0.410639	0.421216	0	0.672897
ihec.chipseq.ihec-chipseq-containerv1.1.4.IHECRE00001015.4.5c0d3bc3-2483-4334-82c2-b98db24b9499.fc.signal	0.469666	0.253998	0.117444	0.408365	0.990603	0.502789	0.80017	0.201542	0.288091	0.168171	0.3071	0.604585	0.568339	0.259801	0.165906	0.102561	0.20635	0.347743	0.328252	0.396838	0.670387	0.395733	0.0909851	0.20884	0.217358	0.103656	0.322188	0.514245	0.433384	0.135273	0.352677	0.680222	0.688786	0.287237	0.636095
ihec.chipseq.ihec-chipseq-containerv1.1.4.IHECRE00000321.2.5ba9011d-0b2f-4dce-adf6-b6fc909772d8.fc.signal	0	0	0	0	0	0.0856604	0.0899127	0.188651	0.476637	0.234679	0	0	0.120029	0.316908	0.075628	0.282217	0	0	0	0	0.0081782	0.505022	0.915288	0.592691	0	0	0	0	0	0	0	0	0	0	0.260997
ihec.chipseq.ihec-chipseq-containerv1.1.4.IHECRE00001918.1.ffd8a608-2156-4a94-9cef-9114e8021510.fc.signal	0.871134	0.283357	0.330326	0.744365	0.828204	0.634966	0	0	0	0.113848	0.301764	0.306137	1.38766	1.50083	0.809006	0.237824	0.794908	1.02635	1.62827	0.7874	2.22308	1.17748	0.342031	0.266669	0.337583	1.02692	1.50991	2.8462	1.99622	1.57627	1.3486	1.16027	1.65618	0.441231	0.530997
ihec.chipseq.ihec-chipseq-containerv1.1.4.IHECRE00003843.4.0955c465-0a29-4812-9c6e-d756f9a18b54.fc.signal	0.196081	0.078611	0	0.0326251	0.254979	0.120147	0.0233534	0.313303	0.943597	0.257209	0.236111	0.363904	0.203302	0.0346177	0.250871	0.0715369	0.117164	0.219514	0.0069468	0	0.0289145	0.47726	0.236425	0.133347	0.247113	0.191464	0.201843	0.225711	0.143016	0	0.0119137	0.401802	0.370382	0	0.735414
ihec.chipseq.ihec-chipseq-containerv1.1.4.IHECRE00003803.1.f859dcbd-afbe-4ae5-8435-ea7adf39970c.fc.signal	0.743688	0.0842523	0	0	0.041014	0.670865	0.254109	0	0	0.0158102	0.469052	0.218836	0.411317	0.733119	0.0282698	0	0.461723	1.90335	1.76959	2.50409	1.68421	0.589057	0.616863	0.414605	0.495485	1.22663	1.54252	0.492787	1.14276	2.34228	1.88143	1.63257	0.888754	0.524392	0.24057
ihec.chipseq.ihec-chipseq-containerv1.1.4.IHECRE00003730.1.aa91ddbb-920b-4389-adfc-bc95d87573a2.fc.signal	0.640622	0.243716	0.436297	0.351834	0.330903	0.158276	0.408715	0.330829	0.472983	0.705817	0.554306	0.542321	0.335742	0.058464	0	0.432119	0.680741	0.0893927	0.422941	0.233183	0.771234	0.350055	0.338475	0	0.0023742	0.382664	0.0680921	0.304245	0.238028	0	0.27754	0.238756	0.109201	1.1707	0.499156
ihec.chipseq.ihec-chipseq-containerv1.1.4.IHECRE00003805.1.76121c8c-54e2-4ced-950e-71658e8660f3.fc.signal	0.36671	0	0.116452	0.330885	0.270151	0.198918	0.157961	0.1135	0.295661	0.1374	0	0.23051	0.302789	0.167427	0.0815963	0.27093	0.414141	0.117791	0.0895123	0.18138	0.171677	0.42097	0.196094	0.332246	0.0036312	0.0548176	0.0905379	0.33116	0.50509	0.556246	0.427995	0.2199	1.0327	0.186371	0.243506
ihec.chipseq.ihec-chipseq-containerv1.1.4.IHECRE00000316.2.38701a2e-e775-4ba3-a57a-dbfc96545055.fc.signal	0	0	0	0	0	0	0	0	0	0	0	0	0	0	0	0	0	0.392394	0.547962	0	0	0.71491	0.333267	0	0	0	0	0	0	0	0	0.435397	1.82747	1.40437	0.502439
ihec.chipseq.ihec-chipseq-containerv1.1.4.IHECRE00000051.3.22470f4a-1e3a-4b92-9331-861c5b4f182d.fc.signal	0.0533071	0	0	0	0.0505137	0.139203	0	0.0111733	0.248046	0.38155	0.625711	0.375178	0.005088	0.00139667	0.64254	0.160095	0	0	0	0.0572633	0.195999	0	0.00977627	0.742812	0.598053	0.252204	0	0.59385	0.696893	0.602885	0.0249408	0.410046	0.842262	1.22672	0.457666
ihec.chipseq.ihec-chipseq-containerv1.1.4.IHECRE00001233.5.3fd172f1-2dff-4354-a3a1-c7faa70478b7.fc.signal	0.540125	0.209977	0	0.0139826	0.151007	0.0538966	0.165163	0.176645	0.437734	0.643424	0.3046	0.465697	0.161735	0.446918	0.433571	0.424001	0.464162	0.265559	0.411513	0.461083	0.338015	0.284045	0.441822	0.285996	0.751013	0.427537	0.307191	0.758409	0.511126	0.43951	0.967047	0.544399	0.44551	0.542581	0.995547
ihec.chipseq.ihec-chipseq-containerv1.1.4.IHECRE00001019.4.9d84c99a-dac5-45a2-b863-f9fa27db5859.fc.signal	0.798575	0.505514	0.00704867	0.58525	0.26678	0.839777	0.5074	0.313431	0.203228	0.0964101	0.577253	0.754722	0.311301	0.155625	0.428703	0.298652	0	0.106286	0.173146	0.417929	0.406341	0.622424	0.71966	0.660858	0.351244	0.564043	0.724389	0.590028	0.586696	0.175332	0.49241	0.240583	0.27395	1.04625	1
ihec.chipseq.ihec-chipseq-containerv1.1.4.IHECRE00003818.1.404b0fff-7a57-4978-8379-3089d99854a9.fc.signal	0.257155	0.0647352	0.491958	0.390245	0.129831	0.347504	0.282317	0.122278	0.465448	0.56454	0.622913	1.00383	0.364573	0	0.0855423	0.526	0.0820766	0.419484	1.26802	1.73316	1.03951	0.40642	0.894062	1.73539	0.852408	1.24448	0.267932	0.428311	0.0230085	0.129304	0.453804	0.149689	0.55902	0.759403	0.297133
ihec.chipseq.ihec-chipseq-containerv1.1.4.IHECRE00003396.1.4bb6cf38-793d-41e7-af37-1f5641085d37.fc.signal	0.382588	0	1.66343	0.44968	0	1.28046	2.65286	2.48609	2.03061	1.44542	0.886509	0.356897	0.846755	0.169603	1.25552	0.424188	0.458306	0.963065	0.698949	1.80759	2.73297	0.766787	2.67677	3.60983	3.68932	3.55411	1.57288	2.10951	1.72621	2.70135	2.06254	1.3044	1.33737	0.952058	0.765068
ihec.chipseq.ihec-chipseq-containerv1.1.4.IHECRE00003828.3.48fd1d77-4fae-45b7-99ef-0f36a27d82a3.fc.signal	0.368738	0.282622	0.636641	0.47267	0.444289	0.225216	0.305673	0.120573	0.482493	0.0667727	0	0.372371	1.20882	1.03302	0.246576	0	0	0.0226759	0.506697	0.416951	0	0	0.420122	0.487704	0.0497256	0	0	0.534872	0.409444	0.688466	0.0127839	0.353128	0.057732	0.300474	0.619048
ihec.chipseq.ihec-chipseq-containerv1.1.4.IHECRE00003806.1.52efbfdb-5e8a-4fc8-aa16-3be398d8b82d.fc.signal	0	0.152781	0.187071	0.166412	0	0	0	0	0	0	0	0	0.145581	0.0551407	0	0.00351013	0.26936	0.611691	0.163383	0.30298	0.150211	0.248611	0	0	0	0	0	0.280769	0.547855	0.245713	0.275839	0.529785	0.614555	0.461655	0.788801
ihec.chipseq.ihec-chipseq-containerv1.1.4.IHECRE00000353.2.dd51356f-ebe6-460e-8074-594ddc32311a.fc.signal	2.02261	0	0.403298	0.35077	0	0.968554	2.10103	2.64694	1.37847	2.31487	1.33729	2.64004	1.98244	1.01356	0.0783376	0	0	0	0	0	0	0	0	0	0	0	0	0	0	0	0.137971	0.717456	0	0	0.269189
ihec.chipseq.ihec-chipseq-containerv1.1.4.IHECRE00000317.2.c81d47a7-65a6-4ce3-b453-52a119e5ceec.fc.signal	0	0	0	0	0	0	0	0	0	0	0	0	0	0	0	0	0	0	0	0	0.135139	0.323573	0.00642427	0	0	0	0	0	0	0.125268	0.571205	0.296194	0.212683	0	0.332404
ihec.chipseq.ihec-chipseq-containerv1.1.4.IHECRE00003846.4.2cf78cce-4147-4b4e-9fec-f7eecb7960a2.fc.signal	0.45849	0.849869	0.445026	0.101917	0	0.16164	0.210562	0.380449	0.0746801	0	0.496541	0.3455	0	0.146426	0.242488	0.191655	0.250288	0	0	0	0	0.388476	0.0488077	0	0.204539	0.470809	0.0837116	0	0	0.222472	0.173889	0	0	0	1
ihec.chipseq.ihec-chipseq-containerv1.1.4.IHECRE00001903.1.7f8e529d-cf30-4d19-82b7-6287d94d8e26.fc.signal	0	0	0	0	0.0222938	0.311815	0	0.0696412	1.01447	0.22064	0.482556	0	0	0	0.153222	0.847509	0.543024	0.251231	0	0.722658	0.00308787	0	0	0.467996	0.548555	0.269311	0	0	0.110131	0.350916	0.871139	0.674838	0.844664	0.17601	0.455743
ihec.chipseq.ihec-chipseq-containerv1.1.4.IHECRE00001007.4.1a97b39a-ee79-4473-a53d-52cf42dd3336.fc.signal	0.675177	0.204062	0	0.0258385	1.15259	0.761341	0.824068	0.561653	0.676509	0.811877	1.38473	0.496035	0.0895397	0.283492	0.335695	0.0674893	0.016793	0.597558	0.203363	0.186994	0.244809	0.0420531	0.726722	0.429191	0.143943	0	0	0	0	0.362502	0.250374	0.40961	0.23855	0.510881	0.538399
ihec.chipseq.ihec-chipseq-containerv1.1.4.IHECRE00001044.7.81d2cec4-6d09-4c4d-9e5a-688e4151854e.fc.signal	0.0897296	0	0.211694	0.39541	0.0819673	0	0	0.149712	0.147911	0	0.0754867	0.172005	0	0	0.162111	0.432183	0.0940296	0.666725	0.232492	0.253311	0.86029	0.076257	0	0.239285	0.255705	0.981848	0.170999	0.190729	0.35285	0.459626	0.879055	0.350088	0.0655013	0.264312	0.570652
ihec.chipseq.ihec-chipseq-containerv1.1.4.IHECRE00001909.1.8c653551-6305-4aad-9cb7-dd859adbbf5d.fc.signal	0	0	0.312628	0.116048	0	0.330695	0.395907	0.654966	0.30916	0.918707	0.0950479	0.0861289	1.48266	0.113197	0.66161	0	0.0327543	0.729245	0.0094852	0	0	0	0	0	0	0	0	0	0.003772	0.833721	1.2714	0.60731	0.0205524	0.662986	1
ihec.chipseq.ihec-chipseq-containerv1.1.4.IHECRE00000339.2.7a2d3f54-2b3a-4474-b0f6-8d1ef1d55280.fc.signal	0	0	0	0	0.0334884	0.179407	0.307234	0.109018	0.253486	0.225913	0.504173	0.961965	0.545279	0.0669847	0	0	0	0	0	0	0	0	0	0	0	0	0	0.133555	0.562835	0.0724217	0	0.194404	1.42268	1.40552	0
ihec.chipseq.ihec-chipseq-containerv1.1.4.IHECRE00000718.3.aa15ac7e-15a0-48e8-acc8-ec3bdca62dd4.fc.signal	0	0	0	0	0	0	0	0	0.55108	0.137764	0	0.464319	0.224493	0	0	0	0	0	0	0	0	0	0	0	0	0	0	0	0	0	0	0	0	0	0.296875
ihec.chipseq.ihec-chipseq-containerv1.1.4.IHECRE00000301.2.54bef39c-00f9-4673-9ac6-2ee229fb98cf.fc.signal	0	0	0	0	0	0	0.581872	0.541716	0	0.295866	0.605832	0	0.351386	0.822658	0	0	0	0.602179	0.537965	0	0	0	0	0.0556686	1.62091	0.609717	0	0	0	0.272093	0.601073	0	0	0.288507	0.382488
ihec.chipseq.ihec-chipseq-containerv1.1.4.IHECRE00000808.1.f7f7f37c-d649-4c63-be2e-025ef83a7dea.fc.signal	0.241537	0.302413	0.189345	0.242501	0	0	0.18202	0.208627	0.267878	0.373483	0.223737	0.355246	0.193536	0.399182	0	0	0	0	0.474585	0.0351008	0	0	0	0	0	0	0	0	0	0.449957	0.106922	0	0	0.169177	0
ihec.chipseq.ihec-chipseq-containerv1.1.4.IHECRE00000124.3.f00ae881-3750-417b-9d2b-4bb1803de1d7.fc.signal	0	0.476168	0.514776	0.553384	0	0.317445	0.871713	0.323334	0	0	0	0	0.124404	0.637194	0.419357	0.0665839	0	0.130606	0.754271	0.108025	0	0.0460993	1.9295	1.47321	0.229533	0.600436	0.0686368	0.420423	1.4959	1.62328	1.66834	1.28868	0.209812	0	0.401961
ihec.chipseq.ihec-chipseq-containerv1.1.4.IHECRE00003402.2.d3186b4d-954d-4e57-a34d-97e0da3e61a0.fc.signal	0.590128	0	0.0530764	0.602361	0.837503	0.617148	0.635676	1.43092	0.816084	0.625256	0.678161	0.850176	0.565939	0.805044	1.24134	1.02715	1.2735	1.66072	1.82963	1.00643	0.409	0	0	0	0.397274	0.745309	0.6664	0.00489907	0	0	0.483466	0.450975	0.451632	0	0.419571
ihec.chipseq.ihec-chipseq-containerv1.1.4.IHECRE00001936.1.560a707c-11f9-456f-9667-23fa8be1b9b6.fc.signal	0.0794835	0.003029	0.122494	0.304241	0.116225	0.359757	0.29367	0.129885	0.113019	0.0295615	0.0759377	0.390963	0.201649	0.007512	0.32236	0.35028	0.168777	0.155943	0.114806	0.387434	0.112608	0.278391	0.361045	0.149372	0.116317	0.285526	0.507186	0.241889	0.368559	0.543444	0.24004	0.0923459	0.46408	1.07032	0.539424
ihec.chipseq.ihec-chipseq-containerv1.1.4.IHECRE00001482.1.9755e0ba-37a3-43a9-ac73-183469af6d57.fc.signal	0	0	0	0.363682	0.118423	0	0	0	0.0373968	1.11116	0	0	0.554721	0.629515	0	0.302565	0	0.592116	0	0.86575	0.308953	0	0	0	0.489216	0	0	0	0	0	0	0	0	0.644336	0.304945
ihec.chipseq.ihec-chipseq-containerv1.1.4.IHECRE00000060.3.859b49cb-ac61-48c4-a1ad-a49ca139de17.fc.signal	0	0	0	0	0	0	0	0	0.218173	0.489933	0	0	0	0	0	0	0.359794	0.595202	0.210779	0	0.339702	0.141202	0	0	0.250541	0.118179	0	0	0	0.303908	0.170874	0.283242	0.424864	0	0.300896
ihec.chipseq.ihec-chipseq-containerv1.1.4.IHECRE00001458.1.d8ccd9dc-ebec-442c-9398-5b7d4cc7bd17.fc.signal	0	0	0.154557	0.340365	0.0413304	0	0	0	0	0	0.30147	1.29651	0.713289	0.436767	0.267912	0	0	0.0113669	0.42626	0.201763	0	0.139245	0.475417	0.71611	0.554135	0.264281	0.375109	0	0	0.331144	0.285495	0.42626	0.179029	0.178058	0.50423
ihec.chipseq.ihec-chipseq-containerv1.1.4.IHECRE00003660.4.1311705e-28de-47d0-83a5-4d4ef302cdd6.fc.signal	0.785887	1.03244	0.465727	0.201065	0.351135	0.427008	0.642139	0.686858	0.394738	0.908742	0.873947	0.507957	0.173702	0.59456	0.875798	0.522812	0.830776	0.657884	0.205378	0.442926	0.356112	0.914469	0.768998	0.762708	1.04774	0.597518	0.608968	0.700038	0.688608	0.569507	0.8415	1.226	0.886799	0.504577	0.279661
ihec.chipseq.ihec-chipseq-containerv1.1.4.IHECRE00000265.2.49ad535a-ae59-4a9d-903e-0b4b436d2583.fc.signal	0	0	0	0	0	0	0	0	0	0	0	0	0.0128797	1.38255	0.744929	0.537339	0.159837	0	0	0	0	0	0	0	0.181541	0.751377	0	0.578085	0.128797	0	0	0	0.00643987	0.391281	0.310787
ihec.chipseq.ihec-chipseq-containerv1.1.4.IHECRE00001914.1.8e285ede-ec5b-4f68-8356-b0089710b615.fc.signal	0	0	0.205601	0.203954	0	0	0	0.233886	0.2347	0.0769929	0.366038	0.383448	0.508938	0	0	0.0462767	0.257306	0.106053	0.503032	0.197148	0	0.503096	1.01172	0.28911	0.441603	0.239024	0	0.358529	0.74332	0.305982	0	0.34352	0.665267	0.333372	0.625304
ihec.chipseq.ihec-chipseq-containerv1.1.4.IHECRE00003829.4.86c5f202-7b84-42f8-b6ed-71aa22b2e0fd.fc.signal	0.0182572	0.271921	0.166274	0	0	0.116704	0.243698	0.18756	0.228487	0.334651	0.215842	0	0	0	0	0	0	0.16909	0.0977469	0	0	0	0	0	0	0	0	0	0.15003	0.298814	0	0.10821	0.16946	0.148988	0.399471
ihec.chipseq.ihec-chipseq-containerv1.1.4.IHECRE00001017.4.8b041313-9130-46c7-a7b6-9eca4440f0be.fc.signal	0.264696	0	0	0	0	0.165528	0.262295	0.57187	0.106258	0	0.624931	0.160312	0.104701	1.00278	0.300025	0.41793	0.767775	0.407004	0.456354	0.415328	0	0	0	0.212613	0.667729	0.937916	0.214237	0.528381	0.729282	0.212064	0.383828	0.763652	0.830629	0.672364	1
ihec.chipseq.ihec-chipseq-containerv1.1.4.IHECRE00001963.2.c17770a0-5e1a-467c-8c25-b0784609b22f.fc.signal	0.0918363	0	0	0.0723789	0.171541	0.0226457	0	0	0	0	0	0	0	0	0	0	0	0.156	0.517016	0.24602	0.0928715	0.226091	0.0247539	0.25401	0.573471	0.389623	0.0326432	0.149375	0.170144	0.031135	0.280334	0.417729	0.666888	0.350313	1
ihec.chipseq.ihec-chipseq-containerv1.1.4.IHECRE00001379.1.ce0a579a-a1e5-4f0e-8271-08287ddb5868.fc.signal	0	0	0	0	0	0	0	0.269248	0.440649	0	0	0	0.208562	0.344435	0	0	0.257924	0.406567	0.408249	0.0236667	0.387366	0.294915	0.200426	0.833236	0.318846	0.481812	0.970709	0	0.21059	0.843894	1.78549	1.23151	0.485626	0.235717	0.563025
ihec.chipseq.ihec-chipseq-containerv1.1.4.IHECRE00000238.3.bd79aee4-cb3e-4358-b4aa-2b3125cb6682.fc.signal	0	0	0.0644261	0.136605	0.0670877	0.0537952	0.0232025	0.160416	0.15534	0.231063	0.215285	0.334085	0.158012	0.109933	0.066248	0.132694	0.105999	0.125414	0.0805537	0.102427	0.070562	0.0509138	0.0404462	0	0.0164477	0.115513	0.0632034	0.0684562	0.05336	0.0480721	0.122423	0.10436	0.0526403	0.141517	1
ihec.chipseq.ihec-chipseq-containerv1.1.4.IHECRE00000285.2.d9a45ad9-0c1b-4c3e-a6b0-14d024892aec.fc.signal	0	0	0	0	0	0	0	0	0	0	0	0	0	0	0.19484	0.38968	0	0	0	0	0	0	0	0	0	0	0	0	0.346633	0.0110923	0	0	0	0	0.269966
ihec.chipseq.ihec-chipseq-containerv1.1.4.IHECRE00001471.1.1a15235c-2fe4-4569-a5a6-ed62c1765abd.fc.signal	0.446628	0	0.364665	0.516109	0.506955	0	0	0	0.0345257	0.344151	0.00806107	0	0	0	0	0.163238	0.382744	0	0.688533	0.426293	0.551234	0.37239	0	0.316488	0.513414	0.748413	0.943475	0.378841	0.450808	0.184402	0.818031	0.511255	1.14054	0.200891	0.607914
ihec.chipseq.ihec-chipseq-containerv1.1.4.IHECRE00003690.3.dc1d2dc3-279f-44dc-a6f1-0d5154726fd5.fc.signal	0.664104	0.976049	0.838531	0.220251	0.0366449	0.0764885	0.481733	0.578315	0.42447	0.840941	1.12355	1.0351	0.89008	0.480319	0.499772	0.794922	0.825107	0.458869	0.534654	0.965987	0.761388	0.36293	0.185158	0.294519	0.350183	0.163694	0.309933	0.385727	0.474955	0.508511	0.191893	0.273039	0.714434	0.813893	0.828729
ihec.chipseq.ihec-chipseq-containerv1.1.4.IHECRE00000260.2.5f5eb12c-0369-497c-bc47-61446f48fe2b.fc.signal	0.0154171	0.17698	0.107092	0.105415	0.128776	0.104162	0.206741	0.195942	0.12238	0.101754	0.600233	0.17556	0.59068	0.22684	0.295143	0.0998435	0	0.594025	0.290584	0	0	0.483346	0.923274	0.0574785	0.0674567	0.885039	0.345763	0	0	0	0.67511	0.704617	0.019522	0.834434	0.133423
ihec.chipseq.ihec-chipseq-containerv1.1.4.IHECRE00003691.3.6671b082-a817-48d2-abb0-2b33e6b6a3bd.fc.signal	0.302539	0.38604	0.22404	0.369757	0.27942	0.0976784	0.167198	0.167249	0.095977	0.242563	0.085994	0.138859	0.110838	0.016388	0	0	0	0	0	0	0	0	0.0223133	0.105076	0.218789	0.331125	0.0882759	0	0	0	0	0.122318	0.410845	0.499101	0.589744
ihec.chipseq.ihec-chipseq-containerv1.1.4.IHECRE00000886.3.a75a4a4a-c05e-4322-b8d9-984f9e05930a.fc.signal	0.0755794	0	0	0.0704217	0.216642	0.275654	0.188975	0.180972	0.294062	1.30269	0.540387	0.0793359	0	0.41507	0.230315	0.357874	0.0181412	0	0.153702	0.466026	0	0.614751	0.00495893	0	0	0	0	0.151247	0.406613	0.0619867	0	0	0.299993	0.974315	0
ihec.chipseq.ihec-chipseq-containerv1.1.4.IHECRE00003683.3.337d4e8a-e984-41f8-aa57-60f7eb5f2a93.fc.signal	0.629013	0.0663789	0.0151444	0.25691	0.367004	0.453645	0.324919	0.124609	0.0954503	0.265613	0.07051	0.193824	0.117909	0.126348	0.233505	0.163923	0.33757	0.100371	0.245077	0.188846	0	0.00224973	0.292546	0.211284	0.220833	0.26328	0.0438698	0.270034	0.211514	0	0.0947818	0.431482	0.388013	0.0741473	0.686869
ihec.chipseq.ihec-chipseq-containerv1.1.4.IHECRE00003838.5.82ddd4cf-3b63-4f67-947e-b3f54aa3c13f.fc.signal	0.322947	0.154066	0.386879	0.11473	0	0	0	0	0	0	0	0	0	0	0	0	0	0	0	0	0	0	0	0	0	0	0	0	0	0	0	0.145871	0.385239	0.445125	1
ihec.chipseq.ihec-chipseq-containerv1.1.4.IHECRE00000193.3.179018aa-ea1d-4971-92d4-32a8540ba1a7.fc.signal	0	0	0	0.440687	0.802533	0.11964	0	0	0	0	0.780649	1.42079	0.819662	0.0234172	0	0	0	0.249783	0.457156	0	1.14555	0.557144	0	0.281006	0.480053	0	0	0	0	0	0.245881	0.67862	0.925447	0.511331	0.197802
ihec.chipseq.ihec-chipseq-containerv1.1.4.IHECRE00000734.3.49524629-753a-4400-aea1-9377ee92f3c1.fc.signal	0.0812234	0.297289	0.0415672	0.390096	0	0.162575	0.404376	0.30698	0	0	0.530323	0.0125366	0	0	0	0	0	0	0	0	0	0	0	0	0	0.465416	0.104939	0	0.285166	1.28674	0.633383	0.0707048	0	0	0
ihec.chipseq.ihec-chipseq-containerv1.1.4.IHECRE00000159.3.8d945f17-d936-49bb-87b9-64236028f157.fc.signal	1.91676	0.616127	0	0	0	0	0	0	0	0	0.350862	1.4761	1.22795	0.710281	0.085576	0.436438	0.774463	0.329468	0.551965	0.800136	0.372256	0.586196	0	0	0	0	0.0470668	0.64182	0.0812972	0.83863	1.40336	0.526292	0.633262	0.64182	0.310244
ihec.chipseq.ihec-chipseq-containerv1.1.4.IHECRE00003685.2.e68f52c1-41a1-4e05-8c93-7ca09c5fb4fe.fc.signal	0.473603	0.568496	0.732631	0.666806	0.742035	0.866846	0.768535	0.345371	0.318872	0.558238	0.406925	0.18978	0.0521469	0.232572	0.364285	0.240218	0.0572761	0	0.218646	0.73506	0.714679	0.32058	0.430394	0.411404	0.232818	0.308072	0.339517	0.3083	0.494121	0.60611	0.462493	0.367598	0.395813	0.290112	0.726619
ihec.chipseq.ihec-chipseq-containerv1.1.4.IHECRE00003695.3.08f241da-4ea3-4efd-8a07-63057f4f6ca8.fc.signal	0.166014	0.21654	0.0583527	0.0248027	0.132942	0.185999	0.0723973	0	0	0.0555786	0.125593	0.165292	0.215093	0.21654	0.113323	0.177563	0.212931	0.043308	0.0064962	0.183336	0.365908	0.2584	0.0692928	0.0526914	0.201382	0.168179	0.0194886	0	0.191277	0.21654	0.0339246	0	0.061353	0.10827	1
ihec.chipseq.ihec-chipseq-containerv1.1.4.IHECRE00000828.1.aa54d00c-3307-444e-b6a2-8d8127554fe8.fc.signal	0	0	0	0	0	0	0	0	0	0	0	0	0	0	0	0	0	0	0	0	0	0.401859	0.190649	0	0	0	0	0	0	0	0	0	0	0	0.332083
ihec.chipseq.ihec-chipseq-containerv1.1.4.IHECRE00000095.3.3b9c0758-a507-4ba6-8b40-525446c44f5c.fc.signal	0	0	0	0.105157	0.351543	0.255226	0	0.633461	0.339076	0	0.0210315	0.746552	1.13819	0.119139	1.1317	0.50735	0.260602	1.16492	0.197141	0.601914	0.763678	0.493431	0.772759	0.230775	1.01052	0.664355	0.402224	0.0520204	0.650921	1.4889	1.18813	1.01462	0.793843	0.469186	0.521206
ihec.chipseq.ihec-chipseq-containerv1.1.4.IHECRE00001025.7.737b5bf1-d829-45ff-8c28-1667416be068.fc.signal	0.09979	0.304441	0.491032	0.256822	0.582251	1.07385	0.371246	0.727933	0.256108	0.442897	0.782026	0.393625	0.54716	0.803817	0.273525	0	0.0143707	0.447171	0.660678	0.679094	0.776004	0.317593	0.483463	0.119191	0.649983	0.709748	0.466201	0.611673	0.214977	0.328941	0.624247	0.657807	0.595056	0	0.621904
ihec.chipseq.ihec-chipseq-containerv1.1.4.IHECRE00000004.3.d4ddb155-135f-4f63-b728-20a003fec429.fc.signal	0.636482	0	0	0	0	0.13675	0.945846	0.570651	0	1.21602	0.499034	0.284984	0.526962	0	0.535523	0.342384	0	0.0184787	0.704128	0.708595	1.06674	0.390887	0.904279	0.785796	0	0.114128	1.73487	0.850114	0.550297	0	0.0746221	1.14574	2.25197	1.67482	0.495693
ihec.chipseq.ihec-chipseq-containerv1.1.4.IHECRE00000177.3.94ad3781-f8aa-4d56-830a-df16a910858c.fc.signal	0	0	0	0.449536	0.191937	0.248409	0.132725	0.35508	0.533615	0.0948345	0	0	0	0	0	0	0	0.443298	0.621002	0	0	0	0.156801	0.39942	0.292081	0.276708	0	0	0	0	0.381194	0.616912	0.355961	0.345764	0.551471
ihec.chipseq.ihec-chipseq-containerv1.1.4.IHECRE00000256.2.79549a9e-789a-46a9-a458-4a2c1259c94e.fc.signal	0	0	0	0	0	0.322234	0.23428	0.0074628	0.560399	0.17931	0	0.233444	0.726193	1.06782	0.273649	0	0	0	0.0027366	0.337709	0.0993948	0	0	0.0289736	0.732912	0.346836	0	0	0	0.276073	0.989783	0.12041	0	0	0.365048
ihec.chipseq.ihec-chipseq-containerv1.1.4.IHECRE00001011.4.567c133d-62ea-4adf-bc97-6ef3e532e6a6.fc.signal	0.486725	0.377694	0.144124	0.315047	0.382363	0.431339	0.447644	0.333541	0.21122	0.179373	0.255694	0.350342	0.40147	0.77595	0.588165	0.59088	0.308067	0.238584	0.206236	0.32638	0.195474	0.218611	0.224409	0.206889	0.277522	0.360162	0.435615	0.404674	0.240968	0.439662	0.281868	0.363989	0.535425	0.507958	0.77951
ihec.chipseq.ihec-chipseq-containerv1.1.4.IHECRE00000226.3.9c7eaa04-c3db-4e66-8efe-5b8055313af7.fc.signal	0.0848789	0.296034	0.389071	0.216607	0.125999	0.113824	0.190747	0.308603	0.30088	0.348696	0.273496	0.188807	0.279574	0.211205	0.125907	0.0912452	0.0258623	0.0316194	0.308816	0.318086	0.106069	0.170789	0.20376	0.409976	0.671218	0.826555	0.685935	0.249683	0.0668136	0.351574	0.666706	0.823277	0.748363	0.728434	0.716895
ihec.chipseq.ihec-chipseq-containerv1.1.4.IHECRE00003677.3.424bbc61-947c-4459-9db6-6a124654e2c1.fc.signal	0.133174	0.0066412	0	0	0	0	0.191032	0.150596	0	0	0.0323316	0.380693	0.398977	0.103121	0.0669173	0	0	0.0150248	0.110877	0.0392837	0.171515	0.11328	0.031937	0.16071	0.0160383	0	0	0	0	0	0.145201	0.27375	0.0107878	0	1
ihec.chipseq.ihec-chipseq-containerv1.1.4.IHECRE00000964.7.f15be373-5bad-4963-a06f-42b469a3cf40.fc.signal	1.29097	0.0812479	0.40305	0.845669	0.62206	1.03916	0.848353	1.35969	0.894925	1.17414	1.46857	0.957967	1.06915	1.90402	0.650201	0.339839	0.466129	0.806171	0.919547	0.860975	0.71236	0.57261	1.34368	1.33484	0.196826	1.61593	0.258735	2.17576	1.36663	0.711073	1.9033	0.332786	1.09792	2.06975	1
ihec.chipseq.ihec-chipseq-containerv1.1.4.IHECRE00000315.2.77b077b9-b592-40fb-a148-e0b72142ceae.fc.signal	0	0	0.0798283	0.268924	0.234231	0.521812	0.216456	0	0	0.0413536	0.257585	0.369984	0.11693	0.542407	0.324313	0	0.070158	0.694227	0.141434	0.336565	0.127722	0.537472	0.449527	0.293381	0.289801	0.638832	0.584801	0	0.292401	0.32106	0	0	0	0	0.400853
ihec.chipseq.ihec-chipseq-containerv1.1.4.IHECRE00000008.3.b96d5c84-a138-4fe2-8971-713e73270893.fc.signal	0	0	0	0	0	0	0	0	0	0	0	0	0	0	0	0	0.654356	0.280656	0	0	0	0	0	0	0	0	0.0113358	0.783068	0.548313	0.0421209	0.702978	0.650954	0.963901	0.665794	0.564516
ihec.chipseq.ihec-chipseq-containerv1.1.4.IHECRE00000267.2.3acbc00a-f227-403a-a48f-1ca09290ab1f.fc.signal	0	0	0	0	0	0	0.655718	0	0.401001	0	0	0	0	0.655718	0	0	0.324737	0.330981	0	0	0	0.174858	0.447725	0	0.387186	0.924308	0	0.655718	0.655718	0	0	0	0	0	0.257707
ihec.chipseq.ihec-chipseq-containerv1.1.4.IHECRE00001004.4.e0369074-ee52-41ac-b225-ea681cb464a2.fc.signal	0.274971	0.115613	0.0388299	0.0584453	0.119475	0.185954	0.289473	0.223394	0.0762263	0.0601538	0.129954	0.0147027	0.0148709	0.080651	0.118186	0.171476	0.124454	0.0415177	0.0861271	0.143459	0.271735	0.141408	0.147464	0.11929	0.110767	0.10489	0.126485	0.136131	0.115464	0.157978	0.175732	0.123389	0.055856	0.143338	1
ihec.chipseq.ihec-chipseq-containerv1.1.4.IHECRE00003842.2.8e80fc9c-0a28-49e7-b117-74c22a7209b5.fc.signal	0	0	0.0490605	0.289802	0.0705967	0	0	0	0	0	0	0	0	0	0	0	0.206984	0.219788	0	0	0	0	0	0	0.0810743	0.312628	0.0330625	0	0	0	0	0	0	0	0.740035
ihec.chipseq.ihec-chipseq-containerv1.1.4.IHECRE00003816.1.9e6f4d67-87ca-49b7-b858-47c6e7245820.fc.signal	0	0.49179	0.440765	0.428032	0.271526	0.0587457	0.0735343	0.104152	0	0.135307	0.19616	0.256581	0.0941314	0.121081	0.14557	0	0	0.256655	0	0.118234	0.125118	0.207102	0.0109007	0	0	0	0	0	0	0.352807	0.298274	0.272214	0.0090038	0.100677	0.318794
ihec.chipseq.ihec-chipseq-containerv1.1.4.IHECRE00001906.1.ab339ba6-8e79-4160-a042-90f773410cae.fc.signal	0	0	0.257664	0.0990806	0	0.0185797	0.0907267	0.347268	0.0946958	0.0695185	0.089739	0.287216	0.251371	0.00956247	0.0579989	0	0.0810614	0.0539812	0.0004186	0.12361	0.288343	0.100382	0.00833013	0.011572	0.236252	0.227809	0.244205	0.181638	0.195014	0.483974	0.348863	0.297041	0.135808	0.134902	0.489958
ihec.chipseq.ihec-chipseq-containerv1.1.4.IHECRE00001905.1.1eb5c9a6-e661-4c11-8e25-f4766fa2f43d.fc.signal	0.0607195	0	0.101678	0.846589	0.30088	0	0	0	0	0	0	0	0	0	0	0	0	0	0	0	0	0	0	0	0	0	0	0	0	0.159536	0.204009	0.00732727	0	0	0.622327
ihec.chipseq.ihec-chipseq-containerv1.1.4.IHECRE00000343.2.17a73f09-9579-40bb-9699-7c91429465bb.fc.signal	0.122244	0	0.238316	0	0.373746	0	0	0	0	1.32901	0.0149375	0	0	0	0.803686	0.48703	0	0	0.61122	0.411185	0.642251	0.0298749	0.181513	2.9266	0.140766	0.0659607	1.12829	0.0963127	0.78326	1.14539	0	1.507	1.61289	0.312586	0.20398
ihec.chipseq.ihec-chipseq-containerv1.1.4.IHECRE00000084.3.6615446a-840c-42f3-8de3-7683d60a1480.fc.signal	0.44782	0.00298547	0	0	0	0	0	0	0	0.409009	0.232866	0	0	0	0	0	0	0	0	0	0	0	0	0	0.0716512	0.44782	0.122404	0.0776221	0.44782	0.116433	0	0	0	0	0.592476
ihec.chipseq.ihec-chipseq-containerv1.1.4.IHECRE00000330.2.6b3a15db-45f7-4c78-af1d-ba6d658e4b18.fc.signal	0	0	0	0	0	0	0	0.596266	0.473271	0.313424	0	0.161059	0.469014	0.07371	0	0.17234	0.123461	0.0265356	0.370095	0	0	0	0	0	0	0.0424597	0.593409	0	0.755974	0.854048	0.879925	0	0	0.287209	0.348837
ihec.chipseq.ihec-chipseq-containerv1.1.4.IHECRE00001962.2.6ff00d21-c2de-48d7-8406-d314ad572f14.fc.signal	0	0	0	0	0	0	0	0	0	0	0	0	0.0997353	0.13015	0.0531031	0	0	0	0	0.142814	0.300996	0.132971	0.778794	0.93023	0.863339	0.130883	0.0861848	0.635341	0.16057	0.144884	0.143811	0.0141391	0.366906	0.598114	0.80226
ihec.chipseq.ihec-chipseq-containerv1.1.4.IHECRE00000121.3.18840011-517b-4a58-bd65-f86bd389148f.fc.signal	0	0	0	0	0	0	0	0.0250735	0.270454	0.230973	0.250906	0.163038	0.395255	0.591137	0.131835	0	0.149138	0.538622	0.587723	0.630066	1.26806	0.842768	1.62266	0.779532	0.513628	0.777015	1.3713	2.01081	1.96622	1.62765	2.31176	2.4142	2.3574	1.87172	0.559682
ihec.chipseq.ihec-chipseq-containerv1.1.4.IHECRE00000728.1.2c1739a8-c0c4-4f1f-9e6b-46c1ce8ff180.fc.signal	0.0161364	0	0.0844719	0.374237	0	0	0.391332	0.0504443	0	0	0	0.406764	0.2665	0.252475	2.12079	0.3198	0.589106	0.378711	0.34798	0	0	0.333827	0.931353	0.499337	0.731354	1.50907	0.555443	0.544222	0.129042	0	0	0	0	0	0
ihec.chipseq.ihec-chipseq-containerv1.1.4.IHECRE00001964.2.daf2ffe6-6c5e-4ab8-9f88-8a9b4df4d380.fc.signal	0	0	0.15725	0.0624824	0.156666	0.195394	0.114982	0.080412	0	0	0	0	0	0.171546	0.294974	0.210205	0.47714	0.00357387	0.393125	0	0	0	0.251968	0.552198	0.362146	0	0	0	0	0	0	0	0	0	0.754824
ihec.chipseq.ihec-chipseq-containerv1.1.4.IHECRE00000974.7.3ed58a0f-af1e-4c53-b5bc-87b47881334c.fc.signal	1.16902	0.117204	0.806032	0.560596	2.57636	2.26301	2.26855	3.16891	1.4063	1.10128	2.31191	2.15033	1.56454	1.1911	2.26493	1.18599	1.3085	0.878469	1.36752	1.31469	1.23822	0.775439	1.00456	0.842789	1.71464	0.791636	1.50954	1.03801	1.22867	1.19835	0.845743	2.27934	1.03136	1.50433	0
ihec.chipseq.ihec-chipseq-containerv1.1.4.IHECRE00003684.3.803d7f5d-192e-4b5b-9ea2-f9b8994e9342.fc.signal	0.38786	0.313356	0.0382507	0.307305	0.384901	0.101891	0.196521	0.204137	0.10066	0.0055488	0.265408	0.396832	0.340384	0.120224	0.0813824	0.298533	0.410771	0.0459219	0	0	0	0	0.0807796	0.208734	0.153374	0.152164	0.0282884	0	0	0	0	0	0	0	0.54886
ihec.chipseq.ihec-chipseq-containerv1.1.4.IHECRE00003822.3.74108963-2000-4ef3-be2d-d0a461ec7951.fc.signal	0.312772	0.0895471	0	0.30299	0.282192	0.234622	0.0431285	0.263725	0.180637	0	0	0.212659	0.309202	0	0	0	0	0	0	0	0	0	0	0	0	0	0	0	0	0	0	0	0	0	1
ihec.chipseq.ihec-chipseq-containerv1.1.4.IHECRE00001952.2.53bb9a01-f358-4483-9142-27b2e32f31f6.fc.signal	0	0	0	0	0.0313281	0.239322	0.00549167	0	0	0	0.0945979	0.235898	0.00109833	0.186953	0.201678	0.0376009	0	0	0.210223	0.205157	0	0	0	0	0	0	0	0	0	0	0	0	0.0457135	0.488674	0.791326
ihec.chipseq.ihec-chipseq-containerv1.1.4.IHECRE00001954.2.792a7453-f3de-4e03-b55b-6ed6dc280947.fc.signal	0	0	0	0	0	0	0	0	0	0	0	0	0	0	0	0	0	0	0	0	0	0	0	0	0	0	0	0	0	0	0	0	0	0	0.543696
ihec.chipseq.ihec-chipseq-containerv1.1.4.IHECRE00000234.3.6a23ee53-5bb1-4c15-8111-d4f37cf2dcf6.fc.signal	0.204475	0.0885307	0.147744	0.336071	0.211902	0.0118159	0.163694	0.308703	0.3166	0.350585	0.171341	0.149354	0.167648	0.0891747	0.0532443	0.104938	0.228626	0.391755	0.282355	0.0449013	0.0996758	0.343782	0.463788	0.406928	0.227821	0.194362	0.204315	0.173901	0.157667	0.173738	0.170596	0.0944377	0.217429	0.292343	0.821326
ihec.chipseq.ihec-chipseq-containerv1.1.4.IHECRE00000129.3.24e1c000-860b-414c-8a5a-cb73e98c0c6a.fc.signal	0	0	0	0	0	0	0	0	0	0.119122	0.326545	0	0	0.4185	0.322426	0	0	0	0	0	0	0	0.227979	0.325432	0	0	0	0	0	0	0.172205	0.54959	0.72826	0.790343	0.419023
ihec.chipseq.ihec-chipseq-containerv1.1.4.IHECRE00000142.3.93558f10-e8da-42fe-865f-b8daa766a1ed.fc.signal	0	0.373868	0.309763	0.00374567	0	0	0	0.0859622	0.254714	0.364861	0.445937	0.300309	0.0862653	0.204616	0.322933	0.0238697	0	0	0	0.165943	0.551717	0.805146	0.603311	0.0269096	0	0	0.158106	0.87828	1.03843	0.603287	0.266854	0	0	0	0.511538
ihec.chipseq.ihec-chipseq-containerv1.1.4.IHECRE00003401.1.dfa9d4a9-0f86-41c6-822f-1f52d8db067a.fc.signal	0.099788	0	2.04754	1.2282	2.84934	0.488904	0	0.0972467	0.982939	0.414191	0.235131	0.415441	0.34018	0.582898	0.707027	0.689688	1.44768	0	1.08637	0.170537	0.27744	0.708705	0.545733	0.474739	0.446189	0	0.346786	1.03573	1.16903	0	0.440362	0.400594	1.07656	0.323059	0.546018
