	chr10:73014346-73014495	chr10:73014496-73014645	chr10:73014646-73014795	chr10:73014796-73014945	chr10:73014946-73015095	chr10:73015096-73015245	chr10:73015246-73015395	chr10:73015396-73015545	chr10:73015546-73015695	chr10:73015696-73015845	chr10:73015846-73015995	chr10:73015996-73016145	chr10:73016146-73016295	chr10:73016296-73016445	chr10:73016446-73016595	chr10:73016596-73016675	chr10:73016676-73016745	chr10:73016746-73016895	chr10:73016896-73017045	chr10:73017046-73017195	chr10:73017196-73017305	chr10:73017306-73017345	chr10:73017346-73017495	chr10:73017496-73017645	chr10:73017646-73017795	chr10:73017796-73017945	chr10:73017946-73018095	chr10:73018096-73018245	chr10:73018246-73018395	chr10:73018396-73018545	chr10:73018546-73018695	chr10:73018696-73018845	chr10:73018846-73018995	chr10:73018996-73019145	chr10:73019146-73019295	chr10:73019296-73019399	Expression
ihec.chipseq.ihec-chipseq-containerv1.1.4.IHECRE00001957.2.d45c4556-52ef-4ca9-a134-983b6abd1f9a.fc.signal	0.176714	0.143915	0.152202	0.145464	0	0	0	0	0.274367	0	0	0.0399393	0.365987	0.17391	0.332837	0.581886	0.429912	0.349918	0.323465	0	0	0	0.019394	0.776791	0.358155	0.161342	0.449059	0.332766	0.0798075	0	0.194129	0.344814	0.272627	0.351324	0.646683	0.3716	0.0170648
ihec.chipseq.ihec-chipseq-containerv1.1.4.IHECRE00001961.2.f19e0b8f-152f-42de-82db-a8afb7688356.fc.signal	0	0.426206	0.200384	0	0	0.300165	0.265507	0.123131	0.0795949	0.0435974	0	0	0.0623913	0.534759	0.227968	0	0	0	0	0	0	0.197142	0.387421	0.177006	0.277079	0.436009	0.700157	0.362955	0.346035	0.290316	0.135114	0.197361	0.696133	1.04443	0.215404	0.316018	0
ihec.chipseq.ihec-chipseq-containerv1.1.4.IHECRE00001546.1.37e46e69-fcc7-4b78-84e3-84d20f000766.fc.signal	0.474559	1.11124	0	0	0	0	0	0	0	0	0	0	0	0	0	0.288891	0.521289	0.220319	0	0.515563	0.381863	0	0	0	0.555545	0.237279	0.212852	0.575211	0	0	0	0.20902	0.471059	0	0	0	0
ihec.chipseq.ihec-chipseq-containerv1.1.4.IHECRE00003819.1.299049e5-7348-4021-acb8-2d0e75f38cdf.fc.signal	0.229772	0.0727439	0	0	0	0.0824432	0.144276	0.129726	0.249748	0	0	0	0	0	0.14152	0.0385699	0.181029	0.0436464	0	0	0	0.0591045	0.281217	0	0	0.102329	0.048496	0.121833	0.0133364	0	0	0	0.0768607	0.163969	0.123986	0.171205	0.609555
ihec.chipseq.ihec-chipseq-containerv1.1.4.IHECRE00004647.3.43f1c761-68ab-4b08-9b03-abbbc17d64b6.fc.signal	0.507977	0.331117	0.123113	0.152091	0.30597	0.395081	0.417071	0.426176	0.24336	0.146274	0.153279	0.164451	0.130506	0.263939	0.208871	0.209385	0.229119	0.230963	0.120526	0.166912	0.157808	0.112614	0.27835	0.527577	0.289129	0.118658	0.196435	0.320535	0.250323	0.347654	0.389831	0.218327	0.139737	0.414691	0.371361	0.364626	1
ihec.chipseq.ihec-chipseq-containerv1.1.4.IHECRE00002063.1.29eb7dda-7f49-49e4-a68a-685ebc852d97.fc.signal	0.21998	0.280293	0.187881	0.346632	0.194807	0.347167	0.485502	0.68544	0	0	0	0	0.262355	0.18743	0.547155	0.725592	0.39488	0.0447531	0	0	0	0	0.0711804	0.153664	0.0670845	0.414969	0.452343	0.342997	0.0568709	0	0	0.344862	0.633283	0.21898	0.324828	0.454997	0.389222
ihec.chipseq.ihec-chipseq-containerv1.1.4.IHECRE00001232.5.ca485291-98be-4da7-8667-33d3bd0f55ac.fc.signal	0.556323	1.02875	0.194818	0.327752	0.109168	0	0.29682	0.483267	0.0541759	0	0	0.406797	0.621639	0.0198697	0.56569	0.453502	0.500861	0.134549	0	0	0	0	0.726696	0.0928231	0	0.179729	1.08834	0.669813	0.620664	0.506233	0.0685997	0.364008	0.589805	0.529203	0.909385	0.586311	0
ihec.chipseq.ihec-chipseq-containerv1.1.4.IHECRE00004900.1.4a1ca7c4-2f79-45be-831a-730c86435275.fc.signal	1.13851	0.886187	0.174402	0.941769	1.13851	0.928218	0	0.330748	1.75785	1.87642	0.488286	0	0	0.0418564	0.978863	0.27157	0.858277	0.453444	0	0	0	0	0	0	0	1.11588	1.31805	0.496122	0.397048	0.838236	1.77534	0.347107	1.73997	2.05509	0.415464	0	0.623188
ihec.chipseq.ihec-chipseq-containerv1.1.4.IHECRE00001021.4.71944ce4-bd57-4526-b0d0-a368c7bbdce8.fc.signal	0.872407	1.02007	0.244204	0.336114	0.0336119	0	0.12427	0.610007	0.753168	0.401657	0.0436956	0.326032	0.050606	0.307104	0.945378	0.693294	0.319221	0.0093936	0	0	0	0.223685	0.287234	0.0302508	0.339667	0.154814	0.643032	0.863351	0.441208	0.710601	0.552903	0.614546	0.604061	0.617089	1.05868	1.13796	0.115044
ihec.chipseq.ihec-chipseq-containerv1.1.4.IHECRE00000227.3.7dbee8a8-9cc7-46ce-85e2-59b2468157be.fc.signal	0.0593083	0	0.147826	0.586617	0.301111	0	0	0.108005	0.208691	0.28637	0.0318448	0.222001	0.425485	0.247549	0.315513	0.0395195	0.126106	0.029648	0	0	0	0	0.210362	0.514993	0.129807	0.0403979	0.106883	0.0268835	0.0431576	0.160687	0.145298	0.0930289	0.0318997	0	0	0	0.342105
ihec.chipseq.ihec-chipseq-containerv1.1.4.IHECRE00000225.3.6300cfe8-bf7c-4c50-b350-9885c462045f.fc.signal	0.392658	0.506609	0	0.27643	0.598935	0.566225	0.114839	0	0	0	0	0.253352	0.583789	0.0919101	0	0	0	0	0	0	0.245387	0.46944	0.426471	0	0	0	0	0.0590142	0.0916533	0.0312659	0	0	0	0	0	0	0.368421
ihec.chipseq.ihec-chipseq-containerv1.1.4.IHECRE00001990.1.39496704-1279-499c-ac28-c72497e8030d.fc.signal	0.41687	0.189429	0.273672	0.754687	0.599005	0.0627212	0	0.160901	0.353511	0.194652	0	0.0895104	0.410877	0.480017	0.77682	1.46452	1.10583	0.625126	0.0741668	0	0	0	0.134615	0.21955	0	0	0	0.192487	0.497922	0.264716	0.596542	0.761702	0.528591	0	0.305111	0.463042	0.861111
ihec.chipseq.ihec-chipseq-containerv1.1.4.IHECRE00003835.4.871bc941-52a9-4d1e-aec3-c4c2ce7bd4c1.fc.signal	0	0.22256	0.74622	0.0781267	0.221584	0.424629	0.416012	0.332779	0.111811	0	0	0	0	0	0	0	0	0	0	0	0	0	0	0	0	0	0	0.0385172	0.261888	0.0788825	0	0	0	0	0	0	0
ihec.chipseq.ihec-chipseq-containerv1.1.4.IHECRE00001955.3.a0cc4058-35e9-4651-8cca-631ead3cc726.fc.signal	0.0178019	0.269809	0.00244607	0	0	0.144228	0.178147	0	0	0	0.116698	0.246525	0.199575	0.542476	0.233488	0.235935	0.207313	0.0283009	0	0	0.0610095	0.203075	0.16159	0.22781	0.161578	0.0578291	0	0.148876	0.245227	0.222099	0.215688	0.00699067	0.450701	0.406909	0.391639	0.398024	0.129148
ihec.chipseq.ihec-chipseq-containerv1.1.4.IHECRE00000013.3.153650ef-7ef6-43cd-b5dc-cf062deb8afd.fc.signal	0.345937	0.136766	0.608609	0	0	0.497998	0.600886	0.565201	0.539275	0.399271	0.482236	0	0.169135	0.655394	0	0	0	0	0	0	0	0	0	0	0	0	0.658536	1.07855	0.228393	0.458852	0.482236	0.399271	0	0	0	0	0.663551
ihec.chipseq.ihec-chipseq-containerv1.1.4.IHECRE00001891.4.cefd2162-5b9f-4732-99fc-718d82bca068.fc.signal	0.229805	0.901605	0.0496592	0	0	0	0.0653618	0.854007	1.03158	0.515745	0.49832	0.0860796	0.785196	0.825594	0	0	0	0.370904	0.0143477	0	0	0	0	0	0.218702	0.294254	0.356596	0.377668	0.737002	0.538213	1.21067	1.10941	0.764585	0.400071	1.84094	0.362545	0.865243
ihec.chipseq.ihec-chipseq-containerv1.1.4.IHECRE00000775.1.58e5cc13-3837-4676-9815-86ae7a4468bc.fc.signal	0.184294	0.0208508	0	0	0.349195	0.265635	0	0	0.0615458	0.415297	0.433143	0.0937106	0.486671	0.452475	0.151887	0.276918	0.235449	0.0414946	0.154174	0.234461	0.0729318	0.666892	1.10195	0.173528	0.222729	0.28967	0.356404	0.0989453	0.00414833	0.249655	0.125134	0	0	0	0	0	0
ihec.chipseq.ihec-chipseq-containerv1.1.4.IHECRE00002067.1.d8e6c755-45ac-4108-b1ba-23233bd0ab31.fc.signal	0.115184	0.397935	0.40793	0.0202218	0	0	0.239088	0.410932	0.287347	0.218695	0.388299	0.0681903	0.314096	0.470866	0.575711	0.372454	0.122873	0	0	0.00642853	0.390826	0.90232	0.599411	0	0	0	0.322947	0.0897568	0.208083	0.0712832	0	0.277988	0.305142	0.595577	0.277432	0.350851	1
ihec.chipseq.ihec-chipseq-containerv1.1.4.IHECRE00000174.3.916f86f3-bba4-4f2a-8dee-7255de7413cf.fc.signal	0	0	0	0	0	0.327878	0.121847	0	0	0	0	0.1386	0.574884	0	0	0	0	0	0	0	0	0	0	0	0	0	0	0.16239	0.296839	0.406474	0.622054	0	0	0	0	0	0.362745
ihec.chipseq.ihec-chipseq-containerv1.1.4.IHECRE00001908.1.b8e4fc89-a1f2-4c5d-ae40-28beee956889.fc.signal	0	0.273403	0.73745	0.0990103	0	0	0	0	0.250743	0.141753	0	0.028915	0.514761	0.308456	0	0.361503	0.763577	0.285843	0	0	0	0	0	0.261393	0.479996	0.179792	0	0	0	0.0696146	0.215277	0.265298	0.196885	0.00385533	0.879909	0.745227	0.120968
ihec.chipseq.ihec-chipseq-containerv1.1.4.IHECRE00000250.2.4878d059-ae9d-4e75-b9f6-57c37838f3e3.fc.signal	0.302398	1.18744	1.96117	0.101414	0.32027	0.305864	0	0.271645	2.11244	0.857841	0.208006	0.907307	0.993496	0.431068	0.315898	0	0	0	0.0293656	0.440452	0.170513	0	0.0789744	0.445512	0.724651	0.489951	0.366546	0.458312	0.534946	1.23761	0.697639	0.858917	1.55983	0.213889	0.352355	0.687734	0.138973
ihec.chipseq.ihec-chipseq-containerv1.1.4.IHECRE00000059.3.b5d4a5b3-a118-48b7-a386-2e56f2330a88.fc.signal	0	0.768911	0.365079	0	0	0.210338	0.546052	0.509862	0.260506	1.02461	1.30326	0.848015	0.113307	0.0705437	0.51503	0.0901303	0	0	0.742328	0.717642	0.49831	0.224239	0.582286	0.648606	1.16594	1.1324	0.776927	0.346786	1.17756	0.392038	0	0	0	0.580197	0.679463	0	0.456311
ihec.chipseq.ihec-chipseq-containerv1.1.4.IHECRE00000070.3.cefb7c30-c246-45e3-a1c7-f28257f723dd.fc.signal	0	0.574882	0.38324	0	0	0	0	0	0	0	0	0	0	0	0	0	0	0	0	0	0	0	0	0	0	0	0	0	0	0.016206	0.708148	0.679743	1.10195	0.0781194	0	0	0.835227
ihec.chipseq.ihec-chipseq-containerv1.1.4.IHECRE00003811.1.d8f0d283-97b1-48be-a67c-353c0ecb4b0e.fc.signal	0.0538043	0.24112	0.0396957	0	0	0	0	0	0	0.182796	0.258653	0.349752	0.222483	0.275624	0.125382	0.272767	0.36685	0.404282	0.132616	0	0	0	0.0683173	0.218486	0.0272026	0.200489	0.253256	0.311801	0.134473	0.207267	0.770593	0.558626	0.0499559	0.103715	0.240123	0.459064	0.320862
ihec.chipseq.ihec-chipseq-containerv1.1.4.IHECRE00001027.7.3e57f4b2-3eea-42bc-9983-8ecec55d5977.fc.signal	0	0.439467	0.677226	0.746869	0.168816	0	0	0.760368	0.197835	0	0	1.02005	0.880143	0	0	0.0985973	0.876473	0.268499	0	0	0	0	0	0	0.289606	0.113864	0.326695	0.306636	0.0804823	0.103506	0.307174	0.24828	0.705728	0.212921	1.13534	0.538713	0.521918
ihec.chipseq.ihec-chipseq-containerv1.1.4.IHECRE00001901.1.47ac92c8-3161-452d-8dd3-b7ed71169f80.fc.signal	0.384576	0.249797	0.0812525	0.14126	0.0282453	0.218875	0.398992	0.324287	0.34983	0.176427	0.0487083	0	0	0.0916564	0.302455	0.0434236	0	0	0.218417	0.115695	0	0	0.131827	0.392001	0.228984	0.133842	0.332504	0.162516	0.127444	0.266777	0.205554	0.0698491	0.0802087	0.0941175	0.238147	0.736659	0
ihec.chipseq.ihec-chipseq-containerv1.1.4.IHECRE00001965.2.e7144f2b-c79b-4aad-950f-07ae1b5e1dad.fc.signal	0.0266866	0.288507	0	0.316821	0.588306	0.0843031	0	0.25614	0.0919165	0.119767	0.114188	0	0	0	0	0	0	0	0.170416	0.155152	0	0	0	0.0822672	0.252493	0	0.282962	0.370959	0.0107072	0.565216	0.47265	0.623015	0.132542	0.437628	0.530992	0.217048	0.422925
ihec.chipseq.ihec-chipseq-containerv1.1.4.IHECRE00000242.3.1a9690ca-63a1-4ea3-8dc4-24421ed40248.fc.signal	0	0	0.238893	0.70446	0.451787	0.0871735	0	0	0	0	0	0	0.109124	0.222904	0.410688	0.752074	0.5879	0.331209	0	0.00451413	0.235273	0.61793	0.612728	0.221147	0	0.0897505	0.19522	0.295144	0.25784	0.148427	0.178706	0.471797	0.484149	0.199922	0.229983	0.0800085	0.472826
ihec.chipseq.ihec-chipseq-containerv1.1.4.IHECRE00003826.4.3b07c369-960c-43eb-b4e5-3e3773e044bc.fc.signal	0.0561731	0	0.0423639	0.484446	0.956889	0.196676	0.27658	0.237268	0.0284523	0	0	0.206541	0.503398	0.0636198	0.0163633	0.154099	0.265969	0.396294	0.186959	0	0.008454	0.271127	0.301305	0.022081	0	0	0	0	0.285064	0.128078	0	0.211422	0.0717536	0.0942195	0.477291	0.952854	0
ihec.chipseq.ihec-chipseq-containerv1.1.4.IHECRE00000864.3.313549b4-5e36-4d5c-9816-17b9c7f898e3.fc.signal	0	0	0	0.467233	1.53979	2.84666	0.213339	0	0	0	0.155434	1.5207	0	0	0	0.906972	1.45368	0.219177	0	0	0	0	0	0	0	0.714295	0.451467	0.944666	2.74442	2.54436	0	0	0	0	0	0	0
ihec.chipseq.ihec-chipseq-containerv1.1.4.IHECRE00000240.3.e5051162-3534-4c21-b37a-9d70a53452b8.fc.signal	0	0	0.225655	1.12042	1.97246	0.615933	0	0	0	0	0	0.0423065	0.383177	0.740979	0.563456	0.285015	0.424554	0.628782	0.29238	0	0	0.340958	0.443418	0.173188	0.133963	0.868318	0.686907	0.746304	0.308638	0.523898	0.737886	0.219008	0	0	0.164167	0.310394	1
ihec.chipseq.ihec-chipseq-containerv1.1.4.IHECRE00000665.1.af8f440a-d096-482c-84b1-79bcd318ff11.fc.signal	0.400792	0.307481	0.122717	1.37214	0.675928	0.150991	0.0695233	0.477162	0.356302	0.610243	0.845989	0	0	0.962472	0.751651	0.622705	0.624405	0.997992	0.514143	0	0	0	0	0	0.123509	0.182353	0.288058	0.327603	0.0216679	0.63911	0.136806	0	0	0.332374	0.654148	0.436579	1
ihec.chipseq.ihec-chipseq-containerv1.1.4.IHECRE00000184.3.0a1684db-dfdc-416a-9b39-88bdc9d8980d.fc.signal	0.424947	0.674409	0.464626	0	0	0	0	0	0	0	0.139663	0.248865	0	0.092729	1.14039	0.696912	0.280089	0.15948	0.358838	0.164065	0	0	0	0	0	0.0844508	0.23497	0.00754933	0.420487	0.641133	0.012808	0	0.0065568	0.282009	0.0452949	0	0
ihec.chipseq.ihec-chipseq-containerv1.1.4.IHECRE00002076.1.f6bea37b-7779-4621-9ed2-82fb7b23df8f.fc.signal	0	0	0.00440213	0.16563	0.0320379	0	0.220059	0.264707	0.10345	0.292998	0.0300156	0	0.104551	0.126429	0	0	0	0	0	0	0	0.327848	0.33789	0.132936	0.232566	0.144135	0.281181	0	0	0	0.326076	0.0992404	0.177215	0.614455	0.454652	0.371483	0.238095
ihec.chipseq.ihec-chipseq-containerv1.1.4.IHECRE00001902.1.97f665f6-6f48-4b26-ac5c-9db0c04ef7bc.fc.signal	0.241264	0.205812	0.123418	0.0219422	0	0.0473049	0.414983	0.498478	0.219743	0.520943	0.0952272	0.321636	0.191215	0.333117	0.730818	0.105598	0.560985	0.460706	0	0	0	0	0	0.0109707	0.338567	0.0530947	0.0253343	0.460045	0.208244	0.193971	0.488071	0.307843	0.145017	0.0251219	0	0.12455	0
ihec.chipseq.ihec-chipseq-containerv1.1.4.IHECRE00001851.4.05b73e87-893b-4343-ab37-69c778c437f8.fc.signal	1.43406	1.92563	0.213225	0.350204	0.151259	0.745249	0.475919	1.62182	1.11386	1.05837	0.470489	0.195596	1.66279	1.44576	0	0	0.382872	0.643578	0.248333	0	0	0	0	0.460618	0.61103	1.11112	1.12713	1.67571	1.8757	0.888225	1.17715	1.33547	0.716837	0.541644	1.00989	0.765054	1
ihec.chipseq.ihec-chipseq-containerv1.1.4.IHECRE00001457.1.9f6f8a52-1626-4301-ab46-eb5cd8e0bb33.fc.signal	0	0	0	0	0	0	0.115652	0.137904	0	0	0	0	0	0.0599556	0.93675	0.331015	0	0	0	0.168661	0.551972	0.377074	0.55305	0.0594581	0	0	0	0	0.35944	0.273719	0.460881	0	0	0	0	0.100889	0.295533
ihec.chipseq.ihec-chipseq-containerv1.1.4.IHECRE00000987.6.5433b540-f9ea-4edf-8a0e-cdc2c654fa20.fc.signal	0	0	0	0	0.225109	0.72229	0	0	0	0.235983	0.658257	0.394232	0	0	0	0.0724969	2.13761	1.74772	0	0.779354	0.703997	0	0	0.196817	1.42086	1.64589	1.4381	0	0	0	0.0445531	0.962133	0.146389	0	0	0	0.403846
ihec.chipseq.ihec-chipseq-containerv1.1.4.IHECRE00001900.1.01d071c9-f298-47b3-9bd4-0b04699959a8.fc.signal	0.299354	0.596492	0.218752	0.285775	0.0099036	0.546142	0.456951	0.253165	0.0689063	0	0.264249	0.136309	0.350708	0.17751	0	0	0	0.124083	0.112195	0	0	0.198132	0.42546	0.344619	0.581392	0.268325	0.378477	0.547605	0.1656	0.432874	0.328998	0.230378	0.11061	0.285627	0.374752	0.291869	0.232593
ihec.chipseq.ihec-chipseq-containerv1.1.4.IHECRE00001966.2.92b83b8d-5485-446e-910e-2f148077cb85.fc.signal	0	0	0	0	0	0	0	0	0.255249	0	0	0	0	0.367871	0	0	0	0	0	0	0	0	0.377923	0	0	0	0.325558	0.548666	0.967484	0.671541	0.217119	0.0888858	0.487172	0.610873	0.533954	0.170215	0.23719
ihec.chipseq.ihec-chipseq-containerv1.1.4.IHECRE00001002.4.affdcac3-6070-43fc-99e1-6c9751bbcbf6.fc.signal	0.935563	1.27185	0.252797	0.722255	0.795613	0.286681	0.1693	0.357747	0.893764	0.348751	0.030474	0.759838	0.661799	0.615093	0.613394	0.602663	0.537504	0.211465	0	0	0	0	0.206685	0.18582	0	0.149918	0.860739	0.481244	0.311319	0.363088	0.102784	0.586411	1.36341	1.23865	1.21985	0.27383	1
ihec.chipseq.ihec-chipseq-containerv1.1.4.IHECRE00001904.1.1726d2d4-326e-4dc2-912a-cee3015ea75f.fc.signal	0.518566	0	0	0	0.0412054	0.495939	0	0.444348	1.01431	0.0190693	0	0.312027	0.0526163	0.38885	0.103194	0	0	0	0	0	0.388857	0.719629	0.485248	0.847716	0.488666	0.180958	0.336148	0	0.141272	0.240491	0.577253	0	0	0	0.138462	0.280942	0.944606
ihec.chipseq.ihec-chipseq-containerv1.1.4.IHECRE00000055.3.409fce32-3c80-4968-819f-d774f10df209.fc.signal	0.452064	0.128597	0	0	0	0	0.562538	0.488357	0	0	0	0	0	0	0	0	0	0.32085	0.165331	0	0	0	0	0	1.6213	1.55077	0.722418	0	0	0	0.129762	0.794812	0	0	0.39591	0.507134	0.514493
ihec.chipseq.ihec-chipseq-containerv1.1.4.IHECRE00000231.3.24a1fcd8-2a4a-4091-be70-d4c06c7ee2cc.fc.signal	0.264477	0.21696	0.122491	0.553604	0.699167	0.38118	0	0	0	0	0	0	0.0307186	0.204551	0.586854	0.879483	0.876476	0.892404	0.168511	0	0.0192484	0.44404	0.66507	0.368278	0	0.119318	0.128476	0.245596	0.543151	0.507287	0.152565	0.0554103	0.170913	0.164324	0.0268258	0.0330721	0
ihec.chipseq.ihec-chipseq-containerv1.1.4.IHECRE00001973.1.6e93a1e0-8828-4ce5-83f8-36249902bda2.fc.signal	0.0883904	0.277294	1.06633	0	0	0	0	0.23922	0.205523	0.449101	0.440348	0	0.104964	0.349618	0.339691	0.153256	0	0	0.231418	0.216495	0	0	0.12856	0.146352	0.171251	0.252142	0.186297	0.143634	0.312129	0.136156	0.207165	0.0801038	0.318098	0	0.183232	0.244742	0.551724
ihec.chipseq.ihec-chipseq-containerv1.1.4.IHECRE00004641.3.f304faea-b0f0-4641-894c-c818af6118ec.fc.signal	0.643193	0.516022	0.522867	0.191118	0.403893	0.705584	0.540663	0.595107	0.785882	1.09117	1.23156	1.06939	1.22513	0.32655	0.408388	0.286927	0.215937	0.42738	1.30536	0.842477	0.482067	0.540899	0.431714	1.29478	1.28179	0.953153	0.830902	0.613721	0.272406	0.229409	0.142815	0.127098	0.244867	0.297662	0.475331	0.889453	0.965157
ihec.chipseq.ihec-chipseq-containerv1.1.4.IHECRE00003824.4.4dfd78e7-f48b-44fa-ae63-a8e81a422336.fc.signal	0	0	0	0	0.192017	0.289167	0.588508	0.753755	0.425548	0.121413	0.292249	0.294818	0.0833812	0	0.340273	0.465027	0.110667	0.0373893	0.248317	0.192153	0	0.092687	0.262097	0.164361	0.0520523	0.299887	0.0976011	0	0	0	0.0650156	0.225936	0.0509061	0	0.0374425	0.150106	1
ihec.chipseq.ihec-chipseq-containerv1.1.4.IHECRE00004884.1.04b53f1e-ede2-4352-b282-8fd62b69ea23.fc.signal	1.82679	1.11845	0	0	0	0	0	0	0.292749	0.551831	0.028904	0.0989938	0.571527	1.00103	0.7907	0	0	0	0	0	0	0	0	0	0	0	0	0.428352	1.09613	0.158002	0	0	0	0	0	0	0.605634
ihec.chipseq.ihec-chipseq-containerv1.1.4.IHECRE00003715.2.f2f63871-d4ff-46d8-b566-9462262914af.fc.signal	0	0	0.139284	1.2667	0.00515893	0	0	0.688203	0.720613	0	0	0	0	0.202843	1.07267	0	0	0	0	0	0	0	0	0.351719	0.334713	0.740984	2.83589	0.381226	1.47582	0.702951	0.547234	1.65269	0.85929	0.708536	0.721404	0	0.425287
ihec.chipseq.ihec-chipseq-containerv1.1.4.IHECRE00001958.3.f473421b-0068-43e9-8689-afd1d3e0454e.fc.signal	0	0	0	0	0	0	0	0	0	0	0	0	0	0.135724	0.176651	0	0	0	0	0	0.114057	0.251147	0.0334845	0.476958	0.0712417	0	0.0427284	0.190029	0.121228	0	0.11029	0.484906	0.113733	0.353334	0.111333	0.25726	0.213439
ihec.chipseq.ihec-chipseq-containerv1.1.4.IHECRE00001913.1.5612a6ca-93fa-4c47-bbcb-27fe37b96dbb.fc.signal	1.38315	0.712528	0.00317273	0	0	0.34329	0.521423	0.440785	0.713363	0.008215	0.293583	0.355564	0.59659	0.113031	0.230298	0.531612	2.36275	1.00378	0.0303446	0	0.256995	0.938063	1.45982	1.10817	0	0.0154084	0.380948	0.669256	0.458356	0.645068	0.699989	1.61787	0.92058	0.0671534	0.505331	0.227432	1
ihec.chipseq.ihec-chipseq-containerv1.1.4.IHECRE00004614.1.954b2eef-b887-4e5e-9bfd-a189bb44a099.fc.signal	0.390542	0.210231	0.332764	0	0.22955	0.372662	0.384306	0.205252	0	0	0	0	0.152102	0.22955	0	0	0	0	0	0	0.103484	1.13436	0.48836	0.299855	0	0	0	0	0	0	0	0.100265	0.204167	0	0	0	0
ihec.chipseq.ihec-chipseq-containerv1.1.4.IHECRE00000223.3.e1dc7d2c-ad1c-431d-b26b-8d6d2c33cf69.fc.signal	0.289752	0.594112	1.18683	2.13479	1.92366	0.773537	0.106033	0	0.0795456	0.33144	0.372342	0.516015	0.616562	0.942846	0.974504	1.42092	1.66834	1.27791	0.244991	0	0	0.0102938	0.24888	0.262605	0.015799	0	0.172747	0.380772	0.275942	0.134579	0.107051	0.280668	0.513551	0.691527	1.13416	0.750862	0
ihec.chipseq.ihec-chipseq-containerv1.1.4.IHECRE00000043.3.531c01db-d7ec-4377-be41-51b3cab349a9.fc.signal	0	0	0	0	0	0	0	0.178468	0.127643	0	0	0.386166	0.390277	0.426506	0.0700432	0.303708	0.43003	0.165208	0	0	0	0	0	0.0243558	0.5569	0.331002	0.220315	0	0	0	0	0.435427	0.148298	0	0.427048	0.135023	0.247525
ihec.chipseq.ihec-chipseq-containerv1.1.4.IHECRE00004905.1.bf2d6a22-ba05-47b2-a70c-a64ea707030d.fc.signal	0.527368	1.10666	1.31526	0.860773	0	0.20119	1.19942	1.52301	0.233197	0	0	0	0.724228	0.489495	0	0	0	0	0.0538656	0.89776	1.05285	0.89776	0.730178	0	0	0.119701	1.01149	1.1196	1.44085	1.41256	0	0.329179	0.89776	0.119701	0.873845	1.82153	0.45098
ihec.chipseq.ihec-chipseq-containerv1.1.4.IHECRE00000318.2.6d2c1eb1-64cd-4b80-95ec-5404bd3906e9.fc.signal	0.896089	0.578823	0.416984	0.0367827	0	0.641678	0.689583	0.621731	0.514254	0.548595	0.481069	0.819369	0.962767	0.453051	0.164202	0.404416	0.410194	0.10304	0.279815	0.746444	0.142638	0	0	0	0.121564	1.00936	0.814484	1.17613	0.808516	0.535772	0.640336	0.0046662	0	0.31988	0.631754	0.186009	0.194915
ihec.chipseq.ihec-chipseq-containerv1.1.4.IHECRE00003847.4.634ae276-c9fe-4e24-9f62-06eb5bf694ac.fc.signal	0.0631827	0.0329812	0.327162	0.276653	0.414595	0.228609	0.501235	0.21162	1.04138	0.837764	0.0984942	0.362498	0.0528657	0	0	0	0	0	0	0	0	0	0	0	0	0.303296	0.115358	0.202018	0.287142	0.174023	0.163508	0.536936	0.657103	0.384648	0	0.167001	0
ihec.chipseq.ihec-chipseq-containerv1.1.4.IHECRE00000195.3.1d49e429-7d54-40c1-a965-968c057abf12.fc.signal	0	0	0.224641	0.155092	0	0	0.0136349	0.299508	0.0635397	0	0	0	0.0532233	1.20672	1.16403	0.147072	0.58829	0.370261	0	0	0	0	0.384326	0.364098	0	0	0	0	0	0	0.0690061	0.447248	0.0552967	0.966921	0.311524	0	0.211577
ihec.chipseq.ihec-chipseq-containerv1.1.4.IHECRE00001907.1.8f8990bc-bdfc-474d-b52f-20c0591d22d2.fc.signal	0.161764	0.30266	0.53039	0.0574791	0.0081956	0.230383	0.232984	0.264277	0.481348	0.259267	0.152874	0.290997	0.181527	0.576214	0.267814	0.0664807	0.039396	0.305648	0.0156736	0.138863	0.059094	0.19698	0.0682864	0.236294	0.21132	0.414799	0.631328	0.262942	0.158668	0	0.165282	0.342938	0.146879	0.0344629	0.423835	0.326378	0.35503
ihec.chipseq.ihec-chipseq-containerv1.1.4.IHECRE00001935.1.91e9ef78-52b0-44be-b463-2c4d06233b83.fc.signal	0.198229	0.495491	0.0183129	0.369322	0.105352	0	0	0	0.243753	0.673419	0.807594	0.00900467	0.182579	0	0.694665	0.110035	0	0.220964	0.274741	0	0.169012	0.61971	0.411078	0.596989	0.190047	0	0.121878	0.125105	0.22194	0.88646	1.08582	0.359856	0.0575032	0	0	0	1
ihec.chipseq.ihec-chipseq-containerv1.1.4.IHECRE00000099.3.13cd1a6f-98d2-4646-9ca8-70d7500b92e5.fc.signal	0.340521	0	0	0	0	0	0	0	0.606906	0.549078	0.294391	0	0	0	1.21871	0.727451	0	0	0	0	0	0	0	0.0447954	0.604743	0.0106157	0	0.125423	0.563956	0	0	0	0	0	0.605812	0.298537	0
ihec.chipseq.ihec-chipseq-containerv1.1.4.IHECRE00003716.2.79f94066-2988-40f9-a746-bdd6578c3873.fc.signal	0	0	0	0.285757	0.396869	0	0	0.39274	0.49024	0.217016	0.52671	0.0123901	0.617533	0.471904	0.129178	0.0739102	0.327495	0.11307	0.972258	0.288479	0.309472	0	0	0.201632	0.123509	0.0342031	0.932971	0.325761	0.695881	0.968819	0.483321	0.745299	0.24646	0	0.121641	0.27791	1
ihec.chipseq.ihec-chipseq-containerv1.1.4.IHECRE00001889.4.0a4412db-98d2-49c5-9fe7-7e089d81032b.fc.signal	0.324502	0.329363	0	0	0	0.0984547	1.1875	0	0.170803	0.299395	0.376309	1.0615	0.737138	0.538198	0.394198	0	0.0674211	1.23721	1.35455	0.199195	0.0231974	0.853218	0.671466	0.111902	1.1593	0.20368	1.27746	1.33641	0.268343	0.360611	1.17476	1.06293	0.688365	0.946502	0.312244	1.03507	1
ihec.chipseq.ihec-chipseq-containerv1.1.4.IHECRE00001956.2.fe4e2c35-293c-45d0-aa4a-9678c367d2df.fc.signal	0.298825	0.0866067	0	0	0	0	0	0	0	0	0	0	0	0	0	0	0	0	0	0	0	0	0	0	0	0	0.87664	0.263157	0.322915	0.408871	0.675376	0.734748	0.790096	0.723528	0.618854	0.546977	0.323774
ihec.chipseq.ihec-chipseq-containerv1.1.4.IHECRE00003837.4.7a6d8040-3df1-443f-8bf8-8f3e00d9a3bc.fc.signal	0.118918	0.214087	0.139128	0	0	0	0	0	0.130813	0.366533	0.0194539	0.0489199	0.474066	0.527849	0.468055	0.173692	0.110398	0.282532	0.140278	0	0.0185978	0.199095	0.249607	0.0418877	0.291413	0.558218	0.199457	0.294237	0.199458	0	0	0.0552123	0.374714	0.50971	0.312436	0.484334	0.412121
ihec.chipseq.ihec-chipseq-containerv1.1.4.IHECRE00001921.1.33f29835-e25b-4253-aaf6-b5aa600df80f.fc.signal	0.631745	0.288343	0.292959	0.364713	0.0861805	0.0193051	0.202005	0.245591	0.273525	0.301814	0.202308	0.258082	0.709222	0.550441	0.0062052	0	0.020684	0.129617	0.267504	0.144781	0	0	0.0551553	0.20683	0.0137893	0.0604865	0.189569	0.0884745	0	0.0656669	0.146777	0.162878	0.250631	0.101535	0.262213	0.173954	1
ihec.chipseq.ihec-chipseq-containerv1.1.4.IHECRE00001249.1.5455a6d7-2c10-4e8c-be6d-9d33be9436db.fc.signal	0.0241765	0.45733	0.0836154	0	0.0125957	0.732026	0.271402	0	0	0	0	0	0	0	0	0	0	0	0	0	0	0	0	0	0	0	0	0	0	0	0.328611	0.633851	0.204502	0.336564	1.2842	0.947172	1
ihec.chipseq.ihec-chipseq-containerv1.1.4.IHECRE00001892.4.a3994b5d-df9e-4d2b-8d1f-2a68f9eea142.fc.signal	0.689731	1.62464	0.307212	0.229621	0	0.108608	1.0085	1.48849	0	0.364297	1.09589	1.06587	0.63252	1.3366	0.56449	0	0	1.52248	0.471997	1.38345	0.97445	0.825626	0.661525	0.0773493	0	0.455476	0.938847	0.787518	0.437536	0.588455	0.905317	0.531363	1.05623	0.242457	0.72278	0	1
ihec.chipseq.ihec-chipseq-containerv1.1.4.IHECRE00001888.4.30f2e2fa-2f52-48ca-a898-c1b357672427.fc.signal	2.9898	0.0531899	0.970672	0.0526731	0	0.422709	0.79994	1.03321	0.489513	0	0.628871	0	0.482332	0.654758	0	0	0.169209	1.15408	0.36998	0	0	0	0.292292	0.770665	0	0.443406	2.11727	0	0.92925	0.383354	0	0.657342	0	0.194947	1.93746	0.698578	0.952145
ihec.chipseq.ihec-chipseq-containerv1.1.4.IHECRE00004615.1.138484bb-d1db-4537-b285-bd13fe5a9644.fc.signal	0.768447	0.814615	0.114287	0	0	0.0220785	0.95456	0.368429	0.0696901	0.337667	0.391643	0.409851	0.781992	0.754555	0.651955	0.528417	0.205942	0.372841	0.220782	0	0.154075	1.03735	0.614266	0	0.0293436	0.267349	0.730183	0.933554	0.0601113	0.59282	0.616052	0.526272	0.619427	0.0188118	0.105583	0.286372	0.186869
ihec.chipseq.ihec-chipseq-containerv1.1.4.IHECRE00003810.1.86c1b69f-56b1-4f10-8993-9f16337e88d8.fc.signal	0.366539	0.0510356	0	0	0	0	0.177876	0.0807351	0.0786734	0.15331	0	0	0.181289	0.666621	0.0832641	0	0	0	0	0	0	0	0	0.0429521	0.213678	0.199158	0	0	0	0	0	0	0	0	0.456565	0.251734	0.338569
ihec.chipseq.ihec-chipseq-containerv1.1.4.IHECRE00000949.6.e8717b6c-436c-4750-b776-17ab8ac934dd.fc.signal	0.0244487	0	0	0.712062	0.115991	0	0	0	1.03765	1.81597	0.424435	1.09231	1.21553	1.65199	0.418498	0	0	0	0	0	0	0.195919	1.16129	0.0676815	0.267639	0.204528	0.704371	0.371291	0	0	0.182562	0.947096	0.0963877	0.0956	0.30534	0	0.68306
ihec.chipseq.ihec-chipseq-containerv1.1.4.IHECRE00001893.4.6bb5df92-9ff3-4e16-95ee-8879c7d772cd.fc.signal	0.58648	0.602404	0.131209	0	0	0.0518759	0.964188	0.807819	0.83095	0.715196	0.372683	0.268524	0.126923	1.02436	0	0	0.293359	0.46204	0.541418	0.158699	0.00911127	0.334763	0.173749	0	0.627496	0.375343	0.461472	0.191078	0.119597	0.279037	0.0156763	0.766452	0.296189	0.131126	0.299583	0.440227	0.355731
ihec.chipseq.ihec-chipseq-containerv1.1.4.IHECRE00000161.3.a62efed1-28b1-4005-b980-2a01726331e7.fc.signal	0.242341	0.365622	0	0	0	0	0	0	0	0	0.2497	0.227369	0	0	0	0.135558	0.518061	0.237599	0	0	0	0	0	0	0	0	0.179445	0.345189	0	0.214874	0.617673	0.346756	0	0	0	0	0
ihec.chipseq.ihec-chipseq-containerv1.1.4.IHECRE00001875.2.c8e36202-3364-4044-b761-9decdba45b1b.fc.signal	0.446921	0	0.660269	0	0	0	0	0.708284	0.78896	0.03176	0.74553	0.493423	0.228738	0.995482	0.138164	0	0	0.547995	0.674927	0.664772	0	0	0	0	0.0527544	1.15729	0.473677	0.711758	1.81755	1.20592	0.318904	0	0.138532	2.00768	1.33029	0.100932	0
ihec.chipseq.ihec-chipseq-containerv1.1.4.IHECRE00001548.1.f82ac9b0-d6bf-42cb-bbfe-2f32bc25b0e5.fc.signal	0	0.006604	0.729892	0.565164	0	0.1694	0.172559	0.467322	0.206949	0.865374	0.271663	0.0876172	0.720846	0.756459	0	0	0	0.0154093	0.488256	0.146719	0.0549333	0.4953	0.500033	0.522816	0.589737	1.07806	1.00565	1.18448	0.026416	0.128581	0.391837	0.013208	0.484513	0.720279	1.13922	1.17448	0.172414
ihec.chipseq.ihec-chipseq-containerv1.1.4.IHECRE00001916.1.c6c23af5-0935-493c-8ba8-43c28ffbfb6f.fc.signal	1.29983	0.867088	0.527893	0.44506	0.300174	0.804024	1.16917	1.23558	1.12368	0.561477	0.146209	0.400085	0.528739	0.685112	0.223791	0.320622	0.524473	0.330952	0.374381	0.282716	0.629854	1.29737	1.44923	0.616592	0.266933	0.11061	0.142992	0.730368	0.478134	0.532715	0.93235	0.352515	0	0	0.0738489	0.835964	1
ihec.chipseq.ihec-chipseq-containerv1.1.4.IHECRE00004604.3.90b22b5d-3f31-4944-a92b-e05b092bb019.fc.signal	0	0	0	0	0	0	0.0155785	1.56849	0.744106	0.830576	0.0073782	0.437849	0.106017	0.0600924	0.715189	0.584001	0.688147	0.263792	0	0	0.058959	0.393657	0.317655	0.00973733	0.443625	0.122394	0.395174	0.130482	0.166351	0.485846	0.0602451	0.276938	0.423233	0.422356	0.259637	0.377718	0
ihec.chipseq.ihec-chipseq-containerv1.1.4.IHECRE00001887.4.a6734a5b-3b03-45c9-8bf9-b4b30b035291.fc.signal	1.4563	0.42516	0.325567	0.0647487	0	0.291362	0.830758	0.998405	0.723983	2.17918	0.352095	0.644995	0.694822	0.810003	0.229652	0	0	0.155735	0	0.275958	0.211332	0.757425	0.567684	0.815377	0.465989	0.543482	1.79272	0.532386	1.92367	0.989095	1.07208	1.3246	0.627276	1.30011	1.44868	2.00871	0.239292
ihec.chipseq.ihec-chipseq-containerv1.1.4.IHECRE00001015.4.5c0d3bc3-2483-4334-82c2-b98db24b9499.fc.signal	0.311564	0.879422	0.294917	0.440562	0.571522	0.182528	0.0625493	0.106953	0.257934	0.142737	0.0657059	0.217248	0.288294	0.181922	0.589532	0.809273	1.22932	0.712692	0.0289933	0	0	0.008307	0.275087	0.0661682	0.158336	0.401411	0.540722	0.466434	0.547516	0.387529	0.339062	0.30614	0.37197	0.10566	0.409638	1.13492	0
ihec.chipseq.ihec-chipseq-containerv1.1.4.IHECRE00001854.4.6809abea-4899-4dd9-b04a-d68ef6203ffb.fc.signal	0.172962	0.164048	0.385276	0	0	0.196769	0.580412	0.15946	0.24266	0.950508	1.00194	0.688678	0.751461	1.19962	1.0121	0.84445	0.960697	0.403314	0.312253	0.392639	0	0	0.317317	0.28159	0.91155	0.028158	0	0	0	0	0.235303	0.346205	0.486693	1.24239	0.664361	1.30292	0
ihec.chipseq.ihec-chipseq-containerv1.1.4.IHECRE00003817.1.8283360d-85c5-47d8-8e88-2dbecb596c14.fc.signal	0.139278	0.102487	0	0	0	0	0	0	0	0.00525713	0.163433	0.0848951	0.0769097	0	0.073415	0.100946	0.0985201	0.217823	0.102472	0	0	0	0.0499222	0.0773305	0	0.0477584	0.104506	0.223618	0.144236	0.145398	0.0334791	0.236536	0.00187973	0	0.0154749	0.112473	0.614699
ihec.chipseq.ihec-chipseq-containerv1.1.4.IHECRE00004713.2.9c4780de-3fe9-463d-b53b-5fe60a9ad8a2.fc.signal	0	0	0.0632751	0.542812	0.346279	0.332234	0.192506	0.384461	0.119097	0.412457	0.375645	0.213595	1.00247	1.07277	0.514009	0	0.314072	0.524749	0.40037	0.07769	0	0	0.581023	0.436891	0	0.0591324	1.09988	0.468095	0.35834	0	0.668985	0.754123	0.0229959	0	0.447584	0.605808	0.641026
ihec.chipseq.ihec-chipseq-containerv1.1.4.IHECRE00001335.1.6d13e882-b47b-453b-9f9b-154094e4f3fb.fc.signal	0.10104	0.553072	0.686922	1.48665	0.231645	0.552422	0.104874	0.27749	1.0696	0.429226	0	0.0924576	0.357143	0	0	0.220921	0.57012	0.773224	0.149868	0.502301	0.322375	0.57012	0.599252	0	0.168277	0.63104	0.105173	0.324197	1.1336	0.187274	1.05498	2.40638	1.26903	0.361796	0	0.337675	0.492727
ihec.chipseq.ihec-chipseq-containerv1.1.4.IHECRE00003806.1.52efbfdb-5e8a-4fc8-aa16-3be398d8b82d.fc.signal	0.316818	0.432002	1.13399	0.93135	0.0963349	0.399976	0.28739	0.0310295	0.179059	0	0	0.0896426	0.165767	0.0776231	0.140299	0.235091	0.473201	0.448063	0	0	0.327242	1.42632	0.728082	0.32653	0.467563	0.0568921	0.0539505	0.30621	0.319334	0.13007	0.0030712	0	0.0947957	0.098441	0	0.131082	1
ihec.chipseq.ihec-chipseq-containerv1.1.4.IHECRE00003846.4.2cf78cce-4147-4b4e-9fec-f7eecb7960a2.fc.signal	0.0622173	0.325691	0	0	0	0	0.104655	0.542326	0.164387	0.30834	0.350064	0.291342	0.181229	0	1.10664	0.779315	0.783664	0.267096	0.238034	0.189581	0.0880477	0.35118	0.340897	0.174293	0	0	0.151464	0.259943	0.159344	0	0	0	0	0	0.0449311	0.889002	0
ihec.chipseq.ihec-chipseq-containerv1.1.4.IHECRE00004888.1.9cc24acd-6188-40e5-bad4-b78f8ccb0b3a.fc.signal	0.332328	0.341617	0.184171	0.452639	0.508328	0.190623	0.114374	0.941258	0.981783	0.835856	0.59996	1.26491	1.36144	0.701272	0.382392	0	0.854862	1.88392	0.382403	0.63541	0.300376	0.633755	0.280045	0.425191	1.31678	0.70836	1.24274	0.779053	1.64168	1.70893	0.276759	1.51937	1.24439	0.661764	1.05776	1.38531	0.595807
ihec.chipseq.ihec-chipseq-containerv1.1.4.IHECRE00001903.1.7f8e529d-cf30-4d19-82b7-6287d94d8e26.fc.signal	0.318077	0	0.689834	0.34838	0.121355	0	0	0.437721	0.285854	0	0	0	0.249911	0.652984	0.544422	0.379186	0.69426	0.496265	0	0	0	0.951507	1.05536	0.374905	0.030508	0	0	0.220911	0.219199	0.21129	0.122226	0.16454	0	0.0741947	0.451241	0.217295	0.658863
ihec.chipseq.ihec-chipseq-containerv1.1.4.IHECRE00004618.1.f3b6006d-3e3a-44fa-b4a9-49a87f36ab7f.fc.signal	0.146341	0.159674	0.659877	0.73615	0.635317	0.154263	0.142727	0.888584	0.315708	0.594488	0.582933	0.217086	0.340899	0.7567	0.42021	0.826448	1.29497	0.302413	0.687499	0.368729	0.0165876	0.357654	0.789985	0.436448	0.363612	0.0206733	0.180246	0.0739963	0.6384	0.439584	0.0273438	0.740239	0.220415	0.187879	0.853565	0.304863	0
ihec.chipseq.ihec-chipseq-containerv1.1.4.IHECRE00004617.2.88e56c75-286f-4a1a-b576-b35887e484d4.fc.signal	0.133653	0.185397	0.0135371	0	0	0	0	0	0	0	0	0.141917	0.216193	0.210555	0.700326	0.792561	0.675866	0.221713	0	0	0.162779	0.518209	0.472853	0.276385	0.192097	0.52742	0.861048	0.462903	0.158719	0.185453	0.139582	0.082105	0.109471	0.261741	0.165386	0	0.166667
ihec.chipseq.ihec-chipseq-containerv1.1.4.IHECRE00001039.6.1c43239d-dfc1-4ee8-9404-c3dda7976cff.fc.signal	0.875378	0.352852	0.718236	0	0.0041512	0.514749	0.0799576	0.740522	0.0121463	2.77386	1.33474	0	0.574754	1.75207	0.680863	0.13233	1.91355	0.842798	1.03379	0	0	0	0	0.751611	2.01977	0.467669	0.360388	0	0.917397	1.05883	0.462425	0.469643	1.16101	0.502218	0.881091	0.37465	0.669065
ihec.chipseq.ihec-chipseq-containerv1.1.4.IHECRE00001914.1.8e285ede-ec5b-4f68-8356-b0089710b615.fc.signal	1.22841	0.856771	0.0658365	0	0	0	0	0.0067174	0.686701	0.920882	0.249503	0.21962	0.106374	0.191405	0.0569971	0.261061	0.0558673	0	0	0	0	0	0.699913	0.450267	0.253262	0.166384	0.989902	0.504926	0.558894	0.126585	0	0.614917	0.613576	0.413167	0.349064	0	1
ihec.chipseq.ihec-chipseq-containerv1.1.4.IHECRE00000228.3.7281ed79-ca1f-4f34-ad6b-6aeb18d6b751.fc.signal	0	0.103226	0.427658	0.37784	0.232941	0.331448	0.0608816	0	0	0	0	0	0	0	0.0013074	0.103649	0.173222	0.176663	0.00691333	0	0	0	0	0	0	0	0.219561	0.30924	0.125495	0.446302	0.343942	0.216062	0.167087	0.222499	0.139282	0.0328758	0.811245
ihec.chipseq.ihec-chipseq-containerv1.1.4.IHECRE00003808.1.fe6c656d-0fea-4a9a-b4bd-a49f16ef7992.fc.signal	0.517451	0.736261	0.427699	0.137801	0.0170004	0.146858	0.432297	0.818951	0.570716	0.559577	0.298366	0.292272	0.149059	0.308871	0.083825	0.375038	0.232903	0.252964	0.149023	0.0442459	0.0668935	0.144035	0.146469	0.314755	0.23323	0.302143	0.566527	0.219285	0.0897277	0.386334	0.1634	0.3054	0.217265	0.357183	0.369283	0.514202	0.611111
ihec.chipseq.ihec-chipseq-containerv1.1.4.IHECRE00001471.1.1a15235c-2fe4-4569-a5a6-ed62c1765abd.fc.signal	1.92913	1.10409	0.59428	1.05159	0.593708	0.791951	0.583491	0.187823	0.740466	0.456238	0.459357	0.519986	0.356736	1.14024	0.59396	0.256892	1.22251	1.33641	0.719604	0.150653	0.0220436	0.45463	1.01554	0.875218	0.363297	0.261824	0.389592	1.00132	1.51226	1.41982	0.4884	0.270048	0.289565	0.723261	0.55301	0.963781	0.833887
ihec.chipseq.ihec-chipseq-containerv1.1.4.IHECRE00004635.3.e09563f2-ad32-412b-91d3-8f5c1229dde6.fc.signal	1.42417	1.42743	0.732439	0.395743	0.959541	0.577749	0.700877	1.48135	1.00307	0.827278	1.03385	1.67552	1.34797	0.622353	0.765236	1.49233	1.23404	1.0559	1.29724	0.427155	0.336131	0.813726	0.931763	1.28609	1.10542	0.826413	0.322076	0.662938	0.609671	0.482057	0.76832	0.713724	0.866639	0.867869	1.08572	0.825963	0
ihec.chipseq.ihec-chipseq-containerv1.1.4.IHECRE00004664.3.d6d75692-32d3-4ddf-b607-bb2c11beb469.fc.signal	0.721579	0.744346	0.867841	1.27253	0.639909	0.578664	0.694306	0.550682	0.571984	0.351084	0.6954	0.511966	0.463772	0.578226	0.696957	0.230894	0.204033	0.292234	0.123047	0	0.0494745	0.23657	0.31766	0.907247	1.11777	1.03382	1.52158	0.65837	0.26097	0.207764	0.0853275	0.0931624	0.503515	0.287388	0.392419	0.622973	1
ihec.chipseq.ihec-chipseq-containerv1.1.4.IHECRE00003804.1.6ec1eb56-dc70-4c75-a01e-fb5bc58e0bff.fc.signal	0.136615	0.0832489	0.129988	0.150544	0.0206029	0.067611	0.248206	0.0752695	0.0600922	0.1432	0.142686	0.189022	0.434394	0.777376	0.660386	0.287748	0.16854	0.358974	0.215831	0.0298475	0	0	0.0179348	0.36692	0.397679	0.43458	0.335408	0.137468	0.298041	0.498931	0.45327	0.189082	0.206817	0.470807	0.428097	0.294358	0.274336
ihec.chipseq.ihec-chipseq-containerv1.1.4.IHECRE00000943.7.2d49fd2f-74c0-448e-a30b-e44db7e3a5ff.fc.signal	0.286413	0.562865	0.313321	0.0605279	0.163781	0.210068	0	0.147966	1.26346	0.499642	0.242849	1.19899	0.71353	1.09939	0.153732	0	0	0	0.373849	0	0	0.421006	0.12059	0.373849	0.744305	0.210284	0.394687	0.931086	0.768395	0.94842	0.531027	0.538389	1.36435	1.51384	1.36569	1.09242	0.0594315
ihec.chipseq.ihec-chipseq-containerv1.1.4.IHECRE00004608.1.7e686e4a-008d-44af-95b1-78718b51ae70.fc.signal	0.236418	0.285065	0.584795	0.338281	0.420131	0.136027	0.936683	0.918479	0.208883	0.396783	0.299781	0.793501	0.281802	0.997065	0.453288	0.475081	0.793279	0.148078	0	0	0.0587	0.406383	0.465585	0.36563	0.363933	0.181196	0.144635	0.529014	0.164796	0.276831	0.228965	0.525569	0.231259	0.260066	0.118271	0.507515	0
ihec.chipseq.ihec-chipseq-containerv1.1.4.IHECRE00003816.1.9e6f4d67-87ca-49b7-b858-47c6e7245820.fc.signal	0.211122	0.124902	0	0.282512	0.0658923	0.0243521	0.223038	0.178984	0.655901	0.497261	0.357154	0.513239	0.774514	0.317449	0.332763	0.518444	0.795559	0.535295	0.142961	0.138682	0.0895712	0.446486	0.318169	0	0	0.0456816	0.521083	0.436648	0.417075	0.240827	0.124442	0.0582119	0.529785	0.141661	0.521995	0.510406	1
ihec.chipseq.ihec-chipseq-containerv1.1.4.IHECRE00001906.1.ab339ba6-8e79-4160-a042-90f773410cae.fc.signal	0.346293	0.303573	0.00298267	0.254212	0.145442	0.112734	0.521911	0.240047	0.163731	0	0.0918886	0.0677695	0.100903	0.227296	0.268894	0.331187	0.24509	0.141053	0.112394	0.0974823	0.146591	0.22876	0.452577	0.341956	0.103624	0.333652	0.410753	0.379241	0.144743	0.236061	0.230942	0.19049	0.284148	0.420528	0.0864824	0	0.504065
ihec.chipseq.ihec-chipseq-containerv1.1.4.IHECRE00001905.1.1eb5c9a6-e661-4c11-8e25-f4766fa2f43d.fc.signal	0	0.203045	0.399448	0.543724	0.534417	0.221111	0	0	0	0	0	0	0.0989705	0.140762	0	0.044954	0.27664	0.123566	0	0	0	0	0	0	0	0	0	0.256292	0.777227	0.40381	0.114136	0	0	0.225705	0.326468	0	1
ihec.chipseq.ihec-chipseq-containerv1.1.4.IHECRE00000343.2.17a73f09-9579-40bb-9699-7c91429465bb.fc.signal	0.0790264	0.519233	1.10657	0	0	1.33925	0	2.10463	0.5171	0.438883	0.640438	0.151262	0.118954	0	0	0	0.138036	1.86459	0.581888	0.0655662	0.412201	1.48644	0.862226	0.853778	0.0148173	0.415847	0.506144	0.225537	1.80445	0	1.2126	2.4717	1.12637	0.506074	0	0	0
ihec.chipseq.ihec-chipseq-containerv1.1.4.IHECRE00003813.1.fde459e9-ceb5-4bb4-b1e4-eaafd7232945.fc.signal	0	0	0	0.199355	0.183834	0.199935	0.0124053	0.34126	0.37169	0.173099	0.554247	0.0107349	0.124661	0.101604	0	0	0	0	0	0	0	0	0	0	0.105899	0.229854	0.206671	0	0.142236	0.15297	0.0200243	0.120846	0.249842	0.0895897	0.0974205	0.392446	1
ihec.chipseq.ihec-chipseq-containerv1.1.4.IHECRE00003809.1.9a7e77a9-9d89-49f5-a3a3-c6dd62d450f6.fc.signal	0	0	0	0.265168	0	0	0.290109	0.314934	0.14657	0.677685	0	0	0	0	0	0	0	0	0.0244284	0.287712	0.384932	0.111963	0	0.303884	0	0.307212	0	0	0	0	0	0	0	0.0887335	0.185797	0.0088451	0.332713
ihec.chipseq.ihec-chipseq-containerv1.1.4.IHECRE00001852.4.7414bb41-cf54-40da-9950-d1fdfeffed2f.fc.signal	1.16286	1.3144	1.12033	0.505003	0.841263	0.690004	0.617719	1.2195	1.75841	1.6914	1.33736	0.740185	0.610773	0.957778	0.960207	1.09476	0.76304	0.88184	1.10647	0.47157	0.0545956	0.019755	0.278413	0.926616	1.12768	0.771956	0.593053	0.487313	0.707944	0.34565	0.27815	0.464638	0.343474	0.315026	0.738612	1.36225	0
ihec.chipseq.ihec-chipseq-containerv1.1.4.IHECRE00000121.3.18840011-517b-4a58-bd65-f86bd389148f.fc.signal	2.90591	2.96137	1.92606	2.80898	2.27531	1.29727	1.37743	2.17975	1.24083	1.43526	1.15121	1.09397	1.2829	1.47559	1.70594	3.15064	3.34387	1.66328	1.81722	1.14051	0.608689	1.51911	1.71563	1.20766	1.73357	1.46201	2.47113	3.35532	2.68946	2.65864	3.55914	1.55281	2.99543	1.6779	1.01988	2.08629	0
ihec.chipseq.ihec-chipseq-containerv1.1.4.IHECRE00001964.2.daf2ffe6-6c5e-4ab8-9f88-8a9b4df4d380.fc.signal	0.0828994	0.106022	0.358027	0.3815	0.273125	0.461739	0.1374	0.17775	0.0717482	0.266965	0.395611	0.0014848	0.222721	0.119132	0	0.00668137	0.151132	0.407619	0.203253	0	0	0	0	0	0	0	0	0	0	0	0.103642	0.539456	0.289137	0.422342	0.13679	0.604873	0.516807
ihec.chipseq.ihec-chipseq-containerv1.1.4.IHECRE00000974.7.3ed58a0f-af1e-4c53-b5bc-87b47881334c.fc.signal	0.190905	0.657926	0.0893447	0	0.166258	0.267972	0	0.187471	0.201445	0.596367	0.277185	0.220851	0.0215799	0.354821	0.639261	0	0.356436	0.268885	0	0	0.428836	2.11976	1.60542	0.125609	0	0.454821	1.21977	1.85384	1.35375	1.0101	1.19963	0.543964	0.612236	0.746857	0.678987	0	0
ihec.chipseq.ihec-chipseq-containerv1.1.4.IHECRE00002065.1.a94a6b89-542c-4e29-9116-4cbe6008554d.fc.signal	0.375068	0.0998574	0.645274	0.404136	0.270928	0.505504	0.115931	0.04521	0.246056	0.414722	0.234487	0.266133	0	0	0.0208278	0.62866	0.6165	0.19043	0	0	0	0	0.190566	0.719408	0.346565	0.12835	0.0880287	0.3308	0.0869971	0.327746	0	0.488023	0.411931	0	0.351763	0.790679	1
ihec.chipseq.ihec-chipseq-containerv1.1.4.IHECRE00001952.2.53bb9a01-f358-4483-9142-27b2e32f31f6.fc.signal	0	0	0.346971	0.0407719	0.454608	0.259665	0	0	0.125435	0.206794	0.297344	0.199211	0.019283	0	0.121959	0.560573	0.427613	0.367107	0.307622	0.101038	0	0	0	0	0.0743287	0.295093	0	0	0	0.0391547	0.293575	0.226482	0.205066	0.211933	1.1731	0.810971	0
ihec.chipseq.ihec-chipseq-containerv1.1.4.IHECRE00001954.2.792a7453-f3de-4e03-b55b-6ed6dc280947.fc.signal	0.275986	0.129864	0.209417	0.422385	0.149681	0	0	0.0123612	0.39697	0.141007	0.00210147	0	0	0.405232	0.345883	0.147611	0	0	0	0	0	0	0	0	0	0	0	0	0	0.142861	0.190481	0.0238101	0.365033	0.904726	0.0697481	0.20067	0.390023
ihec.chipseq.ihec-chipseq-containerv1.1.4.IHECRE00000992.7.c608e076-b4cb-49e5-bf4c-ab19d04cc659.fc.signal	0.221194	0.904614	0.143027	0.165444	0.0266973	0.122327	0.755892	1.1136	0.563045	0.529092	0.161484	0.831211	0.902975	0.822235	0.630592	0.0148087	0.454191	1.01459	0.266958	0	0.102662	0.712008	0.956073	0.366232	0.45131	0.559844	0.981844	0.828994	0.744641	1.11754	0.978183	0.629251	0.957065	1.20524	1.24451	0.821751	0
ihec.chipseq.ihec-chipseq-containerv1.1.4.IHECRE00001959.2.3d9a6d56-ebb1-415e-8176-bf018adf69bf.fc.signal	0	0	0	0	0	0	0	0	0.452789	0.309027	0	0.321533	0.0402567	0.169438	0.178596	0	0	0.384955	0.0399344	0	0	0	0	0	0	0.161873	0.357261	0.052968	0.857247	1.2979	0.853729	0.47506	0.0931827	0.324698	0.0880609	0	0
ihec.chipseq.ihec-chipseq-containerv1.1.4.IHECRE00001050.8.5efb4e46-177f-4d3d-96a6-19f7c95acfd8.fc.signal	0.20992	0.657784	0.205364	0.0759564	0	0.0984615	0.779248	0.687072	0.921778	1.3501	0.422945	1.5735	0.744839	0.382601	0.150416	0.358683	0.0904243	1.19482	0.0831619	0	0.180301	0.875601	1.01276	0.028132	0.270782	0.157655	1.54736	0.803047	0.722213	1.41503	0.856431	1.33894	0.923401	0.759166	0.413252	0.998135	0
