	chr1:160814094-160814243	chr1:160814244-160814393	chr1:160814394-160814543	chr1:160814544-160814693	chr1:160814694-160814843	chr1:160814844-160814993	chr1:160814994-160815143	chr1:160815144-160815293	chr1:160815294-160815443	chr1:160815444-160815593	chr1:160815594-160815743	chr1:160815744-160815893	chr1:160815894-160816043	chr1:160816044-160816193	chr1:160816194-160816343	chr1:160816344-160816493	chr1:160816494-160816643	chr1:160816644-160816793	chr1:160816794-160816943	chr1:160816944-160817093	chr1:160817094-160817243	chr1:160817244-160817393	chr1:160817394-160817543	chr1:160817544-160817693	chr1:160817694-160817843	chr1:160817844-160817993	chr1:160817994-160818143	chr1:160818144-160818293	chr1:160818294-160818443	chr1:160818444-160818593	chr1:160818594-160818743	chr1:160818744-160818893	chr1:160818894-160819043	chr1:160819044-160819193	chr1:160819194-160819343	chr1:160819344-160819363	Expression
ihec.chipseq.ihec-chipseq-containerv1.1.4.IHECRE00001379.1.3635c35b-bff5-4878-adcc-965cd885b7d1.fc.signal	1.5273	1.52204	1.09422	0.743833	0.538132	1.81488	1.92842	1.79068	0.966675	0.485763	1.62396	3.80493	2.88224	3.04721	1.84444	0.944253	2.59442	1.03124	0.443521	0.646627	0.786367	0.806079	0.357605	0.769513	1.06616	0.434442	0	0	0	0.194682	0.918147	0.694079	1.68346	2.74046	1.43545	1.08751	0.445506
ihec.chipseq.ihec-chipseq-containerv1.1.4.IHECRE00000891.3.5b94d008-4850-4235-a4df-01d74d02137b.fc.signal	0.762541	0.968602	0.736433	0.934167	1.14081	0.671342	0.608287	0.813043	0.623034	0.625608	0.95085	0.28836	1.37907	1.09665	1.63295	1.43035	0.989988	0.976254	0.660791	0.470811	0.357854	0.486431	1.58943	1.74287	1.12189	0.677088	0.520026	0.638564	1.95953	1.12016	2.00634	1.77232	1.07573	1.35531	1.7483	0.870522	0.459441
ihec.chipseq.ihec-chipseq-containerv1.1.4.IHECRE00001233.5.4d6f1353-0c69-4685-862a-70e4ba9d694d.fc.signal	0.448312	1.3873	0.591579	0.610215	0.59762	0.551879	0.899832	0.462203	0.12197	0.452398	0.669643	0.906112	0.859583	0.680302	0.726242	0.47727	1.13402	0.496681	0.395358	0.266332	0.0023604	0.0368765	0.438287	0.106353	0.401243	1.14267	0.847459	0.312365	0.289773	0.275845	0.967335	1.09318	0.534622	0.515602	0.387608	0.20397	0.37415
ihec.chipseq.ihec-chipseq-containerv1.1.4.IHECRE00000022.3.0306f18d-10d7-45c4-9e4b-9343e880bf9d.fc.signal	1.31584	2.34376	1.10784	0.305417	1.3323	0.914772	1.05206	1.00825	0.143114	0.148363	0.794809	2.13851	1.25285	0.577321	0.934826	1.13234	1.82481	2.07251	0.975967	0.0086248	0.557093	1.18559	2.18819	0.269218	0.362691	2.12478	2.0317	0.468634	3.24189	2.22047	1.55458	0.779979	1.81546	2.83977	2.28518	1.29382	0.449153
ihec.chipseq.ihec-chipseq-containerv1.1.4.IHECRE00001458.1.95d5ed16-4642-4ac8-b3c3-c6d52abdacb8.fc.signal	1.41739	2.07867	1.9037	1.48484	1.78561	3.07584	1.78634	0.543999	0.887108	1.44237	0.513926	0.401589	0.475341	2.10979	1.4925	0.551287	0.957164	1.2423	1.792	0.999464	0.116891	0.555004	0.559309	0.753182	1.22329	1.36442	0.887817	0.774332	1.08246	1.34337	1.04356	0.77532	0.827561	0.830919	1.01615	0.798929	0.460317
ihec.chipseq.ihec-chipseq-containerv1.1.4.IHECRE00000244.3.e3307280-fd43-48ec-bfea-65dc3dbb16cb.fc.signal	0.946665	1.28763	0.811188	0.710611	0.638274	0.470259	0.782094	0.800458	0.251656	0.264881	0.944205	2.08937	0.98078	0	0	0.254981	0.423188	0.42226	0.107397	0	0	0	0	0.0072288	0.63821	0.972072	0.190068	0.114333	0.81875	0.74429	0.0501685	0	0.101681	0.89852	0.600462	0.29424	0.466995
ihec.chipseq.ihec-chipseq-containerv1.1.4.IHECRE00001471.1.0c91e2e5-1304-4ccf-8240-a439ef5e19fb.fc.signal	0	0	0	0.322232	0.536409	0	0	0	0	0.113958	0.33517	0.0424549	0	0.18233	0.724837	0.402221	0.0558617	0.158655	0.654264	0.167866	0.329841	0.282846	0.24106	0.395068	0.282951	0.108716	0.261623	0.67907	0.64314	0	0.400231	1.49736	0.636911	0.556468	0.674299	0.383946	0.326923
ihec.chipseq.ihec-chipseq-containerv1.1.4.IHECRE00003828.3.fa27d843-786a-4e79-8835-42abca97de87.fc.signal	0.624753	1.09917	1.28344	1.38003	1.11725	2.13603	2.34547	3.05469	4.85773	6.53057	5.41686	4.69483	5.67911	3.77988	3.07813	1.56819	0.804623	0.30423	0.884149	1.25354	1.90101	1.09913	0.68683	0.5215	0.97474	0.603315	0.285018	0.563486	0.340464	0.560604	0.729712	0.761382	0.777426	0.230814	0.448534	0.345479	0.5587
ihec.chipseq.ihec-chipseq-containerv1.1.4.IHECRE00001918.1.9e638be4-fa7a-454b-8210-0976e280183f.fc.signal	2.1555	1.51821	1.24167	2.2325	1.61272	2.49923	1.77041	1.68153	1.00133	1.60135	1.16002	1.51092	1.5222	0.760208	0.375175	1.03754	1.39151	1.52387	1.58067	0.969334	0.844787	0.73337	0.935434	1.3486	0.386496	0.8349	1.36572	1.32942	1.36787	1.71535	1.20718	1.25214	1.58386	1.49946	1.03665	0.946066	0.459239
ihec.chipseq.ihec-chipseq-containerv1.1.4.IHECRE00003835.4.f2b75171-e2d2-4fe1-8ece-a2ab6c448cec.fc.signal	1.54027	1.16563	1.28086	0.704251	0.181413	0.219231	0.614303	0.294751	0.414577	0.277578	0.720256	0.792698	0.398535	0.652752	0.686813	0.4423	0.320601	0.244698	0.312797	0.203564	0.260938	0.244176	0.958107	0.185086	0.00815967	0.299931	0.226415	0.139321	0.768986	1.22423	1.63794	1.14923	0.645284	1.01628	0.889197	1.00298	0.580952
ihec.chipseq.ihec-chipseq-containerv1.1.4.IHECRE00004647.3.45100e0d-f7b5-4c54-a935-54545fef7dd3.fc.signal	1.30519	1.4224	0.742211	0.516494	0.74592	1.14146	0.612383	1.69267	0.790237	1.04322	1.10846	1.14205	0.493806	0.521452	0.491664	1.10248	0.961685	1.43409	1.31406	0.661871	0.277487	0.735362	0.487307	0.831376	0.577959	1.28142	1.61888	0.767635	0.831604	0.407013	0.585904	0.745912	0.813753	0.690933	0.793575	1.44892	0.470405
ihec.chipseq.ihec-chipseq-containerv1.1.4.IHECRE00000324.2.aee1956d-7eef-43f7-b3cc-8c134b0ab626.fc.signal	1.18391	0.882272	0.851063	1.22931	1.11484	1.61116	0.8473	0.602006	0.371075	0.216429	0.976582	1.21889	0.594491	0.697371	0.633032	0.625387	0.411712	0.147386	0.214268	0.412871	0.129413	0.156347	0.516608	0.369711	0.588287	0.107213	0.209918	0.385799	0.834099	1.04102	0.678044	0.255691	0.378667	0.773749	0.916029	0.827912	0.45
ihec.chipseq.ihec-chipseq-containerv1.1.4.IHECRE00001378.1.8de637e5-a5d6-4185-adf0-6cd26a8c9528.fc.signal	1.43137	1.1776	0.191752	0.583382	0.670794	0.681312	0.920811	0.47931	0.118974	0	0	0.214558	0.924213	1.58623	0.937857	1.1523	0.732245	0.896565	0.70427	0.825966	0.317072	0.390504	0.846278	0.443618	0.390084	0.457262	0.519157	0.781892	0.815338	0.217291	0.795629	0.848473	1.40717	2.49215	2.70741	1.57957	0.459016
ihec.chipseq.ihec-chipseq-containerv1.1.4.IHECRE00000261.2.923b8fcc-4125-4fc8-8b47-0afcc64dbae5.fc.signal	0.944121	1.95366	1.18063	0.771599	0.400819	0.584612	0.347867	0.277211	0.475227	0.0165736	2.00032	1.99166	0.295566	1.02525	2.19353	0.221588	0.335981	0.592238	1.18238	1.60462	0.449429	0.414234	0.521744	0.160559	1.05129	0.781518	0.951997	1.9317	1.852	0.927912	0	0.86506	1.02867	3.30009	2.40159	0.60192	0.461607
ihec.chipseq.ihec-chipseq-containerv1.1.4.IHECRE00001019.4.3cb80d46-685f-499c-92a6-1e52fde53ed9.fc.signal	1.01979	0.697159	0.882901	1.297	2.02489	1.51049	0.665901	0.447941	0.013387	0	0.443674	0.783009	0.878353	0.757661	0.981608	0.882874	0.749418	1.00857	1.1349	0.473173	0.279484	0.20077	0.40532	0.311418	0.821212	0.908883	0.920106	1.37179	1.42911	0.726326	0.445084	0.840818	0.676605	0.758963	0.713665	1.29231	0.439024
ihec.chipseq.ihec-chipseq-containerv1.1.4.IHECRE00003688.3.6d458bc2-bf4f-404e-8ba6-6a89a10cb027.fc.signal	1.52992	0.883132	0.338138	0.995326	0.976158	0.737452	0.66233	0.376073	0.341221	0.830577	0.437197	0.298961	0.448137	0.213379	0.472672	0.870837	1.33692	1.60372	1.17025	0.522775	0.230999	0.198507	0.406636	0.938712	0.74334	0.639545	0.36907	0.178548	0.474005	0.195373	0.785856	1.24543	0.560908	0.817325	0.683167	0.735032	0.360563
ihec.chipseq.ihec-chipseq-containerv1.1.4.IHECRE00001517.1.fd911a3b-cde9-464c-a982-9bde09bc6ccb.fc.signal	1.22785	0.977883	0.236658	0.210535	0.847381	1.33005	0.718664	0.966403	1.16885	0.620714	0.720453	2.51763	1.53187	1.9833	2.2047	1.16065	0.355031	0.52486	0.642496	2.0896	2.41391	1.24664	0.931491	0.127379	0.359505	0.925234	1.05519	1.15493	0.931389	0.804709	2.33091	0.796341	0.995519	0.153478	1.50572	1.72181	0.357955
ihec.chipseq.ihec-chipseq-containerv1.1.4.IHECRE00003683.3.52ed6dfc-f444-41dd-94ff-8e67dd11315f.fc.signal	0.0202404	0.229103	0.0834985	0.102035	0.480216	0.942452	0.860588	0.958651	1.40215	1.01782	0.689913	0.973066	1.02182	0.300341	0.423862	0.464206	0.0952982	0.140707	0.185255	0.376733	0.260067	0.162412	0.179554	0.0410181	0	0.14003	0.12781	0.215946	0.0555221	0.244668	0.276357	0.100507	0.318601	0.101092	0.102221	0.215024	0.594714
ihec.chipseq.ihec-chipseq-containerv1.1.4.IHECRE00001526.1.1f52ccac-321d-48d1-a5dd-159e559bb6f6.fc.signal	0.93669	0.778698	1.04256	0.753528	0.149382	0.382958	1.05421	0.800754	0.427762	1.15923	1.75292	1.58691	1.74986	1.21446	0.845043	0.340928	0.404616	0.896771	0.53649	1.03618	0.918426	0.389884	1.24363	0.455905	0.481595	0.37649	0.243838	0.619581	0.953935	0.334073	0.785319	1.63337	0.626229	0.712729	1.01656	0.66825	0.502938
ihec.chipseq.ihec-chipseq-containerv1.1.4.IHECRE00001916.1.e7613ff6-6db0-405e-a3e1-4d00a7bd21ef.fc.signal	3.59369	2.27271	1.5345	1.06414	0.447707	1.14777	0.974619	0.81833	2.07677	1.40172	1.51652	1.33448	2.35348	1.56759	0.504294	0.3495	0.290836	0.487143	0.332607	0	0	0.468549	1.4593	1.72757	0.118209	0.764071	1.70943	0.7714	1.1628	1.21695	1.25718	0.521431	0.520885	0.163997	1.32603	1.96794	0.416061
ihec.chipseq.ihec-chipseq-containerv1.1.4.IHECRE00000142.3.18759d1b-59c9-4498-92ea-5d8422e5f213.fc.signal	1.29707	1.91687	0.874307	1.67263	1.90455	1.64491	1.14458	1.4838	1.52484	1.414	0.872255	0.582847	1.29255	0.443129	0.591011	1.28404	0.711706	0.372444	0.492919	0.576864	0.778305	0.877542	0.285769	0.386401	0.990262	2.24045	1.46747	1.48683	0.914531	0.722049	0.550851	0.663183	0.443138	0.620147	1.40092	1.50628	0.44375
ihec.chipseq.ihec-chipseq-containerv1.1.4.IHECRE00001921.1.6ac99a85-2fe0-4cc8-86a0-6bf7b17d53bb.fc.signal	0.585048	0.881405	0.74855	0.836671	0.841578	0.320189	0.450107	1.19299	1.26077	1.13232	1.44756	1.59215	0.847327	0.419536	1.0615	1.39375	1.76528	1.00412	0.553652	0.950576	0.875752	0.599795	0.211335	0.32139	0.435716	0.279169	0.139848	0.403754	0.661796	0.375877	0.322437	0.931518	1.81895	1.80011	0.760025	0.700658	0.424827
ihec.chipseq.ihec-chipseq-containerv1.1.4.IHECRE00001915.1.adee2f46-da34-4846-89ca-6d9625aefc9b.fc.signal	0.569417	0.494175	0.352774	0.517897	0.137184	0.340441	0.440246	0.183726	0.446032	0.498203	0.287229	1.20119	1.29344	1.37236	0.534572	0.763957	0.957116	0.548857	0.5908	1.31455	0.621224	0.362377	0.415253	0.220689	1.32932	2.27764	1.1869	0.744356	0.926543	1.10535	1.74114	1.10478	1.46059	1.68348	1.39088	0.903081	0.477507
ihec.chipseq.ihec-chipseq-containerv1.1.4.IHECRE00001486.1.7c96d389-3fe9-472b-a92c-86e62207efc8.fc.signal	1.10919	2.28951	2.36691	1.94339	1.66693	1.08531	0.478931	0.849359	1.03879	1.30359	3.6007	3.63431	2.22297	1.06127	0.158677	0.733101	1.24289	0.791926	0.511296	0.335171	0.0392277	1.25035	1.61909	0.51549	0.841182	0.851565	0.330246	0.78768	0.519449	1.2662	0.680428	0.948354	0.412632	0.241022	0	0.515722	0.582748
ihec.chipseq.ihec-chipseq-containerv1.1.4.IHECRE00001914.1.efe1ef25-e6b3-4cdb-b8c5-2c894fd1d880.fc.signal	0.907464	1.25819	2.55764	1.22137	1.41358	1.34956	1.62369	2.33024	1.45969	1.37519	1.40454	1.82552	0.711377	0.405025	0.406129	0.473415	2.20698	2.6887	1.87116	0.933562	0.699959	0.255094	1.31922	1.01955	0.0314549	1.12438	1.08568	0.142938	0.78661	0.241848	2.15213	1.87983	0.873208	0.532682	0.518077	0.633686	0.412246
ihec.chipseq.ihec-chipseq-containerv1.1.4.IHECRE00001234.5.5cbe5650-3de6-4514-ab14-1c0f737014e5.fc.signal	0.943681	0.746367	0.35477	1.04569	0.786628	1.36675	0.66946	0.206234	0.309495	0.902372	0.313114	0.928479	0.819042	0.16098	0.62638	0.558342	0.983077	1.09717	0.586957	0.397126	0	0.111099	0.577417	0.207735	0.66854	0.727372	0.71805	0.764274	0.556509	0.350079	0.838803	1.47924	0.328205	0.83863	0.319956	0.161013	0.5625
ihec.chipseq.ihec-chipseq-containerv1.1.4.IHECRE00001326.1.3eaf7d0b-e072-4b5d-baf9-56a70a1f9dee.fc.signal	1.15219	0.104814	0.329153	0.0900625	0.216245	0.339259	0	0.16504	1.00781	0.571962	1.73648	0.329099	0.177706	0	0	0.275779	1.18378	0.670019	0	0.694814	2.13449	0.127368	0.376448	0.512873	0.145881	0.109483	1.08261	0.968913	0.945801	1.94258	0.487811	1.13778	0.410753	1.15669	0.774494	0.532006	0.385417
ihec.chipseq.ihec-chipseq-containerv1.1.4.IHECRE00000055.3.18017a46-582b-4ce3-bfb4-e75efa17aec2.fc.signal	0.107406	0.337551	0.817005	0	0.824641	0.999183	0.863862	0.578994	0.239076	0	0.270926	0.885249	0.672856	1.00748	0.558087	1.45433	0.37683	0.858765	0.340722	1.12493	0.50698	0	0	0.418436	0.318273	0.0749515	0	0.0313256	0.480211	0.78695	0.677272	0.59539	0.189776	1.43685	0.0682521	0.28768	0.254144
ihec.chipseq.ihec-chipseq-containerv1.1.4.IHECRE00003832.2.6f165533-6331-40e2-865d-21b081721374.fc.signal	2.08668	2.19079	2.75075	1.14494	0.952384	1.94553	1.92713	2.20242	2.66649	3.63152	3.30856	1.85029	2.37148	1.21004	0.747546	1.17693	1.47538	1.25024	2.09831	1.66713	1.80874	1.54898	1.8085	2.26002	2.05504	1.72195	2.45183	1.37677	1.23001	1.29122	1.41169	0.668408	1.04817	1.77679	1.28475	1.1139	0.492946
ihec.chipseq.ihec-chipseq-containerv1.1.4.IHECRE00000283.2.f7e01a70-1428-4cfb-8ac8-7c88a324d087.fc.signal	2.04525	4.43825	4.78265	4.19667	5.3993	4.16844	2.74251	3.82569	5.27643	7.44843	8.32832	7.73443	6.32263	4.29411	1.59147	0.738837	1.28989	0.980382	1.2029	1.2282	0.722542	0.713712	0.464177	0.409379	0.246704	0.176244	0.474146	0.396991	0.275159	0.583803	0.755041	1.07605	1.0964	1.15518	0.565142	0.33906	0.475524
ihec.chipseq.ihec-chipseq-containerv1.1.4.IHECRE00001549.1.74e60908-94bd-442d-8c28-c8335d756ee0.fc.signal	1.30263	1.8133	0.717379	2.14395	1.0444	0.301573	0.506255	1.14838	0.997725	0.352151	0.534625	0.543181	0.484537	0.904001	1.43351	0.761998	0.692668	0.657119	0.948575	0.494432	0.235619	0.278638	0.267532	0.257392	0.531662	0.491638	0.835461	0.497557	0.414028	0.68242	0.224742	0.113433	1.15704	2.02697	1.74399	2.64344	0.345837
ihec.chipseq.ihec-chipseq-containerv1.1.4.IHECRE00001892.4.d37ba2fd-c103-41c2-a854-82a474c3bdc9.fc.signal	1.25269	0.961781	0.361246	0	0.113471	0.857193	0.715924	0.105297	0.119487	0.676445	0.463458	1.62286	1.87167	1.51437	1.98247	1.38869	0.924502	1.70302	1.27516	0.672049	0	0.586184	1.24762	0.815392	0.473532	0.769966	0.350636	0.375432	0.699312	0.646928	0.429833	0	0.0458491	0.469681	0.375923	0.387988	0.263314
ihec.chipseq.ihec-chipseq-containerv1.1.4.IHECRE00000226.3.8a2cf769-e5bf-4eeb-86dc-fc2df72a9c44.fc.signal	0.873127	0.358172	0.291228	0.599672	0.81358	0.786437	0.566061	0.836836	1.03967	0.501826	0.169366	0.499884	0.469258	0.137839	0.0340283	1.13662	1.13359	0.999835	1.54471	0.728582	0.00121473	0	0	0.00457993	1.14145	1.64787	0.397921	0.610603	0.54204	0.038752	0.0517797	0.309632	0.997304	1.18603	0.880697	0.737157	0.336485
ihec.chipseq.ihec-chipseq-containerv1.1.4.IHECRE00000188.3.79b461fe-b972-49c7-a613-f44ea6f3ebc3.fc.signal	1.63517	1.28318	0.0170344	0.24416	0.749514	0	0	0	1.07878	1.05039	2.2427	1.30095	1.2502	0.625055	2.61743	0.391791	1.06172	0.925458	0.205383	0.382427	0.62803	0.828524	1.45004	0.414504	0	0	0.846042	0.147631	0	0	0.422848	1.25854	0.694889	0.718007	0.210091	0	0.414307
ihec.chipseq.ihec-chipseq-containerv1.1.4.IHECRE00000347.2.20341426-0dad-4fe2-a9b9-a8953cd0eff5.fc.signal	1.22872	0.674198	0.481275	1.1895	1.37993	2.79775	1.97334	2.26895	0.446402	0.8211	2.27605	2.13181	2.79266	0.622195	0.172498	0.047886	0.33691	0.424279	0.436194	0.315026	0.417673	1.04234	0.0451115	0	0.0025552	0.413313	0.69961	0.148828	0.324433	0.681322	0.903683	0.439521	0.027258	0.440742	1.12087	1.80354	0.512579
ihec.chipseq.ihec-chipseq-containerv1.1.4.IHECRE00000147.3.f7c1ddea-b344-4b58-bfd7-a468c40e7c1e.fc.signal	0.275759	0.635693	1.07708	0.645075	1.91801	0.757066	0.451125	0.136284	0	0.449202	0.676499	0.6047	0.470142	0.139353	0.452648	1.24245	0.84782	0.723828	0.334725	0.683675	1.21349	1.39311	0	0.0151947	1.24348	2.34904	0.732176	0.652707	2.40107	2.54739	2.29892	2.99588	3.04549	1.03544	1.6916	2.73794	0.428571
ihec.chipseq.ihec-chipseq-containerv1.1.4.IHECRE00000332.2.5497448a-601c-483d-a9cd-9eaf651148a5.fc.signal	1.51176	2.43533	2.90251	3.81685	5.21084	5.99088	4.01073	5.92913	6.18542	5.24074	7.62835	10.1209	5.68509	1.81731	0.888185	1.56893	1.54292	0.959262	1.17463	0.589338	0.0337246	0.341757	0.533878	0.254414	0.697964	0.604938	0.377555	0.651613	0.666879	0.63772	0.890124	0.62146	0.171724	0.358046	0.351276	0.074678	0.509048
ihec.chipseq.ihec-chipseq-containerv1.1.4.IHECRE00000704.1.de9f2c4e-6cfb-40a7-9b40-4fa537815a39.fc.signal	1.20801	1.25571	2.17288	2.29141	1.69577	1.18384	0.796948	0.832128	0.863703	0.886213	1.23508	1.7065	1.72356	0.540889	0.734436	2.01023	1.67664	1.40172	0.674876	0.447587	0.732888	0.799454	1.31721	0.697617	0.410156	0.541175	1.31983	1.68282	1.47507	1.19381	0.895619	0.580265	1.11954	0.993713	1.06696	1.64903	0.481443
ihec.chipseq.ihec-chipseq-containerv1.1.4.IHECRE00003689.3.80691124-aaea-4c56-9e41-73916520079d.fc.signal	1.67621	1.2529	1.05631	0.87157	0.898861	1.1918	1.31481	0.609932	0.531291	1.18934	0.70915	0.904658	0.800187	0.312429	0.424801	1.01667	1.17521	1.14066	1.00734	0.145822	0	0.0711625	0.391024	0.703088	0.779087	0.337339	0.801201	1.18553	1.20528	0.34754	0.849307	0.833537	0.463658	0.490691	0.584757	0.956589	0.505618
ihec.chipseq.ihec-chipseq-containerv1.1.4.IHECRE00003842.2.75b7a040-8636-4619-af5d-92f89f5792fa.fc.signal	0.919893	1.55664	0.998379	1.20176	0.937368	1.82431	1.17009	1.71551	2.49909	1.84624	2.00347	1.03022	0.590748	1.14518	1.45626	2.29266	1.27925	0.542672	0.400834	0.546366	1.20635	0.734865	0.431826	0.674808	1.44586	1.28073	0.768581	0.29088	0.54168	0.395848	1.86706	2.53227	1.80088	2.04872	1.51907	1.60686	0.572305
ihec.chipseq.ihec-chipseq-containerv1.1.4.IHECRE00000153.3.a7cb54e8-9ebd-48ce-93ca-9f70b76d2b77.fc.signal	1.768	0.449307	0.636239	0.470648	0.16158	0.273483	0.469889	0.320196	0.329157	0.245209	0.0722158	0.402441	0.0273922	0.144432	0.476035	0	0	0	0.692923	0.140704	0.44066	0.406064	0	0.318098	0.84315	0	0	0	0.60317	0.627583	1.1138	1.9553	1.09691	1.16512	2.39937	2.01062	0.384996
ihec.chipseq.ihec-chipseq-containerv1.1.4.IHECRE00000810.3.034c33c3-8fad-4916-833b-14c69b1bfd78.fc.signal	0.91483	1.27158	1.18649	0.900798	0.462702	0.651904	1.0287	0.922888	0.93988	1.02529	1.11156	0.482069	0.581754	0.298134	0.728673	0.78486	1.21571	1.30851	0.987131	1.05251	0.530806	1.28654	1.61403	1.30399	0.480416	1.41527	1.11704	0.496879	1.05172	1.05809	0.975307	0.840377	0.800853	1.15368	1.08774	1.01829	0.405163
ihec.chipseq.ihec-chipseq-containerv1.1.4.IHECRE00001903.1.df6f0905-c0c8-425c-b0f1-0f9ff68f7793.fc.signal	0.588311	0.960223	0.957523	0.632725	0.331853	0.659276	0.446263	0.434854	0.700496	0.558981	1.04504	0.724235	0.701079	0.46529	0.442726	0	0.0122989	0.146611	0.386215	0.561427	0.242659	0.0879879	0.384609	0.438759	0.0945453	0.0836675	0.271594	0.325546	0.401828	0.178156	0.214141	0.184605	0.502259	0.977188	0.45793	0.45508	0.445057
ihec.chipseq.ihec-chipseq-containerv1.1.4.IHECRE00000297.2.de79c282-34ae-42b5-8261-f8f1459e6c69.fc.signal	0.570269	0.711832	0.458899	0.26418	0.631822	0.524465	0.739738	0.413213	0.474074	0.385478	0.367361	1.1007	0.960298	0.364614	0.603247	0.549483	0.549301	0.453874	0.731886	1.16539	0.357707	0.626586	0.633053	0.947327	0.461481	0.279673	1.63516	0.971834	0.297082	1.06906	0.711047	0.88088	0.375815	0.453018	0.19059	0.553401	0.447738
ihec.chipseq.ihec-chipseq-containerv1.1.4.IHECRE00000239.3.f51aa466-1a2d-4131-98a6-f9e69e8e7d9b.fc.signal	0.214546	0.324445	0.198025	0.199788	0.584428	0.536663	0.309629	0.364435	0.427167	0.499699	0.684254	0.587076	0.992701	1.00386	0.837659	0.25648	0.412449	0.451059	0.677266	0.514672	0.0176959	0.484622	1.61523	1.3228	1.06089	0.90038	1.29992	0.876481	0.442704	0.702953	0.670005	1.01417	1.23528	1.56845	0.942654	0.475559	0.382471
ihec.chipseq.ihec-chipseq-containerv1.1.4.IHECRE00001375.1.07633b47-0baa-45e5-af12-2021de6fd993.fc.signal	0.831966	1.08792	1.20979	2.27924	6.33695	7.00321	4.91887	6.37512	6.28291	6.05248	8.7138	13.484	8.8934	4.23643	3.16541	1.9028	1.74751	1.03588	0.0222747	0	0	0.203133	0.312211	0.438552	0.416733	0.00210273	0.196894	0.429799	1.09732	0.85747	1.24359	0.757707	0.150461	0	0.108673	0.420314	0.490053
ihec.chipseq.ihec-chipseq-containerv1.1.4.IHECRE00001935.1.0b0c5786-e084-4954-a96f-72d7a88b913e.fc.signal	0.357367	0.246595	0.403601	0.238392	0.315589	0.0762037	0.684978	0.301854	0	0.285396	0.343036	0.918201	0.384696	0.0526895	0	0	0	0.00334613	0.235146	0.358854	0.173779	0.195389	0.925284	0.766185	0.225717	0.105663	0.327898	0.24923	0.399435	0.527073	0.119695	1.16737	1.02016	0.811189	0.394166	0.435312	0.36082
ihec.chipseq.ihec-chipseq-containerv1.1.4.IHECRE00000868.3.35a1bb15-bed6-4e74-9919-aa3ec990d8ef.fc.signal	0.922318	1.23322	1.37929	1.58178	1.33701	1.39937	1.88824	1.96946	1.49685	2.18583	1.29452	1.75899	1.57512	1.65415	0.8448	1.78927	1.61206	1.47517	1.50073	1.00749	0.481478	0.254521	0.542952	0.461504	1.25769	1.76046	1.71913	1.1328	1.45253	0.997636	0.667567	0.487336	0.81184	1.25397	1.49717	1.75702	0.39165
ihec.chipseq.ihec-chipseq-containerv1.1.4.IHECRE00000734.3.a23d0a52-26bc-41f6-baf4-871213fcd155.fc.signal	0.385145	1.50151	0.501368	0.711705	0.715085	0.433622	1.06053	0.407071	0.272972	1.00324	1.10591	1.29452	1.73944	1.81426	1.32002	0.851424	0.71176	0.781381	0.790769	0.550571	0.338063	0.668248	1.38558	0.947663	0.801475	0.668827	0.722394	0.40595	0.563228	0.686474	1.68821	3.07334	1.48373	1.25578	0.781953	0.064365	0.422876
ihec.chipseq.ihec-chipseq-containerv1.1.4.IHECRE00003821.3.a5c54e8d-c399-4c95-b6c6-525ed1d5f1b6.fc.signal	1.35784	1.20195	1.61689	1.81691	1.36628	2.23506	3.20566	4.52465	7.11868	10.7945	12.0265	13.1695	9.76214	3.61866	1.83763	1.11179	1.18649	0.652334	0.796266	0.793225	0.413599	0.62837	0.691265	0.312146	0.620877	0.456225	0.51317	0.830687	0.487263	0.530706	0.383561	0.672788	1.06271	0.774545	0.753959	0.530704	0.526031
ihec.chipseq.ihec-chipseq-containerv1.1.4.IHECRE00000279.2.bbb3ffa6-51c0-4409-8f26-8c7dd99f4e83.fc.signal	0.0139781	0	0.476779	0.00638293	0.00638293	0.59823	0.783606	0.613507	0	0.163599	0.588929	1.54843	0.444424	0	0.0403815	0.664511	0.308223	0.571521	0.0209676	0.00625387	0.457426	0	0	0.0718723	0.105779	0.0274018	0.266185	0.488908	0.477143	0.526301	0.24266	0	0.0975161	0.789898	0.570368	0	0.418345
ihec.chipseq.ihec-chipseq-containerv1.1.4.IHECRE00001518.1.0d3d987a-b70c-40f0-b32d-34538b3d8acb.fc.signal	1.97257	2.36904	2.02219	1.02706	1.7648	1.10884	0.476812	0	0	0	0.183768	0.679826	0.981934	1.13513	1.29265	1.21987	1.01271	0.775082	0.820152	0.402277	0.252294	0.296203	0.46208	0.453295	0.258011	0.612947	0.943897	1.10708	1.0512	1.87101	2.76992	2.26455	0.708674	0.721671	1.51755	1.69819	0.442308
ihec.chipseq.ihec-chipseq-containerv1.1.4.IHECRE00000008.3.d0e9d2b8-31ed-4f18-8f4f-ade1dc88724d.fc.signal	0	0.3179	0.738384	0.39868	3.34299	2.33833	0.816618	0.0878003	0	0	0.213769	0.47824	0.311084	1.94673	1.05835	0.581518	0.879125	1.2716	0.312832	0	0	0	0.26008	1.05711	2.3023	2.79949	1.5971	1.0189	1.16027	0.931652	0.413802	0.481448	0	0.686725	1.26176	1.56416	0.486567
ihec.chipseq.ihec-chipseq-containerv1.1.4.IHECRE00000232.3.9496c4f8-99ad-4b83-978f-c024a2ac68e0.fc.signal	1.29213	1.61026	1.0015	0.533458	0.392785	0.249384	0.296286	0.371094	0.654264	1.37446	2.58962	2.71175	1.33139	0.140984	0.272944	1.34825	1.99467	1.97959	0.957811	0.19603	0	0	0.0405536	0.317373	0.682614	1.60819	1.21815	0.865779	1.18582	0.627455	1.33128	1.02927	1.00857	1.90107	1.22052	0.585664	0.358229
ihec.chipseq.ihec-chipseq-containerv1.1.4.IHECRE00001315.1.d18a9bb8-a055-4794-aa27-e2b7af9fbb39.fc.signal	2.86689	1.78601	2.67591	1.13477	1.56107	1.27008	0.871329	0.426284	0	0.66049	1.68449	1.67771	1.16177	0.936016	1.2738	1.43858	0.870175	1.17688	0.753023	0.0236267	0.258953	0.33895	0.662722	0.2272	0.242357	0.498546	1.2173	0.85255	0.90686	0.760018	0.571621	0.317945	0.318887	0.985104	0.777623	0.70271	0.629152
ihec.chipseq.ihec-chipseq-containerv1.1.4.IHECRE00001546.1.a150519d-0d11-4c76-b425-72b9ccc9b116.fc.signal	1.18082	0.294796	0.051849	0.336526	0.0123143	0	0	0.295544	0.147772	0	0	0	0.0047134	0.211769	0.126163	0	0.170023	0.545266	0.357399	0.0769855	0.171646	0.185741	0.240767	0.213776	0.217304	0	0.316918	0.102146	0.0612735	1.04505	0.967462	0.488238	1.83549	1.05052	0.0586907	0	0.418182
ihec.chipseq.ihec-chipseq-containerv1.1.4.IHECRE00000277.2.2fe4325d-3c38-4ef0-86a6-43bac1d7b3f6.fc.signal	0.672031	1.33228	0.719191	0.351026	0.749846	0.620157	0.044802	0	0.186282	0.554131	0.933771	0.908314	0.263106	0	0.322325	0.992048	0.389588	0.686033	0.549079	0.400545	0.94932	0.320315	0.83529	0.294386	0.300536	0.0922516	0.226911	0.629586	0.270414	0.304182	0.325404	0.591862	0.959713	1.27569	1.79916	1.06111	0.549296
ihec.chipseq.ihec-chipseq-containerv1.1.4.IHECRE00003803.1.fb97cdb0-391e-4e74-a4dc-d06dfb2e7cbb.fc.signal	1.89372	1.6137	2.2111	1.14186	0	2.53367	2.84748	1.08534	0.0659626	0	0	0.263483	0.857144	0.290893	2.21455	1.0035	0.0520469	0	0.321741	1.20007	0.367704	0	0.704724	1.18496	0.979471	2.3419	1.56662	0.734196	0.536568	1.01058	0.054538	0.857916	2.64736	0.0684887	0.224708	1.10426	0.287879
ihec.chipseq.ihec-chipseq-containerv1.1.4.IHECRE00000882.3.04d71eed-285e-484b-801a-fe402d6e94ee.fc.signal	1.4836	0.745099	0.949507	0.698943	0.652786	0.718724	1.56932	1.01545	2.16936	1.76054	1.27304	0.997955	1.0946	1.76937	1.64186	0.0395628	0	0.784662	2.21576	0.850793	0.217622	0.441318	0.764465	0.801549	0.819837	0.684236	0.217595	0.98907	0.145064	0.573661	0.778068	0.408816	0.942913	0	0.857194	1.97814	0.422101
ihec.chipseq.ihec-chipseq-containerv1.1.4.IHECRE00001548.1.2b134afe-2169-4129-971a-ea0bfe539d4a.fc.signal	0.613065	0.643072	0.384641	0.672498	0.267389	0.705329	0.171351	0.0740147	0.634365	0.175057	0	0.135478	0.257766	0.51677	0.80427	0.381621	0.223433	0.482678	0.251416	0.690027	0.538021	0.654809	1.13898	0.305766	0.320873	0.167717	0.301144	0.371584	0.34245	0.662725	0.631968	1.57785	0.343841	1.09276	1.42685	1.27606	0.576531
ihec.chipseq.ihec-chipseq-containerv1.1.4.IHECRE00000171.3.4e35c2d0-bbc9-4af9-b1fb-ce9dbe96a093.fc.signal	0.590969	0.326015	1.17898	0.073656	0.279199	2.01069	0.855558	0	0.31218	0.248534	0.316894	1.95072	1.72056	1.15578	0.791974	0.233809	1.2214	1.66765	0.106389	0	0.461384	0.24517	0	0.328775	0.301224	1.49901	0.536323	0.0610419	0.500791	0.0482853	0.228978	0.362492	0	0.329661	0.43305	0.537106	0.33995
ihec.chipseq.ihec-chipseq-containerv1.1.4.IHECRE00000785.3.f66efe83-e756-4482-8652-631e84f79bac.fc.signal	0.513786	0.215128	0.439978	1.41973	1.07962	0.461885	0.392061	1.18272	2.17875	1.53664	1.0561	1.62836	1.12103	0.776431	0.260637	0.520966	0.474876	1.08452	0.922983	0.931074	1.51552	1.26651	0.171269	0.505698	1.01306	1.59091	1.56482	0.996025	1.03027	1.35803	0.706237	1.21925	1.2363	1.2365	1.2087	1.50374	0.403869
ihec.chipseq.ihec-chipseq-containerv1.1.4.IHECRE00000060.3.baca5345-ebfb-42c5-84f7-5edc7dd83347.fc.signal	0.955802	0.317492	0.557567	0.36674	0.654223	1.23208	0.94257	0.296689	0	0.125887	0.805501	0.51983	0.272247	0.264849	0.610326	1.12368	0.140224	0.0519093	0.394959	0.0800861	0.239549	0.344854	1.02235	0.614708	0.256212	0.194839	0.149679	0.570232	0.852395	0.806588	0.729613	1.50829	0.988998	1.41247	1.37167	0.50393	0.381759
ihec.chipseq.ihec-chipseq-containerv1.1.4.IHECRE00000160.3.9e152a2b-06f4-4999-86d0-5058f4184844.fc.signal	0.466539	0.751872	1.05661	1.66477	2.03755	1.28112	1.08124	0.799496	1.00439	0.323918	0.703948	1.68282	2.52001	0.490381	0.0942912	0.560792	0.448886	0.901084	1.2526	0.802947	0.982086	1.14531	0.963198	0.949097	0.403778	0.598766	1.06905	0.668587	0.409703	0.12886	1.55258	1.99919	1.61599	0.917859	0.686444	1.59908	0.397313
ihec.chipseq.ihec-chipseq-containerv1.1.4.IHECRE00000335.2.cc603fdd-0221-4d9e-8597-71437d48b94f.fc.signal	0.807246	0.299034	0.759328	0.359544	0.314934	0.214663	0.973611	0.776726	0.860606	1.10437	1.21022	2.41739	3.48421	1.41251	1.92031	1.5363	1.02858	0.837369	0.184009	0.894054	0.395971	0.518837	0.591515	0.182245	0.237594	0.255934	0.231324	0.356808	0.635692	1.14951	0.350689	0	0.00856187	0.29742	0.266175	0.512058	0.405594
ihec.chipseq.ihec-chipseq-containerv1.1.4.IHECRE00003692.4.370f0fb4-0bb1-4fa3-8e1d-75f06bf7b384.fc.signal	1.61245	1.12806	1.68898	2.71231	2.0503	2.13982	4.84825	4.84867	7.07654	9.82676	10.0867	12.5154	15.3226	5.86457	2.51331	0.163467	0.323561	0.958375	1.01955	0.807764	0	0.477337	0.163647	0.360341	0.144154	0.370241	0.68117	0.605761	0.210463	0.370653	0.954065	1.04508	0.854269	0.814789	0.326654	0.350437	0.544304
ihec.chipseq.ihec-chipseq-containerv1.1.4.IHECRE00000247.3.669b34b9-68b0-4255-96a0-ec2919c119df.fc.signal	0.68165	0.84831	0.496956	0.304365	0.179438	0.346056	0.642094	0.769362	0.922581	1.23947	1.2074	1.51999	0.948592	0.13681	0	0.367657	0.584616	0.925497	0.913492	0.186987	0	0.0086154	0.141535	0.267396	0.909164	0.755116	0.202753	0.573377	0.482817	0.21232	0.764965	1.27836	0.9452	1.14391	1.26877	1.34275	0.319067
ihec.chipseq.ihec-chipseq-containerv1.1.4.IHECRE00003845.2.684cf59d-45fa-449c-93a7-eeeddb7b953b.fc.signal	1.86753	0.852185	1.5061	0.994093	1.10157	0.995097	0.828076	1.11628	2.47096	2.31119	1.33493	1.40333	2.42374	1.98083	1.51582	1.23925	2.0143	1.31632	1.12529	1.60952	1.34388	1.50877	1.44137	0.60976	1.58061	1.86969	0.715887	0.844396	0.588508	1.32844	1.43835	1.26855	0.68706	0.725152	0.395838	0.764633	0.518122
ihec.chipseq.ihec-chipseq-containerv1.1.4.IHECRE00000738.3.d62c9039-ff24-4ee2-b0d6-4970f0dc49ef.fc.signal	0.029056	0.0926664	0.596181	0	0.144266	1.77767	1.32942	0.366055	0.628237	0.728166	0.306341	1.272	2.15217	1.34683	1.16885	2.30338	1.11673	0.738635	1.17509	0.715752	0.741724	0.499345	1.32513	0.109408	0.36883	1.17667	0.96364	0.86241	0.680521	0.58959	1.50944	1.28595	2.1158	1.61319	0	0	0.417289
ihec.chipseq.ihec-chipseq-containerv1.1.4.IHECRE00000059.3.9f15cdcc-7468-4a84-87ee-af65c5fba810.fc.signal	0.422371	0.501803	1.47389	0.567007	0.0216011	0.793605	0.551309	0	0	0	0	0	0.447791	0.784882	1.58906	0.424681	1.07224	1.35941	0	0	0	0	0.659887	0.263679	0.137224	0.502961	0.0238159	0.317226	0.614637	0.376491	1.19661	1.43451	0.510824	0.0347021	0	0	0.33945
ihec.chipseq.ihec-chipseq-containerv1.1.4.IHECRE00001907.1.856e5189-b10a-47ac-b38e-4f26c4b023ef.fc.signal	0.354731	0.425225	0.589626	0.533996	0.580526	0.313675	1.09791	0.222391	0.522296	0.930095	0.700255	0.359649	0.9377	0.682005	0.471005	0.508454	0.257386	0.557433	0.559154	0.0201091	0.3513	0.709028	0.558085	0	0	0.191145	0.0767962	0.0826226	0.81732	0.467575	0.265147	0.758317	0.813417	0.597168	0.202377	0.82835	0.47066
ihec.chipseq.ihec-chipseq-containerv1.1.4.IHECRE00003846.4.4522a86a-2cba-459f-b690-5243a5081964.fc.signal	2.97379	1.65009	1.18151	0.660062	0.513734	0.450893	0.435107	0.586919	0.133363	0.0987807	0.492313	0.96883	0.480741	0.187234	0.975358	0.413817	0.806381	0.593021	0.692682	0.645563	0.950143	0.300797	0.27116	0.744159	0.436772	0.304282	0.700697	0.575594	0.379224	0.74533	0.600334	0.607084	1.16703	0.995122	0.604703	0.68585	0.700935
ihec.chipseq.ihec-chipseq-containerv1.1.4.IHECRE00000867.3.dbaae77e-d923-4bd2-91ca-d217d8a52f61.fc.signal	0.280909	0.367619	0.0749606	0.367195	0.461375	0.244311	0.232487	0.217348	0.690779	0.758998	0.709312	0.533506	0.73379	1.12022	1.27836	0.841334	0.369686	0.736335	0.786436	0.973923	1.5664	0.841384	0.679392	1.18617	0.855394	0.526848	0.303102	0.305107	0.572004	1.06525	0.509124	0.629234	0.865685	0.499559	0.917016	1.13562	0.457845
ihec.chipseq.ihec-chipseq-containerv1.1.4.IHECRE00000886.3.946b11c7-b83c-4071-8fd0-1fb3297ca57c.fc.signal	0.0674282	1.16699	0.558475	0.0533632	0	0.0987153	0.430731	0	0.0518119	0.79753	2.62681	1.92193	0.0809609	1.19601	1.38889	0.934855	0.472164	1.63262	2.06247	0.620004	0.828523	0.842941	0.73101	0.48426	0.40939	0.259645	1.06726	0	0	0.27956	3.3788	1.46681	2.70173	0.849267	1.8049	2.17755	0.326147
ihec.chipseq.ihec-chipseq-containerv1.1.4.IHECRE00003686.3.0646f25a-515d-4a28-9d49-c5b4db0fa40f.fc.signal	0.206207	0.116239	0.319819	0.0718113	0.417544	0.485103	1.02408	3.11276	2.5339	1.89568	0.544012	0.63744	0.386937	0.0981379	0.361813	0.472655	0.217733	0	0.218845	0.191787	0.141692	0.0597041	0.0670793	0.0827254	0.0612984	0.0428559	0.0942459	0.100033	0.153671	0.285877	0.343021	0.192238	0.615809	0.144527	0.214222	0.229904	0.485981
ihec.chipseq.ihec-chipseq-containerv1.1.4.IHECRE00000315.2.889e4a07-b630-426b-bca1-6fb4dfed482e.fc.signal	0.673124	1.42502	0.669758	0.493227	0.106553	0.133053	0.787813	1.11481	0.240623	0	0.161474	0.790322	0.797318	1.34772	0.15391	1.62753	1.41712	0.467581	0	0.0335105	1.18712	2.49168	1.57319	0	0.68272	0.815253	0.70739	1.5665	1.0166	0.742527	0.196517	1.1576	0.542624	0.247572	0.914394	2.30283	0.366834
ihec.chipseq.ihec-chipseq-containerv1.1.4.IHECRE00000354.2.c6cc21cb-29f1-4521-bd26-ce2abe21aa06.fc.signal	0.424704	1.07273	1.29419	1.67502	2.15182	1.37159	0.46442	0	0	0.489192	1.08985	0.399401	0.340575	1.40875	0.897879	0.627066	0.337393	0.885115	1.36243	0.303877	0.17861	0.0991841	0.586283	0.390113	0.458228	0.0681149	0	0.0588265	0.452092	0.223122	0.418655	0.178067	0.195027	0.372031	0.382226	0	0.413681
ihec.chipseq.ihec-chipseq-containerv1.1.4.IHECRE00000121.3.a3c721fe-088e-4da8-972b-3d6efe322bd3.fc.signal	0	0	0	0	0.325106	0.842776	0	0.452406	0.663786	0	0	0.425737	1.50107	0.328632	0.930475	2.12154	2.86294	0.876861	0	0.539796	0.24852	0	0.366103	0.596423	1.26334	1.42064	0.979405	0.361183	0	0	0	0.295714	0.744721	0.91225	0.121633	0	0.336364
ihec.chipseq.ihec-chipseq-containerv1.1.4.IHECRE00000666.1.6d5e03e5-52f0-4f5a-a09a-c48b1dee351c.fc.signal	0.744171	0.430383	1.09483	1.03227	0.835179	0.489413	0.780556	0.893923	0.522367	0.680008	1.28813	1.79298	1.1084	0.637012	0.366895	0.53817	1.21309	0.780051	0.794358	0.641328	0.757024	0.532074	1.56476	0.766203	0.930309	1.3001	0.52729	0.804601	1.22978	1.11688	0.250273	0.297466	0.44166	0.586041	0.921415	0.884543	0.35102
ihec.chipseq.ihec-chipseq-containerv1.1.4.IHECRE00000728.1.947eb4ad-5971-41d4-bce5-117b0744f0e0.fc.signal	0.699527	0.255593	0.496376	1.0292	0.663353	0.241852	0.34257	0.58848	1.1221	1.01228	0.523766	0.283468	1.43768	0.850181	0.967661	0.873825	0.529343	0.881098	0.963381	0.823749	0.892454	0.824419	0.982425	1.6031	0.792933	1.11112	0.62433	0.581699	0.8318	0.93564	0.953809	1.02558	1.45434	1.31064	1.25719	1.61916	0.387431
ihec.chipseq.ihec-chipseq-containerv1.1.4.IHECRE00000972.6.ea2d9b95-5d31-4111-8903-1138eac02f8d.fc.signal	1.08833	0.30122	2.3874	1.06134	1.20125	1.84145	0.969251	0	0.698197	0.849508	0.643385	0.601063	1.58656	0.371281	1.36866	1.48988	1.58967	3.55088	0.974949	0.160711	0	0	0.163016	0.575094	0.509824	1.3107	0.547946	0.585135	1.44135	0.294266	1.68503	0.823867	2.20282	0.452195	2.30807	2.29299	0.470138
ihec.chipseq.ihec-chipseq-containerv1.1.4.IHECRE00000298.2.52b6b75b-d353-4095-905f-a61f79ff0fcd.fc.signal	0.770745	1.92034	1.03212	0.390068	0.80186	0.693275	0	0.161862	0.584785	0.357521	0.466993	0.875056	0.206252	0.813088	0.618414	1.35803	0.451638	0.110906	0.694963	0.62335	1.25404	0.697192	1.06149	1.02221	0.598652	1.11832	0.260304	0.793466	0.69782	0.581675	0.405043	0.525955	2.08449	0.454201	0.871189	2.06284	0.354098
ihec.chipseq.ihec-chipseq-containerv1.1.4.IHECRE00001906.1.dafab27e-9fa4-4e54-8b12-f34d3390d9ba.fc.signal	0.575423	0.822619	0.497168	0.317239	0.544372	0.997782	0.77684	0.240197	0.127076	0.712951	1.10892	0.423352	0.187603	0.520931	0.673735	0.588769	0.450467	0.32971	0.306424	0.189246	0.295237	0.134292	0	0.0727374	0.366083	0.29003	0.142584	0.232889	0.11171	0.0109238	0.212095	0.729277	0.357597	0.527944	0.339645	0.071946	0.430864
ihec.chipseq.ihec-chipseq-containerv1.1.4.IHECRE00003829.4.33447c54-51f2-4852-abc6-ea1c91194a13.fc.signal	1.15517	1.24425	0.681688	0.126837	0.450745	0.112257	0.10245	0.252726	0.269847	0.242111	0.0462225	0.432254	0.275118	0.42857	0.535751	0.0897358	0.319377	0.288851	0.630787	1.26878	0.260166	0.0912558	0.169102	0.238849	0.2641	0.350153	0.471958	0.300837	0.872298	1.32895	1.05069	1.46256	0.840052	0.492555	0.228228	0.31506	0.3125
ihec.chipseq.ihec-chipseq-containerv1.1.4.IHECRE00000290.2.3d472796-b354-45ed-8cd2-5997156e8606.fc.signal	0	0.747279	0.902265	0.0133747	0	0.588569	0.0787373	1.10214	2.10646	0.232275	0.700794	0.839444	0.878527	0.507504	0.0848336	0.697173	1.75271	2.78916	1.93492	0.984309	0	0.0886549	0.97015	0.310828	0.249836	1.16881	0.0550328	0	0.622109	0.716607	0.580923	1.48999	1.49842	0.234267	0	0	0.362996
ihec.chipseq.ihec-chipseq-containerv1.1.4.IHECRE00003818.1.5f689ee3-a1ac-46cd-9df5-204fd2293fe3.fc.signal	3.54443	2.43649	0.512166	0.588242	0.34733	0.871035	0.934468	0.0710195	0.467818	0.454404	0.919753	2.25741	0.530316	1.24205	2.08907	0.821739	1.69582	1.32017	0.236043	0	0	0	0.0453249	0.410649	0.429866	0.760614	1.24218	1.42137	2.15654	0.759135	0.313786	2.777	1.49541	2.90268	1.61583	0.72832	0.583051
ihec.chipseq.ihec-chipseq-containerv1.1.4.IHECRE00001013.4.dd6ee57f-cc2d-4ef9-a0a6-305ef4d04ad5.fc.signal	0.609403	1.12171	1.15401	0.924403	0.568585	0.472429	0.386255	0.722113	0.769847	1.02427	0.701756	0.794145	0.921464	0.128487	0.450589	1.02343	1.07985	1.64978	1.2493	0.159479	0.0207998	0.0677894	0.59055	0.198825	0.317727	0.407669	0.446937	0.228768	0.690131	0.991165	0.607267	0.56679	0.688165	0.97347	0.481353	0.30002	0.461017
ihec.chipseq.ihec-chipseq-containerv1.1.4.IHECRE00001460.1.d7a701fb-c20f-449f-b4d2-112bb84c1617.fc.signal	0.637591	0.553792	0.53333	0.164126	0.441965	0.445426	0.399003	0.170116	0.45095	0.657632	0.483429	0.989846	0.197531	0.658932	0.545764	0.431473	1.13381	1.02837	0.822777	0.46715	0.627018	0.400277	0.327572	0	0.153141	0.234287	0	0	0.207865	1.02578	0.934822	0.57576	0.542818	0.31684	0.727651	0.498906	0.492225
ihec.chipseq.ihec-chipseq-containerv1.1.4.IHECRE00003830.4.fb9c6ae6-03c8-4296-b2fc-7f376ddf8a74.fc.signal	1.03387	1.03407	1.18295	0.247931	0.580362	0.650825	0.708207	0.361911	0.752456	0.431227	0.256818	0.802736	0.863016	0.909742	1.0994	0.723301	0.454942	0.44733	0.539336	1.05804	1.0107	0.724141	0.988754	1.08991	0.961864	0.695062	1.06396	0.469615	0.856908	0.472971	1.04936	0.983414	0.87978	1.64802	2.07985	2.8484	0.841642
ihec.chipseq.ihec-chipseq-containerv1.1.4.IHECRE00000241.3.e590a556-6181-4b64-8099-0b8ac3706fc6.fc.signal	0.647886	0.839303	0.68634	0.545275	0.602434	0.611786	0.533279	0.98208	3.47942	4.35998	4.32533	2.73294	0.6888	0.194031	0	0.238399	1.12147	1.43561	0.692681	0.0699915	0	0	0	0	0.156612	1.30409	1.25838	0.860647	3.20277	2.45022	1.06902	0.714215	0.941683	2.04642	2.84058	3	0.451461
ihec.chipseq.ihec-chipseq-containerv1.1.4.IHECRE00000743.1.03035341-4c89-45a9-8f18-304bde35c956.fc.signal	0.884811	1.18656	1.43177	1.06569	0.87811	0.928241	0.918579	1.15867	0.745371	0.557527	1.01746	1.43575	1.47331	0.878222	0.7537	0.644405	0.580357	1.14694	1.07927	0.550097	1.00388	0.953769	0.826388	0.562364	0.443807	0.665322	1.18582	0.826809	0.639625	1.38202	1.16319	1.11623	1.55093	1.47151	1.25387	1.57906	0.449937
ihec.chipseq.ihec-chipseq-containerv1.1.4.IHECRE00003827.1.901da503-70cf-4026-b479-817005e87735.fc.signal	0.603397	0.547358	0.9812	0.527833	0.454497	0.538017	0.330348	0.416754	0.605457	0.347054	0.938052	1.23637	1.12126	1.17217	0.646078	0.654923	0.56397	0.524089	1.00059	0.758782	0.813191	0.94975	0.741831	0.771201	0.595512	0.749228	0.779665	0.749259	0.877769	0.843058	1.62615	1.65969	1.62365	1.37861	0.58915	0.789497	0.555596
ihec.chipseq.ihec-chipseq-containerv1.1.4.IHECRE00003805.1.4df83158-9c0a-486f-935e-2377298bda67.fc.signal	1.68156	1.36615	1.33449	1.29529	1.61624	2.16425	1.60908	1.64151	1.28209	1.76546	1.4649	0.638013	0.692377	1.11251	1.03214	0.706284	1.31174	1.31697	0.95759	0.647061	0.459084	0.971486	0.925979	0.839792	0.920126	0.525141	0.65584	0.746799	1.81174	1.37714	1.57495	2.16199	1.74886	1.65889	1.70582	1.47113	0.450122
ihec.chipseq.ihec-chipseq-containerv1.1.4.IHECRE00000152.3.2e0a4cf7-9d6b-4b90-9eb6-636b61ae48d8.fc.signal	0.12193	0.96504	1.90577	2.26174	0.631064	0.753755	0.825161	0.433466	0.590641	0	0.0949188	1.35514	1.66099	2.8738	1.56604	0.0158198	1.5533	1.45573	0.889231	0.670779	0.764025	1.0809	0.92851	0.655969	0.215198	0	0	0.0568614	0.448488	0.822992	0.647341	0.53929	0.956267	0.740798	1.54933	1.65685	0.496164
ihec.chipseq.ihec-chipseq-containerv1.1.4.IHECRE00003836.3.99b27424-8cc1-4279-877c-81e486b3d19a.fc.signal	0.893124	0.63379	1.36398	1.4159	1.28571	3.28189	2.63925	3.40607	4.91918	7.1642	8.16334	6.46316	8.37199	2.44559	1.48989	0.724649	0.732963	1.10614	0.992348	0.733809	0.256229	0.309714	0.518716	0.594857	0.898428	0.875088	0.25686	0.473516	0.341798	0.315243	0.76329	0.812188	0.629934	0.44542	0.388777	0.637734	0.570723
ihec.chipseq.ihec-chipseq-containerv1.1.4.IHECRE00003685.2.08c7f8f1-8d33-4b78-a437-57675e0cb0f4.fc.signal	0.240099	0.200365	0.172911	0.307752	0.0834731	0.260836	0.632366	2.42469	1.84719	1.71919	0.700954	0.41663	0.218419	0.181255	0.167685	0.0288485	0.334561	0.375578	0.3073	0.57306	0.135494	0.111017	0.296602	0.564703	0.0276101	0.0843707	0.0899775	0.11086	0	0.0917776	0.190823	0.265939	0.145964	0.507627	0.119278	0.17979	0.598039
ihec.chipseq.ihec-chipseq-containerv1.1.4.IHECRE00001025.7.b74fcffa-6769-49b3-a5e1-d1a14d1711c8.fc.signal	1.05595	0.448928	0.362458	0.505338	1.17653	0.521264	0.373969	0.220287	0.48491	0.675368	0.371064	0.653641	0.691113	0.589309	0.681618	0.367202	0.779179	1.5019	0.929191	0.395767	0	0	1.06643	0.923179	1.68391	0.355028	0.677324	0.429888	0.858453	0.387559	0.314229	0.403982	0.825821	0.634477	0.851112	0.91029	0.46371
ihec.chipseq.ihec-chipseq-containerv1.1.4.IHECRE00001909.1.ab48306f-f7ee-424c-9e95-3a171d465667.fc.signal	0.705301	0.689502	0.474291	0.358964	0.505274	1.23975	0.724916	0.0525723	0.213972	0.57633	0.49742	0.549421	0.418423	0.233872	0.399997	1.06558	0.473676	0.599086	1.34553	0.677415	0.0575379	0.595455	0.97045	1.25245	1.30103	0.769837	0.820334	0	0	0.401188	0.512512	0.391636	1.06371	1.50809	2.1824	2.54228	0.293228
ihec.chipseq.ihec-chipseq-containerv1.1.4.IHECRE00000084.3.bbe0fcdd-1f38-4b05-9389-41cc4d505f6b.fc.signal	0.671872	0.243124	0	0	0	0	0	0	0	0	0	0	0	0	0	0	0.729574	1.11955	0.685225	0.0942727	0.0880679	0.752387	0.357797	0.908377	1.05531	0.861598	0.301885	0	0	0.24676	0.641981	0.106888	0	0	0.0140092	0.480106	0.383178
ihec.chipseq.ihec-chipseq-containerv1.1.4.IHECRE00003660.4.44bc2162-d439-4783-8b4b-4e76b31501ad.fc.signal	1.20384	1.54738	0.749513	0.349155	0.472632	0.483739	0.453297	0.372424	0.328417	1.4149	0.775605	1.06033	0.742515	0.542226	1.89512	1.21659	1.42848	1.91336	1.31354	0.0604763	0.0975949	0.128882	0.86787	0.58662	0.79002	1.09814	1.43193	1.20206	0.896259	0.0758023	0.451679	0.389953	0.694687	0.632141	1.04711	0.895568	0.337701
ihec.chipseq.ihec-chipseq-containerv1.1.4.IHECRE00003812.1.3eaee204-4355-40f7-82b3-c8709fa3a29d.fc.signal	1.08701	0.975401	0.998982	0.62135	0.396002	0.124258	0.342726	0	0.263572	1.28164	1.21324	1.18944	1.033	0.157971	0.381816	0.33392	0.684054	0.401815	0.599298	0.136682	0	0	0.0549327	0.31464	0.17981	0.585565	0.0181305	0	0.239178	0.424489	0.792616	0.301208	0.477164	0.352747	0.521033	0.67366	0.65
ihec.chipseq.ihec-chipseq-containerv1.1.4.IHECRE00000237.3.279b9afd-b79a-4c0b-b848-c635b99df0f3.fc.signal	0.812485	0.582669	0.545313	0.346933	0.342588	0.671067	0.457926	0.547803	0.735437	0.870888	0.412842	0.847677	0.983492	0.444862	0.314137	0.592165	1.20811	1.01631	0.961607	0.257467	0.011892	0.227475	0.233595	0.127782	0.250508	0.590094	0.80602	0.850641	1.75151	1.19198	1.17863	1.05956	0.966442	1.62053	1.08525	0.924905	0.45045
ihec.chipseq.ihec-chipseq-containerv1.1.4.IHECRE00000034.3.c1ec64cf-e30e-4d01-b3b7-20bf6c340d58.fc.signal	1.84992	0.871736	1.28987	1.67461	2.63772	1.45986	1.17147	0.592718	0.338694	0	0.540311	2.35751	2.63203	1.64831	0.560013	0.319153	0.616707	0.71927	0.924254	0.250415	0.844953	0.867971	0.989421	0.323901	0.201589	0.292119	0.307157	1.03256	1.87919	1.30726	0.41574	0.380149	0.0151413	1.25384	0.329479	0	0.431373
ihec.chipseq.ihec-chipseq-containerv1.1.4.IHECRE00003687.3.3ddc9025-2dad-4ae4-abfd-7b9504bedc61.fc.signal	2.22908	1.45525	0.917394	0.804684	0.821259	1.7193	1.23562	0.321593	0.879093	2.09317	1.44602	2.24934	1.56287	0.548374	0.692384	0.92256	1.19036	1.17499	0.145286	0.0874678	0.15747	0.141667	1.21613	0.585545	0.94509	0.932024	1.18117	0.849664	0.569432	0.381013	0.354534	0.608929	0.883998	1.46841	1.37735	1.46077	0.402752
ihec.chipseq.ihec-chipseq-containerv1.1.4.IHECRE00004905.1.1fb16ad5-9469-4e3d-8b91-c2d692d318b3.fc.signal	0.679753	1.30053	1.00556	1.0505	1.65864	1.14506	1.4066	0.871475	0.190502	0.699474	0.479294	0.370579	0.781368	0.945444	0.248455	1.03275	1.93421	1.0894	0	0.472968	0.771141	0.383798	1.8049	1.77037	0.699765	0.471746	0.386028	0.609184	0.512649	0.527249	0.380464	0.270191	0.569163	0.666134	0.907166	0.96193	0.469369
ihec.chipseq.ihec-chipseq-containerv1.1.4.IHECRE00001235.5.9288c3da-b959-4677-8b20-db92036ed803.fc.signal	0.40853	1.04304	0.776609	0.608003	0.534664	1.18961	1.31297	1.34744	1.22475	3.5416	1.25522	1.33812	1.78914	0.394249	0.15141	0.330693	1.04554	1.09046	0.169653	0.211751	0	0.0347873	0.643577	0.0589169	0.255035	0.500033	0.330071	0.489158	0.392554	0.299124	0.408969	0.345821	0.235417	0.257921	0.289846	0.127316	0.463687
ihec.chipseq.ihec-chipseq-containerv1.1.4.IHECRE00000177.3.0538648e-28a0-4873-a813-aa0eabeee27b.fc.signal	0.494759	0.71256	1.65054	0.233528	0	0	0	0.583073	2.89001	0.456318	0	0	0	0	0	0	0.863602	0.441182	0	0	0	0.549494	1.15969	0.419469	0.540403	0.225063	1.06765	0.322146	0.695142	0.176124	0	0	0	1.11506	1.50416	1.07742	0.407035
ihec.chipseq.ihec-chipseq-containerv1.1.4.IHECRE00000194.3.254d12ba-d7b2-4658-a45d-be28e84266b8.fc.signal	1.86669	0.580876	0.674545	0.669105	1.98214	1.5775	1.95771	0.613708	0.271814	0.67279	1.02123	1.13453	1.05735	0.394968	0.133545	1.06262	1.5073	0.1345	0	0	0	0	0.178334	0.604882	0.0240384	0.386154	1.4674	1.26843	1.40005	1.26013	0.719094	1.0706	3.52046	5.98536	2.357	0.359834	0.434419
ihec.chipseq.ihec-chipseq-containerv1.1.4.IHECRE00003806.1.c4b2329a-6de9-492b-b3ba-0bb940a27937.fc.signal	0.428497	0.290402	0.479311	0.334216	0.15999	0.284032	0.238394	0.19648	0.304398	0.100295	0.152288	0.482736	0.345124	0.680952	0.390625	0.397647	0.535915	0.265562	0.128348	0.138087	0.151201	0.32558	0.305805	0.183585	0.161807	0.202602	0.10069	0.0265597	0.282391	0.320404	0.207218	0.209248	0.177698	0.0475329	0.153531	0.291924	0.311644
ihec.chipseq.ihec-chipseq-containerv1.1.4.IHECRE00004602.2.39c1560e-774f-4bff-84aa-a2713d387a09.fc.signal	2.08657	1.37144	0.531359	0.759633	1.27534	1.14627	0.635541	0.804097	1.22606	1.01127	1.57601	1.63172	1.13644	0.616255	0.885843	1.08372	1.32338	1.24435	0.405627	0.32613	0.928053	0.864436	0.302788	1.14972	0.653511	0.807974	1.03292	0.918224	0.638036	0.554784	0.413945	0.364506	0.479688	1.22855	0.550555	1.02785	0.417983
ihec.chipseq.ihec-chipseq-containerv1.1.4.IHECRE00000246.3.71368893-79b1-4e8f-94b0-a1f322351c50.fc.signal	1.39585	0.741266	0.22273	0.152917	0.185873	0.434774	0.550486	0.822269	0.793728	0.983973	2.12488	2.62611	1.40809	0.339276	0.585787	0.725272	0.688157	0.952913	0.948737	0.332556	0	0	0.830655	1.27484	0.610105	0.554347	1.00012	1.73519	1.69041	0.592046	1.18602	0.810184	1.02801	1.55902	0.811291	1.07244	0.475834
ihec.chipseq.ihec-chipseq-containerv1.1.4.IHECRE00000969.7.0baab4a8-a829-4c43-b8f6-5a3994be9e01.fc.signal	1.1173	0.593144	0.514858	1.75725	1.87462	1.37182	1.0773	0.129276	0	0	0.396768	0.949836	1.20538	1.61245	4.2098	2.3671	0.465087	0.463699	1.95632	0.855495	0	0.173573	1.28066	1.29279	0.979175	2.97237	2.85127	1.48994	6.72157	7.3764	3.02069	7.85766	5.83378	1.16878	1.18167	1.76275	0.520231
ihec.chipseq.ihec-chipseq-containerv1.1.4.IHECRE00000341.2.b4ef1ce8-bd05-4993-ba65-94b4c3f02ba3.fc.signal	1.9074	1.70781	1.70658	1.37635	1.09119	1.21184	1.48558	2.39062	2.09046	1.05522	2.68829	4.22103	3.42375	1.00171	0.679444	0.471682	0.262024	0.656751	0.359147	0.130806	0	0.0923648	1.5782	1.27487	0.440884	0.828917	1.31602	0.401382	0.367461	0	0.513664	1.16137	0.63875	0.385081	0.828237	0.91687	0.562044
ihec.chipseq.ihec-chipseq-containerv1.1.4.IHECRE00001913.1.5545bcc7-1d10-4b9f-b8ab-ad8d845f8fcc.fc.signal	1.51451	1.52758	0.358874	1.68512	1.78208	2.34616	1.42077	0.607402	0.480904	1.09063	1.07467	1.78664	1.86302	1.01486	0.17115	0.478098	0.920116	1.55757	1.44392	0.462851	0.0617931	0	0	0.14674	0.535076	0.912897	2.03571	0.604324	1.29927	0.318251	1.79158	2.26902	1.72286	0.293338	0.487126	0.670726	0.44657
ihec.chipseq.ihec-chipseq-containerv1.1.4.IHECRE00003822.3.476846c8-9a98-404a-a2ae-8e077ecdcc70.fc.signal	0.452079	0.93502	1.01055	0.603544	1.20622	1.30679	0.449724	0.450038	0.46996	1.03915	0.685343	0.830777	1.19842	0.855079	0.733055	0.995122	1.18367	1.50021	1.04057	1.15598	2.26606	2.27279	1.75086	1.46945	1.86591	1.93127	1.87579	1.94666	1.87713	2.16274	1.86903	1.98853	1.59893	1.027	1.11532	1.13166	0.550099
ihec.chipseq.ihec-chipseq-containerv1.1.4.IHECRE00003824.4.0d9403d3-7c49-45ef-b733-64b963da6a93.fc.signal	0.435096	1.26236	1.20954	0.945766	0.253045	0.234669	0.425844	0.0103906	0.276718	0.236663	0.528404	0.365407	0.650061	0.670604	1.16017	0.590404	0.863077	0.405315	0.446436	0.22251	0.446092	1.02331	0.556986	0.745051	0.777621	0.263517	0.296124	0.217226	0.212596	1.30846	0.724208	0.900731	0.419367	1.22248	1.40244	0.788774	0.38914
ihec.chipseq.ihec-chipseq-containerv1.1.4.IHECRE00000229.3.d50d886e-de20-4390-91ea-79449d21afd2.fc.signal	0.745189	0.582295	0.349059	0.250885	0.577996	0.768031	1.18579	0.925448	0.521803	0.446215	0.651665	0.897006	0.69922	0.465444	1.16685	1.24135	0.707088	0.987358	2.03525	1.29334	0.316068	0.21447	0.584641	0.763842	1.21358	0.974587	0.837654	0.426072	0.0102887	0.278741	0.427804	0.593191	0.454631	0.50413	0.510809	0.53824	0.440674
ihec.chipseq.ihec-chipseq-containerv1.1.4.IHECRE00000013.3.c56fb850-5356-4ade-95b8-b00dc069d5ee.fc.signal	0	0.365815	0.399089	0	2.45808	1.17114	0.96527	0.167313	0	0	0	0	0	0	0	0	0.824643	0.321757	0	0	0	0	0.478316	0.448502	0	0	1.14655	0.672468	0.123146	0.63986	0.104423	1.40519	0.188335	0.311837	0.875178	0.96527	0.39881
ihec.chipseq.ihec-chipseq-containerv1.1.4.IHECRE00000348.2.8ffe2ec7-cebe-4b75-9981-ce6939da93e1.fc.signal	0.688968	0.520198	0	0.802591	1.19929	0.766635	0.793458	0.705983	0.520198	0	1.04474	0.153552	2.05401	0.208071	0.965622	0.19084	0.601261	0.458461	0.463105	1.2216	1.57046	0.227048	0	0	0	0.936706	0.888751	0.0263227	0	0.279448	2.15961	0.768679	0.773308	0.432272	0	0	0.369004
ihec.chipseq.ihec-chipseq-containerv1.1.4.IHECRE00001447.1.fc540a64-f107-4a30-90f0-2351f9514fe6.fc.signal	0.584698	0.847972	0.197953	0.764843	0.677908	0.37355	0.458784	0.495072	0.733536	0.616898	0.927941	0.619238	0.895641	0.98898	0.765132	0.961637	0.714318	1.28656	0.46656	0.340773	0.31155	0.135601	0.611712	0.301169	0	0.443481	0.668058	0.461976	0.59991	0.892452	0.722999	0.625325	1.09955	0.611099	0.870408	1.53291	0.531876
ihec.chipseq.ihec-chipseq-containerv1.1.4.IHECRE00003684.3.6340c768-b60c-43ff-84dd-c55bbe817516.fc.signal	0.370045	0.450085	0.40454	0.313493	0.535688	0.837639	1.01535	1.68775	2.27098	2.18217	1.85024	0.823955	0.635826	1.06881	1.85834	1.55201	1.167	0.983935	0.715048	0.169903	0.329952	0.157847	0.151121	0.0583712	0.225555	0.234563	0.185699	0.229736	0.606192	0.5498	0.331903	0.794386	0.219232	0.190637	0.168714	0.120889	0.596618
ihec.chipseq.ihec-chipseq-containerv1.1.4.IHECRE00001467.1.a679e95c-5603-4aa9-a651-5d699227d0bd.fc.signal	2.30214	1.42615	1.67659	1.32125	1.43278	1.24511	1.39482	1.41257	0.194621	1.04326	2.98296	4.85466	2.44321	0.925206	0.649719	1.50248	1.0585	0.801356	1.04544	1.38802	0.562271	0.384067	0.439757	0	0.1418	0.237093	0.305674	0.566451	0.83682	2.0038	0.296757	0.283996	2.11549	1.42307	1.41033	1.43589	0.491416
ihec.chipseq.ihec-chipseq-containerv1.1.4.IHECRE00000234.3.28974330-5516-4453-9680-5e36e5a6f76f.fc.signal	0.683419	0.676052	0.369419	0.24889	0.404004	0.327641	0.16767	0.262477	0.557211	0.879125	0.95202	1.261	0.902237	0.995052	1.77867	1.47785	0.665411	0.638545	1.10609	0.308981	0	0.138009	1.27317	1.50894	1.18029	1.99548	1.48784	0.464297	0.506342	0.583651	1.07854	0.506695	0.0958627	0.429023	1.1953	1.8878	0.513223
ihec.chipseq.ihec-chipseq-containerv1.1.4.IHECRE00001936.1.93858f63-89ca-4fc1-b09c-156027aebe3c.fc.signal	0.288287	0.337584	0.291976	0.210812	0.172689	0.126971	0.292576	0.190295	0.297766	0.0970234	0.480815	1.36542	0.440731	0.667363	0.538918	0.237974	0.828207	0.810507	1.02561	0.568803	0.745283	0.548959	0.342152	0.391603	0.615491	0.508182	0.0179686	0.353807	0.78284	0.448375	0.834641	0.484091	0.31148	0.535145	0.639096	0.41904	0.519481
ihec.chipseq.ihec-chipseq-containerv1.1.4.IHECRE00000808.1.461b697a-4c20-47a7-8de2-3fc5af949e79.fc.signal	0.478539	0.88768	0.989844	0.930381	0.377476	0.936407	0.613315	0.365976	0.459021	0.583052	0.621393	1.23007	0.669846	0.478331	0.914815	0.541582	1.25452	0.735993	0.544818	0.620816	0.294018	0.305671	0.782063	0.282064	0.491825	0.667025	0.95837	0.971027	0.953064	0.49695	1.14273	1.01587	0.544417	0.985649	0.752038	1.14525	0.441919
ihec.chipseq.ihec-chipseq-containerv1.1.4.IHECRE00001488.1.ed526ba9-6db4-41ed-9033-78c197f98a7a.fc.signal	0	0	0.258292	0.267681	1.18749	1.78596	0.28817	0	0	0.150461	0.73541	0.171969	0.28486	0.775769	0.0364437	0.24983	0.515967	1.33653	0.153768	0.577133	0.78994	0.658828	0.739995	1.13425	0.681771	0.642833	1.05118	1.86469	1.5833	0.464172	0.26627	0	0.370485	1.27928	0.436327	0.212678	0.509579
ihec.chipseq.ihec-chipseq-containerv1.1.4.IHECRE00000076.3.52dcb809-54f5-4dd2-afb4-4f76c49ff6ad.fc.signal	2.26123	0.57327	3.97548	0.709582	0	1.25541	0.51854	0	0	0	0	0	0	1.3009	3.59407	0	0	3.16583	1.96997	0	0	0	0	0.87798	0.464768	0.618816	0	0	1.27003	1.98144	1.29199	0.803115	0.238985	0	0.661889	1.02422	0.591017
ihec.chipseq.ihec-chipseq-containerv1.1.4.IHECRE00001904.1.157e52bc-84ef-4d37-b10e-cb4efc6ff94d.fc.signal	0.120586	0.117762	0	0.419817	1.21334	1.42829	0.331157	0	0.143877	0.387518	0.440137	0.386092	0.118343	0.281442	0.766006	0.455101	0.205588	0.337391	0	0	0.0759013	0.421454	0.0208373	0.134885	0.486137	0.548732	0.483585	0.375282	0.00532213	0.188073	0.445666	0.506208	0.0434399	0.0451359	0.489294	0.526504	0.387617
