	chr19:55477334-55477483	chr19:55477484-55477633	chr19:55477634-55477783	chr19:55477784-55477933	chr19:55477934-55478083	chr19:55478084-55478233	chr19:55478234-55478383	chr19:55478384-55478533	chr19:55478534-55478683	chr19:55478684-55478833	chr19:55478834-55478983	chr19:55478984-55479133	chr19:55479134-55479283	chr19:55479284-55479433	chr19:55479434-55479583	chr19:55479584-55479733	chr19:55479734-55479883	chr19:55479884-55480033	chr19:55480034-55480183	chr19:55480184-55480333	chr19:55480334-55480483	chr19:55480484-55480633	chr19:55480634-55480783	chr19:55480784-55480933	chr19:55480934-55481083	chr19:55481084-55481233	chr19:55481234-55481383	chr19:55481384-55481533	chr19:55481534-55481683	chr19:55481684-55481833	chr19:55481834-55481983	chr19:55481984-55482133	chr19:55482134-55482283	chr19:55482284-55482417	Expression
ihec.chipseq.ihec-chipseq-containerv1.1.4.IHECRE00001002.4.bc6e7c42-efcb-4227-9b35-b730ed21b81f.fc.signal	0.149368	0.557382	0.40026	0.502263	1.10045	0.838247	0.324149	0.755307	0.658964	0.576515	0.335513	0.534578	0.350168	0.32874	0.718664	0.575721	0.124879	0.518075	0.478849	0.101169	0.155409	0.413094	0.205724	0.21924	0.0790525	0.217707	0.100015	0.0772891	0.117255	0.193132	0.0441029	0.0229659	0.152352	0.130652	0.566667
ihec.chipseq.ihec-chipseq-containerv1.1.4.IHECRE00003693.3.61ce3aed-9b5d-4553-b99d-12b70cc1e329.fc.signal	1.97812	3.26883	3.38515	2.97961	2.24662	2.02353	1.73432	1.57652	1.22052	1.13881	2.00886	3.57716	2.90158	3.40748	5.8477	5.07516	2.11124	3.59712	3.974	2.35256	2.28102	1.50344	1.95575	1.71633	1.10371	0.34976	0.227069	0.0860472	0.389603	0.0470073	0	0	0	0	0.51046
ihec.chipseq.ihec-chipseq-containerv1.1.4.IHECRE00001030.7.d84c3371-0f00-45de-b4ba-d5df55fdd3fa.fc.signal	0.572426	1.37387	0.46476	1.53056	3.18449	2.76885	1.15368	2.5797	1.79891	1.21488	0.842178	3.40354	2.65503	0.670983	1.99693	1.75538	4.55306	2.75255	0.815843	0	0	0	0.329717	3.33636	0.764732	0.48212	0.977363	0.86179	2.25458	1.05647	0	1.29594	1.77597	1.04491	0.34188
ihec.chipseq.ihec-chipseq-containerv1.1.4.IHECRE00003682.3.262baf8f-18ec-4df6-b43b-235702f654d5.fc.signal	1.04456	1.81763	1.30396	1.48561	1.75206	0.693359	0.526816	0.425847	0.410713	0.755926	0.714542	0.652987	0.365314	0.583341	0.635778	0.300721	0.16629	0.12816	0.453091	0.421813	0.0837581	0	0.16348	0.287602	0.328897	0.329983	0.0948585	0.359246	0.245216	0	0	0.165498	0.137242	0	0.497696
ihec.chipseq.ihec-chipseq-containerv1.1.4.IHECRE00000987.6.5cfbaa8b-8208-4e04-b7a6-61e4e70766cd.fc.signal	0.635805	1.30633	4.78636	3.15166	5.4318	4.46953	1.85394	1.51354	0.624388	1.11036	0.888176	1.07327	0.501609	1.16792	1.30152	1.09918	1.65484	1.96168	0.551903	0.740693	0.0609431	0.239085	0.857892	0.637963	1.22914	0	0	0.178141	0.548488	0	0	0	0	0	0.479675
ihec.chipseq.ihec-chipseq-containerv1.1.4.IHECRE00004635.3.eb7c4ac6-0e90-4c4c-9088-810681c2c896.fc.signal	2.0657	2.59205	2.74483	3.06091	3.00461	2.4649	1.69505	1.70433	1.11249	1.48442	1.38806	0.91649	0.484898	0.299345	0.93097	1.00246	0.536529	0.66435	0.869983	0.704281	0.600739	1.56746	1.508	1.47384	1.48982	1.03336	1.20456	1.08974	0.914439	0.477724	0.573063	1.3081	1.1779	0.582963	0.830986
ihec.chipseq.ihec-chipseq-containerv1.1.4.IHECRE00003694.3.791a1a19-8cb6-4f2d-b5f0-f97ea2658756.fc.signal	1.7333	2.61779	3.00384	3.1881	1.20693	1.62005	1.31652	1.21577	1.39431	2.23571	4.26361	3.69847	3.43812	3.84706	4.76187	3.16143	1.22295	4.46485	6.8821	3.16752	3.23742	2.14734	1.47207	0.891414	0.209116	0.267823	0.0745719	0.236306	0.355427	0.534594	0	0	0	0	0.579618
ihec.chipseq.ihec-chipseq-containerv1.1.4.IHECRE00001966.2.a5362628-573c-4f29-aabc-203a1f7daa08.fc.signal	2.08766	2.29664	4.50346	9.19932	14.2895	13.8489	9.23703	8.01622	3.60314	3.94131	4.29867	3.21199	4.18881	2.49293	2.74172	2.41921	3.31229	4.21295	4.1691	1.4127	0.484858	0.934129	0.743952	0.378286	2.09684	1.19034	0.308911	0.410639	0.639471	0.773231	0.998932	3.65917	2.91369	2.207	0.505714
ihec.chipseq.ihec-chipseq-containerv1.1.4.IHECRE00001458.1.95d5ed16-4642-4ac8-b3c3-c6d52abdacb8.fc.signal	6.35972	6.28361	7.90208	10.9062	11.6818	9.07808	6.54105	4.01371	3.26172	1.668	0.970219	1.49233	2.66538	3.21183	3.64294	4.96693	3.85571	2.5467	1.38889	1.51696	1.57369	0.658133	1.24017	1.52754	1.12083	1.14662	0.930279	1.34741	1.02661	1.26032	0.852893	0.288785	2.10875	2.82301	0.299065
ihec.chipseq.ihec-chipseq-containerv1.1.4.IHECRE00000244.3.e3307280-fd43-48ec-bfea-65dc3dbb16cb.fc.signal	4.09547	5.44643	5.4468	2.93975	1.89177	1.42438	1.3044	1.32435	1.11633	1.38045	0.668137	0.515794	0.395863	0.333884	0.663312	1.01305	0.747827	0.904281	1.01685	0.384737	0.536339	0.483333	0.326283	0.409966	0.383351	0.251927	0.284936	0.28155	0.184915	0.166816	0.12975	0	0.028659	0.12909	0.593838
ihec.chipseq.ihec-chipseq-containerv1.1.4.IHECRE00003843.4.49e5ea45-59d8-417f-b446-420c07cf032e.fc.signal	1.55973	1.56584	1.31485	1.472	2.02595	1.38102	1.53103	1.62974	0.864349	0.564579	0.503773	1.0056	0.545082	0.939788	1.20046	1.15787	0.808963	1.64123	1.12762	0.740397	0.674044	0.239259	0.47549	0.17956	0.250413	0.629708	0.532603	0.568931	0.236704	0.415148	0.058632	0	0	0	1
ihec.chipseq.ihec-chipseq-containerv1.1.4.IHECRE00003828.3.fa27d843-786a-4e79-8835-42abca97de87.fc.signal	4.65353	4.22901	3.10208	3.16197	2.45675	2.26228	0.9947	0.932111	1.57614	2.2213	1.15334	0.544998	0.974694	1.24863	1.17092	0.781172	0.580632	0.582756	0.543889	0.1344	0.209503	0.68756	0.425989	0.37934	0.409909	0.270495	0.220016	0.383682	0.134776	0.0414696	0	0	0	0	0.519231
ihec.chipseq.ihec-chipseq-containerv1.1.4.IHECRE00004607.2.69656c3b-1dfd-41af-af20-57e8f19233a1.fc.signal	1.46141	1.9134	2.8978	2.5675	2.33099	2.27847	2.12332	2.63379	1.65907	1.74568	1.41667	1.75543	2.06951	1.14364	1.26248	2.44235	0.975971	0.893377	1.00096	0.270322	0.232872	0.498872	0.787668	0.43702	1.12392	0.835472	0.392954	0.848338	0.294045	0	0	0.0350413	0.340407	0	0.768786
ihec.chipseq.ihec-chipseq-containerv1.1.4.IHECRE00001918.1.9e638be4-fa7a-454b-8210-0976e280183f.fc.signal	1.62676	4.05117	4.66523	4.60772	5.54302	4.22781	3.15023	2.99435	1.68857	2.57938	1.25073	0.486704	2.05791	1.83928	1.77392	3.0043	2.48932	1.96259	1.78107	0.556695	0.913498	0.800056	0.744539	0.875675	1.26597	2.08446	2.63771	1.812	1.81685	0.947422	0.747402	0.359101	1.05501	1.90768	0.564854
ihec.chipseq.ihec-chipseq-containerv1.1.4.IHECRE00003835.4.f2b75171-e2d2-4fe1-8ece-a2ab6c448cec.fc.signal	2.92637	5.09141	4.46443	3.56578	3.19593	2.48025	1.85196	1.96465	2.29109	1.81897	1.23337	1.65809	1.23046	1.16571	0.871118	0.680329	1.17239	1.38452	1.75347	0.699317	0.445753	0.605062	0.560239	0.266807	0.92888	0.320874	0.564915	0.604999	0.325893	0.525716	0	0	0	0.194291	0.562771
ihec.chipseq.ihec-chipseq-containerv1.1.4.IHECRE00004605.1.5720ead7-dd43-4b40-b17e-b9f7cda69ec0.fc.signal	0.814075	1.43883	2.49906	1.77848	2.3988	2.98793	1.20127	1.2217	1.06578	1.04683	1.6504	0.685979	0.789575	1.65932	0.983359	0.719425	0.467727	0.316234	0.254994	0.354095	0.445403	0.49106	0.678113	0.865943	0.762444	0.322688	0.271694	0.827468	0.725003	0.458811	0.275037	0.429814	0.479924	0.321589	0.634877
ihec.chipseq.ihec-chipseq-containerv1.1.4.IHECRE00004647.3.45100e0d-f7b5-4c54-a935-54545fef7dd3.fc.signal	5.63445	6.22969	6.90547	6.64741	5.6011	6.35544	5.636	4.92921	4.18737	3.3084	3.20256	3.3842	3.09846	2.45315	2.45914	1.43314	1.44052	2.17553	2.44488	1.74965	0.851201	1.54806	1.80967	1.91537	1.23278	1.55297	1.4328	1.9272	1.27365	1.24935	0.800945	1.23997	0.914261	1.60078	0.43
ihec.chipseq.ihec-chipseq-containerv1.1.4.IHECRE00000957.7.f00a0f4a-5f50-4465-bbfb-8153fd1dc895.fc.signal	1.23284	0.933598	1.09565	2.60396	4.95631	2.8184	1.16932	1.93894	1.78914	1.64588	1.63975	1.55679	2.38687	2.26579	2.36017	1.69112	1.58472	2.40193	1.8148	0.22459	0	0	0.253106	0.74108	0.626754	0.745751	0.31258	0.556898	0.564395	0.652584	0.491926	0.68433	0.351556	0.504063	0.4
ihec.chipseq.ihec-chipseq-containerv1.1.4.IHECRE00000983.7.61f2a6e9-d3c5-47bf-9c61-e6f61f7fd807.fc.signal	2.21923	1.47686	0.233019	2.1294	1.79049	1.71665	0.586883	0.742331	0.165013	1.43906	1.99061	1.76013	1.37823	0.748711	0.745254	0.318376	0.812894	1.22238	0.689679	0	0	0	0.976921	2.00255	0.304513	0.718595	1.21827	2.13409	0.540426	0	0	0	0	0	0.478261
ihec.chipseq.ihec-chipseq-containerv1.1.4.IHECRE00004610.2.ea8a1015-0f82-48f9-9c20-42da2550bfd3.fc.signal	2.01199	2.55982	2.97158	2.90399	2.2018	2.64565	2.44021	1.28037	1.08469	1.61754	1.36444	0.970078	1.33153	1.07845	0.671848	0.648501	0.976237	0.932548	1.24308	0.638033	0.668352	0.490619	0.63541	0.436031	0.243572	0.344963	0.353949	0.906708	0.308589	0.379659	0.613738	0.411748	0.625028	0.301771	0.548134
ihec.chipseq.ihec-chipseq-containerv1.1.4.IHECRE00003677.3.18735c01-9e7f-4bc3-8ba6-c4181a530efa.fc.signal	1.63439	1.8806	2.23533	1.68777	1.42616	1.14	0.456246	0.213528	0.405183	0.842095	0.518464	0.421848	0.516148	0.560515	0.21298	0.256287	0.790777	0.545184	0.142352	0.169043	0.286559	0.312657	0.234348	0.399288	0.267566	0.173788	0.176754	0.268703	0.109137	0	0	0	0	0	0.615764
ihec.chipseq.ihec-chipseq-containerv1.1.4.IHECRE00000236.3.81777bd7-a811-47be-9ebc-c73408291448.fc.signal	2.12298	2.44999	3.25023	3.73357	3.2844	2.91437	2.00153	1.54296	1.93173	2.00645	1.98757	2.40307	3.64182	3.68332	3.00402	3.42473	1.7986	0.960667	2.31727	3.22692	2.3899	1.30157	1.93009	2.03096	1.4902	1.22515	1.25671	1.0038	0.298578	0.0560748	0	0.0836635	0.489501	0.52845	0.664835
ihec.chipseq.ihec-chipseq-containerv1.1.4.IHECRE00003688.3.6d458bc2-bf4f-404e-8ba6-6a89a10cb027.fc.signal	2.41664	2.79088	2.82564	2.98631	2.96973	2.92873	2.27285	2.40046	2.34089	1.22493	0.548084	0.922058	1.25725	0.993735	1.55333	1.48944	2.26264	1.84685	1.09151	0.389543	0.328691	0.90949	1.08483	0.587034	0.369954	0.422992	0.419279	0.930383	1.12378	0.682333	0.196733	0.170339	0.99344	1.6901	0.425
ihec.chipseq.ihec-chipseq-containerv1.1.4.IHECRE00003683.3.52ed6dfc-f444-41dd-94ff-8e67dd11315f.fc.signal	1.69411	2.5654	1.60677	2.13186	1.85827	1.15431	0.774425	1.43209	1.76671	1.79091	2.55278	3.35037	3.77442	3.91859	7.77613	8.11917	2.85933	4.68549	4.4295	2.22657	2.67274	1.90562	2.11292	1.11854	1.28374	0.446161	0.558711	0.217838	0.130431	0.0378672	0	0	0	0	0.621429
ihec.chipseq.ihec-chipseq-containerv1.1.4.IHECRE00004713.2.e0c0800b-3b56-4a12-9e86-6c2b014acbe6.fc.signal	0.677103	3.05346	3.04327	4.51253	5.18795	5.75946	3.28724	3.12272	2.40474	1.16892	1.83322	1.06878	2.27131	2.16791	1.38478	2.12605	1.83376	1.48435	1.03725	1.29422	1.91487	1.66148	1.48359	1.17266	1.75528	0.876586	1.00992	1.64841	0.499352	1.74648	0.777723	1.31736	0.872061	0.95541	0.469136
ihec.chipseq.ihec-chipseq-containerv1.1.4.IHECRE00000224.3.e5c74e2f-fdd7-452c-ab9b-6ee0ab9d0cdc.fc.signal	2.11745	2.67691	3.46383	3.5018	3.73461	3.06931	2.02708	1.16166	0.933405	0.922657	0.780465	1.21886	1.70189	1.73035	2.06236	1.73414	0.944462	1.68079	2.16885	1.46804	0.938627	0.679498	0.591481	0.764103	0.787166	0.601924	0.540683	0.430097	0.4399	0.365797	0.173502	0.00814967	0.229673	0.631739	0.706667
ihec.chipseq.ihec-chipseq-containerv1.1.4.IHECRE00001955.3.20a7277a-189d-447e-b862-19ad112ed91b.fc.signal	2.45743	4.59778	4.21313	5.11606	5.35886	3.87466	2.66119	2.00161	1.85131	0.818551	0.847898	0.895952	1.12004	1.51987	1.38965	1.5358	1.30729	1.42475	0.786641	0.215124	0.0239541	0.278263	0.58848	0.77114	0.934479	0.750178	1.07078	0.949686	0.995975	1.5259	1.30692	0.746149	0.621152	0.319632	0.457143
ihec.chipseq.ihec-chipseq-containerv1.1.4.IHECRE00001958.3.15c43137-8b62-45aa-904f-5b9257a45d2c.fc.signal	3.53847	6.90925	8.0838	6.22937	6.25039	5.00432	2.81238	2.23446	2.14484	1.90707	1.52132	1.32195	1.3585	1.79094	1.49615	1.29332	1.24715	1.1977	0.654534	0.341483	0.302502	0.433249	0.658223	0.482385	0.326052	0.632211	1.15714	0.980174	0.931861	1.18471	1.12627	0.71951	1.22983	1.39802	0.572464
ihec.chipseq.ihec-chipseq-containerv1.1.4.IHECRE00001916.1.e7613ff6-6db0-405e-a3e1-4d00a7bd21ef.fc.signal	5.03344	2.12922	1.72983	4.40359	3.67533	3.29892	2.58461	4.16279	2.16247	2.78612	3.35737	2.89616	3.09469	4.36697	2.38814	3.94877	2.7102	2.15127	1.33009	1.18228	0.105804	0.0608411	0.349175	0.851676	2.27834	2.35543	1.97755	1.01832	0.470828	0.618891	0.304173	2.01551	1.48601	1.37908	0.468468
ihec.chipseq.ihec-chipseq-containerv1.1.4.IHECRE00004643.3.b52bc708-220e-4d24-be07-a57b59ce9422.fc.signal	1.63708	3.50899	5.97875	6.03618	2.65892	3.11669	2.47769	2.78113	2.48205	1.39413	1.3464	1.22183	1.22188	1.89073	2.39193	1.8978	1.24453	0.944262	0.905818	0.674781	0.70481	1.30142	1.15211	0.286741	0.432299	0.684161	0.722574	0.713853	0.742821	0.528337	1.09825	0.83893	1.31091	0.765311	0.141361
ihec.chipseq.ihec-chipseq-containerv1.1.4.IHECRE00000240.3.d690d3e6-ed87-46ee-9d2a-0a5b66f16245.fc.signal	0.671389	0.876571	1.03795	1.58392	1.86407	2.20844	1.78456	1.81273	0.962238	0.907494	0.961425	1.17356	1.23944	0.636999	0.510621	0.347241	0.595819	0.517421	0.570166	0.242351	0	0.222948	0.836479	0.680936	0.396407	0.340723	0.0834948	0.581932	0.492144	0.245555	0.218283	0.510595	1.23589	1.29123	0.735294
ihec.chipseq.ihec-chipseq-containerv1.1.4.IHECRE00001921.1.6ac99a85-2fe0-4cc8-86a0-6bf7b17d53bb.fc.signal	5.54108	7.32044	9.50583	8.02665	6.84353	4.45853	3.61811	2.66113	1.87214	1.76575	1.21265	0.98098	1.24715	1.32774	1.87503	1.79603	1.2443	1.82879	1.33317	0.627882	0.757292	1.04001	0.883094	0.912524	0.902113	1.48398	1.41966	1.13565	0.994956	0.722786	0.210224	0.206777	0.867709	1.21855	0.360825
ihec.chipseq.ihec-chipseq-containerv1.1.4.IHECRE00001915.1.adee2f46-da34-4846-89ca-6d9625aefc9b.fc.signal	0.780621	1.16723	1.81098	3.24654	2.88593	3.04824	2.19162	0.870378	0.382103	0.87768	0.770319	0.728286	1.06645	0.736954	0.604823	0.890452	1.4463	1.68046	1.05698	0.242113	0.205679	0.505562	0.541199	0.347146	0.201225	0.174224	0.114657	0.196919	0.22207	0.109304	0.103146	0.276365	0.262095	0.393256	0.365049
ihec.chipseq.ihec-chipseq-containerv1.1.4.IHECRE00003848.5.24421c99-53f4-4f1c-8ef1-69e3df8de28a.fc.signal	2.88527	4.17356	4.14652	4.44657	3.72207	2.47119	1.33957	0.920997	0.346877	0.479622	1.02779	0.869966	0.418132	0.391076	0.556506	0.226914	0.45947	0.615461	0.274813	0.271779	0.332784	0.683835	0.331592	0.369313	0.80624	0.165231	0.163908	0.294206	0	0	0	0	0	0	1
ihec.chipseq.ihec-chipseq-containerv1.1.4.IHECRE00003676.3.2bdb0d55-cf7c-42db-b5e9-1e7fc8464aa8.fc.signal	2.1142	3.27625	3.91711	3.85298	3.57043	3.04793	2.03083	1.97455	1.10307	1.02764	0.875941	1.01765	0.840896	0.913471	1.08563	1.07878	1.65364	1.09626	0.644387	0.279604	0.375404	0.155549	0.835841	0.681896	0.30412	0.35474	0.0851077	0.75086	0.558305	0.557386	0.0841526	0	0.00773707	0.184092	0.800623
ihec.chipseq.ihec-chipseq-containerv1.1.4.IHECRE00003838.5.81062b7a-f969-4fb2-ad00-2580d77ec836.fc.signal	1.70054	1.83591	0.430983	2.39865	1.49433	1.65954	1.15028	1.68685	1.30184	1.12539	2.54767	1.24841	0.431047	0.536603	0.744081	1.15025	1.98745	1.47696	1.17138	0.613594	1.57756	0.811151	1.90297	1.85577	0.716734	0.0322903	0.0198709	0.286881	0.464559	0.346536	0	0	0	0	0.267797
ihec.chipseq.ihec-chipseq-containerv1.1.4.IHECRE00001914.1.efe1ef25-e6b3-4cdb-b8c5-2c894fd1d880.fc.signal	4.59289	5.43475	6.59328	10.033	8.20424	4.00702	4.20892	2.78917	3.64678	4.14442	3.02124	3.49335	2.19708	1.49391	2.44251	3.93758	4.02051	5.98353	2.47052	1.53422	0.167194	0.118022	1.85288	1.35822	0.827015	0.987852	0.910696	1.28832	1.07194	0.49174	0.304899	0.544834	0.039348	0	0.375839
ihec.chipseq.ihec-chipseq-containerv1.1.4.IHECRE00001236.5.d51198c1-7a73-4d86-97a2-4552cc10d322.fc.signal	1.83705	3.09689	4.86991	2.61817	2.77673	3.07087	2.60795	4.0781	3.52588	3.07755	3.38455	3.53091	7.19934	6.7153	6.70347	5.15891	2.07707	5.11622	7.7331	0.910441	0.786715	1.84691	2.32085	3.99238	1.99547	1.44053	1.82465	1.82577	1.57653	2.02245	0.239998	0.482619	0.924725	1.62059	0.763473
ihec.chipseq.ihec-chipseq-containerv1.1.4.IHECRE00001234.5.5cbe5650-3de6-4514-ab14-1c0f737014e5.fc.signal	1.93902	1.94574	2.78511	2.55177	1.26615	2.1989	1.46542	2.70274	1.69243	1.39773	1.139	1.23233	1.45961	1.85808	2.31326	1.85004	1.26186	1.03208	1.33544	0.372541	0.314734	0.0803225	1.93861	0.931495	0.683992	0.50853	0.897381	1.12083	1.13348	0.55175	0.431407	0.439754	0.587235	1.25406	0.835938
ihec.chipseq.ihec-chipseq-containerv1.1.4.IHECRE00001232.5.1e064882-e572-482d-b86a-86e4adf3de86.fc.signal	3.78465	3.81548	3.05055	3.11084	4.50124	3.71091	3.01081	4.87783	3.99923	2.29524	1.48507	1.6251	2.28962	1.83357	1.82041	1.81434	0.964411	1.4139	0.740506	0.416588	0.226491	0.58447	0.667153	0.821885	0.784962	0.924081	0.693291	0.841328	0.859074	0.632096	0.156633	0.240824	0.166342	0.657235	0.689922
ihec.chipseq.ihec-chipseq-containerv1.1.4.IHECRE00003832.2.6f165533-6331-40e2-865d-21b081721374.fc.signal	2.46316	4.16046	3.39805	3.24435	3.09551	2.47777	1.86584	1.75688	1.88675	2.12294	1.68359	2.40964	2.11586	1.20204	1.72661	2.98626	3.03232	1.60173	1.24029	1.17515	1.57177	1.67467	0.632297	0.954385	1.05062	0.123153	0.279902	1.55164	1.52733	0.670221	0.337551	0.418321	0.894921	0.551015	0.893939
ihec.chipseq.ihec-chipseq-containerv1.1.4.IHECRE00001892.4.d37ba2fd-c103-41c2-a854-82a474c3bdc9.fc.signal	1.01311	0.813958	2.24283	6.99269	7.88266	7.88769	6.71006	7.15512	8.24558	3.7851	1.94149	3.00285	6.55913	9.16576	7.62995	4.86285	5.22307	7.26319	5.02334	2.43962	0.684395	0.263631	2.41497	5.57347	3.39583	2.26607	0.16047	0	0.0261995	0.49124	0.153922	0	0	0	0.340136
ihec.chipseq.ihec-chipseq-containerv1.1.4.IHECRE00000226.3.8a2cf769-e5bf-4eeb-86dc-fc2df72a9c44.fc.signal	5.16165	6.75737	5.89636	3.34217	2.2835	2.11339	1.26409	0.891673	0.914081	1.01544	0.73691	1.14596	1.33589	0.653788	0.47307	1.02296	1.30077	0.81384	0.707054	0.735022	0.811709	1.03594	1.40892	1.05456	0.582498	0.524121	0.706047	0.997424	1.15454	0.955485	0.482336	0.0780463	0.279391	0.302934	0.46988
ihec.chipseq.ihec-chipseq-containerv1.1.4.IHECRE00004681.3.f99ccc6c-1833-4f7b-8eed-cf0ddf179253.fc.signal	1.04066	1.49198	2.43822	2.39844	2.18034	2.58689	2.63103	2.76839	1.26036	1.01857	0.59048	0.415696	0.370208	0.328425	0.972733	1.28042	1.20066	1.16333	0.765856	0.512877	0.460213	0.298647	0.787986	0.698544	0.711541	0.292812	0.531735	0.318404	0.272533	0.133605	0.0490204	0.284215	0.222053	0.0758398	0.00984529
ihec.chipseq.ihec-chipseq-containerv1.1.4.IHECRE00003816.1.c02216f5-387b-4ad0-b451-f30307b31d6f.fc.signal	8.35155	10.1945	8.85873	7.35471	5.70038	3.69578	2.82459	2.1041	1.7108	1.89543	2.03253	2.57525	2.24908	2.39401	2.66735	2.39136	1.44895	0.923588	1.05757	0.605292	0.369081	0.959395	1.38596	0.950992	0.811331	1.13008	1.06163	1.2054	0.648045	0.559213	0.182895	0.446828	0.998328	0.763406	0.534591
ihec.chipseq.ihec-chipseq-containerv1.1.4.IHECRE00000188.3.79b461fe-b972-49c7-a613-f44ea6f3ebc3.fc.signal	4.7129	1.50156	6.6879	8.23648	4.62733	1.54433	2.38767	1.8146	0.255033	1.21506	1.49892	1.1299	1.02239	0.612983	0.442466	0	1.23208	2.37329	0.369079	0.817651	0.176022	0	0	0	0.641629	1.1299	0.89143	1.31156	0	0	0.738113	1.90771	1.30021	0.959755	0.868421
ihec.chipseq.ihec-chipseq-containerv1.1.4.IHECRE00003826.4.829b60f6-fc9d-4134-bce9-259337c2a36b.fc.signal	2.71883	2.93179	1.98364	2.03234	3.00088	4.16852	1.85465	2.09368	1.91347	1.44946	2.21906	1.38167	0.657417	1.11006	1.3315	0.864559	0.663049	0.88719	1.35873	1.15077	1.32767	0.498444	0.465293	1.08716	2.09821	0.52706	0.14321	0.532744	0.240595	0	0	0	0	0	0.382753
ihec.chipseq.ihec-chipseq-containerv1.1.4.IHECRE00004603.3.33f77abf-b8ba-4cf9-9bf5-2a20b352f908.fc.signal	1.46634	1.40547	1.74849	1.93337	2.6725	1.68111	1.91255	1.60909	1.67226	1.62956	1.18485	0.938645	0.736747	0.664115	0.970228	2.87056	1.73657	1.65265	1.44524	0.168627	0.688083	0.74593	0.816022	1.48017	0.282683	0.382247	0.388638	0.41489	0.115503	0	0	0	0	0	0.516129
ihec.chipseq.ihec-chipseq-containerv1.1.4.IHECRE00001964.2.d1780581-c5b9-4ce5-a302-4e6523b46a10.fc.signal	1.50497	2.26448	3.52588	3.77164	3.21915	2.0211	2.23325	1.62984	1.15219	0.391263	0.946398	2.15449	1.56433	1.36383	1.83944	2.63976	1.19527	0.875056	2.15322	0.919721	0.661844	0.479088	0.989554	1.64439	1.15854	0.871118	1.81571	0.968648	0.923024	1.17055	0.238823	0.275662	0.196902	0.841833	0.443099
ihec.chipseq.ihec-chipseq-containerv1.1.4.IHECRE00003695.3.b45ed777-a5dc-4527-b410-7a0e01173bd4.fc.signal	2.08206	2.04194	1.72234	2.28445	1.81209	1.8412	1.53101	1.2547	1.62938	2.51272	3.81386	4.06889	4.43887	5.35027	6.20261	6.07229	3.57062	4.86596	4.74155	2.39987	2.09943	1.2909	1.06657	0.69189	1.40898	0.499043	0.196783	0.340042	0.180254	0.109412	0.0802876	0	0	0.0176224	0.547847
ihec.chipseq.ihec-chipseq-containerv1.1.4.IHECRE00003689.3.80691124-aaea-4c56-9e41-73916520079d.fc.signal	2.58346	3.80628	2.40696	2.69774	4.70381	3.52062	1.84302	1.95668	1.48387	1.77681	0.929591	0.902605	1.58014	1.32296	1.0531	1.19143	1.31253	2.53896	1.66836	0.211388	0.264298	0.329192	1.263	1.17329	1.28664	0.793803	1.0236	1.18953	1.00831	1.44765	0.113759	0.521547	1.32018	1.55332	0.564169
ihec.chipseq.ihec-chipseq-containerv1.1.4.IHECRE00003842.2.75b7a040-8636-4619-af5d-92f89f5792fa.fc.signal	1.5009	2.5674	2.96671	3.82449	3.61984	2.01356	1.61326	1.35038	0.805645	1.25007	0.949117	2.80317	1.45378	1.45475	1.99157	1.22573	1.00664	1.59822	1.06132	0.77273	1.18134	1.53222	1.03567	1.02281	0.686443	0.637959	0.457279	0.485731	0.390601	0	0	0	0	0.0224582	0.964052
ihec.chipseq.ihec-chipseq-containerv1.1.4.IHECRE00004617.2.4f4a0497-3ec2-413a-b94e-d213b036987a.fc.signal	2.64165	2.13751	2.66669	3.20108	1.79826	0.833072	0.756225	1.09122	0.988719	0.836411	0.901416	1.56875	1.32346	0.941852	1.34071	1.91128	2.04029	1.05371	0.729481	0.965166	0.431611	0.658751	0.384872	0.983317	0.840842	0.601692	0.740693	0.906453	0.957382	0.535223	0.141558	0.158784	0.228702	0.369118	0.852665
ihec.chipseq.ihec-chipseq-containerv1.1.4.IHECRE00000153.3.a7cb54e8-9ebd-48ce-93ca-9f70b76d2b77.fc.signal	2.19635	1.9463	2.50793	1.47488	3.3947	2.61195	1.5391	1.70385	0.632903	1.45173	1.28282	1.10227	0.0149421	0.896756	1.62204	2.02387	1.21623	0.824836	0.678521	0	0	0	0	0	0	0	0	0.0196029	0.73511	0.641996	0.46557	0	0	0	0.598039
ihec.chipseq.ihec-chipseq-containerv1.1.4.IHECRE00001903.1.df6f0905-c0c8-425c-b0f1-0f9ff68f7793.fc.signal	0.716254	1.5825	4.53245	4.64588	7.31485	5.90642	6.60106	4.69709	3.02243	2.4273	2.60049	1.53568	3.994	3.6676	1.39737	1.16009	2.17869	2.22575	0.825929	0.210192	0	0.038216	0.97938	0.846102	0.99533	1.08008	1.16865	0.188194	0.185438	0.693051	0.337514	0.23302	0.275449	0	0.659176
ihec.chipseq.ihec-chipseq-containerv1.1.4.IHECRE00000949.6.c2f3aee8-0c03-4973-b136-7021565c707b.fc.signal	0.912985	0.530161	1.96998	7.0517	5.08484	1.78827	0.772732	2.16073	0.905385	0.553756	0.311947	0.66885	1.81026	0.256775	0.39539	0.239842	0.238399	0.692152	0.550343	0.361138	0	0	0.135248	0.623779	0.614574	0.229692	0	1.53241	0.454964	0.514158	0.168352	0	0	0	0.451264
ihec.chipseq.ihec-chipseq-containerv1.1.4.IHECRE00000239.3.f51aa466-1a2d-4131-98a6-f9e69e8e7d9b.fc.signal	1.38139	2.05876	2.25487	1.51298	0.853276	0.803057	0.809099	0.43046	0.44274	0.361543	0.302346	0.230039	0.348941	0.425394	0.304112	0.249831	0.522313	0.832193	0.559179	0.355094	0.285271	0.260105	0.246172	0.238165	0.198092	0.261559	0.194218	0.166066	0.324787	0.359175	0.111229	0.140186	0.474347	0.318863	0.427835
ihec.chipseq.ihec-chipseq-containerv1.1.4.IHECRE00001935.1.0b0c5786-e084-4954-a96f-72d7a88b913e.fc.signal	2.46957	5.38492	8.77564	10.9178	12.6974	13.5071	5.70892	8.21413	3.93733	2.30819	1.95069	2.31751	2.2578	1.43976	0.427096	2.03684	1.0972	1.04627	2.49144	0.529439	0.781822	1.053	0.513006	0.6171	0.633399	1.26308	0.356073	0.477548	0.0460876	0	0	0	0	0.531874	0.557047
ihec.chipseq.ihec-chipseq-containerv1.1.4.IHECRE00003678.3.df24c052-2a81-4f1a-b170-2f4fdc228ffe.fc.signal	0.760421	2.06777	1.73345	1.43455	1.55542	1.73526	1.20193	1.46543	1.46185	0.841292	0.745008	0.532394	0.624169	0.1962	0.358804	0.877622	0.421494	0.287942	0.599513	0.364276	0.386045	0.500602	0.101214	0.153307	0.679596	0.386088	0.121717	0.45698	0.178948	0.109	0	0	0	0.0640578	0.832258
ihec.chipseq.ihec-chipseq-containerv1.1.4.IHECRE00004608.1.2b4cac07-82e4-4fde-addf-f528201b15bb.fc.signal	1.28995	2.4329	2.71281	2.93989	2.3091	1.84852	2.22007	1.52712	0.660616	0.693958	0.79331	1.7815	1.0616	1.0471	1.30374	1.40565	1.2838	0.41921	0.677189	0.110929	0.402428	0.266873	0.471964	0.882481	0.835037	0.640849	0.479417	0.679507	0.695248	0.245078	0.0335365	0.340525	0	0.0591991	0.743644
ihec.chipseq.ihec-chipseq-containerv1.1.4.IHECRE00003680.3.604f0a28-681a-4e69-b09a-96c7d6e32ad9.fc.signal	0.368097	1.04312	1.02186	1.0848	0.970028	1.44942	0.919858	0.884962	0.470959	0.368947	0.478607	0.400398	0.106266	0	0	0.0535573	0.429749	0.17003	0.178	0.175121	0	0.279685	0.41485	0.053558	0	0	0	0	0	0	0	0	0.0578091	0.12752	0.674107
ihec.chipseq.ihec-chipseq-containerv1.1.4.IHECRE00003821.3.a5c54e8d-c399-4c95-b6c6-525ed1d5f1b6.fc.signal	6.05264	9.04159	5.50667	7.05554	3.88132	3.61238	2.44979	2.17199	1.6392	1.76045	1.24156	0.590952	0.369627	0.735838	0.666882	0.800709	1.1169	0.878197	0.790719	0.406144	0.0863947	0.0997547	0.112612	0.570427	0.364245	0.255942	0.104208	0.128256	0.725893	0.57448	0.077488	0	0	0	0.494565
ihec.chipseq.ihec-chipseq-containerv1.1.4.IHECRE00001004.4.f7653c1d-f81b-438a-acb2-1be8da95c8b2.fc.signal	0.796984	1.7463	2.09563	1.12672	1.71795	1.47179	0.688949	1.39969	0.76161	0.73057	0.511629	0.319395	0.610925	0.728926	0.974155	0.858351	0.558611	1.14402	0.575326	0.132259	0.137115	0.139468	0.318447	0.603846	0.480366	0.222931	0.288547	0.388321	0.283012	0.220681	0.0518464	0.0316012	0.0588304	0.150651	0.939236
ihec.chipseq.ihec-chipseq-containerv1.1.4.IHECRE00003716.2.bea5f21d-c715-4019-8eed-c69728473893.fc.signal	1.45558	1.11667	1.66884	5.58036	6.02131	5.2705	5.43415	4.01399	4.62825	4.57871	3.61957	5.44811	6.5964	2.76463	3.68145	3.2834	2.85333	4.04566	3.27376	0.886194	0.139224	0.404301	1.10143	1.12409	1.69494	0.909058	0.922385	1.36069	1.0423	0.609874	0.546043	0.599051	1.26695	1.20698	0.639566
ihec.chipseq.ihec-chipseq-containerv1.1.4.IHECRE00000223.3.3bd7fa2e-4676-4775-9e3e-5e080ad64395.fc.signal	0.689893	1.48817	3.5701	4.15925	4.88134	3.31515	1.88863	2.14191	2.02723	1.5729	1.66168	1.2173	1.53099	1.19536	1.53632	2.10653	1.78652	0.866182	1.21183	0.933005	0.412961	0.119747	0.349555	1.14075	0.892719	0.956056	1.37495	1.41759	0.70009	0.14381	0.0038892	0.292533	0.879196	0.79461	0.419355
ihec.chipseq.ihec-chipseq-containerv1.1.4.IHECRE00000992.7.80dcfe52-cdf2-4d0d-bc40-0c75abc04fc1.fc.signal	1.09558	0.545267	0.7397	2.55969	1.65702	1.63616	1.15727	1.26621	1.88353	1.84894	1.72426	0.928609	0.759242	1.43963	1.07056	1.33645	1.19496	0.940366	1.59593	0.702158	0.105406	0.0970248	0.421274	1.13235	1.06525	0.68898	0.742626	1.53339	2.31736	1.81187	0.32953	1.01879	0.827607	1.06579	0.464646
ihec.chipseq.ihec-chipseq-containerv1.1.4.IHECRE00000001.4.02b605e5-4373-4009-a925-f6e4537147f5.fc.signal	0.315142	0.65122	1.59421	2.05302	2.64539	1.8671	1.37298	1.31765	0.749673	0.43336	0.498915	0.518446	0.569277	0.650465	0.866403	1.15244	1.14783	0.434243	0.266566	0.289961	0.299615	0.268903	0.266016	0.325315	0.251295	0.341498	0.391614	0.162722	0.106834	0.101315	0.046004	0	0	0	0.364312
ihec.chipseq.ihec-chipseq-containerv1.1.4.IHECRE00000232.3.9496c4f8-99ad-4b83-978f-c024a2ac68e0.fc.signal	1.7324	1.35491	1.70834	1.76119	1.50759	1.23079	0.92864	0.740003	0.824535	0.91049	0.751476	0.791881	1.099	0.959525	0.796646	0.868652	0.726704	0.801634	0.685647	0.553202	0.564844	0.495789	0.500931	0.576832	0.394755	0.436549	0.799534	0.923748	0.920264	0.701676	0.201512	0.134462	0.318056	0.208042	0.447059
ihec.chipseq.ihec-chipseq-containerv1.1.4.IHECRE00001908.1.1b5673b2-9c19-4918-a48e-ba3436bbc7ca.fc.signal	10.425	9.49733	12.4993	10.2395	7.01681	4.40945	6.10281	6.8388	4.51951	2.58792	2.00221	2.77522	1.85796	1.48298	2.22652	1.87205	0.747356	0.378277	0.27635	0.34893	0.254737	0.062292	0.350755	0.384586	0.746658	0.41539	1.00529	0.56355	0	0.505381	0.470765	0.131505	0	0.49136	0.565371
ihec.chipseq.ihec-chipseq-containerv1.1.4.IHECRE00003400.1.1fd4d0f1-41c8-41b4-882d-bbcd98fbef74.fc.signal	0.783848	0.102651	0.517928	0.664003	0.519743	0.589603	1.52706	0.758651	0.846789	0.717977	0.497764	0.722912	0.202294	0	0	0	0.194801	0.566912	0.00257467	0	0	0	0	0.369725	1.39143	0.624159	0.214679	1.76115	1.1688	0.0357798	0	0.532721	0.262385	0	0.466102
ihec.chipseq.ihec-chipseq-containerv1.1.4.IHECRE00001027.7.e86f32e5-bf0d-4add-be96-995ad738d215.fc.signal	0.0809815	0.256693	1.02565	3.77067	2.80054	3.52348	2.67994	2.70268	0.89768	1.85248	1.53415	1.84862	1.23196	1.82754	3.09283	1.51947	1.35457	1.62746	1.05287	0.193585	0.243849	0.0793603	0.350367	1.04936	0.790922	0.214376	0.542487	0.415526	0.667022	0.609827	0.151339	0.109911	0.378147	0.4929	0.342373
ihec.chipseq.ihec-chipseq-containerv1.1.4.IHECRE00004616.1.ed15f6f7-9fc7-4af5-9ab6-233a7899d0bb.fc.signal	0.801923	1.1409	1.8299	2.5043	2.24077	1.1601	0.706658	1.05998	0.635287	1.58595	1.7799	1.32165	0.645245	1.09548	1.09505	1.14577	2.03849	2.08999	1.16584	0.431554	0.0978122	0.374018	0.687895	0.927148	0.640469	0.893494	0.455705	0.618007	0.732018	0.348709	0.0943601	0.0770991	0.0955109	0.0515244	0.936508
ihec.chipseq.ihec-chipseq-containerv1.1.4.IHECRE00001961.2.26f0e8b3-e0d8-467c-92a7-4029668db296.fc.signal	1.57819	1.55653	2.10823	4.67088	2.86013	4.6205	6.9147	3.28751	3.20293	5.90642	4.53952	3.58386	3.5688	4.27205	5.03236	2.13698	4.43973	2.33732	2.71155	0.678913	0	1.13246	1.90082	0.560521	0	0	0	0	0	0	0	0	0	0	0.798354
ihec.chipseq.ihec-chipseq-containerv1.1.4.IHECRE00001954.2.18576743-b1b7-40af-bbff-f6570943d6bc.fc.signal	4.52389	6.2389	6.21456	4.89998	4.48651	2.66201	2.33054	3.08926	1.84145	1.3949	0.976348	0.869916	1.28264	1.70163	1.25837	1.16587	0.734163	0.962907	1.00377	0.744787	0.814253	0.735406	1.30976	1.55125	1.1511	0.885309	1.37306	1.34287	1.25811	1.19544	0.406615	0.604758	0.534342	0.449208	0.514925
ihec.chipseq.ihec-chipseq-containerv1.1.4.IHECRE00004614.1.c39e9a3f-4177-48c3-969d-01c9bdd4340c.fc.signal	2.03459	1.22357	2.37259	2.71616	1.91185	1.47475	1.66045	1.67604	0.853635	2.14271	2.3455	1.25671	1.0218	0.984259	2.15585	1.97921	2.81054	1.35873	0.477293	0.682782	0.281818	0.662526	0.864536	0.361729	0.122434	0.390247	0.317122	0.690971	0.317966	0.0295896	0	0	0	0	0.725714
ihec.chipseq.ihec-chipseq-containerv1.1.4.IHECRE00000243.3.2aa5c3df-0722-47d5-82d4-eb34ba16be25.fc.signal	1.20311	1.21928	0.796308	1.50602	1.84085	2.02699	1.60003	1.37296	0.806787	0.699619	0.330212	0.562452	1.22219	0.836772	0.825629	1.67306	1.07052	0.564185	0.3024	0.53482	0.326316	0.603726	0.525551	0.31865	0.0599491	0.0167001	0.349236	0.742176	0.163097	0	0	0.203576	0.455904	0.584035	0.601942
ihec.chipseq.ihec-chipseq-containerv1.1.4.IHECRE00000235.3.e77c3456-1902-4dba-839d-200d22c58cf3.fc.signal	2.15044	2.84397	4.36113	3.67869	2.81255	2.52962	3.02458	3.4385	2.77704	3.00116	2.73487	4.17845	6.03342	6.0785	5.84789	3.73079	2.36859	3.24949	2.61058	2.1962	2.05259	2.26001	2.07699	2.07142	1.96768	1.1516	1.21628	0.734247	0.436001	0.381347	0.072129	0.431849	0.833546	0.259327	0.668269
ihec.chipseq.ihec-chipseq-containerv1.1.4.IHECRE00001952.2.afb78491-e0c2-4398-aa2a-4c98b0c4c5b7.fc.signal	3.39047	4.7003	5.05262	3.97619	0.887961	2.33755	2.44419	1.88229	1.50768	1.26433	1.31168	0.919387	1.28058	1.30262	2.1167	0.841013	1.0652	2.23276	2.35016	1.17689	0.803601	0.0967781	1.5519	1.34625	1.12331	0.444141	1.09912	2.05992	1.28576	1.62967	0.146895	0	0.437228	1.50506	0.473077
ihec.chipseq.ihec-chipseq-containerv1.1.4.IHECRE00001039.6.78755d78-d69c-44bc-a0ab-147f64c5fd5c.fc.signal	0.818404	0.416759	1.71412	3.49089	5.17273	3.36157	2.56137	2.68302	2.20771	1.25792	0.827772	1.71032	0.936656	1.13629	2.53248	1.80278	1.91815	1.22651	0.238468	0.762567	0.322202	0	0.12031	0.819761	0.456123	0.406014	0.169724	0	0	0	0	0.0408196	0.32226	0.339088	0.439655
ihec.chipseq.ihec-chipseq-containerv1.1.4.IHECRE00003690.3.3012eb3e-9d87-4c93-aaf5-58e99d8aaa84.fc.signal	1.7208	2.01893	1.93977	3.7471	2.42441	1.71857	1.67935	1.16077	1.62907	2.14838	3.57622	3.79669	4.54073	3.56796	4.30417	3.18947	1.84427	4.43722	4.54185	2.81495	2.43766	1.39972	1.33907	1.40195	0.858223	0.261471	0.166489	0.485296	0.213835	0.146515	0.116907	0	0	0	0.67374
ihec.chipseq.ihec-chipseq-containerv1.1.4.IHECRE00003692.4.370f0fb4-0bb1-4fa3-8e1d-75f06bf7b384.fc.signal	6.50321	11.2827	6.0492	3.73829	2.41321	2.27757	2.24735	0.949325	1.62734	2.0113	1.08454	2.05101	1.66136	1.17446	1.28442	2.20865	0.832449	0.995491	0.318285	0	0.179715	0.495966	0.190723	0.153131	0.373074	0.28685	0	0	0	0	0	0	0	0	0.721106
ihec.chipseq.ihec-chipseq-containerv1.1.4.IHECRE00000247.3.669b34b9-68b0-4255-96a0-ec2919c119df.fc.signal	2.51879	3.47426	2.82096	1.88047	2.3924	2.51249	1.39473	0.465313	0.262385	0.588205	0.583586	0.449791	0.704667	1.14586	0.908763	0.777341	0.936288	1.12594	0.785572	0.634556	0.693875	0.605845	0.64979	0.480469	0.740921	0.729473	0.544507	0.534717	0.410213	0.313658	0.0370601	0	0.163208	0.442523	0.359375
ihec.chipseq.ihec-chipseq-containerv1.1.4.IHECRE00003845.2.684cf59d-45fa-449c-93a7-eeeddb7b953b.fc.signal	2.47395	3.3616	3.01822	2.83683	3.44031	1.98666	2.12164	2.16059	1.168	0.951008	1.43994	1.70971	1.25498	0.94685	1.46341	2.05263	2.44514	1.2707	0.392021	0.490317	0.78489	1.36666	0.913885	0.620773	0.703043	0.635021	0.733215	0.444527	0.359066	0.326108	0	0	0	0	0.689119
ihec.chipseq.ihec-chipseq-containerv1.1.4.IHECRE00001249.1.d9084971-3596-46ae-b2c3-b636876ab0cf.fc.signal	8.76028	4.52762	5.17213	7.06672	7.60967	5.98975	3.89675	3.33879	2.63503	1.54529	0.843809	0.327247	0.550252	1.01574	1.08636	1.2344	1.21619	0.930345	0.751549	0.0945111	0	0	0.141201	0.657284	0.509922	0.200612	0.22773	0.193554	0.0284617	0	0	0	0	0	0.708502
ihec.chipseq.ihec-chipseq-containerv1.1.4.IHECRE00004606.2.5946f083-9733-4b0e-bccd-bb3958898b16.fc.signal	2.30324	3.53557	3.88731	5.22371	3.2828	4.67686	2.8309	2.77023	2.04371	1.63377	1.10978	0.943665	0.692575	1.26512	2.54887	2.62887	2.55895	1.28733	0.650522	0.399177	0.582056	0.853524	0.64295	0.341642	0.56062	0.958892	0.45484	0.605232	0.356576	0.485155	0.417255	0.0606667	0.240176	0.205064	0.815068
ihec.chipseq.ihec-chipseq-containerv1.1.4.IHECRE00001907.1.856e5189-b10a-47ac-b38e-4f26c4b023ef.fc.signal	2.0167	3.34658	4.60767	6.63068	7.55883	7.09207	6.29682	5.5932	4.05196	3.23759	3.36931	2.12203	2.27976	2.10007	1.39236	2.09457	0.959156	0.839028	1.93218	0.817942	0.43418	0.256435	1.08621	1.01912	1.19588	0.376828	0.454351	0.569492	0.706076	0.763865	0.10453	0.219815	0.889896	0.357853	0.606667
ihec.chipseq.ihec-chipseq-containerv1.1.4.IHECRE00003846.4.4522a86a-2cba-459f-b690-5243a5081964.fc.signal	1.86956	4.95372	6.36355	4.09914	4.81991	2.82706	1.89666	2.13071	2.85319	1.71491	1.53693	0.933273	1.52783	1.57315	2.00568	2.70564	2.19347	2.77097	1.60266	0.877767	0.428706	1.22171	1.33437	0.925912	0.416668	0.533681	0.66991	0.402528	0.32448	0.637345	0.111479	0	0.183275	0.253153	1
ihec.chipseq.ihec-chipseq-containerv1.1.4.IHECRE00001015.4.b10cb337-bd81-4a63-af04-25443322673f.fc.signal	2.61757	5.0873	4.88494	4.07737	5.90981	5.41216	4.45528	5.27291	5.38718	3.57408	2.77405	2.6534	3.31905	4.2152	3.16116	3.48957	2.70818	2.26635	3.10232	1.40427	1.12433	1.69918	1.2506	1.34121	1.7457	1.3274	0.993603	0.817146	0.978855	1.46168	0.648172	0.177788	0.635991	1.30548	0.776786
ihec.chipseq.ihec-chipseq-containerv1.1.4.IHECRE00000225.3.a95e03a2-30ba-4d4b-a382-a7406068f4ff.fc.signal	0.751211	1.38229	1.65717	1.79103	1.99267	1.89735	2.00549	1.87385	1.16551	0.672912	0.523268	0.405358	0.685799	0.489855	0.299318	0.697967	0.771974	0.723898	0.588778	0.237971	0.256504	0.468176	0.348058	0.368813	0.267186	0.128819	0.115108	0.280317	0.478424	0.180829	0	0	0.0734917	0.128112	0.476289
ihec.chipseq.ihec-chipseq-containerv1.1.4.IHECRE00003686.3.0646f25a-515d-4a28-9d49-c5b4db0fa40f.fc.signal	1.59748	2.47334	2.61002	2.47255	2.05787	1.82932	1.69458	1.76166	1.63784	1.88957	3.29802	3.94743	4.85655	5.32264	9.34308	8.30153	1.66859	4.10363	6.087	2.33743	2.54822	1.37993	1.61399	0.784078	0.708871	0.219318	0.176848	0.203113	0.0216085	0.11113	0.114217	0	0	0	0.690671
ihec.chipseq.ihec-chipseq-containerv1.1.4.IHECRE00003691.3.860bedc9-692c-462c-94be-59ab1fd7c824.fc.signal	2.12991	2.73518	2.56024	3.44986	2.7831	1.86049	1.88237	1.21215	1.97995	3.42017	2.70131	3.60864	4.48011	5.35096	9.46169	7.43573	2.73955	3.00461	4.84092	2.8844	4.04033	2.32439	1.30042	1.16215	0.603006	0.318702	0.198408	0.486646	0.28277	0	0	0	0	0	0.65586
ihec.chipseq.ihec-chipseq-containerv1.1.4.IHECRE00001050.8.a3567476-0b5a-4504-b34f-067a636cef5f.fc.signal	2.48371	1.41344	0.991823	2.17633	3.53577	3.46468	2.22122	2.63544	1.16698	1.30925	1.04488	1.13568	1.51191	0.99226	0.680977	1.51933	0.649464	1.72777	3.09023	0.658488	0.0917597	1.08144	2.13626	2.364	4.17174	3.01893	4.77616	6.00614	5.30303	6.4546	1.16143	1.26266	3.2295	3.7324	0.516616
ihec.chipseq.ihec-chipseq-containerv1.1.4.IHECRE00003837.4.8eb534c9-67c4-4b07-9857-b5e3ae6f9ea5.fc.signal	1.35777	1.39022	1.90077	1.1548	0.889136	1.23843	1.01833	0.708662	0.37449	0.305566	0.522484	0.485406	0.685443	0.487974	0.958836	1.38236	0.715504	0.753227	0.156264	0.438589	0.322187	0	0.145957	0.511401	0.509933	0	0.17754	0.720232	0.468642	0.0488544	0	0	0	0	1
ihec.chipseq.ihec-chipseq-containerv1.1.4.IHECRE00001959.2.750a19c1-18ed-49f4-9a40-94442cc932b5.fc.signal	0.66404	0.767616	3.25625	7.65321	9.14631	8.14522	4.08461	4.64611	4.66036	4.38279	4.29912	4.00523	5.66759	7.7129	5.18311	4.55623	6.05403	4.64342	3.56059	1.30442	0.164236	0.198474	0.592516	0.655356	0.337032	0.435702	0.264339	0.224082	0.403973	0.638768	0.373611	0.242583	0.635531	0.386098	0.711009
ihec.chipseq.ihec-chipseq-containerv1.1.4.IHECRE00004618.1.fc53d730-659c-4cf2-980a-4c7a71c2d016.fc.signal	1.24452	1.88749	2.82877	2.86045	2.75447	1.47612	0.950469	1.80643	1.15931	0.902757	1.40858	1.12897	0.986732	1.22414	2.13385	2.11066	1.23116	1.34137	1.53683	0.684486	0.485084	0.465078	0.583385	1.33048	1.2213	0.486014	0.482535	0.501225	0.558143	0.421369	0.557798	0.332168	0.401829	0.321428	0.597374
ihec.chipseq.ihec-chipseq-containerv1.1.4.IHECRE00001957.2.1adc09a2-a510-4845-9331-a4c7f3104a2a.fc.signal	3.01444	5.47762	5.39557	4.34774	4.01364	2.40779	2.41628	2.6964	2.01387	1.1945	1.45451	0.915976	1.05344	1.04376	1.33971	1.35338	1.43637	1.72245	1.19407	0.567397	0.527601	0.657657	0.430311	1.01937	2.11214	1.35504	0.931692	0.911764	1.07307	0.789315	0.778517	0.389106	0.676691	0.87434	0.678788
ihec.chipseq.ihec-chipseq-containerv1.1.4.IHECRE00000972.6.ea2d9b95-5d31-4111-8903-1138eac02f8d.fc.signal	1.53439	1.18749	2.19187	2.91593	9.41705	7.51879	3.48512	8.713	9.54659	6.12424	3.46907	3.02684	10.3026	8.39249	5.20089	5.5079	2.80346	5.97646	2.93933	0.194156	0	0	0	1.39145	1.23362	1.88459	2.50174	5.29034	4.56987	1.64115	0.393577	0	1.25418	1.389	0.38764
ihec.chipseq.ihec-chipseq-containerv1.1.4.IHECRE00004888.1.fa995553-a4c4-46af-820c-813f0732b09d.fc.signal	3.84226	3.00542	4.66871	4.05741	8.86072	11.2311	4.40102	3.52496	2.75488	5.532	2.78267	3.67856	2.25573	3.3699	1.87708	2.22301	3.56785	4.69364	3.48595	0.137015	1.29322	1.18044	1.34133	2.4667	2.91371	1.82207	1.65553	2.50053	1.15206	1.79382	2.07922	0.0527267	1.14081	3.75597	0.454918
ihec.chipseq.ihec-chipseq-containerv1.1.4.IHECRE00001906.1.dafab27e-9fa4-4e54-8b12-f34d3390d9ba.fc.signal	1.42442	3.28185	7.34124	8.04872	8.91371	7.91676	4.77161	5.18245	3.86799	2.28684	2.22625	2.15958	2.36393	2.11277	1.1232	0.687064	0.569465	1.32053	1.30527	0.499668	0.229909	0.0414833	0.168452	0.349898	0.381339	0.476899	0.255251	0.59601	0.959412	0.29182	0.190036	0.427449	0.505493	0.345611	0.646789
ihec.chipseq.ihec-chipseq-containerv1.1.4.IHECRE00003829.4.33447c54-51f2-4852-abc6-ea1c91194a13.fc.signal	1.88253	5.07832	3.57318	2.3803	2.77378	2.55837	0.710691	1.1789	1.19095	1.61488	1.21084	1.29062	0.511744	0.648559	1.89713	2.31341	0.638054	0.708438	1.10199	0.843434	0.364095	0.778534	1.24101	0.320072	0.671344	0.0420395	0.24138	0.554717	0.37783	0.278457	0.122062	0	0	0	0.79
ihec.chipseq.ihec-chipseq-containerv1.1.4.IHECRE00000943.7.af323a26-7686-421e-89db-fa2bad412a32.fc.signal	1.15342	0.511889	1.08786	1.58701	7.45912	7.63487	2.5548	5.61481	2.99759	3.49863	3.51968	3.24331	10.1022	6.93755	10.6142	7.11882	4.72266	12.8112	10.3572	1.5012	0	0.239682	3.59814	3.57387	2.77632	3.56066	1.9272	2.42716	3.54441	2.40693	1.52995	1.4376	1.27397	1.76805	0.477516
ihec.chipseq.ihec-chipseq-containerv1.1.4.IHECRE00000242.3.8843da7d-cdf7-4888-a714-dd6f9ae96b22.fc.signal	1.18484	1.55963	1.68951	1.70821	2.424	2.38614	1.86154	1.66278	1.26604	1.08915	0.915758	1.07786	1.31526	1.34824	0.873234	1.06577	1.29775	1.11977	0.910227	0.497388	0.322838	0.590748	0.847843	0.742852	0.831318	0.900101	0.769401	0.807742	1.63709	0.973063	0.0535192	0.242592	0.960306	0.871158	0.508772
ihec.chipseq.ihec-chipseq-containerv1.1.4.IHECRE00001905.1.01db0809-91fa-4fb8-a9d7-60bc51bd2d7e.fc.signal	10.1365	12.485	11.9715	7.43432	9.24684	6.93044	4.35998	3.31661	1.93103	1.08213	0.828456	0.810525	2.40903	1.56272	1.34551	1.1362	0.768842	0.690287	0.104466	0.330483	0	0.250116	0.313303	0.556837	0.176398	0.16455	0	0	0	0	0	0	0	0	0.505643
ihec.chipseq.ihec-chipseq-containerv1.1.4.IHECRE00003830.4.fb9c6ae6-03c8-4296-b2fc-7f376ddf8a74.fc.signal	2.45234	4.64671	4.9349	3.63916	1.97158	2.92722	1.11861	1.44237	0.460036	0.367866	1.58336	1.36368	0.865835	1.02991	1.12059	1.17884	0.799808	1.53476	1.96604	1.30062	0.607183	0.8891	1.88884	1.91078	1.78246	0.486071	0.0661533	0.10152	0	0	0	0	0	0	0.184713
ihec.chipseq.ihec-chipseq-containerv1.1.4.IHECRE00001965.2.2738728e-c625-46ab-90a4-80a1e15e2e66.fc.signal	2.75424	2.74402	4.63946	4.1621	3.21003	1.91485	2.48618	0.952883	1.2539	0.985572	1.11327	2.28744	1.98839	1.11012	0.548813	0.25905	1.12091	1.38237	1.1712	0.832404	0.428271	0.42209	0.549711	0.924959	0.432168	1.53462	1.51174	1.11966	0.994188	0.926273	0.0662828	0.28356	0.305681	0.265241	0.605263
ihec.chipseq.ihec-chipseq-containerv1.1.4.IHECRE00000241.3.e590a556-6181-4b64-8099-0b8ac3706fc6.fc.signal	2.06374	2.89086	1.99352	1.32078	1.17018	0.904436	0.63143	0.598056	0.375717	0.440178	0.406236	0.555335	0.578744	0.560771	0.736812	0.781749	0.819292	0.956884	0.488991	0.313279	0.404151	0.52498	0.475413	0.436209	0.274053	0.339529	0.355598	0.362982	0.360391	0.235381	0.0911839	0.0221555	0.277921	0.464934	0.402985
ihec.chipseq.ihec-chipseq-containerv1.1.4.IHECRE00003827.1.901da503-70cf-4026-b479-817005e87735.fc.signal	2.70184	3.14448	3.02289	3.18032	3.58757	3.80156	2.52118	1.78143	1.48097	2.03223	1.7589	1.52981	1.22819	0.845637	1.17254	2.51905	3.01014	1.89037	1.55519	1.24054	1.26859	0.946065	1.29013	0.765655	0.726614	1.11364	0.464435	0.213495	0.286915	0.0621927	0	0.109815	0.137545	0	0.976351
ihec.chipseq.ihec-chipseq-containerv1.1.4.IHECRE00000974.7.85f89b17-aeba-4a6e-bcd1-5f7463b1eb27.fc.signal	2.07997	0.692032	0.988059	2.24355	2.89058	2.40537	0.992016	1.31871	2.0155	2.0765	1.09395	0.93487	1.61802	1.66756	1.59502	0.790312	0.730586	1.5446	0.550578	0.362152	0.0226166	0	0.303051	1.17424	1.57515	1.30313	0.655173	1.90696	2.2684	2.14788	0.694947	1.72914	1.65717	1.52042	0.496795
ihec.chipseq.ihec-chipseq-containerv1.1.4.IHECRE00000152.3.2e0a4cf7-9d6b-4b90-9eb6-636b61ae48d8.fc.signal	1.95932	1.8535	2.78926	3.65421	1.73481	2.25156	2.58377	2.81623	2.04265	0.653852	1.78752	2.28887	0.752454	0.79099	0.284742	2.15136	0.964975	0.631188	0.147722	0	0	0	0	0.184554	3.20075	2.47831	2.85271	1.23388	0.79099	0.0685525	0.333997	2.08283	0.963212	0.732018	0.550781
ihec.chipseq.ihec-chipseq-containerv1.1.4.IHECRE00000228.3.6dc10c5d-c31d-41e0-b93a-1f02c86942e4.fc.signal	1.55502	2.03598	3.30052	3.73814	4.54511	4.1725	2.58392	2.67877	2.48171	2.07055	2.10038	1.94357	2.83246	2.57711	1.27602	1.05849	1.10834	1.20308	1.14639	1.48333	1.20983	1.41959	1.63221	1.66102	1.14137	1.18112	1.90611	1.5711	1.07145	1.114	0.308796	0.128456	0.894799	1.17155	0.568182
ihec.chipseq.ihec-chipseq-containerv1.1.4.IHECRE00000964.7.10076c7e-f79e-4b00-a93b-8c94fb34535f.fc.signal	0.713415	0.4657	0.965277	4.04374	7.51455	11.8199	2.8017	5.34257	2.31621	2.03874	2.63138	1.21457	4.04404	4.11631	3.14118	1.91054	0.870564	0.544128	1.28703	0.538954	0	0	0.315963	1.4285	1.19901	0.513917	0	1.79192	0.788748	1.08509	0	1.36832	0.270651	0.875511	0.625532
ihec.chipseq.ihec-chipseq-containerv1.1.4.IHECRE00004900.1.255a9279-9bfd-4bf8-bbb4-56dd958d45f6.fc.signal	1.63977	3.09132	5.31228	3.65998	3.345	2.28008	1.5806	1.46266	3.05031	1.91293	1.7013	2.3635	1.74666	1.24692	1.09793	1.12605	0.893445	0.541773	0.304322	0.659046	0.659346	1.22684	1.32216	1.17888	1.13352	1.23311	1.85416	2.22073	0.902855	1.15349	0.125611	0.777544	0.907247	0.379482	0.356808
ihec.chipseq.ihec-chipseq-containerv1.1.4.IHECRE00003847.4.6766be7e-7a8e-4df0-9a81-95d754bf6fc1.fc.signal	3.77964	5.71823	5.43873	5.89186	4.12334	4.60581	3.3873	3.31969	2.31207	1.57524	1.9722	1.27162	0.792134	1.10304	1.79504	2.70576	2.175	2.03408	1.4736	0.3945	0.954507	0.607414	0.750094	0.611853	0.412865	0.333957	0	0.106773	0.489417	0.679287	0.242937	0	0	0	0.606599
ihec.chipseq.ihec-chipseq-containerv1.1.4.IHECRE00003836.3.99b27424-8cc1-4279-877c-81e486b3d19a.fc.signal	4.52015	8.15472	6.7261	5.03961	2.59285	1.75179	1.30588	1.05518	1.10769	1.64227	1.3068	1.52327	1.2899	0.608085	0.651225	0.517208	0.423119	0.693653	0.897398	0.745844	0.363457	0.760287	0.564956	0.533091	0.514492	0.21954	0.45725	0.868964	0.646663	0.210144	0.054136	0	0	0	0.728477
ihec.chipseq.ihec-chipseq-containerv1.1.4.IHECRE00003685.2.08c7f8f1-8d33-4b78-a437-57675e0cb0f4.fc.signal	2.90339	3.2122	3.04349	2.78109	2.80736	1.52671	1.04423	1.78503	1.32302	1.61459	2.79408	5.21412	3.61654	2.90552	6.44409	5.16629	2.74846	4.65726	5.90201	2.68742	1.95825	1.75083	1.36074	0.907984	0.601373	0.386967	0.209736	0.355235	0.0023218	0	0	0	0	0	0.659517
ihec.chipseq.ihec-chipseq-containerv1.1.4.IHECRE00001025.7.b74fcffa-6769-49b3-a5e1-d1a14d1711c8.fc.signal	1.22279	0.744167	1.21436	1.96847	3.4314	3.06212	1.18194	1.92437	2.70394	1.73558	1.17954	0.572597	2.10433	1.55727	1.20888	1.36525	1.38336	0.877912	1.09045	0.519506	0	0.0490975	0.89801	0.682118	1.46012	1.02359	0.80278	0.846319	0.864908	0.753267	0.589663	0.769451	0.599412	0.819347	0.330097
ihec.chipseq.ihec-chipseq-containerv1.1.4.IHECRE00001909.1.ab48306f-f7ee-424c-9e95-3a171d465667.fc.signal	2.10005	1.54597	1.76187	2.09524	1.79561	2.21154	1.88808	1.92217	0.444702	0.561369	0.578484	2.04351	1.30243	2.55717	2.24459	0.731591	0.447829	1.05247	0.305541	0.365973	0	0.307939	1.0971	0.114754	0	0	0.74316	0.682363	0.603234	0.139913	0	0	0	0	0.50838
ihec.chipseq.ihec-chipseq-containerv1.1.4.IHECRE00000233.3.58100d32-de3d-456a-a280-51cbf3f744ab.fc.signal	1.59881	1.73612	2.3312	1.98919	1.60635	2.24335	1.82623	1.48078	1.768	1.70944	1.72001	2.28128	2.23584	1.9359	1.47057	1.11204	0.52726	0.70867	1.44722	1.84642	2.29051	1.52505	1.12822	0.96503	0.936179	1.18915	1.09161	0.59444	0.643697	0.43644	0.0484928	0.466087	0.965524	0.449893	0.492958
ihec.chipseq.ihec-chipseq-containerv1.1.4.IHECRE00000070.3.6c2832ca-5e0f-43fa-8b01-ae42489daa79.fc.signal	1.70422	1.37528	4.49414	9.30413	5.48774	3.78208	2.78375	5.82925	2.68554	1.33827	0	0.985345	0.827025	1.70545	3.0597	0.539598	2.61228	2.06615	0.449244	1.53349	0.14477	0	0.783076	1.02577	1.77969	0.947587	1.28315	0.269799	0.289541	1.00023	1.46082	2.96106	0.855431	1.80656	0.165663
ihec.chipseq.ihec-chipseq-containerv1.1.4.IHECRE00000227.3.dec25b9b-6df6-4939-9e00-5325f2277db2.fc.signal	0.338006	0.482774	0.744195	1.31519	1.46458	1.12371	0.509199	0.453978	0.816517	0.689847	0.464686	0.669413	0.596267	0.565963	0.60513	0.642136	0.38284	0.31677	0.377486	0.1272	0	0.0746859	0.107466	0.271958	0.421988	0.175698	0.117545	0.140055	0.217027	0.189988	0.0422547	0	0	0	0.401055
ihec.chipseq.ihec-chipseq-containerv1.1.4.IHECRE00003660.4.44bc2162-d439-4783-8b4b-4e76b31501ad.fc.signal	3.09069	6.13893	5.64839	2.3369	3.41618	4.70483	3.97225	3.38244	1.84034	1.99046	1.93448	1.61426	1.56493	1.54467	1.74154	1.95328	1.73099	1.37727	1.50962	0.172942	0.298845	0.4813	1.65033	1.23377	1.36766	0.424201	0.761613	0.871943	1.16324	1.04702	0.18567	0.875051	1.07454	1.2142	0.557169
ihec.chipseq.ihec-chipseq-containerv1.1.4.IHECRE00000942.6.a17b3eb5-1248-4c56-a9b9-a415748c2b58.fc.signal	1.23206	0.665643	1.11365	4.1638	9.51384	6.50486	3.32716	7.30011	10.4367	6.30061	3.8725	5.87781	11.3433	11.5814	10.1013	6.86781	3.71091	13.3207	12.8452	2.73551	0	0.0475739	2.13385	3.3997	0.942915	1.73505	1.24495	3.0895	3.29589	2.13729	0.143995	0.95757	1.87329	2.6568	0.635514
ihec.chipseq.ihec-chipseq-containerv1.1.4.IHECRE00004884.1.83ea03d7-6e78-47ac-9ea3-4d33b074e7dd.fc.signal	2.46225	3.76271	5.46312	2.85269	5.45739	4.14678	2.59632	2.8089	1.23595	1.88303	0.55041	1.03355	1.96395	1.99244	1.00534	0.922418	1.4935	0.826527	1.08269	2.28351	1.36684	0.659419	0.39324	1.99327	1.59799	2.14908	0.994956	0.870718	0.443625	0.76682	0.1474	0.111188	1.33384	0.804474	0.474178
ihec.chipseq.ihec-chipseq-containerv1.1.4.IHECRE00001008.4.87ad0368-7e23-42e2-862b-00c0d1fef2ce.fc.signal	1.76684	3.25965	5.17921	4.82967	4.48354	5.30606	2.68591	3.92623	3.92644	3.56769	2.04	1.52197	2.29155	2.56924	2.26924	2.34248	1.95404	1.99336	2.14533	1.01819	1.02238	1.39702	1.90283	2.72456	2.67813	1.72636	2.09549	2.64269	2.3859	1.64321	0.201092	0.48515	1.27984	1.38109	0.721591
ihec.chipseq.ihec-chipseq-containerv1.1.4.IHECRE00003696.3.49d57242-0349-4448-9479-911cd2c363c1.fc.signal	1.16089	2.08631	2.46241	2.04457	1.5891	2.49981	1.2587	0.880281	2.04185	2.7848	3.94479	5.10277	4.97452	4.45859	6.70099	4.32685	2.75914	2.38687	5.35323	2.43861	2.5588	2.36649	2.74811	1.58512	0.741267	0.223784	0.269652	0.102634	0.199689	0.0473995	0	0	0	0.188742	0.891975
ihec.chipseq.ihec-chipseq-containerv1.1.4.IHECRE00000237.3.279b9afd-b79a-4c0b-b848-c635b99df0f3.fc.signal	1.65718	2.45517	2.52105	2.75638	3.31999	2.32179	2.26859	1.80547	1.18947	1.79052	1.54875	0.913637	1.14197	1.20856	0.797289	1.21429	1.36741	1.09823	0.693056	0.217113	0.205	0.709579	1.01043	0.67219	0.78354	1.24033	1.30233	0.85036	0.317413	0.411431	0.162726	0.196085	0.764586	0.586764	0.422925
ihec.chipseq.ihec-chipseq-containerv1.1.4.IHECRE00001956.2.98baf052-40a0-482d-b546-3f729875aa39.fc.signal	2.6875	2.328	4.52215	10.5435	12.7384	8.61789	4.43183	4.03949	2.01036	1.56867	1.40634	3.2724	3.42984	3.344	2.98667	1.81953	3.22763	3.18338	2.47845	1.32364	0.481951	0	0.87336	1.12841	0.334633	0.652909	1.32087	0.970945	0.668731	0.69834	1.42418	2.72663	4.86006	4.06936	0.421875
ihec.chipseq.ihec-chipseq-containerv1.1.4.IHECRE00003398.1.428318a7-43f4-48e5-9009-6a279ba6c4eb.fc.signal	1.20158	0.0564955	1.38067	1.11785	4.28698	1.06763	1.12491	1.1079	2.64661	1.33544	0.649274	0.79556	1.0259	1.4146	1.23438	1.3432	0.845538	0.954582	0.839883	0	0	0	0.12283	0.231055	0	0.255147	1.50291	1.37709	0.956442	0.00558347	0	0	0	0	0.355263
ihec.chipseq.ihec-chipseq-containerv1.1.4.IHECRE00004905.1.1fb16ad5-9469-4e3d-8b91-c2d692d318b3.fc.signal	2.02441	1.95007	2.79661	1.95797	2.71719	1.49846	0.70808	1.09771	1.84728	1.71572	0.807687	0.446416	0.517413	0.943975	1.46518	0.76618	0.54508	1.3031	1.75022	1.5828	0.927973	0.352955	1.37601	0.805659	0.751198	1.78838	2.38903	1.59681	3.13246	4.50004	0.92547	0	0.226161	1.30362	0.572
ihec.chipseq.ihec-chipseq-containerv1.1.4.IHECRE00004615.1.dc1c3cb6-a39e-4f93-b860-65238212598d.fc.signal	0.992572	2.20487	2.34681	1.69501	1.94211	2.11547	1.23602	0.966325	0.514169	0.459482	1.19968	1.35004	0.967372	0.806477	0.68989	0.882585	1.02822	0.70824	0.988363	0.459488	0.966285	0.637189	0.894772	1.40577	0.904238	0.640346	0.289524	0.0210477	0.0283908	0.287109	0	0	0	0.115311	0.644531
ihec.chipseq.ihec-chipseq-containerv1.1.4.IHECRE00001235.5.9288c3da-b959-4677-8b20-db92036ed803.fc.signal	3.24575	4.07968	3.66786	3.06869	4.95573	4.51149	2.1632	3.80896	3.82815	3.63713	2.85303	2.99683	5.12371	4.08081	4.62371	2.65084	1.59212	5.18304	6.61025	1.0066	1.26554	1.43138	0.944796	1.5504	1.78467	1.22647	0.968901	0.808043	0.82593	0.533225	0.250993	1.08277	1.11727	0.784024	0.615094
ihec.chipseq.ihec-chipseq-containerv1.1.4.IHECRE00000221.3.124af268-a818-4305-aa8a-49d899ed859c.fc.signal	1.32931	2.48576	1.56584	0.905575	1.18651	0.666181	0.797981	0.700783	0.241172	0.352244	0.0161966	0.0999665	0.554105	0.669966	0.600287	0.329963	0.173506	0.209706	0.479224	0.0468793	0.206518	0.563299	0.552558	0.245779	0.232304	1.15971	0.788991	0.372345	0.529247	0.938908	0.468359	0.301356	1.05292	1.24573	0.892562
ihec.chipseq.ihec-chipseq-containerv1.1.4.IHECRE00003808.1.260e3e1c-de41-442c-b2e6-f3725a4bad2c.fc.signal	4.14904	4.43824	5.93691	7.22944	8.14843	9.65596	7.47362	6.78789	5.23566	3.62308	2.40305	4.25907	5.00928	4.32546	3.5761	2.59476	2.95106	2.37183	1.93373	1.25573	0.725539	0.844766	1.11686	1.06355	0.693848	0.876532	0.97984	0.642453	0.998876	1.10416	0.622166	0.191575	0	0.114311	0.605769
ihec.chipseq.ihec-chipseq-containerv1.1.4.IHECRE00003806.1.c4b2329a-6de9-492b-b3ba-0bb940a27937.fc.signal	6.48683	9.06944	11.1177	8.55285	7.85507	4.86378	3.02967	3.60595	3.0725	1.44579	1.40341	2.04501	1.79357	1.82732	1.70213	1.03756	1.02719	0.936767	1.80152	0.698884	0.431143	0.216839	0.175188	0.540015	0.531471	0.412038	0.248427	0.102146	0.425351	0.532768	0.163176	0.143551	0.0480271	0.0665596	1
ihec.chipseq.ihec-chipseq-containerv1.1.4.IHECRE00004602.2.39c1560e-774f-4bff-84aa-a2713d387a09.fc.signal	3.839	3.13916	3.02463	3.80503	4.06929	4.17476	2.81621	1.89738	1.69733	2.32607	3.53012	2.708	0.77548	0.896984	1.95404	0.891427	1.52561	2.35841	1.25208	0.403828	1.35747	1.543	1.94184	1.82367	1.33041	0.364051	0.0863882	0.633357	0.408262	0.868416	0.308769	0	0	0	0.524887
ihec.chipseq.ihec-chipseq-containerv1.1.4.IHECRE00000246.3.71368893-79b1-4e8f-94b0-a1f322351c50.fc.signal	1.28711	1.51071	1.64191	1.12897	1.14159	0.866381	0.420493	0.444788	0.304387	0.178303	0.100791	0.184805	0.435034	0.44926	0.431048	0.485511	0.430641	0.375508	0.220938	0.101825	0.0205892	0.206119	0.272656	0.251927	0.15725	0.132098	0.206155	0.263763	0.326351	0.321441	0.0941175	0.0654618	0.0841899	0.0145195	0.534188
ihec.chipseq.ihec-chipseq-containerv1.1.4.IHECRE00000969.7.0baab4a8-a829-4c43-b8f6-5a3994be9e01.fc.signal	3.86653	3.44608	4.56697	10.7319	13.213	6.91443	1.94512	1.79279	2.50459	2.71178	3.12225	4.30184	2.98614	2.66474	1.90115	4.53094	6.78042	7.14116	3.3016	0.572825	0	0.798486	6.75229	9.5636	6.84785	4.40797	2.56388	1.36398	0.176639	1.83051	0.286111	0	1.97135	2.46046	0.458333
ihec.chipseq.ihec-chipseq-containerv1.1.4.IHECRE00001913.1.5545bcc7-1d10-4b9f-b8ab-ad8d845f8fcc.fc.signal	1.92907	3.00535	5.53777	4.5955	4.46276	3.61209	2.32279	3.12357	1.02046	1.57745	1.68694	1.82527	2.65257	1.73439	1.92223	1.57147	1.298	2.94638	1.89427	0.559064	0.436405	0	0.3296	0.132126	0.681247	0.797284	0.172236	0.80679	1.31633	0.386842	0.0802036	0.863336	0.377433	0	0.495192
ihec.chipseq.ihec-chipseq-containerv1.1.4.IHECRE00003679.3.b6f7e119-ff00-43c1-b8c9-a6de8420c8f5.fc.signal	0.750972	1.91885	2.35648	2.46649	2.28844	2.7579	1.4075	1.55726	0.628525	0.606501	0.353797	0.775818	0.51293	0.639665	0.469302	0.637388	0.396353	0.216863	0.203847	0.0693454	0.181613	0.038586	0.0652667	0.265844	0.366302	0.301933	0.239558	0.292173	0.099181	0	0	0.0991942	0.231454	0.398087	0.719424
ihec.chipseq.ihec-chipseq-containerv1.1.4.IHECRE00004609.2.33d21ea8-28ff-4f08-83bc-ecd68e8e31f9.fc.signal	1.79802	3.11897	2.67354	3.04235	2.46184	1.65546	1.9308	2.18921	0.935477	1.6942	0.971099	0.867529	0.348841	1.35237	1.68903	1.07476	1.01693	0.901219	0.80054	0.832963	1.67513	1.4912	0.885053	1.08517	0.957464	0.569921	0.799409	1.43681	0.959091	0.703402	0.508987	0.75435	0.708047	0.161852	0.581749
ihec.chipseq.ihec-chipseq-containerv1.1.4.IHECRE00003715.2.f452847b-856b-4b4d-bec4-906e8d705518.fc.signal	1.5273	1.78197	0.902656	5.53245	4.74276	4.10161	4.56833	5.40052	7.03346	4.50169	3.21986	2.79905	8.57261	3.83708	3.21083	5.59382	3.82991	6.92856	3.38068	1.53218	1.22559	0.00778147	3.23308	3.97137	2.14012	0.902248	1.61191	1.96676	2.94309	1.47848	0.120613	0.112831	1.24124	1.90744	0.633212
ihec.chipseq.ihec-chipseq-containerv1.1.4.IHECRE00003822.3.476846c8-9a98-404a-a2ae-8e077ecdcc70.fc.signal	2.47875	2.95882	3.27144	3.26943	1.88524	1.57527	1.90078	1.59015	1.0866	0.633013	1.47737	1.93521	0.879814	0.733304	1.27615	2.14048	1.73489	1.31391	0.853256	0.496979	0.92303	1.01327	1.07635	0.767974	0.555704	0.197835	0.324798	0.38149	0.480761	0.294354	0.0546789	0	0	0	0.844388
ihec.chipseq.ihec-chipseq-containerv1.1.4.IHECRE00003824.4.0d9403d3-7c49-45ef-b733-64b963da6a93.fc.signal	2.45257	3.75743	2.94665	3.66213	3.02639	1.93149	1.3841	1.64761	1.41806	1.06354	2.09496	2.56944	1.66655	1.85098	3.69963	3.60101	1.93371	1.77639	1.58322	0.532354	0.905181	0.848241	0.876095	1.23408	0.908517	0.855404	0.902921	0.606124	0.551464	0.0692716	0	0	0.127679	0.313218	0.388136
ihec.chipseq.ihec-chipseq-containerv1.1.4.IHECRE00000229.3.d50d886e-de20-4390-91ea-79449d21afd2.fc.signal	1.87959	2.1986	2.28442	1.46821	2.72928	2.01515	1.58669	1.86984	1.81817	1.2086	1.05424	1.23206	0.855409	0.850315	1.03441	1.10445	1.14531	0.781902	0.674368	0.348854	0.20395	0.509136	0.744935	0.593769	0.736314	0.897938	1.12706	1.09237	1.32121	0.956466	0.410146	0.245256	0.53908	1.56509	0.416667
ihec.chipseq.ihec-chipseq-containerv1.1.4.IHECRE00004728.1.eff029f0-bac1-4b6d-a8ef-a052fc08bb40.fc.signal	1.58643	3.51826	2.31159	3.5194	2.456	1.37469	2.48864	1.06153	0.750253	0.658902	1.0128	1.23477	1.71072	1.38467	0.87261	0.861171	0.68273	0.839875	0.333368	0.586824	0.832898	0.73928	1.39782	1.72016	0.672484	0.421047	0.544376	0.735237	0.862561	1.03985	0.864788	0.0875519	0.483893	0.919049	0.898897
ihec.chipseq.ihec-chipseq-containerv1.1.4.IHECRE00003684.3.6340c768-b60c-43ff-84dd-c55bbe817516.fc.signal	2.70257	4.00767	4.8308	5.08872	2.68795	4.29303	2.96334	2.08518	2.98694	4.17217	5.14319	5.16371	4.51253	5.50456	6.2397	4.96065	2.55201	5.10044	6.42818	2.85621	3.54616	3.22877	2.14824	0.991159	0.988031	0.913777	0.436245	0.703057	0.698722	0.260667	0	0	0	0	0.658354
ihec.chipseq.ihec-chipseq-containerv1.1.4.IHECRE00004604.3.2060b949-a0ba-4eb6-9071-42320bc08233.fc.signal	0.643198	1.59051	0.954543	0.488416	1.63454	1.42977	0.334772	1.06848	0.786618	0.257845	0.61193	1.32348	1.16603	0.588509	1.09464	0.904563	0.861379	1.47027	1.70694	0.34871	0.609134	0.551213	0.575682	1.36928	0.732781	0.608834	0.671516	0.0392342	0.821443	0.631623	0	0	0	0	0.641256
ihec.chipseq.ihec-chipseq-containerv1.1.4.IHECRE00003675.3.ba41b0a8-afb1-412a-b955-efd4cd4011d5.fc.signal	0.402079	1.57973	1.97057	1.53165	1.5378	1.25335	0.884988	0.48906	0.400444	0.678464	1.02067	0.719255	0.285434	1.15714	0.721272	0.480872	0.368313	0.53608	0.526891	0.240453	0.259901	0.672393	0.676595	0.392087	0.35194	0.450144	0.496251	0.0931415	0.0870003	0	0	0	0.0675532	0.183284	0.549223
ihec.chipseq.ihec-chipseq-containerv1.1.4.IHECRE00000238.3.b9dbaad9-2938-4b18-847c-4c3a725caa30.fc.signal	0.505624	1.06488	1.08163	0.710683	0.703664	0.757586	0.461916	0.221011	0.271391	0.243762	0.136535	0.222854	0.343265	0.202288	0.291277	0.302647	0.174017	0.0934003	0.0876495	0.0150505	0.0849515	0.24982	0.100234	0.0558997	0.166865	0.0304167	0.0656437	0.151348	0.176489	0.0875216	0	0.0184695	0.138874	0.143161	0.77451
ihec.chipseq.ihec-chipseq-containerv1.1.4.IHECRE00000980.8.68531edc-00be-43f4-8cc7-5aba8c5c337a.fc.signal	1.03951	0.65045	1.651	4.21403	3.99874	3.05643	1.99311	2.53934	2.67102	2.54285	1.89987	1.28387	3.81636	1.71077	2.09484	1.33305	1.63888	1.3164	2.32104	1.1586	0.0317657	0.329404	1.2753	1.70482	1.35809	0.766387	0.533503	0.714511	1.33566	0.969951	0.443224	0.148257	0.839067	0.259861	0.598901
ihec.chipseq.ihec-chipseq-containerv1.1.4.IHECRE00000234.3.28974330-5516-4453-9680-5e36e5a6f76f.fc.signal	1.96496	2.62127	2.93103	2.1109	1.80213	1.16461	1.13809	0.79137	0.66177	0.681123	0.488875	0.374055	0.361977	0.384921	0.310703	0.540075	0.755127	0.897891	0.636339	0.261639	0.351919	0.467514	0.338529	0.223268	0.225128	0.20066	0.155869	0.283112	0.388667	0.205342	0.0355392	0.0004432	0.0349673	0.0337363	0.752688
ihec.chipseq.ihec-chipseq-containerv1.1.4.IHECRE00001044.7.98dee4c6-4d34-480a-a6be-9b7ab769fa23.fc.signal	1.7988	2.93487	5.90254	9.57851	7.45878	4.63779	4.3822	3.54816	1.62816	1.22809	0.589466	1.89742	1.21772	0.925029	1.55869	1.27046	1.90663	1.63494	0.972494	0	0	0	0	0.269434	0.833852	0.538868	0.54615	0.367741	0.54615	0.101948	0	0	0	0	0.566667
ihec.chipseq.ihec-chipseq-containerv1.1.4.IHECRE00001936.1.93858f63-89ca-4fc1-b09c-156027aebe3c.fc.signal	2.1911	2.25608	1.78453	3.13172	2.97441	2.83704	1.6346	3.67771	1.68903	1.29781	1.30221	1.21987	0.785545	0.287813	0.187667	0.32931	1.12907	0.881786	0.268167	0.179531	0.0772432	0.758877	0.421386	0.482516	0.590549	1.14921	0.759987	1.53908	0.945011	0.166241	0	0	0.138615	0.313747	0.585366
ihec.chipseq.ihec-chipseq-containerv1.1.4.IHECRE00001904.1.157e52bc-84ef-4d37-b10e-cb4efc6ff94d.fc.signal	1.33137	4.17387	9.72724	9.74946	12.2344	15.7011	9.79275	9.10912	6.37826	4.35456	2.87975	5.02151	2.1942	2.37814	0.777057	0.560755	0.720397	1.08911	0.47448	0	0.275378	0.268579	0.609458	0.467395	0.266867	1.11467	1.14979	0.713966	0.391974	0.590022	0.427416	0.70841	0.129824	0.198091	0.861751
ihec.chipseq.ihec-chipseq-containerv1.1.4.IHECRE00004641.3.8f2205e1-b664-4bca-ad51-53d7ed5a7d3c.fc.signal	1.12081	1.55462	1.42156	1.36217	1.77344	1.60368	1.2592	1.11156	0.824419	1.39217	1.53321	2.02681	2.21763	1.84518	1.57341	0.987368	0.755648	0.875817	1.80431	1.55703	1.22624	1.11758	2.32422	2.27519	1.35652	0.917927	0.637659	1.25403	1.11075	0.78162	0.357416	0.243094	0.342425	0.507292	0.224242
ihec.chipseq.ihec-chipseq-containerv1.1.4.IHECRE00000231.3.56cd85a8-5ca2-4de0-a140-ece4da1de9d3.fc.signal	3.03023	5.89847	6.5516	3.99943	5.52374	5.33032	2.95628	1.67206	1.52917	2.54874	2.14835	2.16979	2.98881	2.49312	1.49252	0.900634	1.13819	1.23131	1.47713	0.696842	0.62617	0.736216	0.68348	0.681075	0.489466	0.486934	0.578885	0.357824	0.796498	0.699496	0.272137	0.283791	0.548244	0.646254	0.544304
ihec.chipseq.ihec-chipseq-containerv1.1.4.IHECRE00003825.5.a2132ec8-5019-4f71-b6df-20615bc02f27.fc.signal	2.0177	2.12989	0.630938	0.870685	1.44756	1.17103	1.61704	2.07443	1.75564	1.72372	3.42251	2.56088	0.922291	0.229086	0.457035	1.08487	1.62693	2.25887	0.87929	0.177599	1.00301	0.984672	1.34224	0.834903	0.617374	0.209587	0.058369	2.10201	0.940745	0.203034	0	0.200856	0.398283	0.274202	0.354839
