	chr20:36206988-36207137	chr20:36207138-36207287	chr20:36207288-36207437	chr20:36207438-36207587	chr20:36207588-36207737	chr20:36207738-36207887	chr20:36207888-36208037	chr20:36208038-36208187	chr20:36208188-36208337	chr20:36208338-36208487	chr20:36208488-36208637	chr20:36208638-36208787	chr20:36208788-36208937	chr20:36208938-36209087	chr20:36209088-36209237	chr20:36209238-36209387	chr20:36209388-36209537	chr20:36209538-36209687	chr20:36209688-36209837	chr20:36209838-36209987	chr20:36209988-36210137	chr20:36210138-36210287	chr20:36210288-36210437	chr20:36210438-36210587	chr20:36210588-36210737	chr20:36210738-36210887	chr20:36210888-36211037	chr20:36211038-36211187	chr20:36211188-36211337	chr20:36211338-36211487	chr20:36211488-36211637	chr20:36211638-36211787	chr20:36211788-36211937	chr20:36211938-36212087	chr20:36212088-36212237	chr20:36212238-36212387	chr20:36212388-36212398	Expression
ihec.chipseq.ihec-chipseq-containerv1.1.4.IHECRE00001002.4.bc6e7c42-efcb-4227-9b35-b730ed21b81f.fc.signal	0.153304	0.128681	0.117538	0.106605	0.107147	0.0298701	0.146043	0.109307	0.127375	0.0551582	0.0960241	0.0697258	0.113395	0.182818	0.0961867	0.0286204	0.0333255	0.0810546	0.0745722	0.105702	0.12414	0.233322	0.284421	0.10869	0.104377	0.159575	0.222023	0.132226	0.139938	0.372991	0.426544	0.191601	0.142129	0.270353	0.255516	0.248081	0.242177	0.781224
ihec.chipseq.ihec-chipseq-containerv1.1.4.IHECRE00001854.4.91c7adb9-9182-4f05-b5fa-c053c0a1b0ec.fc.signal	0.158103	0	0	0.232588	0.576631	0.144084	0.23882	0.439283	0.405709	0.140536	0.453649	0.436049	0.214043	1.22829	0.757065	0.025552	0	0	0.161297	0.150118	0	0.32746	0.924787	0.85487	0.57984	0.621363	0.403847	0	0.185252	0.172331	0.477972	0.0974326	0.319479	0.303505	0.150118	0.38176	0.47923	0.683393
ihec.chipseq.ihec-chipseq-containerv1.1.4.IHECRE00003693.3.61ce3aed-9b5d-4553-b99d-12b70cc1e329.fc.signal	0.0868297	0.149907	0.0954379	0.0518599	0.190579	0	0.071773	0.263206	0.318622	0.0115341	0.142066	0.122435	0.292839	0.0971222	0.257485	0.270454	0.11195	0	0.0850627	0.0440924	0.0720176	0.342449	0.390186	0.419886	0.287861	0.319503	0.269505	0.124761	0.269742	0.0509576	0.214145	0.26903	0.161377	0.152421	0.104114	0.0467559	0.154565	0.30358
ihec.chipseq.ihec-chipseq-containerv1.1.4.IHECRE00001030.7.d84c3371-0f00-45de-b4ba-d5df55fdd3fa.fc.signal	0.409476	0.85521	0.449286	0.71643	0.65849	0.249812	1.09752	1.34897	0.632866	0.946996	1.61415	0.867261	0.213857	0.143211	0.737353	0.319588	1.20223	1.83532	1.88809	2.86558	1.05604	0.892411	0.65219	0.567038	0.115679	1.1837	0.346742	0.381895	0	0	0	0.220425	0.908845	0.0534641	0.601486	1.43014	0.406193	0.547896
ihec.chipseq.ihec-chipseq-containerv1.1.4.IHECRE00003682.3.262baf8f-18ec-4df6-b43b-235702f654d5.fc.signal	0.595614	0.310824	0.105975	0.319934	0.64991	0.460252	0.208217	0.520329	0.451102	0.165972	0.129524	0.376905	0.466228	0.422411	0.604109	0.466958	0.370053	0.753285	0.0149292	0	0	0.114201	0.134959	0	0.444213	0.67476	0.177778	0.27488	0.232009	0.345361	0.238251	0.0193319	0.0785855	0.311296	0.272872	0.206234	0.269833	0.750896
ihec.chipseq.ihec-chipseq-containerv1.1.4.IHECRE00000987.6.5cfbaa8b-8208-4e04-b7a6-61e4e70766cd.fc.signal	0	1.22355	0.478866	0.36988	0.29534	0.43129	0.475571	0.276588	0.914147	0.907352	0.191816	0	0	0	0.513643	0.361242	0.567741	0.190039	0	0.0187517	1.14033	0.281276	0	0.171607	0.216726	1.26843	0.15939	0	0	0.156519	0.500132	0.314092	0.412538	0.230716	0.193205	0	0	0.619718
ihec.chipseq.ihec-chipseq-containerv1.1.4.IHECRE00004635.3.eb7c4ac6-0e90-4c4c-9088-810681c2c896.fc.signal	0.270347	0.427491	0.10149	0.275679	0.557523	0.451069	0.288985	0.316774	0.817051	0.841653	0.736064	0.813752	0.64585	0.908953	0.99145	0.0655047	0.347468	0.508476	0.356754	0.822175	0.847839	0.529222	0.910201	1.03746	1.00363	0.895445	0.613309	0.534396	0.744264	0.154865	0.367006	0.519753	0.368965	0.163038	0.154891	0.511695	0.545195	0.664565
ihec.chipseq.ihec-chipseq-containerv1.1.4.IHECRE00003694.3.791a1a19-8cb6-4f2d-b5f0-f97ea2658756.fc.signal	0	0.0926543	0.152997	0.178405	0.0650769	0.398731	0.159854	0.00779067	0.0429056	0.161301	0.0866212	0.24148	0.246971	0.0611065	0.0519706	0.0575108	0.0636501	0.260783	0.293114	0.0997083	0.184502	0.0080194	0	0.0998252	0.154083	0.290049	0.280648	0.0379484	0.380104	0.162767	0.0756312	0.0324119	0	0.161139	0.0706873	0	0	0.454487
ihec.chipseq.ihec-chipseq-containerv1.1.4.IHECRE00001233.5.4d6f1353-0c69-4685-862a-70e4ba9d694d.fc.signal	0.662958	0.601129	0.592813	0.281772	0.505632	0.289332	0.636404	0.436048	0.445107	0.653796	0.703904	0.396056	0.782947	0.407312	0.61577	0.28465	0.463764	0.301114	0.411179	0.521668	1.09829	0.804543	0.808561	0.230786	0.208584	0.338926	0.658586	0.314433	0.526472	0.867577	1.12343	0.401681	0.329268	0.596738	0.902579	0.713905	0.198754	0.282076
ihec.chipseq.ihec-chipseq-containerv1.1.4.IHECRE00001966.2.a5362628-573c-4f29-aabc-203a1f7daa08.fc.signal	0.112871	0.506611	0.199466	0.837999	0.503643	0.390722	0.320833	0	0.394603	0.52136	0.470344	0.0083608	0.205944	0.741882	0.539061	0.446212	0.116244	0	0.00831333	0.80038	0.564196	0.0366624	0	0.242164	0.139472	0.108653	0.0596844	0.252573	0	0	0	0	0	0.293381	0.895216	0.334015	0.16367	0.669236
ihec.chipseq.ihec-chipseq-containerv1.1.4.IHECRE00001471.1.0c91e2e5-1304-4ccf-8240-a439ef5e19fb.fc.signal	0.366171	0.433525	0.116192	0.272363	0.21004	0	0	0	0.111709	0.486823	0.420954	0.502296	1.26813	2.25052	3.18024	1.70297	0.281543	0.898399	0.792174	0	0.260877	0.178757	0	0	0.0475579	0.33517	0.0938476	0.0536272	0.33517	0.102785	0	0.346384	0.983305	0.245812	0.33517	0.0558617	0	0.318519
ihec.chipseq.ihec-chipseq-containerv1.1.4.IHECRE00004607.2.69656c3b-1dfd-41af-af20-57e8f19233a1.fc.signal	0.00217773	0.26386	0.852088	0.728238	0.651865	0.372918	0.462969	0.348035	0.173102	0.197732	0.0588189	0.195577	0.374446	0.679061	0.778892	0.385364	0.103872	0.172703	0.479227	0.332879	0.190223	0.312873	0.364583	0.786284	0.126422	0.516068	0.627473	0.523617	0.405968	0.367929	0.21676	0.30652	0.258978	0.354174	0.499194	0.336483	0.36109	0.395787
ihec.chipseq.ihec-chipseq-containerv1.1.4.IHECRE00001010.4.77bd98ba-d8dd-4231-a3ba-bd69ef2d4205.fc.signal	0.0595933	0.0347991	0.162819	0.131133	0.13049	0.17628	0.136755	0.271554	0.238958	0.349466	0.222685	0.145644	0.17686	0.0923844	0.151676	0.109022	0.191002	0.204874	0.0367335	0.151258	0.240175	0.203244	0.174763	0.157993	0.313562	0.312585	0.207369	0.0959211	0.173694	0.187684	0.216373	0.0232181	0.0710319	0.11475	0.142058	0.240907	0.202693	0.358921
ihec.chipseq.ihec-chipseq-containerv1.1.4.IHECRE00004605.1.5720ead7-dd43-4b40-b17e-b9f7cda69ec0.fc.signal	0	0	0	0.00668107	0.327369	0.0178165	0.22493	0.740589	0.353015	0	0.303986	0.104671	0.450579	0.372795	0.226044	0.196827	0.302899	0.699393	0.303987	0.351868	0.2472	0.133624	0.552343	1.26179	0.375526	0.269274	0.216287	0.423134	0.171481	0.22493	0.0914792	0.351799	0.510285	0.85545	0.543281	0.786088	0.8178	0.572835
ihec.chipseq.ihec-chipseq-containerv1.1.4.IHECRE00004647.3.45100e0d-f7b5-4c54-a935-54545fef7dd3.fc.signal	0.473437	0.234605	0.383122	0.641492	0.255739	0.151191	0.205824	0.341618	0.290174	0.38974	0.563424	0.434742	0.683344	0.559828	0.456705	0.567633	0.330232	0.321123	0.504333	0.318054	0.687668	0.628192	0.508735	0.569298	0.488423	0.307534	0.669773	0.449156	0.778959	0.56321	0.602365	0.491831	0.21882	0.576366	0.886113	0.492913	0.228493	0.765957
ihec.chipseq.ihec-chipseq-containerv1.1.4.IHECRE00000957.7.f00a0f4a-5f50-4465-bbfb-8153fd1dc895.fc.signal	0.416893	0.155532	0.518783	0.293825	0.486036	0.409944	0.423328	0.182313	0.205593	0.420704	0.839855	0.353395	0.333648	0.511901	0.148245	0.0749751	0.124897	0.156538	0.19918	0.487591	0.791399	0.660923	0.200796	0.0656447	0.259568	0.46627	0.317059	0.381643	0.0764936	0.25418	0.269368	0.0995187	0.276378	0.175768	0.291125	0.393308	0.213785	0.758993
ihec.chipseq.ihec-chipseq-containerv1.1.4.IHECRE00000983.7.61f2a6e9-d3c5-47bf-9c61-e6f61f7fd807.fc.signal	0.384845	0.245318	0.163887	0.292972	0.78406	0	0	0	0	0	0	0.275798	0.289736	0.82049	0.0318335	0	0.274936	0.386	0.399412	1.58843	0.460654	1.20117	0.296314	0	0.421094	0.0166087	0	0.0559195	0.543284	0.459819	0.710875	0	0	0	0.0474533	0.65988	0.47077	0.62963
ihec.chipseq.ihec-chipseq-containerv1.1.4.IHECRE00000195.3.986cff92-5d42-4625-83db-98aad85f151e.fc.signal	0.0448619	0	0	0	0	0	0.620149	0.538342	0.667653	0.98207	0.327989	1.03544	0.848133	1.43891	1.76085	0.747877	0.0606955	0.289859	0.395493	0.460098	0.221424	0.503324	0.480286	0.0237504	0	0.654212	0.7475	0.133249	0	0	0.783767	0.772027	0.0606955	0.496119	0.412994	0.530426	0.79168	0.313364
ihec.chipseq.ihec-chipseq-containerv1.1.4.IHECRE00004610.2.ea8a1015-0f82-48f9-9c20-42da2550bfd3.fc.signal	0.161235	0.0502593	0.451637	0.106589	0.194156	0.435136	0.729039	0.283464	0.218402	0.638898	0.390906	0.164941	0.118013	0.533907	0.533254	0.470937	0.250941	0.0606433	0.167254	0.150711	0.088366	0.192412	0.041218	0.288571	0.38141	0.592068	0.253087	0.589461	0.190175	0.119641	0.0953423	0.290378	0.692612	0.444682	0.286026	0.221015	0.52016	0.628571
ihec.chipseq.ihec-chipseq-containerv1.1.4.IHECRE00001006.4.f30cfd28-f0bb-4e61-a8ad-120bd3fb3681.fc.signal	0.914465	0.501361	0.256906	0.107472	0.0798655	0.446425	0.565905	0.517133	0.231022	0.354848	0.721674	1.08312	1.01379	0.533889	0.49876	0.355144	0.39554	0.65523	0.48535	0.747999	1.11869	0.752021	0.509608	0.483201	0.191228	0.582749	0.801762	0.68564	0.371754	0.459369	0.366269	0.179295	0.275499	0.239213	0.491106	0.606578	0.526555	0.288462
ihec.chipseq.ihec-chipseq-containerv1.1.4.IHECRE00000303.2.6ad801c5-71a9-474a-9628-4aa448792462.fc.signal	0	0.149471	0.543115	0.0401172	0.38378	0.4567	0.787594	0.731267	0.504953	0.182832	0.0892937	0.401921	0.0822707	0.878957	0.987724	0.40626	0.241334	0.368945	0.326967	0	0	0.0474335	0.771899	0.81503	0.546248	0.553713	0.508832	0	0	1.11264	0.612382	0.349283	0.513144	0	0.188667	0.392626	0	0.775
ihec.chipseq.ihec-chipseq-containerv1.1.4.IHECRE00000324.2.aee1956d-7eef-43f7-b3cc-8c134b0ab626.fc.signal	0.394806	0.438441	0.345817	0.206074	0.028674	0.1593	0.678449	1.01295	0.94386	0.430009	0.613094	0.988515	0.515903	0.852128	0.528571	0.203864	0.196223	0.476782	0.818418	0.526905	0.2913	0.264096	0.291407	0.475582	0.6648	0.365885	0.138591	0	0.089208	0.539381	0.402738	0.42737	0.38068	0.294287	0.518898	0.3311	0.23895	0.553125
ihec.chipseq.ihec-chipseq-containerv1.1.4.IHECRE00001020.4.c512952b-84f9-420c-aa6f-798ebaf5413d.fc.signal	0.42706	0.268239	0.277329	0.583007	0.536863	0.236227	0.105348	0.298174	0.263547	0.306953	0.164916	0.133564	0.353364	0.699494	0.595332	0.346044	0.218945	0.381732	0.412802	0.948537	0.940084	0.398867	0.270279	0.329959	0.474917	0.828702	0.914695	0.406975	0.611583	0.607107	0.919738	1.07174	1.07192	0.690023	0.865562	0.708788	0.682319	0.253419
ihec.chipseq.ihec-chipseq-containerv1.1.4.IHECRE00001016.4.fc2ea977-cbc8-4d3a-ab74-ef1a08c9be39.fc.signal	1.00056	0.549658	0.742327	0.646399	0.419851	0.559525	0.426918	0.525351	0.409914	0.469866	0.331689	0.511607	0.0520879	0.256997	0.969698	0.734971	0.438546	1.1178	0.67322	0.600171	0.85338	0.629986	0.41853	0.362901	0.494813	1.17776	0.135999	0.542736	0.400452	0.38719	1.52818	0.99072	0.222789	0.234073	0.39264	0.127792	0.160668	0.284884
ihec.chipseq.ihec-chipseq-containerv1.1.4.IHECRE00003396.1.d3bf1929-bb76-4033-8d58-57bb7c239aaf.fc.signal	1.10024	0.733492	1.50866	0.400086	3.17569	0.158368	0	0.833513	0	0	0.241719	1.80872	2.31717	1.82541	2.79227	0.929649	1.13668	0	0	0	0.398545	0.5287	0.203121	0.499426	0.433427	0.600851	3.15068	0.683481	0	0.066509	0.583648	0	0	0.771094	0.00806093	1.12587	1.15659	0.342175
ihec.chipseq.ihec-chipseq-containerv1.1.4.IHECRE00003677.3.18735c01-9e7f-4bc3-8ba6-c4181a530efa.fc.signal	0.426957	0.22423	0.144487	0.532833	0.285918	0.0171745	0.129647	0.1651	0.102118	0.062027	0	0.0524894	0.266245	0.0835317	0.31622	0.330939	0.0610521	0.0755203	0.0913659	0.0508391	0.0579715	0.0754791	0.17724	0.103922	0.0712672	0.0778137	0.00784633	0.0890753	0.459893	0.276271	0.0228799	0.0293822	0.126041	0.205005	0.14328	0.0778071	0.0623	0.885536
ihec.chipseq.ihec-chipseq-containerv1.1.4.IHECRE00000236.3.81777bd7-a811-47be-9ebc-c73408291448.fc.signal	0.187375	0.28281	0.154817	0	0	0	0	0.0548159	0.378847	0.689889	0.674607	0.77672	0.479887	0.197631	0.22109	0.153955	0.220819	0.137386	0	0	0	0.0258461	0.30953	0.499123	0.413459	0.431174	0.527458	0.283278	0.0616773	0.0298715	0.240628	0.483916	0.310591	0.253191	0.237532	0.0681341	0	0.35014
ihec.chipseq.ihec-chipseq-containerv1.1.4.IHECRE00001019.4.3cb80d46-685f-499c-92a6-1e52fde53ed9.fc.signal	0.492917	0.569335	0.302237	0.308814	0.324365	0.219086	0.374723	0.60251	0.408893	0.512378	1.0156	1.06003	1.14559	1.04619	1.37236	0.669618	0.525826	0.501651	1.11128	0.8115	0.653295	0.228218	0.356996	0.434658	0.342694	0.388403	1.44954	0.974621	0.568997	1.00063	0.838976	1.14875	0.531756	0.865153	0.777755	0.492912	0.230663	0.301549
ihec.chipseq.ihec-chipseq-containerv1.1.4.IHECRE00002058.1.68c7e067-2bf1-45f2-8e15-c75a696edb6c.fc.signal	1.26336	0.347479	0.239374	0.89727	0.891139	0.93901	0.579865	0.407222	0.266357	0.626439	0.53051	0.469401	0.927432	0.187444	0.22633	0.169877	0.352113	0.532805	0.168334	0.455958	0.920291	0.550158	1.01078	1.27904	1.6854	1.39351	0.530994	0.507742	0.597476	0.568537	1.05079	1.13695	0.557536	1.07698	1.05444	0.796955	0.82357	0.967576
ihec.chipseq.ihec-chipseq-containerv1.1.4.IHECRE00000174.3.cee73cdb-e806-4f6a-ad30-ab01efc5dd22.fc.signal	0.541111	0.985195	0.596512	0.237062	0.59797	0.99182	0.0298544	0.12294	0.548575	0.304186	0.542238	0.179685	0.582977	0.623768	0.485364	0.605936	0.570354	0.1258	0.51678	0.754259	0.191339	0	0.439304	0.223218	0.248981	0.320272	0.520105	0.675456	0.141808	0.452869	0.216444	0.0820996	0.480091	0.543844	0.0743347	0.183986	0.73595	0.3107
ihec.chipseq.ihec-chipseq-containerv1.1.4.IHECRE00000250.2.49953b3d-9030-4a88-85fe-119abc3077c8.fc.signal	0.519676	0.248401	0.540914	0.867009	0.731658	0.408599	0.530865	0.624209	0.963862	0.609422	1.13181	0.655725	0.816995	0.308924	0.57227	0.437149	0.765033	0.839134	0.120423	0	0.0629467	0.972169	0.713848	0.513121	1.17072	0.520471	0.139696	0.368635	0.201941	0.0738849	0.192596	0.143614	0.235205	0.437633	0.277824	0.116872	0	0.679443
ihec.chipseq.ihec-chipseq-containerv1.1.4.IHECRE00003683.3.52ed6dfc-f444-41dd-94ff-8e67dd11315f.fc.signal	0	0	0	0	0	0.102091	0.283053	0.201222	0.249793	0.211156	0.320294	0	0	0	0	0	0	0	0	0	0	0	0	0.148893	0.0673103	0.114653	0	0	0	0	0	0	0	0	0.125116	0.427932	0	0.352361
ihec.chipseq.ihec-chipseq-containerv1.1.4.IHECRE00004713.2.e0c0800b-3b56-4a12-9e86-6c2b014acbe6.fc.signal	0.794633	0.371133	0.345154	0.482473	0.141031	0.527009	0.415669	0.482473	0.964815	0.757047	0.256082	0.474631	0.0621265	0.534432	0.282777	0.123077	0.415625	1.08728	0.22268	0	0.0593813	0.515875	0	0	0.50103	0.0742267	0	0.115051	0.460205	0.0975733	1.29592	0.278316	0.568859	0.127805	0	0	0	0.604096
ihec.chipseq.ihec-chipseq-containerv1.1.4.IHECRE00000224.3.e5c74e2f-fdd7-452c-ab9b-6ee0ab9d0cdc.fc.signal	0.692763	0.508525	0.795773	0.408254	0.339605	0.600512	0.564873	0.39158	0.287725	0.53582	0.445477	0.0117571	0.321219	0.806985	0.98891	0.426032	0.0726473	0.33621	0.300761	0.358142	0.468845	0.149032	0.519881	0.528822	0.0295833	0.0316785	0.478628	0.801231	0.54986	0.227763	0.105178	0.249153	0.131442	0.0893138	0.23726	0.412897	0.55335	0.327796
ihec.chipseq.ihec-chipseq-containerv1.1.4.IHECRE00002067.1.d2972a82-a806-4e56-afab-8a78ae137176.fc.signal	0	0.244473	0.379055	0.259612	0.37858	0.215155	0.168574	0.11538	0.177633	0.696014	0.870324	0.427804	0.650101	0.585834	0.376611	0.12309	0.352514	0.291615	0.194984	0.660879	0.703981	0.585564	0.495375	0.59609	1.00648	0.936038	1.86511	0.224725	0.154966	0.422435	0.828308	0.91905	1.01767	0.860388	1.02218	1.23998	0.67155	0.975094
ihec.chipseq.ihec-chipseq-containerv1.1.4.IHECRE00000230.3.c59c5d40-3fa1-4268-aee6-d3649316b884.fc.signal	0.247974	0.357552	0.165081	0.356112	0.784472	0.512802	0.338118	0.4385	0.415104	0.757763	0.838577	0.371251	0.597427	0.798138	0.348784	0.0919477	0.168649	0.0352448	0.231249	0.566379	0.477883	0.213012	0.155976	0.315462	0.387082	0.23065	0.327421	0.199435	0.167865	0.182712	0.591857	0.857853	0.714345	0.24373	0.468901	0.548343	0.42744	0.475177
ihec.chipseq.ihec-chipseq-containerv1.1.4.IHECRE00001958.3.15c43137-8b62-45aa-904f-5b9257a45d2c.fc.signal	0.239639	0.407277	0.511088	0.350184	0.156732	0.415606	0.504712	0.543719	0.348385	0.66753	1.78485	1.59847	1.07881	1.14083	1.12184	0.446113	0.397516	0.274487	0.081193	0.302676	0.695897	0.40545	0.676874	0.63952	0.381682	0.257887	0.313872	0.270834	0.0337022	0.0458623	0.388539	0.451777	0.457193	0.357875	0.288044	0.0829523	0.129816	0.493617
ihec.chipseq.ihec-chipseq-containerv1.1.4.IHECRE00004643.3.b52bc708-220e-4d24-be07-a57b59ce9422.fc.signal	0.285642	0.435936	0.995723	1.06852	0.971124	0.659564	0.412095	0.179169	0.162726	0.680064	0.504257	0.34059	0.802749	1.55171	1.18092	0.49343	0	0.756494	1.27638	0.863141	0.734383	0.531608	1.2005	0.417529	0.0369458	0.247792	0.452978	0.545305	0.775091	0.49685	0.843556	0.514393	0.649145	0.208944	0.331442	0.199324	0	0.285714
ihec.chipseq.ihec-chipseq-containerv1.1.4.IHECRE00000240.3.d690d3e6-ed87-46ee-9d2a-0a5b66f16245.fc.signal	0.0116587	0.134751	0.335867	0.281642	0.62238	0.401816	0.0602667	0	0	0.0167231	0.25745	0.374782	0.370589	1.1297	0.895943	0.528635	0.430108	0.315352	0.260469	0.095976	0.279796	0.208216	0.198753	0.339745	0.0889214	0	0	0.159667	0.306616	0.167979	0	0.0816228	0.378961	0.487682	0.420213	0.450419	0.373435	0.893127
ihec.chipseq.ihec-chipseq-containerv1.1.4.IHECRE00003676.3.2bdb0d55-cf7c-42db-b5e9-1e7fc8464aa8.fc.signal	0.175203	0.432886	0.351012	0.490445	0.537161	0.552915	0.307196	0.31189	0.285197	0.177787	0.0671703	0.307435	0.292554	0.417401	0.704222	0.287466	0.33678	0.156178	0.309978	0.296119	0.587028	0.897317	1.38627	0.666008	0.830349	0.760021	0.86276	0.387886	0.200206	0.183805	0.541808	0.291227	0.338832	0.500537	0.968592	0.385497	0.61351	0.734357
ihec.chipseq.ihec-chipseq-containerv1.1.4.IHECRE00003810.1.76180591-3bc4-4c81-ab95-3508a7e6f4b6.fc.signal	0.352347	0.262954	0.0044304	0	0	0.0185021	0.135502	0.3034	0.217616	0.506752	0.402593	0.228636	0.217858	0.150665	0.182151	0.446225	0.576219	0.0674097	0.226493	0.656473	0.280321	0.283163	0.0627885	0.339668	0.344756	0.43364	0.475831	0.432789	0.308354	0.335278	0.281458	0.0359091	0	0	0.0249581	0.0616433	0.0981373	0.449664
ihec.chipseq.ihec-chipseq-containerv1.1.4.IHECRE00001236.5.d51198c1-7a73-4d86-97a2-4552cc10d322.fc.signal	0.694482	0.798523	0.48632	0.504647	0.779508	0.281717	0.550681	1.23212	0.497416	1.10939	1.55366	0.424964	1.04097	1.5378	1.26182	0.892616	1.20291	1.47934	1.51605	2.06463	2.52834	2.73734	2.47551	3.79695	2.21904	2.58849	2.87724	2.66303	2.28578	2.48383	3.11106	1.12302	0.836115	0.746556	1.25134	0.661122	0.796864	0.280591
ihec.chipseq.ihec-chipseq-containerv1.1.4.IHECRE00001234.5.5cbe5650-3de6-4514-ab14-1c0f737014e5.fc.signal	0.402371	0.276583	0.997068	0.0709692	0.49029	0.239149	0.315521	0.638724	0.367481	0.769316	1.26835	0.424858	0.494835	0.635587	0.539954	0.206055	0.480428	0.864509	0.51615	0.416856	1.0067	0.526887	0.610624	0.748392	0.812272	0.255717	0.626537	0.33282	0.477675	0.375888	1.07993	0.266098	0.289205	0.225905	0.334799	0.647492	0.548458	0.280645
ihec.chipseq.ihec-chipseq-containerv1.1.4.IHECRE00001232.5.1e064882-e572-482d-b86a-86e4adf3de86.fc.signal	0.489273	0.335812	0.517218	0.717366	0.140947	0.472885	0.738814	0.687418	0.137497	0.0465522	0.631473	0.744786	0.616483	0.322248	0.836449	0.572021	0.575832	0.407564	0.462301	0.489075	0.397746	0.403051	0.458842	0.605055	0.52045	0.398894	0.600568	0.170194	0	0	0.0850407	0.49322	0.398024	0.0064608	0.15202	0.0398458	0.134217	0.290557
ihec.chipseq.ihec-chipseq-containerv1.1.4.IHECRE00000055.3.18017a46-582b-4ce3-bfb4-e75efa17aec2.fc.signal	3.12194	0.7633	0.799517	0	0	0.0817889	0.147038	0	0.0230156	1.21443	0.613272	0	1.8287	1.11453	0.539092	0.451463	0	0	0.214272	0.261449	0.156809	0.257563	0.182243	0.256857	0	1.23765	2.72536	0.664304	0.252788	0	0.520141	0.275339	0.456472	0.0230154	0	0	0	0.323995
ihec.chipseq.ihec-chipseq-containerv1.1.4.IHECRE00001549.1.74e60908-94bd-442d-8c28-c8335d756ee0.fc.signal	2.14748	0.553805	0	0.197793	0.451708	0	0.0212424	0.410014	0.591339	0.352677	0	0.18369	0.379909	0.755882	0.200287	0.392794	0.599946	0.303701	0.367112	0.249259	0	0.587144	0.173444	0.0073476	0.869332	1.17489	0.3546	0.0407146	0	0	0	0.137155	0.411451	1.16723	0.286518	0.553721	0.27562	0.292453
ihec.chipseq.ihec-chipseq-containerv1.1.4.IHECRE00000953.7.9058c411-f9a4-4cfd-ba9b-a2ef43a20de8.fc.signal	0.194816	0	0	0.295764	0.211655	1.1762	1.79521	1.68029	0.50141	1.26672	0.380621	0.622392	1.33295	0.519093	1.82046	0.730428	0.987989	0.844897	1.7226	1.00597	1.2483	0.592776	1.28664	1.44375	0.302109	0.576603	0.486776	0.458129	0.126841	1.19157	1.83187	0.564615	0.528939	0.583847	0.768149	0.561943	0	0.550617
ihec.chipseq.ihec-chipseq-containerv1.1.4.IHECRE00004681.3.f99ccc6c-1833-4f7b-8eed-cf0ddf179253.fc.signal	0.454634	0.608353	0.54129	0.728631	0.0719491	0.0494469	0.430468	0.659805	0.392286	0.339963	0.843085	0.711977	0.407877	0.442635	0.539413	0.343931	0.435762	0.460959	0.472387	0.490337	0.432806	0.19868	0.194219	0.375921	0.683099	1.01911	0.452228	0.274736	0.405484	0.655403	0.881622	0.567117	0.945819	0.655289	0.402412	0.641626	0.92001	0.576396
ihec.chipseq.ihec-chipseq-containerv1.1.4.IHECRE00003401.1.b5568014-372c-40aa-9405-3d27c34b9363.fc.signal	1.0376	0.486517	1.20999	0.099524	0.628321	0.62941	0.209857	3.23831	2.83844	2.00686	2.24135	1.73288	0.658036	0.306355	0.992251	0.117185	1.32324	0.593391	0.673198	1.10801	1.06454	1.01668	1.54011	2.1035	0.359816	1.38786	2.17053	0.860576	0	0.248172	1.43266	0.514088	0.881603	0.564383	1.20456	0.63378	0	0.352476
ihec.chipseq.ihec-chipseq-containerv1.1.4.IHECRE00003811.1.5a443ccb-e57e-49b1-b0d8-1190f415a4ba.fc.signal	0.253361	0.283829	0.318471	0.131592	0.0815203	0	0.191125	0.26399	0.137518	0.19846	0.206383	0.327298	0.226258	0.354375	0.245771	0.218581	0.142586	0.155836	0.280064	0.286921	0.348495	0.399637	0.330803	0.180348	0.281573	0.379401	0.870871	0.487845	0.0720641	0.116683	0.347293	0.133406	0.191218	0.48819	0.344002	0.0779282	0.217742	0.417323
ihec.chipseq.ihec-chipseq-containerv1.1.4.IHECRE00001997.1.7a7e31ec-6ff6-498c-99aa-3347eef341d7.fc.signal	0.394026	0.072573	0.280127	0.608476	0.414256	0.300308	0.541556	0.288248	0.207307	0.553624	0.856579	0.588459	0.719351	1.25427	1.00416	0.162228	0.632699	0.395448	0	0.319896	0.705089	0.467573	1.03744	1.48109	0.62065	0.801614	0.730088	0.976795	0.2708	0.3804	0.472671	1.05634	1.23323	1.03644	1.81641	1.26951	1.27964	0.958426
ihec.chipseq.ihec-chipseq-containerv1.1.4.IHECRE00000318.2.630bb3ae-2002-42b3-97d8-83059d35c603.fc.signal	0.196698	0.232946	0.166318	0.518689	0.371556	0.696332	0.402039	0.00903033	0	0.398199	1.22101	1.54164	1.25837	0.410409	0.310621	0.585924	0.0831749	0.100447	0.264362	0.226034	0.151109	0.195497	0.329719	0.0992075	0.455474	0.33153	0.320773	0.0583573	0	0.379323	0.145893	0	0	0.420133	1.19033	0.490159	0	0.296296
ihec.chipseq.ihec-chipseq-containerv1.1.4.IHECRE00004603.3.33f77abf-b8ba-4cf9-9bf5-2a20b352f908.fc.signal	0.621163	0.64616	0.361907	0.748343	0.761827	0.930347	0.77844	0.686798	0.8206	0.766724	0.786767	0.573708	0.678842	0.618098	0.683972	0.923289	0.608032	0.362546	0.340655	0.519104	0.494882	0.45557	0.522874	1.44129	0.522804	0.372242	0.224409	0.516021	0.0844165	1.40198	0.908566	0.294471	0.382194	0.887479	0.892015	1.06315	0.745247	0.378421
ihec.chipseq.ihec-chipseq-containerv1.1.4.IHECRE00001964.2.d1780581-c5b9-4ce5-a302-4e6523b46a10.fc.signal	1.11057	0.746956	0.566569	0.434454	1.35981	1.81683	1.48187	1.44637	2.93341	2.0669	1.1498	0.639458	1.51116	1.51667	1.44835	0.813785	0.504486	0.796716	0.552167	0.794097	0.148153	0.331168	0.064787	0.644947	0.400155	0.297258	0.003811	0	0.378399	0.367769	0.990195	0.374531	1.07746	0.484953	0.374972	0.72704	0.567528	0.509346
ihec.chipseq.ihec-chipseq-containerv1.1.4.IHECRE00003695.3.b45ed777-a5dc-4527-b410-7a0e01173bd4.fc.signal	0	0	0.0275497	0.204655	0.0999659	0.14011	0	0	0.0306982	0.0889461	0.116496	0.0330014	0.0850104	0	0	0.059035	0.094456	0.082649	0.0322725	0.0857975	0.0267625	0.536825	0.681657	0.205673	0.0834361	0.0496319	0.210646	0.0425052	0.405374	0.317215	0.397502	0.194422	0.102327	0.200922	0.0544025	0.150984	0.23614	0.298428
ihec.chipseq.ihec-chipseq-containerv1.1.4.IHECRE00001973.1.fa7392b1-17c1-4691-ba8f-d211a0f93db5.fc.signal	0.401508	0.262928	0.8215	1.04138	1.25618	1.6372	1.69032	1.05526	0.757398	0.785112	0.511175	1.71534	1.05107	0.447639	0.552165	0.459536	0.408881	0.491834	1.26253	0.828966	1.11071	0.577724	0.894006	1.12791	0.822268	0.606002	0.741249	0.870564	0.83151	0.755873	1.33932	1.30928	1.0899	1.63662	1.53402	1.01498	1.37878	0.970311
ihec.chipseq.ihec-chipseq-containerv1.1.4.IHECRE00002065.1.9b5b0cc0-4302-439e-a9d9-d779f62c822e.fc.signal	1.25859	0.103749	0.247017	0.355994	0.261131	0.203897	0.321942	0.432858	1.12699	0.844347	1.13773	1.44903	1.55991	1.30259	0.339526	0.354721	0.366193	0.452805	1.21875	0.20786	0.77635	1.14	1.19142	0.178857	1.18064	0.547368	1.02682	1.56352	0.132354	0.465315	1.55285	1.44218	1.18068	1.07334	2.1324	1.36003	1.33313	0.947791
ihec.chipseq.ihec-chipseq-containerv1.1.4.IHECRE00001990.1.baa2a3ca-0f47-4bf7-901e-dd73f7a290b4.fc.signal	0.73801	0.628777	0.755456	0.0837544	0.277254	0.47561	1.18725	0.681831	0.266339	0.642612	0.447134	0.194124	0.695938	1.18989	1.15296	0.624731	1.38794	0.761777	0.914126	1.10736	0.241523	0.27868	0.325126	1.16868	1.12064	0.563877	0.991829	0.778839	0.382197	0.110887	0.454563	1.90336	2.3475	2.23512	1.58488	1.10738	1.39352	0.957273
ihec.chipseq.ihec-chipseq-containerv1.1.4.IHECRE00004617.2.4f4a0497-3ec2-413a-b94e-d213b036987a.fc.signal	0.300326	0.350421	0.673842	0.334715	0.228454	0.381178	0.888761	0.49724	0.658093	0.11643	0.156421	0.310815	0.583596	0.379667	0.776145	0.317543	0.319929	0.25771	0.45041	0.996169	0.563313	0.848714	0.457248	0.617416	0.567364	0.348213	0.215888	0.617238	0.808908	0.851185	0.985887	0.810624	0.978448	0.854088	0.669921	0.508321	0.259	0.320151
ihec.chipseq.ihec-chipseq-containerv1.1.4.IHECRE00000184.3.3b461c31-8bd0-484a-b2da-6d1ab68c1acb.fc.signal	0.78046	1.10732	0.668359	0.14349	0	1.12155	0.526444	0.508136	0.823031	0.292737	1.34262	0.0826994	0.494883	0.508009	0.372418	0.15227	0.026254	0.379158	0.052508	0	0	0	0	0	1.16685	0.874357	0.389113	0.441006	0.343335	0	0.512714	0.897246	1.60222	0.283824	0	0.672932	1.37333	0.869919
ihec.chipseq.ihec-chipseq-containerv1.1.4.IHECRE00001903.1.df6f0905-c0c8-425c-b0f1-0f9ff68f7793.fc.signal	0.407873	0.697681	0.204009	0.148852	0.331076	0.288205	0.570098	0.928943	1.17944	1.43072	0.961842	0.543075	0.402897	0.741578	0.480137	0.573885	1.09501	0.987081	0.607775	0.623738	0.400303	0	0	0	0.294073	0.488892	1.0256	0.750571	0.237955	0.491484	0.146432	0.0291303	0.262673	0.77048	0.228514	0.648627	0.538098	0.363889
ihec.chipseq.ihec-chipseq-containerv1.1.4.IHECRE00000949.6.c2f3aee8-0c03-4973-b136-7021565c707b.fc.signal	0.56823	0.01749	0	0.609709	0.502849	0.226172	0.359827	0	0	0	0	0	0	0	0.445907	0.236603	0	0	0	0	0	0.426754	0.421326	0.0671345	0	0.299071	0.150441	0.415018	0.241154	0.309563	0.577116	0.021201	0.132921	0.495504	0.541087	0.780107	0.49967	0.345712
ihec.chipseq.ihec-chipseq-containerv1.1.4.IHECRE00001017.4.2612150c-f8fd-4d8b-a711-65def053c72d.fc.signal	0.598012	0.270066	0.317502	0.404719	0.379678	0.584093	0.314622	0.277808	0.612789	0.627486	0.490985	0.461548	0.768226	0.568128	0.382095	0.426033	0.306927	0.318691	0.506987	0.429423	0.585096	0.406918	0.265593	0.103888	0.60746	0.728839	0.801361	0.733171	0.303654	0.211015	1.00373	0.850251	0.472295	0.975847	0.392922	0.586978	0.387145	0.310888
ihec.chipseq.ihec-chipseq-containerv1.1.4.IHECRE00001935.1.0b0c5786-e084-4954-a96f-72d7a88b913e.fc.signal	0.0559447	0.35201	0.166852	0	0.115063	0.608093	1.24587	0.419281	0	0.520833	0.95657	0.453664	0.146414	1.08078	1.04125	0.798581	0.501093	1.00029	0.424633	0.647151	0.314391	0.705356	0.0893474	0.0883065	0.207855	0	0.522633	0.32023	0.0272421	0.483496	0.608226	0.0172025	0.175607	0.222896	0.0793708	0.216936	0	0.308579
ihec.chipseq.ihec-chipseq-containerv1.1.4.IHECRE00001851.4.627c47c9-d19a-4fba-9f0d-ed8820985d99.fc.signal	0.442444	0.216874	0.377292	0.903616	0.71967	0.540264	0	0.31617	1.05129	0.816104	0.508407	0.295565	0.259521	0.311493	0.275872	0.125156	0.691271	0.800587	0.699034	0.10733	0.298667	0.192966	0.610622	0.63972	0.303468	0	0.185368	0.284509	0.315844	0.371083	0.564249	0.311166	0.173109	0.44004	0.457781	0.236338	0.254491	0.685644
ihec.chipseq.ihec-chipseq-containerv1.1.4.IHECRE00003678.3.df24c052-2a81-4f1a-b170-2f4fdc228ffe.fc.signal	0.828544	0.457896	0.158233	0.272153	0.159806	0.122299	0.115	0.531008	0.476996	0.244823	0.345728	0.674484	0.565846	0.532836	0.628982	0.351683	0.392398	0.229917	0.003999	0.243323	0.580859	0.459076	0.314593	0.621931	0.891265	1.01927	0.490979	0.417269	0.48007	0.824511	0.71285	0.486838	0.448153	0.32541	0.380082	0.346401	0.371726	0.799633
ihec.chipseq.ihec-chipseq-containerv1.1.4.IHECRE00004608.1.2b4cac07-82e4-4fde-addf-f528201b15bb.fc.signal	0.0970318	0.22587	0.362991	0.491683	0.651018	0.778	0.436383	0.272994	1.09603	1.06178	0.201499	0.035439	0.312547	0.391333	0.683761	0.726506	0.503262	0.272377	0.411265	0.288385	0.603032	0.746312	0.492116	0.907826	0.47491	1.17625	0.428246	0.994866	1.12762	0.441217	0.500701	0.47723	0.828335	0.673358	0.905059	1.1763	1.76689	0.613744
ihec.chipseq.ihec-chipseq-containerv1.1.4.IHECRE00000665.1.78440a22-2eaa-45a0-b153-69564ce42bd4.fc.signal	0.0648653	0.154968	0.377521	0.597232	1.03989	0.374045	0.38132	0.627377	0.30043	0	0.390223	0.571818	0.0324271	0.176203	0.925133	1.21789	0.972039	0.814866	0.238451	0.223769	1.26255	1.54146	2.17636	2.24411	1.41786	1.95623	2.42725	1.60553	0.988884	0.18467	0.0156933	0.151615	0.42614	0.731538	0.713146	0.983973	0.905175	0.616561
ihec.chipseq.ihec-chipseq-containerv1.1.4.IHECRE00003680.3.604f0a28-681a-4e69-b09a-96c7d6e32ad9.fc.signal	0.105417	0.0403618	0.118175	0.0290171	0.114269	0.0574913	0.302208	0.238031	0	0	0.0289045	0.115487	0.0306048	0.0238037	0.126993	0.118005	0.174205	0.0701069	0.0712106	0.215077	0.246019	0.173631	0.0323051	0	0.110571	0.189242	0.0239692	0.366396	0.368946	0.00340053	0	0	0	0.0485031	0.171205	0.101024	0	0.835163
ihec.chipseq.ihec-chipseq-containerv1.1.4.IHECRE00001963.2.142b6389-99b2-4c91-9b9d-3ef0423dd139.fc.signal	0.236515	0.349493	0.42302	0.401534	0.526433	0.683224	0.381353	0.348547	0.305944	0.368247	0.338433	0.0235869	0.195562	0.542343	0.0659045	0.158166	0.0645172	0	0.158604	0.170837	0.150673	0.00136613	0.0399209	0.244689	0.272517	0.518679	0.14809	0	0.206841	0.28328	0.184475	0.142209	0.236515	0.418361	0.223866	0.263569	0.47284	0.346405
ihec.chipseq.ihec-chipseq-containerv1.1.4.IHECRE00003716.2.bea5f21d-c715-4019-8eed-c69728473893.fc.signal	0.574916	0.502151	0.618799	0.617341	0.624954	0.624966	1.22326	0.885548	0.316086	0.171507	0.826986	0.510079	0.838564	1.00448	1.19376	0.31057	0.449754	0.867712	0.232605	0.623622	0.646837	1.04449	1.17432	0.931402	0.663014	1.12361	0.61053	0.429685	0.239631	0.657467	0.348915	0.0861345	0.366138	0.532398	0.298164	0.53839	0.539722	0.472103
ihec.chipseq.ihec-chipseq-containerv1.1.4.IHECRE00000223.3.3bd7fa2e-4676-4775-9e3e-5e080ad64395.fc.signal	0.24303	0.562584	0.682489	0.72489	0.837309	1.44214	1.15705	1.34782	0.729065	0.93738	1.18298	0.602765	0.682179	0.454352	0.436049	0.266886	0.206185	0.145951	0.155386	0.331395	0.493668	0.546426	0.455002	0.183063	0.283654	0.872453	0.983725	0.43362	0.135847	0.624176	0.449994	0.176189	0.321569	0.155111	0.644575	1.29387	1.02979	0.40453
ihec.chipseq.ihec-chipseq-containerv1.1.4.IHECRE00000992.7.80dcfe52-cdf2-4d0d-bc40-0c75abc04fc1.fc.signal	0.349026	0.925018	0.488724	0.895429	0.575447	0.523666	0.823534	1.25803	0.697554	0.735706	0.749476	0.850876	1.40333	1.16533	0.882263	1.22871	0.386866	0.729752	0.656389	0.533058	0.877085	0.896366	1.08789	0.655572	1.43595	1.22608	0.625291	0.101652	0.125775	0.614971	0.8912	0.0556541	0.515067	0.674467	0.814868	0.794653	0.676881	0.626117
ihec.chipseq.ihec-chipseq-containerv1.1.4.IHECRE00001457.1.311a6e52-ddcf-4f01-82ae-00a17eac3a5f.fc.signal	0	0	0.242317	0.478668	0.466847	0.566166	0.488601	0.374607	0.343996	0.221653	0.552304	0.471324	0.515324	1.92938	1.0525	0.0757139	0	0.133804	0.793373	0.33297	0.202201	0.325262	0.168766	0.982596	0.46688	0	0	0	0.373226	0.676838	0.259507	0	0.239122	0.126226	0	0.163238	0.48988	0.316384
ihec.chipseq.ihec-chipseq-containerv1.1.4.IHECRE00000001.4.02b605e5-4373-4009-a925-f6e4537147f5.fc.signal	0.0436641	0.0759607	0.0717429	0.123104	0.118347	0.0595922	0.1331	0.0632865	0	0.0573866	0.140446	0.218534	0.290421	0.258232	0.322016	0.108769	0.113137	0.0838837	0.112784	0.13104	0.182576	0.185599	0.0562204	0	0.0750939	0.259436	0.405905	0.0766736	0.143938	0.267174	0.18723	0.086522	0	0.108317	0.262839	0.20784	0.186515	0.719512
ihec.chipseq.ihec-chipseq-containerv1.1.4.IHECRE00000008.3.d0e9d2b8-31ed-4f18-8f4f-ade1dc88724d.fc.signal	0	0	0.886217	1.25133	0	0.437965	0.656947	1.08585	1.8645	0.404709	0.838462	0.492232	0.0234128	1.18014	1.42719	0	0	0	0	0	0	0	0	0	0	0.00489007	0.73139	0.286594	0	0	0	0.444012	0.594441	0.633502	1.19354	1.27592	0.108591	0.340136
ihec.chipseq.ihec-chipseq-containerv1.1.4.IHECRE00001546.1.a150519d-0d11-4c76-b425-72b9ccc9b116.fc.signal	2.01246	0.797877	0.736397	0.150812	0	0	0.640294	0.747889	0.0417139	0.287713	0.221658	0.458965	0.751174	1.37086	0.913692	0.211807	0	0	0.220586	0.34107	0.608846	0.0169692	0.0667755	0.433923	0.35363	0	0	0	0	0	0	0.35219	0.534442	0	0	0	0	0.274074
ihec.chipseq.ihec-chipseq-containerv1.1.4.IHECRE00000016.3.2c79bca0-4ffc-465a-9643-ae105e9920dd.fc.signal	0.496516	0.022158	0.687241	1.51812	0.362701	0	0.0464053	0.615976	0.247582	0	0	0	0	0.194721	0.532016	0.043948	0	0	0	0.0460893	0.514684	0.316056	0.919692	0.379858	0	0	0	0	0	0.223356	0.669633	0.384645	0.645985	0.0076736	0	0	0	0.431818
ihec.chipseq.ihec-chipseq-containerv1.1.4.IHECRE00000071.3.c58e2138-e12f-4d11-9ec1-2028a8fe702b.fc.signal	0	0.564034	0.16637	1.07937	1.11184	0.71117	0.273832	0.60867	0.0689826	0	0.361144	0.872427	1.99879	2.70864	0.836435	0.719825	0.293629	0	0.47882	1.60688	0.835907	0	0.409838	0.543745	1.42957	1.22551	0.592439	0	0	0	0	0	0.272691	1.01373	0.685877	0	0.151686	0.30393
ihec.chipseq.ihec-chipseq-containerv1.1.4.IHECRE00001009.4.04db3171-85a1-4831-984b-2ac821411031.fc.signal	0.31452	0.412082	0.237103	0.230048	0.470259	0.447643	0.326208	0.535433	0.223191	0.276035	0.259344	0.185047	0.297965	0.520763	0.387092	0.188373	0.113633	0.202006	0.283986	0.270545	0.208459	0.13817	0.18672	0.113972	0.172879	0.304354	0.498974	0.231566	0.176202	0.156446	0.242169	0.462485	0.391224	0.293939	0.188132	0.196682	0.150585	0.272827
ihec.chipseq.ihec-chipseq-containerv1.1.4.IHECRE00003400.1.1fd4d0f1-41c8-41b4-882d-bbcd98fbef74.fc.signal	1.7373	0.572477	1.19266	0.349847	0.556575	0	0	0.40948	0.666573	1.55514	1.53878	0.443814	1.79094	2.3217	1.26745	0.679816	1.18073	0.345871	2.15871	2.4847	0.950151	0.663914	1.61406	0.834224	1.17074	0.572035	0.538894	0.0954128	0.496942	0.695718	0.397553	0	0.370483	0.252317	0	0.431684	0.96546	0.351991
ihec.chipseq.ihec-chipseq-containerv1.1.4.IHECRE00002063.1.03cd26f6-8245-4dba-a43d-b085dc5fbdba.fc.signal	0.676632	0.0908657	0.559182	0.586927	0.31786	0.57921	0.840234	1.39529	0.654254	1.02002	1.26086	1.02337	1.37572	0.164964	0.00139793	0.539629	0.999626	0.322573	0.244825	0.992654	0.725118	0.905358	1.49807	0.944598	0.632283	1.57884	1.8824	0.659532	0.775465	0.837902	0.506658	0.566924	0.493162	1.12521	0.593297	0.834108	1.10579	0.951177
ihec.chipseq.ihec-chipseq-containerv1.1.4.IHECRE00002086.1.469e2b5a-9cc0-4ba2-a1af-32ae688b6e56.fc.signal	0.744161	1.49122	0.45846	0.632607	0.45974	0	0.119751	0.169492	0.161985	0.0963569	0.447095	0.258833	0.515106	0.671577	1.04106	0.776135	0.727373	0.547176	0.404277	0.144316	0.378409	0.573068	1.18299	1.2936	1.58132	1.90514	1.34907	1.43843	0.515918	0.590887	1.18314	2.46663	2.5669	1.88872	1.10664	1.26339	1.74019	0.978321
ihec.chipseq.ihec-chipseq-containerv1.1.4.IHECRE00001027.7.e86f32e5-bf0d-4add-be96-995ad738d215.fc.signal	0.262554	0.333071	0.388307	0.491558	0.582475	0.400223	0	0.107223	0.449941	0.366494	0.467833	0.413553	0.739501	0.153276	0.430802	0.208015	0.25404	0.23092	1.0544	0.176159	0.587495	1.39025	0.809026	0.989153	0.254032	0.45299	0.415655	0.593051	0.0639591	0.345849	0.504636	0.337777	1.05876	0.361324	1.00789	1.05586	0.648675	0.694915
ihec.chipseq.ihec-chipseq-containerv1.1.4.IHECRE00003730.1.665ec701-8746-423d-9e1f-6b813507441b.fc.signal	0.454959	0.878022	0	1.00592	0.384736	0.319086	1.36177	0.754172	0	0	0.755005	0.282311	0	0	0	0	0	0	0	0.471721	1.37226	0.535032	0.680519	0.0940153	0.683134	0.189495	0	0	0.0188374	0.944715	0.264018	0	0	0	0	0.680528	1.46625	0.366104
ihec.chipseq.ihec-chipseq-containerv1.1.4.IHECRE00004616.1.ed15f6f7-9fc7-4af5-9ab6-233a7899d0bb.fc.signal	0.118524	0.648885	0.921709	1.05606	1.05593	0.457037	0.718283	0.598151	0.471667	1.16636	1.15259	0.368435	0.965625	0.273876	0.370527	0.194258	0.814078	0.471951	0.277918	0.107016	0.227844	0.72164	0.352115	0.0655909	0.227663	0.89023	0.984258	0.20944	0.391046	0.725636	1.42429	0.693053	0.530284	0.399271	1.06129	1.28896	1.19273	0.349503
ihec.chipseq.ihec-chipseq-containerv1.1.4.IHECRE00003803.1.fb97cdb0-391e-4e74-a4dc-d06dfb2e7cbb.fc.signal	0.612727	1.21211	0.475814	0.755133	0.83034	1.26234	0	0.174879	0.89788	0.693322	0	0	0	0.993895	0.646664	0.0251679	0.725973	0.662317	0.295177	1.9267	1.82257	0.969032	0.751068	1.31	4.01803	1.85624	0.0735156	0	0	0.976297	3.31281	3.77073	3.45795	2.31006	1.04955	1.26176	0.533687	0.321602
ihec.chipseq.ihec-chipseq-containerv1.1.4.IHECRE00001548.1.2b134afe-2169-4129-971a-ea0bfe539d4a.fc.signal	0.379889	0.405145	0.812158	1.39988	0.892901	1.00941	0.0146904	0.145319	0.282315	0.115891	0.521848	0.312665	0.573355	0.426041	0.172283	0.510695	0.715885	0.183862	0.408721	0.839094	0.24823	0.254692	0.184446	0.384213	0.51914	0.017479	0.328215	0.383091	0.583924	0.508689	0.0936874	0.402787	0.368643	0.529211	0.182499	0.575965	0.532817	0.26087
ihec.chipseq.ihec-chipseq-containerv1.1.4.IHECRE00001893.4.bbfcde86-9029-4200-ba74-fe49f41c4cdf.fc.signal	0	0	0.0848398	0.128295	0.17167	0.188329	0.254172	0.332915	0.267969	0.167674	0.12391	0.283819	0.288399	0.262766	0.525251	0.444587	0.123216	0	0	0	0.117582	0.210443	0.350712	0.701975	0.726974	0.783339	0.809669	0.50892	0.347308	0.236583	0.210093	0.200016	0.0270568	0.00295173	0.110544	0.287193	0.65605	0.533003
ihec.chipseq.ihec-chipseq-containerv1.1.4.IHECRE00001961.2.26f0e8b3-e0d8-467c-92a7-4029668db296.fc.signal	0	0	0	0	0	0.26148	0.189873	0.329132	0.205877	0	0	0	0.361086	0.243381	0	0	0	0	0	0	0.0858037	1.52203	0.635863	0.295127	0.714065	0.130941	0.581683	0.244814	0.418091	0	0	0	0.285509	0.186197	1.80633	0.333707	0	0.466368
ihec.chipseq.ihec-chipseq-containerv1.1.4.IHECRE00001954.2.18576743-b1b7-40af-bbff-f6570943d6bc.fc.signal	0.677329	0.5672	0.426525	0.39088	0.255492	0.440823	1.38147	0.808172	0.50727	0.456804	0.673925	0.989954	1.31417	1.19989	0.747602	0.429744	0.488746	0.588754	0.52479	0.718267	0.991777	0.661829	0.542158	0.541563	0.572612	0.930911	1.25655	0.543974	0.184724	0.36926	0.660625	0.64138	0.509617	0.640641	0.402538	0.437792	0.44765	0.461806
ihec.chipseq.ihec-chipseq-containerv1.1.4.IHECRE00000129.3.b55212c4-278a-46e6-a914-7321e68a657d.fc.signal	1.0703	0.644432	0.931782	1.90083	0.575042	0.938519	1.2226	0.524624	1.90343	1.7811	0	0	0	0	0	1.12879	3.16796	1.71448	0.218303	0	0	0.665558	0.372713	0	0	0	0	0	0	0	0	0	0	0	0	0.84659	1.59734	0.398693
ihec.chipseq.ihec-chipseq-containerv1.1.4.IHECRE00004614.1.c39e9a3f-4177-48c3-969d-01c9bdd4340c.fc.signal	0.17802	0.0705409	0	0	0.435463	0.513498	0.265736	0.310907	0.335871	0.176681	0.195323	0.16021	0.77169	0.437083	0.3021	0.494646	0.365597	0.345686	0.316218	0.173809	0.0664725	0.242134	0.216535	0.596901	0.581544	0.717551	0.243169	0.588095	0.644956	0.762925	0.44483	0.243006	0.486174	0.380424	0.591791	0.509716	0.0811055	0.360709
ihec.chipseq.ihec-chipseq-containerv1.1.4.IHECRE00000243.3.2aa5c3df-0722-47d5-82d4-eb34ba16be25.fc.signal	0.40049	0.377269	0.0994143	0.357716	0.295055	0.807168	0.542982	0.734649	0.522129	0.479719	1.22747	1.17857	0.895978	0.247353	0.0975845	0.40617	0.576237	0.501095	0.473196	0.506268	0.256056	0.231922	0.200555	0.43779	0.314442	0.0840585	0.207623	0.203638	0.0629195	0.212619	0.249754	0.13669	0.577836	0.854886	0.846641	0.455159	0.191604	0.790323
ihec.chipseq.ihec-chipseq-containerv1.1.4.IHECRE00000060.3.baca5345-ebfb-42c5-84f7-5edc7dd83347.fc.signal	0.202173	0.663886	0.579194	0.636566	0.497234	0.439862	0.549142	0.831775	0.6968	0.775898	0.120211	0.597418	1.06998	0.972609	0.431664	1.38788	0.934357	0.661154	0.690149	0.285924	0.0655696	0.636566	0.308723	0.041629	0.479776	1.0154	0.344236	0	0	0.0956223	0.680278	0.284135	0.475804	0.580504	0.861945	0.774994	0.756884	0.293255
ihec.chipseq.ihec-chipseq-containerv1.1.4.IHECRE00001005.4.eab1e3dc-c703-4c99-ae4e-8dc704d2f5d0.fc.signal	0.341092	0.191574	0.373247	0.830927	1.23127	0.504038	0.360741	0.198617	0.150862	0.140284	0.909358	0.349146	0.619235	0.554364	0.362476	0.127112	0.346235	0.471709	0.459882	0.903031	1.04923	0.705961	0	0	0.492471	0.26384	0.577421	0.240792	0.319143	0.592342	0.00875853	0.00449133	0.182009	0.684495	0.36697	0.288499	0.203645	0.25124
ihec.chipseq.ihec-chipseq-containerv1.1.4.IHECRE00000235.3.e77c3456-1902-4dba-839d-200d22c58cf3.fc.signal	0.294859	0.319508	0.271316	0.203244	0.0795839	0.215562	0.148392	0.211253	0.287324	0.427249	0.1545	0.170414	0.331318	0.418656	0.407951	0.141818	0.195499	0.360934	0.325286	0.42372	0.328685	0.0484421	0.151936	0.370506	0.457341	0.447368	0.531117	0.38982	0.215209	0.163525	0.28962	0.133152	0.013012	0.0801073	0.157801	0.236549	0.227317	0.465812
ihec.chipseq.ihec-chipseq-containerv1.1.4.IHECRE00001952.2.afb78491-e0c2-4398-aa2a-4c98b0c4c5b7.fc.signal	1.81804	1.21093	1.227	1.22065	1.2644	0.15309	1.64452	1.49486	0.603565	0.713415	1.20298	0.632748	1.43128	1.06101	1.22588	0.284963	0.912839	0.562242	0.264411	0.207384	0.388839	0.579217	0.65876	0.336968	0	0	0.314527	0.100234	0.390568	0.565113	0.609545	0.311848	0.589067	0.627932	1.04036	0.768476	0.3924	0.515358
ihec.chipseq.ihec-chipseq-containerv1.1.4.IHECRE00002076.1.f14540c7-18af-47fc-8cad-c0291db319dc.fc.signal	1.13582	1.27979	0.588642	0.822687	0.322379	0.924411	0.386324	0.60634	1.38351	1.57164	0.387092	0.694253	0.419999	0.53086	0.691416	0.600589	1.5438	1.02586	1.0798	1.0295	1.60564	1.07892	2.17786	2.61058	0.692095	2.65369	2.49951	0.693504	0.995202	0.458275	0.475463	0.181973	2.47094	0.786202	0.771885	0.63845	0.426849	0.988993
ihec.chipseq.ihec-chipseq-containerv1.1.4.IHECRE00001021.4.022f496a-4698-412d-9a82-a0a4b2e56c57.fc.signal	0.0304811	0.112586	0.112537	0.103412	0.15888	0.164971	0.153905	0.414572	0.359897	0.135154	0.196697	0.120556	0.315835	0.653652	0.518396	0.262727	0.221742	0.485674	0.231503	0.770366	1.02655	0.244869	0.234689	0.403008	0.490641	0.893664	0.523683	0.1701	0.337056	0.547539	0.515277	0.20222	0.197291	0.558498	0.308589	0.181516	0.301546	0.493797
ihec.chipseq.ihec-chipseq-containerv1.1.4.IHECRE00001039.6.78755d78-d69c-44bc-a0ab-147f64c5fd5c.fc.signal	0.32226	0.358729	0.549888	0	0.354807	0.592858	1.3339	0.561501	0.893114	1.04548	0.0762623	0.252538	0.0658037	0.354648	0.338761	0.901233	0.615759	0.318506	0.335145	0.839903	0.842022	0.642266	1.30814	2.05793	1.68316	0.865642	0.401719	0.122459	0.186911	0.84407	1.11484	0.418863	0	0	0.263927	0.6981	0.64439	0.65866
ihec.chipseq.ihec-chipseq-containerv1.1.4.IHECRE00003690.3.3012eb3e-9d87-4c93-aaf5-58e99d8aaa84.fc.signal	0	0	0	0.0991225	0.183469	0.27374	0.135373	0	0	0	0	0.208595	0.265854	0.179272	0.111117	0.115527	0.211781	0.180457	0	0	0.102897	0.0910528	0.0429355	0.0613941	0.418701	0.394103	0.205597	0.102157	0	0	0	0	0	0	0.0895387	0.233039	0.33294	0.266802
ihec.chipseq.ihec-chipseq-containerv1.1.4.IHECRE00004606.2.5946f083-9733-4b0e-bccd-bb3958898b16.fc.signal	0.526254	0.0573654	0.540477	0.148505	0.447669	0.404291	0.19153	0.70707	1.34785	0.732549	0.949153	0.0843404	0.422097	0.573671	1.15681	0.703462	0.782237	0.714425	0.584477	0.551014	0.278604	0.462687	0.374824	0.151829	0.056855	0.652197	0.369541	0.37884	0.0278933	0.12102	0.144527	0.393091	1.1473	0.733735	1.08457	0.614286	0.794265	0.384489
ihec.chipseq.ihec-chipseq-containerv1.1.4.IHECRE00000059.3.9f15cdcc-7468-4a84-87ee-af65c5fba810.fc.signal	0	0.190527	0.520598	0	0	0.852225	0.998883	0.71196	0	0	0	2.49883	3.73304	0.487643	0.865674	0.256303	0.85473	0.11341	0	0.0378032	1.15749	1.60807	1.69134	1.23641	0.893416	0.559476	0.665245	0.616211	0	0.224547	0.347597	0.297687	0.522953	0	0	0	0	0.330302
ihec.chipseq.ihec-chipseq-containerv1.1.4.IHECRE00001907.1.856e5189-b10a-47ac-b38e-4f26c4b023ef.fc.signal	0.224151	0.192343	0.639676	0.791932	0.502652	0.57829	0.407296	0.384253	0.619396	0.533836	0.417421	0.429728	1.48566	1.26141	0.462293	0.386105	0.699942	0.602893	0.383523	0.32947	0.915108	0.488869	0	0	0.187349	1.12864	0.369081	0.143415	0.302048	0.436804	0.570735	0.20849	0.694653	0.016237	0	0.0547687	0.645212	0.390863
ihec.chipseq.ihec-chipseq-containerv1.1.4.IHECRE00001015.4.b10cb337-bd81-4a63-af04-25443322673f.fc.signal	0.620949	0.753855	0.15876	0.0791961	0.145277	0.237893	0.424311	0.473168	0.299023	0.361196	0.269008	0.286489	0.719198	0.687558	0.938057	0.939063	0.543879	0.404408	0.323476	0.136357	0.491532	0.234834	0.48602	0.495295	0.493465	0.452869	0.145439	0.126758	0.113832	0.204663	0.557697	0.220696	0.0827261	0.340043	0.434626	0.483463	0.600808	0.374656
ihec.chipseq.ihec-chipseq-containerv1.1.4.IHECRE00000043.3.ec42c011-831b-49c5-9977-34d991e095bb.fc.signal	0	0.629431	1.3996	0.737926	0	0	0	0	0	0	0	0.039348	1.61555	0.039348	0	0.331868	1.05839	0.771368	1.04942	0.705933	0.846029	0.116602	0	0	0	0.430531	0.959726	0	0	0	0	0	0	0	0	0	0	0.362126
ihec.chipseq.ihec-chipseq-containerv1.1.4.IHECRE00000225.3.a95e03a2-30ba-4d4b-a382-a7406068f4ff.fc.signal	0.255825	0.250621	0.18285	0.29993	0.345193	0.111631	0.12341	0.402306	0.25241	0.0742044	0.30324	0.343558	0.106167	0.207242	0.488374	0.591763	0.437136	0.451254	0.257732	0.127697	0.0969657	0.162966	0.272587	0.124518	0.0261824	0.0583387	0.106328	0.0243073	0	0	0.144091	0.485618	0.463717	0.294662	0.141938	0.347681	0.37179	0.483871
ihec.chipseq.ihec-chipseq-containerv1.1.4.IHECRE00003686.3.0646f25a-515d-4a28-9d49-c5b4db0fa40f.fc.signal	0	0	0.216237	0.147322	0.103356	0	0	0	0.105801	0.182229	0.0833472	0.318316	0.295409	0.108107	0.237085	0.125859	0	0	0	0	0	0.00154347	0.378416	0.320481	0.288057	0.0949517	0.0611168	0.0702277	0	0	0	0.138598	0.111709	0.115243	0.0711386	0.0590273	0.09375	0.350447
ihec.chipseq.ihec-chipseq-containerv1.1.4.IHECRE00001852.4.272975fa-d097-445a-8194-d8db0cc814ad.fc.signal	0.395042	0.449321	0.0486509	0.186321	0.607771	0.259913	0	0.206746	0.646856	0.423904	0.423368	0.187203	0.218561	0.182441	0.346361	0.489844	0.716388	0.356889	0.31994	0.219491	0.449321	0.739268	0.517517	0.0820334	0	0.149005	0.459719	0.34998	0.011554	0.321155	0.691929	0.648043	0.279537	0.166378	0.137493	0.363862	0.630088	0.476285
ihec.chipseq.ihec-chipseq-containerv1.1.4.IHECRE00001003.4.e54919a6-4d68-4e57-b8cc-55cfdab84079.fc.signal	0.515268	0.575249	0.491641	0.315744	0.938511	0.402244	0.496122	1.33358	0.464772	0.809525	0.962176	0.0735785	0.253897	0.301928	0.703963	0.418928	0.480234	0.88677	1.03147	0.586338	0.294666	0.507216	0.497462	0.149135	0.467895	0.499592	0.892709	0.399761	0.900802	0.601431	0.290103	0.502928	0.87377	0.32454	0.770897	0.690397	0.228096	0.247412
ihec.chipseq.ihec-chipseq-containerv1.1.4.IHECRE00003691.3.860bedc9-692c-462c-94be-59ab1fd7c824.fc.signal	0.146853	0.0874869	0	0.00312453	0.114045	0.0446017	0.611534	0.382778	0.046196	0.107945	0.285449	0.175065	0.454139	0.112483	0.0788945	0.155446	0.035151	0.082019	0	0.0046868	0.356197	0.271834	0.0745448	0.428293	0.314797	0.437615	0.610802	0.513952	0.0788945	0.102328	0.11717	0.490552	0.522523	0.523555	0.298758	0.384194	0.191733	0.288726
ihec.chipseq.ihec-chipseq-containerv1.1.4.IHECRE00000121.3.a3c721fe-088e-4da8-972b-3d6efe322bd3.fc.signal	0.711396	0.431798	0	0	0.998405	1.70301	1.67925	1.14941	0.486494	0.877395	0.10947	0	1.2195	1.29347	0.57825	0	0	0	0	0.639506	0.875858	0.403348	1.39953	0.363677	0.21894	0.91225	0.0851433	0	0	0.452758	0.500674	0.480819	0.405343	1.58869	0.223268	0.304083	0.91225	0.28382
ihec.chipseq.ihec-chipseq-containerv1.1.4.IHECRE00000784.3.54e2d258-2a9b-4416-87fd-8933cfcab4dd.fc.signal	0.244769	0.142472	0	0.218543	0.799275	0.318158	0.249597	0	0.134973	0.438138	0.219602	0.221745	0.465618	0.545826	0.608906	0.530602	0.549925	0.378623	0.587811	0.295898	0	0.129481	0.705781	0.695369	1.03875	0.242477	0.398358	0.640725	0.0460625	0.0117832	0.451021	0.728561	0.667495	0.380286	0.301016	0.2346	0	0.756303
ihec.chipseq.ihec-chipseq-containerv1.1.4.IHECRE00000126.3.d0bfbd94-1356-4f3e-90d5-3e35710ea347.fc.signal	0.212675	0.183322	0	0.341645	0.102771	0.347241	0.541712	0.324979	0.100561	0.44728	1.1862	0.588925	0	0.00195693	0.58342	0.19614	0.41664	0.294426	0	0.272205	0.319424	0.224164	0.327757	0.116659	0.519508	0.323523	0	0	0.0027776	0.41664	0.263872	0.205542	0.194432	0.455542	0.730614	1.30008	0.83345	0.774775
ihec.chipseq.ihec-chipseq-containerv1.1.4.IHECRE00000161.3.39d08846-3228-45c0-bd7e-10e6a5452dea.fc.signal	0	0	0	0.318681	0.317826	0	0	0.747344	1.40353	0.36942	0	0	0.879612	2.44695	1.27807	0.36054	1.41719	0.884221	0.669928	0.195965	1.69976	0.633407	0	0	0.3418	0.494583	0	0	0	0.467843	0.190915	0	0	0.381679	0.454451	0.51614	0.67629	0.337553
ihec.chipseq.ihec-chipseq-containerv1.1.4.IHECRE00001050.8.a3567476-0b5a-4504-b34f-067a636cef5f.fc.signal	0.445884	0	0.0253127	1.05704	0.862394	1.07448	0.520273	1.6968	0.942983	1.45891	0.845999	2.03559	2.65358	1.69572	0.935789	0.712122	0.751529	0.397974	0.794578	1.01673	1.1672	1.58998	1.5604	1.40103	1.54514	0.837027	1.80896	0.242186	0	0	0	0	0.529956	1.30805	0.435854	0.0708411	0	0.306785
ihec.chipseq.ihec-chipseq-containerv1.1.4.IHECRE00001959.2.750a19c1-18ed-49f4-9a40-94442cc932b5.fc.signal	0.006213	0.263255	0.260982	0.504096	0.588343	1.1742	0.561887	0.349174	0.848187	0.266941	0.141104	0.466365	0.293864	0.473579	0.290429	0	0	0.383476	0.169303	0	0	0.0390969	0.42326	0.250971	0.52495	0.199733	0	0.0891065	0.200379	0.371262	0.194323	0.151581	0	0	0.0396667	0.473154	0.55908	0.38764
ihec.chipseq.ihec-chipseq-containerv1.1.4.IHECRE00004618.1.fc53d730-659c-4cf2-980a-4c7a71c2d016.fc.signal	0.695103	0.784722	0.966908	0.343424	0.153766	0.66688	1.0173	0.569894	0.844349	0.40013	0.520764	0.788353	0.911755	0.753723	0.940149	0.350818	0.148642	0.356611	0.773054	0.790999	0.465929	1.2517	1.28779	0.450305	0.514109	1.19233	0.820925	0.534667	1.16881	0.674194	0.507797	1.08665	0.813833	0.455182	0.792203	0.954503	0.74447	0.658537
ihec.chipseq.ihec-chipseq-containerv1.1.4.IHECRE00001957.2.1adc09a2-a510-4845-9331-a4c7f3104a2a.fc.signal	0.631936	0.455206	0.233291	0.338653	0.553356	0.861256	0.741411	0.923206	0.611067	0.925934	0.901159	0.371016	0.540346	0.881123	0.506633	0.457472	0.771822	0.81427	0.588258	0.58779	0.542952	0.709051	0.507828	0.444956	0.555414	0.35208	0.25674	0.175028	0.62067	0.459361	0.452599	0.247787	0.703547	0.377457	0.270854	0.743153	1.03971	0.451531
ihec.chipseq.ihec-chipseq-containerv1.1.4.IHECRE00004703.3.f8d5b534-d184-4b56-88c0-e111f8b265ef.fc.signal	0.370654	0.281298	0.791408	1.01414	0.444693	0.360074	0.616184	0.535605	0.600227	0.360868	0.305525	0.174473	0.601327	0.503999	0.322961	0.478046	0.910608	0.895754	1.35729	0.899516	0.184233	0.284747	0.733531	0.48978	0.239213	0.0933571	0.640703	1.0529	0.29202	0.237544	0.481349	0.469589	0.787451	1.09373	0.70804	0.384426	0.35167	0.372093
ihec.chipseq.ihec-chipseq-containerv1.1.4.IHECRE00004888.1.fa995553-a4c4-46af-820c-813f0732b09d.fc.signal	0.228891	2.33746	0.61301	0.973851	0.903666	0.439342	0.584119	0	1.15543	1.27941	1.17194	0.787437	0.485543	0.5847	1.1449	1.04457	0.423755	0.439086	0.857708	3.27086	1.17797	1.35336	0.353664	0.490868	0.81735	0.211447	0	0.0915322	0.882238	0.299341	0.479274	1.02654	1.91301	0.278626	0.514622	1.1694	1.20114	0.637638
ihec.chipseq.ihec-chipseq-containerv1.1.4.IHECRE00001906.1.dafab27e-9fa4-4e54-8b12-f34d3390d9ba.fc.signal	0.507657	0.141043	0.299601	0.399166	0.442598	0.348078	0.505068	0.914182	0.469675	0.324943	0.204508	0.445001	0.873362	0.686576	0.884936	0.59602	0	0.0291842	0.302312	0.541719	0.449486	0.341847	0.237291	0.226246	0.326499	0.312219	0.131322	0.235105	0.127169	0.25821	0.378998	0.130546	0	0.210442	0.632593	0.792982	0.703145	0.428571
ihec.chipseq.ihec-chipseq-containerv1.1.4.IHECRE00003818.1.5f689ee3-a1ac-46cd-9df5-204fd2293fe3.fc.signal	0.39309	2.35736	0.715656	1.16585	1.08256	0.414615	0.632927	0.0519037	0.431907	0.448595	0.256726	0.660481	1.2231	1.17889	0.623559	0.0108326	0.117789	0.363458	0.37459	0.592457	2.07942	2.36647	0.919476	0.59629	1.62923	1.26677	0.0107604	0.028236	0.578309	1.35737	0.964347	0	0	0.252571	0.935738	0.552987	0.286399	0.326337
ihec.chipseq.ihec-chipseq-containerv1.1.4.IHECRE00000938.7.370a045a-8699-430a-8079-37af3ea34afb.fc.signal	0	0.0115635	0.533538	0.609142	0	0.216663	0.543869	0.217169	0.204393	0.236042	0.369042	0.00198133	0.130675	0	0.429698	0	0.290407	0.234572	0	0.116237	0.438006	0.670655	0.421359	0.543294	0.183151	0.166625	0	0	0	0.292192	1.11466	0	0	0.575647	0.302738	0.806062	0.50402	0.737288
ihec.chipseq.ihec-chipseq-containerv1.1.4.IHECRE00000943.7.af323a26-7686-421e-89db-fa2bad412a32.fc.signal	1.53494	0.650912	0.729289	1.77145	1.2162	0.659368	1.81666	3.09694	0.566133	0.901249	0.477226	0.565144	1.20121	0.923428	1.48559	0.177917	0.544614	0.561367	1.1308	2.52099	6.98909	5.10942	5.34973	2.66959	3.82921	3.80962	4.16355	2.34075	0.454224	1.14433	1.6725	0.299526	0.910872	2.20678	1.21492	0.706245	0.87958	0.600361
ihec.chipseq.ihec-chipseq-containerv1.1.4.IHECRE00001013.4.dd6ee57f-cc2d-4ef9-a0a6-305ef4d04ad5.fc.signal	0.385534	0.347614	0.0326699	0.534432	0.820567	0.877084	0.625397	1.1606	0.260958	0.686218	0.45961	0.423755	0.622785	0.828349	0.495668	0.0458144	0.319571	0.778433	0.746493	0.628232	0.485678	0.021559	0.259711	0.141419	0.436034	0.517232	0.54641	0.596578	0.112587	0.744172	0.929447	0.757324	0.515105	1.1348	0.490864	0.729713	0.405318	0.254902
ihec.chipseq.ihec-chipseq-containerv1.1.4.IHECRE00000242.3.8843da7d-cdf7-4888-a714-dd6f9ae96b22.fc.signal	0.202502	0.184131	0.150586	0.303086	0.205019	0.0958033	0.12336	0.122554	0.0527774	0.0308539	0.0573909	0.0972557	0.318848	0.26936	0.164124	0.061524	0.048405	0.081482	0.105774	0.109112	0.0559229	0.0734901	0.174272	0.148585	0.215948	0.259211	0.210935	0.397814	0.4478	0.348878	0.274184	0.1989	0.138429	0.12916	0.0744497	0.230311	0.35062	0.666667
ihec.chipseq.ihec-chipseq-containerv1.1.4.IHECRE00001460.1.d7a701fb-c20f-449f-b4d2-112bb84c1617.fc.signal	0.307179	0.321336	0.250316	0.236642	0.108669	0.818797	0.853966	1.12973	0.825236	0.0329764	0	0.0207163	0.225248	0.483295	0.699347	0.544001	0.876476	1.20325	1.33117	0.0327269	0	0	0.167784	0.193569	0	0.0947075	0.92623	0.390204	0	0	0.359998	0.71743	0.919345	0.241274	0.159539	0	0	0.466899
ihec.chipseq.ihec-chipseq-containerv1.1.4.IHECRE00003809.1.9f48ab03-6b70-4ab5-96be-1fd0eefa6fd2.fc.signal	0.659228	0.308249	0.136086	0.403187	0.434104	0.43923	0.442945	0.374464	0.726222	0.532338	0.131755	0.241703	0.438644	0.20229	0.275902	0.169829	0.142405	0.244219	0.26482	0.336331	0.34798	0.520031	0.353858	0.189527	0.365718	1.03488	1.03593	0.155953	0.137557	0.200819	0	0	0	0	0	0.121369	0.26439	0.378788
ihec.chipseq.ihec-chipseq-containerv1.1.4.IHECRE00002005.1.e7d5be35-9222-4141-b673-2ac53d316b10.fc.signal	0.171155	0.63878	0.806155	0.767228	0.0345285	0.765203	0.378893	0.108239	0.50891	0.544587	0.441144	0.638688	0.299223	0.349326	0.375728	0.209754	0.201967	0.0579954	0.542724	0.599137	0.768475	1.30319	1.76546	0.984362	0.355315	0.880172	0.790773	0.293886	0.742167	0.617938	1.0409	1.55962	1.17312	0.722033	1.32822	0.996238	0.89394	0.971505
ihec.chipseq.ihec-chipseq-containerv1.1.4.IHECRE00001891.4.89df7901-62b0-45af-9204-076797d91c40.fc.signal	0	0.0868276	1.1883	0.459226	0.9916	0.0930379	0	0.307683	0.384373	0	0	0.913712	0.1984	0.141137	0.955282	1.00812	0.0658965	0.959051	0.601315	0	0	0	0.45855	0.249022	1.90358	1.25919	0.668097	0	0	0.648654	0.34478	0	0	0	0	0	0	0.640373
ihec.chipseq.ihec-chipseq-containerv1.1.4.IHECRE00001965.2.2738728e-c625-46ab-90a4-80a1e15e2e66.fc.signal	0.654345	1.43148	1.19578	1.19898	0.991876	0.95846	1.28112	0.996905	1.81822	1.24245	1.74169	1.16099	1.25277	1.73643	1.29319	0.92944	0.9239	0.71748	0.721017	0.93307	1.67335	1.1602	1.56035	0.845884	0.854517	1.01865	2.15339	0.90111	0.0355869	0.177449	0.398961	0.204984	0.634566	0.397194	0.295307	0.523207	0.55243	0.424107
ihec.chipseq.ihec-chipseq-containerv1.1.4.IHECRE00001007.4.930110af-b1d2-43fd-acc9-c2552f92c18b.fc.signal	0.845155	0.839252	0.587878	0.65442	0.5543	0.484632	0.529142	0.145834	0.395011	0.108438	0.263645	0.19711	0.66374	1.1627	0.779131	0.344224	0.263455	0.636694	0.497231	0.748793	1.15743	0.567382	0.0845849	0	0.0565686	0.676683	0.76903	0.71008	1.2234	0.933974	0.90712	0.772365	0.399084	0.0879101	0.203226	0.464556	0.449708	0.288379
ihec.chipseq.ihec-chipseq-containerv1.1.4.IHECRE00003402.2.864e3441-10a9-434f-bc8b-9117f89777a3.fc.signal	1.77816	0.725872	1.12223	0.255672	0	0	0	0.44577	2.79909	2.36502	1.28616	1.4662	2.57835	1.67504	0	0	0	0	0	0	0	0	0.498295	1.36815	0	0	0	0	0	0	0.434509	1.41175	1.76403	1.74495	0.698842	0.600111	0	0.384007
ihec.chipseq.ihec-chipseq-containerv1.1.4.IHECRE00001011.4.1ac39a15-861c-4951-b231-e7623ea87433.fc.signal	0.0722749	0.0665781	0.0729599	0.153692	0.209833	0.184617	0.159885	0.172467	0.135633	0.191292	0.175644	0.0138295	0.0487217	0.12771	0.0648889	0.00523147	0.120289	0.208512	0.0753555	0.0407242	0.189174	0.247352	0.238103	0.163161	0.134677	0.195619	0.191237	0.202168	0.229569	0.0915845	0.212442	0.142682	0.268975	0.260898	0.262852	0.354725	0.290311	0.308211
ihec.chipseq.ihec-chipseq-containerv1.1.4.IHECRE00001962.2.a87b3aa3-3079-47ca-a7bd-cbacd583588f.fc.signal	0.790137	1.01081	0.907305	0.812287	0.577251	0.710187	0.38345	0.649119	0.568938	0.587176	0.311584	0.220172	0.567683	0.720836	0.625745	0.457525	0.310759	0.293005	0.662766	0.475256	0.486581	1.02897	0.462734	0	0.000774133	0.225397	0.340709	0.296475	0.0571215	0.199823	0.293932	0.275678	0.553212	0.13753	0.181396	0.314792	0.182577	0.25511
ihec.chipseq.ihec-chipseq-containerv1.1.4.IHECRE00000974.7.85f89b17-aeba-4a6e-bcd1-5f7463b1eb27.fc.signal	1.05771	1.03465	1.3893	1.77516	1.32183	0.533218	0.697687	0.896286	0.599375	0.906911	1.55974	1.26335	1.83597	1.45241	1.93015	0.867193	1.31244	1.67004	1.5059	1.38224	1.52835	1.38759	0.663101	0.742257	1.48633	1.70878	0.973506	0.327109	0	0.714446	1.09048	0.219229	0.253386	0.701982	1.51014	0.68653	1.02251	0.553265
ihec.chipseq.ihec-chipseq-containerv1.1.4.IHECRE00000228.3.6dc10c5d-c31d-41e0-b93a-1f02c86942e4.fc.signal	0.430965	0.270148	0.260513	0.408122	0.492436	0.478637	0.472331	0.585063	0.54431	0.635968	0.574818	0.25157	0.49791	1.11506	0.733628	0.205564	0.159287	0.29879	0.443766	0.823298	0.970055	0.51554	0.565116	0.543607	0.880336	1.37611	1.19511	0.797336	0.419307	0.598339	0.574459	0.673224	0.590115	0.465739	0.392181	0.221716	0.110937	0.737864
ihec.chipseq.ihec-chipseq-containerv1.1.4.IHECRE00000964.7.10076c7e-f79e-4b00-a93b-8c94fb34535f.fc.signal	0.894506	0.43072	0.60458	0.62134	0.491816	0	1.28035	1.63495	0.686713	0.92984	0.580971	0.727821	2.41529	0.737753	0	0	0.0543435	0.914197	0.184877	0	1.5515	0.623782	0.202975	0	0	0	0	0	0.576603	0.962136	0.42313	0	0	0.154319	1.31465	0	0	0.52126
ihec.chipseq.ihec-chipseq-containerv1.1.4.IHECRE00004900.1.255a9279-9bfd-4bf8-bbb4-56dd958d45f6.fc.signal	1.37762	0.675176	0.841875	1.1397	1.27965	1.56905	1.18581	0.504117	1.1933	1.01859	1.30996	1.13614	0.877086	0.467117	0.905858	0.829964	0.724258	1.0325	1.209	0.575331	0.22159	0	0.155312	0.511467	0.287686	0.385785	0.523115	0.824676	0.806873	0.653169	0.82881	1.24517	1.1371	0.646928	0.290835	0.542022	1.10282	0.604317
ihec.chipseq.ihec-chipseq-containerv1.1.4.IHECRE00003685.2.08c7f8f1-8d33-4b78-a437-57675e0cb0f4.fc.signal	0	0.0875983	0.325988	0.294095	0.356783	0.239919	0.347496	0.104481	0.0719758	0	0	0	0	0.00773933	0.144726	0.320408	0.107577	0.0690467	0.0286391	0	0	0.0170265	0.0990635	0.23829	0.106029	0.045626	0.133262	0.174192	0	0	0.0569016	0.0130122	0.139908	0.0794355	0.070142	0	0	0.285927
ihec.chipseq.ihec-chipseq-containerv1.1.4.IHECRE00001025.7.b74fcffa-6769-49b3-a5e1-d1a14d1711c8.fc.signal	0.346222	0.241782	0.436564	0.51453	0.663801	0.440595	1.03436	0.858609	0.208728	0.348141	0.136855	0.340539	0.468172	0.688689	0.390321	0.0357442	0.585373	0.32621	0.0833837	0.787426	0.553396	0.191475	0.336766	0.245573	0.458921	0.782922	0.402693	0	0	0.265793	0.219177	0.262221	0.611532	0.501617	0.561486	0.506354	0.705496	0.496164
ihec.chipseq.ihec-chipseq-containerv1.1.4.IHECRE00000233.3.58100d32-de3d-456a-a280-51cbf3f744ab.fc.signal	0.670607	0.999826	0.541544	0.430567	0.379228	0.311211	0.219116	0.134752	0.19657	0.163477	0.0272721	0.171461	0.462547	0.655721	0.699584	0.365511	0.111643	0.443457	0.476636	0.135411	0.282093	0.584563	0.449539	0.274776	0.479618	0.586202	0.227211	0.235476	0.155221	0.108979	0.479769	0.949663	0.848089	0.573345	0.454772	0.256028	0.254145	0.303219
ihec.chipseq.ihec-chipseq-containerv1.1.4.IHECRE00001335.1.46c364bd-3681-415b-98c9-6847142e383a.fc.signal	1.01561	0.549038	0.765866	0.464208	0.406607	0.524422	0.256932	0	0	0	0.359339	0.345182	0.517168	0.186568	0.0034768	0.52152	0.431517	0.330079	0	0.157599	1.05852	0.193123	0.775993	0.592788	0.88257	0.435381	0	0	0	0.441318	0.231432	0	0	0	0.0913016	0.361767	0.35116	0.733456
ihec.chipseq.ihec-chipseq-containerv1.1.4.IHECRE00000227.3.dec25b9b-6df6-4939-9e00-5325f2277db2.fc.signal	0.179461	0.165383	0.143839	0.212291	0.101571	0.0838229	0.123318	0.0447616	0.0528202	0.0918049	0.0415544	0.0320038	0.0383405	0.0683503	0.243244	0.16985	0.0826907	0.12239	0.146427	0.0882805	0.0194425	0.0680272	0.026142	0.0571769	0.312388	0.205888	0.139048	0.150469	0.0599868	0.165896	0.198535	0.0196562	0.0609976	0.215252	0.0763361	0.0369871	0.0941627	0.489492
ihec.chipseq.ihec-chipseq-containerv1.1.4.IHECRE00001889.4.f8ce3430-b2fd-414a-9546-9bea993d3d31.fc.signal	0.783679	0	0	0.123557	1.20305	1.06243	0.515562	1.25342	1.04111	0.988057	1.42373	1.43322	2.1136	2.63309	2.20276	1.35905	0.541297	0.953129	1.14725	1.74003	2.90044	1.34552	2.8367	0.632863	0.357177	1.25592	0.515267	0	0	0	0	0	0.332839	2.91952	0.0294183	0	0	0.380952
ihec.chipseq.ihec-chipseq-containerv1.1.4.IHECRE00000084.3.bbe0fcdd-1f38-4b05-9389-41cc4d505f6b.fc.signal	0.1854	0	0	0	0	0	0.080415	1.39395	1.68345	0.383157	0.74907	0.812348	1.43719	0.710269	0	0	0	0.157386	0.95969	0.904409	0.050376	0	0	0	0	0.374296	0.633247	0.024946	0.751015	0.356085	0	0	0	0	0	0.16113	0.73428	0.378215
ihec.chipseq.ihec-chipseq-containerv1.1.4.IHECRE00001878.2.c83ba750-10c0-4b5c-a8d5-15d9d1070487.fc.signal	0	0.380234	1.07946	0	2.17244	0.194761	0.604148	0.757423	0.80142	0.0173093	0.732709	0.77343	0.0190276	0.616886	0.36211	2.32523	0.8961	0.443003	2.49626	0.551359	0	0.402314	1.59311	0	0.149628	0.562118	0.443592	0	0	0	1.13561	0.175223	0.883791	0.807634	0.408245	0.710178	0.8665	0.369697
ihec.chipseq.ihec-chipseq-containerv1.1.4.IHECRE00000942.6.a17b3eb5-1248-4c56-a9b9-a415748c2b58.fc.signal	1.06665	1.559	0.395787	0.525791	1.02542	0.65875	0.232499	0.927981	0.423389	0	0.0440393	0.289611	0.413107	1.09102	0.501076	0	0.136107	0.634229	1.38041	0.419499	0.54128	1.34635	0.563013	0.477553	1.15784	1.74551	0.946536	0	0	0	0.612164	0.360719	0.248872	0.513393	0.757821	0.127415	1.22878	0.469799
ihec.chipseq.ihec-chipseq-containerv1.1.4.IHECRE00004884.1.83ea03d7-6e78-47ac-9ea3-4d33b074e7dd.fc.signal	1.05217	0.359196	0.415401	0.682681	1.37436	1.41628	0.829096	0.958231	0.819141	1.01437	1.03998	0.472376	1.42938	0.601882	0.875996	0.81796	0.373885	0.409861	0.0372848	0.430092	0.48682	0.391379	0.602578	0.675469	0.378012	0.685486	0.577364	0.563679	0	0.147149	0.133932	0.423336	0.458521	1.21051	0.591111	0.193702	0.507303	0.522968
ihec.chipseq.ihec-chipseq-containerv1.1.4.IHECRE00003404.1.1fd6b31e-ead4-4fb6-96e7-e6c055ca09bb.fc.signal	0.599091	0.238801	0.265914	0.595539	0	0.197103	1.30746	0.980068	0.244516	0	0.270119	0.4129	0	0.205409	0.920674	1.16846	0	0	0	0	0.844835	1.06173	0.51626	0	0.458516	0.940989	0.815137	0.439741	0	0.20873	0.692187	0.388053	0.672941	0.0425922	0.0400692	0.568173	0.56791	0.328667
ihec.chipseq.ihec-chipseq-containerv1.1.4.IHECRE00003812.1.3eaee204-4355-40f7-82b3-c8709fa3a29d.fc.signal	0.536676	0.251602	0.112715	0.539432	1.05331	0.863054	0.356424	0.712455	0.436876	0.540782	0.0751263	0.100242	1.19223	0.480081	0.456961	1.16291	0.739469	0.627901	0.343851	0.391511	0.50661	0.0770505	0.140784	0.529899	0.633643	0.854311	0.0485957	0	0	0	0.417558	0.961059	0.835158	0.0954215	0.365267	0.584714	0.623516	0.314368
ihec.chipseq.ihec-chipseq-containerv1.1.4.IHECRE00001008.4.87ad0368-7e23-42e2-862b-00c0d1fef2ce.fc.signal	0.878314	0.819925	0.7927	0.977726	1.05966	0.686572	0.593369	1.03858	0.329527	0.828819	1.30993	0.783656	0.773925	0.747914	1.04872	0.719499	0.615449	0.845064	0.768533	0.940618	0.795388	1.1838	1.44284	1.39327	1.29259	0.958088	1.20253	0.851219	0.433863	0.5499	1.06202	0.51482	0.566956	0.560983	0.520786	0.523649	0.524005	0.274143
ihec.chipseq.ihec-chipseq-containerv1.1.4.IHECRE00003696.3.49d57242-0349-4448-9479-911cd2c363c1.fc.signal	0.200511	0.185689	0.172526	0.203956	0.078107	0.0547833	0.436839	0.215879	0.142229	0.175676	0.199938	0.156466	0.0758515	0.0474055	0.294503	0.124342	0.156971	0.309249	0.00855167	0.296804	0.160835	0.100238	0.449317	0.216481	0.189657	0.141911	0.361642	0.0687911	0	0.0940512	0.196438	0.00388767	0.300879	0.0320903	0	0.112504	0.34684	0.230878
ihec.chipseq.ihec-chipseq-containerv1.1.4.IHECRE00001012.4.ceb637d9-2ce3-4213-9dcd-4173dd734e28.fc.signal	0.847526	0.822849	0.103069	0.297842	0.264634	0.705986	0.489411	0.229951	0.235807	0.547035	0.451337	0.351548	0.213487	0.0657181	0.766787	0.185117	0	0.298773	0.28591	0.24707	0.369891	0.388605	0.389177	0.00104587	0.362623	0.732829	0.117395	0.292041	0.299236	0.327518	0.454403	0.0955995	0.108154	0.431891	0.373728	0.103745	0.153263	0.204686
ihec.chipseq.ihec-chipseq-containerv1.1.4.IHECRE00001956.2.98baf052-40a0-482d-b546-3f729875aa39.fc.signal	0	0.196824	0.269672	0.0488655	0.262824	0.379594	0.109755	0	0.318042	0.255754	0	0	0	0.404668	0.293009	0	0.0380381	0.702671	0.733053	0.14855	0.263975	0.229034	0.00819833	0.480279	0.0918013	0.183068	0.0688783	0.211626	0	0.118715	0.278305	0.165464	0	0	0	0.140491	0.21448	0.620482
ihec.chipseq.ihec-chipseq-containerv1.1.4.IHECRE00003398.1.428318a7-43f4-48e5-9009-6a279ba6c4eb.fc.signal	0.4849	1.03222	0.4314	0.41291	2.17106	1.07633	0.726513	0.790751	0	0.206074	1.19631	0.044862	1.1005	1.01883	0.73726	0	0	0	0.746846	1.54956	1.01669	1.37121	0.704203	0.485701	1.49453	0.376638	0.24814	0	0	0.982537	1.5389	0.731839	1.61777	0.262533	0	0.517218	0.406028	0.33
ihec.chipseq.ihec-chipseq-containerv1.1.4.IHECRE00000775.1.0fb1e686-4f1c-4706-b5f2-84ac84a9ffd9.fc.signal	0	0	0.154492	0.290266	0	0	0	0	0	0.153324	0.623757	0.112358	0	0.02808	0.333576	0.0830849	0	0	0	0	0	0	0	0.03978	0.455272	0.619075	0.220021	0.29397	0.322304	0.13179	0	0	0.148364	0.363735	0.388582	1.13167	1.40429	0.620321
ihec.chipseq.ihec-chipseq-containerv1.1.4.IHECRE00004615.1.dc1c3cb6-a39e-4f93-b860-65238212598d.fc.signal	0.171287	0.421028	0.245206	0.855963	0.440595	0.270235	0.602469	0.234485	0.282877	0.423293	1.62384	1.377	1.30156	0.567813	0.401684	0.0782882	0.131415	0.720229	1.20431	0.451087	0.513123	0.540453	0.651178	1.2224	1.00411	0.458567	0.0063068	0.261276	0.126087	0.167572	0.264397	0.436014	0.429654	0.381806	0.345359	0.39	0.31395	0.633094
ihec.chipseq.ihec-chipseq-containerv1.1.4.IHECRE00001235.5.9288c3da-b959-4677-8b20-db92036ed803.fc.signal	0.21465	0.190977	0.0808461	0.291658	0.384192	0.32347	0.543123	0.689161	0.457006	0.39267	0.36305	0.362213	0.45737	0.206492	0.350209	0.602376	0.425283	0.450508	0.223843	0.360356	0.414504	0.359414	0.288636	0.67316	0.76973	0.560404	0.48561	0.202438	0.513664	0.387857	0.997375	0.784602	0.48358	0.191452	0.525538	0.590164	0.30164	0.351313
ihec.chipseq.ihec-chipseq-containerv1.1.4.IHECRE00000177.3.0538648e-28a0-4873-a813-aa0eabeee27b.fc.signal	0	0	0	0	0	0.685856	0.080668	0	0	1.58481	0.730546	0	0.329563	0.980239	0	0	0	0	0	0	0	1.05117	2.33327	0.153268	0.671446	0.385859	0	0	0	0	0	2.24703	1.36467	0.258135	0.944716	0.688594	2.2305	0.353116
ihec.chipseq.ihec-chipseq-containerv1.1.4.IHECRE00000221.3.124af268-a818-4305-aa8a-49d899ed859c.fc.signal	0	0	0	0.0076824	0.156626	0.156507	0	0.295801	0.27154	0.720463	0.637958	0.203598	0.293578	0.128342	0.195062	0.370337	0.0184289	0.152336	0.448468	0.166473	0.172504	0.256849	0	0	0	0	0	0	0.39416	0.432919	0.0770968	0.529487	0.478957	0.205314	0.198947	0.0552641	0	0.458479
ihec.chipseq.ihec-chipseq-containerv1.1.4.IHECRE00003813.1.9e057db0-12a8-4506-8d1c-dcb4b250c1de.fc.signal	0.248582	0.29953	0.0960369	0.0900451	0.20786	0.249271	0.122791	0.363406	0.521199	0.620747	0.595089	0.267242	0.249888	0.190096	0.380187	0.350553	0.10059	0.403533	0.317072	0.137457	0.0786912	0.202151	0.379648	0.459827	0.346861	0.228982	0.648047	0.670661	0.518198	0.632227	0.321957	0.154707	0.0506252	0.113912	0.333217	0.234089	0.18526	0.412587
ihec.chipseq.ihec-chipseq-containerv1.1.4.IHECRE00001900.1.2fed605f-5556-495f-a3dc-996f1c618e91.fc.signal	0.270945	0.281014	0.251306	0.566034	0.693614	0.64266	0.419712	0.51467	0.342212	0.273217	0.379233	0.372399	0.341155	0.397943	0.614953	0.372272	0.12314	0.156356	0.192414	0.314511	0.221393	0.315496	0.405531	0.642183	0.685814	0.536055	0.500339	0.385268	0.214474	0.113194	0.112806	0.32004	0.395529	0.257245	0.143507	0.569141	0.62446	0.431034
ihec.chipseq.ihec-chipseq-containerv1.1.4.IHECRE00000969.7.0baab4a8-a829-4c43-b8f6-5a3994be9e01.fc.signal	0.552559	0	0.251685	1.6826	0.89632	1.14682	0.554885	0.0665359	1.14522	1.65594	0.843278	0	0	0	0	1.61938	1.68369	0.57385	0.614015	0.681501	0.110894	0.805574	1.96735	1.40956	1.61686	1.09282	0.278962	0	0.75546	1.36595	0.9222	0.0495942	0.356564	2.90412	1.77468	0.54768	0	0.475248
ihec.chipseq.ihec-chipseq-containerv1.1.4.IHECRE00001022.4.3ac2b187-51fd-4412-820f-81fb8b5a3122.fc.signal	0.4553	0.888814	0.548171	0.109438	0.568296	1.0804	0.73127	1.09308	0.482447	0.131208	0.496803	0.662154	0.387841	0.200879	0.236435	0.409778	0.251935	0.488219	0.854626	0.848747	0.533353	0.41208	0.553155	0.573123	0.886053	0.373874	0.953491	0.470858	0.473266	0.348515	0.616262	0.430699	0.33721	0.671383	0.691017	0.378297	0.240912	0.303591
ihec.chipseq.ihec-chipseq-containerv1.1.4.IHECRE00004664.3.f02f78f0-4a04-4485-8f18-d6274e109965.fc.signal	0.443644	0.36751	0.389052	0.444458	0.146547	0.550043	0.809181	0.497201	0	0.314825	1.09069	0.424825	0.131054	0.345027	0.619009	0.541944	0.351053	0.28476	0.670421	1.26847	1.47758	0.90691	0.271637	0.0346533	0.35256	0.372147	0.583071	0.468189	0.485143	0.528963	0.429472	0.645177	0.814779	0.701366	0.416721	0.583314	0.449706	0.673295
ihec.chipseq.ihec-chipseq-containerv1.1.4.IHECRE00001888.4.4c779d5c-81a6-4492-a2ab-32ef5f8f70d0.fc.signal	0.384387	0.532533	0.114013	0.620826	1.0516	0	0.136302	0.762153	0.14125	0	0.0618987	0.624429	1.09681	0.172341	0	0.223896	0.602643	0.56748	0.211335	0.485383	0.326745	0	0	0	0	0.479878	0.584351	0	0	0.301988	0.184614	0	0	0	0.0107015	0.464543	0.783734	0.517516
ihec.chipseq.ihec-chipseq-containerv1.1.4.IHECRE00003679.3.b6f7e119-ff00-43c1-b8c9-a6de8420c8f5.fc.signal	0.324341	0.273399	0.744939	0.183659	0.293649	0.206415	0.174819	0.233712	0.331394	0.208591	0.353936	0.244534	0.415134	0.748914	1.27456	0.988905	0.46331	0.275503	0.193572	0.164981	0.0679407	0.493468	0.431837	0.367677	0.333792	0.40125	0.374431	0.41233	0.60866	0.406217	0.367538	0.0848667	0.466589	1.43192	1.34316	0.899734	0.728675	0.775552
ihec.chipseq.ihec-chipseq-containerv1.1.4.IHECRE00004609.2.33d21ea8-28ff-4f08-83bc-ecd68e8e31f9.fc.signal	0.19355	0.158341	0.364157	0.229395	0.160269	0.246399	1.14944	0.581673	0.175976	1.18581	0.541669	0.78438	0.469663	0.178134	0.223474	0.866482	1.21588	0.580739	0.117987	0.0728742	0.113365	0.646611	0.861904	0.614516	0.401218	0.195484	0.245223	0.143435	0.321153	0.0931885	0.093438	0.160899	0.111025	0.519326	0.17327	0.35927	0.15929	0.634328
ihec.chipseq.ihec-chipseq-containerv1.1.4.IHECRE00003715.2.f452847b-856b-4b4d-bec4-906e8d705518.fc.signal	0.3868	0.453011	0.806024	1.53313	1.02949	1.74385	1.32895	0.536656	0	0.51441	1.08454	0.646069	1.29098	0.568494	0.297241	1.76513	1.58115	1.58618	1.40863	1.34261	1.00073	0.801376	1.03809	0.453679	0.294752	0.956331	0.814165	0	0	0.526781	1.49729	1.2453	0.597707	1.37947	1.59709	1.69251	2.45788	0.376104
ihec.chipseq.ihec-chipseq-containerv1.1.4.IHECRE00001014.4.d88042e4-1601-46b6-a41f-552182f8a102.fc.signal	0.252535	0.264901	0.0786415	0.318271	0.552232	0.305772	0.179122	0.302879	0.399982	0.399194	0.226236	0.368851	0.366097	0.241786	0.248901	0.280772	0.374252	0.210911	0.242289	0.513704	0.212977	0.15276	0.278741	0.776402	0.144746	0.1116	0.0602665	0.0618779	0.0992515	0.21809	0.34191	0.14955	0.0329417	0.219761	0.131203	0.107568	0.154973	0.227357
ihec.chipseq.ihec-chipseq-containerv1.1.4.IHECRE00000013.3.c56fb850-5356-4ade-95b8-b00dc069d5ee.fc.signal	0.393778	3.36859	0.910365	0	0	0	0	0	0.64201	1.90758	2.05954	1.01951	1.05418	1.85235	1.10429	0.271643	0.734479	0.330346	0	0.0760606	1.01663	1.11794	0.142644	0	0	0	0	0	0	0.80805	0.280541	0	0	0.170231	0.755915	0	0	0.310252
ihec.chipseq.ihec-chipseq-containerv1.1.4.IHECRE00004728.1.eff029f0-bac1-4b6d-a8ef-a052fc08bb40.fc.signal	0.508061	0.714412	0.744254	0.431653	0.217218	0.0253235	0.0767293	0.29133	0.202282	0.504156	0.508736	0.455209	0.787011	0.432769	0.81361	0.0656279	0	0.146623	0.693349	0.81131	0.509398	0.594502	0.718974	1.47573	1.63907	1.33762	0.839326	0.985301	0.797995	0.109525	0.449583	0.301285	0.008318	0.589741	0.540618	0.714526	0.66952	0.68785
ihec.chipseq.ihec-chipseq-containerv1.1.4.IHECRE00000709.3.d00e3808-9f0e-482a-82e8-0b81806ce822.fc.signal	0.350756	0.872592	0.284049	0.164618	0.617593	1.28899	0.744555	0.499238	0.792099	0.603607	0.621898	0.874745	1.32126	0.206582	0.0548726	1.20291	1.64835	0.714431	1.12974	1.58595	1.73351	1.18714	2.09685	1.44284	2.62746	2.54784	2.82651	1.67202	1.56227	0.511075	0.786731	1.17351	0.839737	0.953711	1.19448	1.50358	0.937733	0.363314
ihec.chipseq.ihec-chipseq-containerv1.1.4.IHECRE00003684.3.6340c768-b60c-43ff-84dd-c55bbe817516.fc.signal	0.368442	0.234037	0.120602	0.116581	0.227548	0.282437	0.165732	0.368755	0.194204	0.166265	0.184509	0.228566	0.329988	0.506664	0.627561	0.346219	0.346766	0.668357	0.278226	0.392069	1.00232	2.37734	3.669	3.42706	2.76709	2.65803	3.96107	2.34124	2.75136	0.851563	0.129626	0.0869821	0.0710101	0.185221	0.129737	0.00847187	0.0178164	0.37308
ihec.chipseq.ihec-chipseq-containerv1.1.4.IHECRE00004604.3.2060b949-a0ba-4eb6-9071-42320bc08233.fc.signal	0.00428027	0.27488	0.385284	0.0844679	0.162381	0.55241	0.588602	0.578836	0.258759	0.575024	0.470255	0.24933	0.407569	0.923356	0.710812	0.640963	0.118655	0	0.308192	0.670596	0.288589	0.561462	0.959648	0.89639	1.29129	0.454337	0.519874	0.414535	0.20962	0.0724535	0.202192	0.217255	0.334406	0.109159	0	0.227938	0.471605	1
ihec.chipseq.ihec-chipseq-containerv1.1.4.IHECRE00003675.3.ba41b0a8-afb1-412a-b955-efd4cd4011d5.fc.signal	0.337274	0.119882	0	0.162629	0.183811	0.651141	0.190354	0.282924	0.109424	0	0.235107	0.350762	0.321364	0.426021	0.592653	0.170223	0.3222	0.46831	0.199914	0.0872131	0.0547059	0.328828	0.628889	0.66042	0.476218	0.546982	0.10043	0.133234	0.498599	1.04168	0.839084	0.516722	0.757511	0.538416	0.470135	0.254099	0.308922	0.787064
ihec.chipseq.ihec-chipseq-containerv1.1.4.IHECRE00000238.3.b9dbaad9-2938-4b18-847c-4c3a725caa30.fc.signal	0.0839581	0.0722905	0.179814	0.17133	0.0924068	0.0485232	0.151573	0.165131	0.116809	0.194466	0.167864	0.155172	0.169718	0.185277	0.153116	0.0650522	0.0578404	0.0932597	0.129867	0.161938	0.161917	0.137114	0.141287	0.11299	0.0223027	0	0.0235353	0.222229	0.343585	0.240738	0.447055	0.388882	0.316363	0.544499	0.531363	0.559748	0.609222	0.788536
ihec.chipseq.ihec-chipseq-containerv1.1.4.IHECRE00000980.8.68531edc-00be-43f4-8cc7-5aba8c5c337a.fc.signal	0.819613	0.151161	0.0075536	0.451305	0.0376182	0	0	0.168654	0.180694	0.152304	1.12775	0.904898	1.66852	1.16821	0.925419	0.275503	0.549437	0.418453	0.842048	1.4928	0.829431	0.112235	0.304042	0.4154	0.223521	0.34151	0.474029	0.487405	0.116281	0.121863	0.12502	0	0.3937	0.219359	0.278805	0	0	0.69258
ihec.chipseq.ihec-chipseq-containerv1.1.4.IHECRE00000222.3.66a40f9f-6ca2-4937-819f-50fcd48c0ff1.fc.signal	0.429428	0.729212	0.714285	0.532855	0.53564	0.478169	0.628832	0.372636	0.0503347	0.619768	0.651956	0.0912921	0.0661202	0.354502	0.415837	0.259737	0.352794	0.599605	0.632575	0.803161	0.668194	1.2942	1.33029	0.630554	0.309058	0.571296	0.858323	0.524208	0.234475	0.348696	0.686814	0.523847	0.339306	0.345717	0.572604	0.595634	0.394518	0.425428
ihec.chipseq.ihec-chipseq-containerv1.1.4.IHECRE00001936.1.93858f63-89ca-4fc1-b09c-156027aebe3c.fc.signal	0.394208	0.453006	0.721925	0.837338	1.04319	0.827675	0.471214	0.338606	0.975221	0.458998	0.0627639	0.22388	0.345265	0.473887	0.791405	0.462021	0.0399031	0.43098	0.19795	0.465819	0.492985	0.67813	0.953474	0.645002	0.60358	0.649442	0.304094	0.100976	0.510563	0.219562	0	0.125254	0.169395	0.465589	0.846521	0.775857	0.874394	0.366387
ihec.chipseq.ihec-chipseq-containerv1.1.4.IHECRE00001904.1.157e52bc-84ef-4d37-b10e-cb4efc6ff94d.fc.signal	0.952942	0.281443	0.13006	0.373898	0.166767	0.3977	0.41286	0.0269618	0	0	0.242255	0.929397	0.81314	0.5613	0.279402	0.546553	0.949947	0.127611	0.358031	0.544967	0.646722	0.164149	0.238905	0.654188	0.0298305	0	0	0	0	0	0.60621	0.336875	0	0	0.0754511	0.571251	0.365261	0.282988
ihec.chipseq.ihec-chipseq-containerv1.1.4.IHECRE00004641.3.8f2205e1-b664-4bca-ad51-53d7ed5a7d3c.fc.signal	0.473996	0.17179	0.243605	0.621255	0.563824	0.750194	0.320845	0.558078	0.431411	0.253814	0.193328	0.280199	0.570414	0.495174	0.569587	0.563809	0.612541	0.592044	0.794908	0.630269	0.496743	0.757317	0.629167	0.294093	0.543367	0.519586	0.264334	0.67798	0.84265	0.553654	0.650718	1.00056	0.753554	0.397229	0.66927	0.544801	0.65792	0.521073
ihec.chipseq.ihec-chipseq-containerv1.1.4.IHECRE00000231.3.56cd85a8-5ca2-4de0-a140-ece4da1de9d3.fc.signal	0.0410318	0.327313	0.530876	0.607201	0.328029	0.228067	0.26722	0.236943	0.0501951	0.360233	0.404464	0.223294	0.226072	0.250542	0.144715	0	0.0654563	0.271306	0.211844	0.294062	0.274715	0.144921	0.113691	0.0509121	0.225755	0.189253	0.129696	0.468056	0.578391	0.246896	0.54693	0.32628	0.0472798	0.213423	0.345858	0.382685	0.394254	0.313341
