	chr1:203222548-203222697	chr1:203222698-203222847	chr1:203222848-203222997	chr1:203222998-203223147	chr1:203223148-203223297	chr1:203223298-203223447	chr1:203223448-203223597	chr1:203223598-203223747	chr1:203223748-203223897	chr1:203223898-203224047	chr1:203224048-203224197	chr1:203224198-203224347	chr1:203224348-203224497	chr1:203224498-203224647	chr1:203224648-203224797	chr1:203224798-203224947	chr1:203224948-203225097	chr1:203225098-203225247	chr1:203225248-203225397	chr1:203225398-203225547	chr1:203225548-203225697	chr1:203225698-203225847	chr1:203225848-203225997	chr1:203225998-203226147	chr1:203226148-203226297	chr1:203226298-203226447	chr1:203226448-203226597	chr1:203226598-203226747	chr1:203226748-203226897	chr1:203226898-203227047	chr1:203227048-203227197	chr1:203227198-203227347	chr1:203227348-203227497	chr1:203227498-203227604	Expression
ihec.chipseq.ihec-chipseq-containerv1.1.4.IHECRE00000022.3.0306f18d-10d7-45c4-9e4b-9343e880bf9d.fc.signal	0.241062	0.329874	0	0.148583	0.239322	0.846984	1.64748	0.35212	0.0202554	0.670261	2.4774	1.32297	0.793999	0.450405	0.553536	0.506652	0.679136	1.05135	0.415665	0.621729	0.209343	0.265801	0.231799	0.658507	1.50652	0.691291	0.508356	0.576912	0.426577	0.47578	0.45358	0.89459	1.76814	2.53464	1
ihec.chipseq.ihec-chipseq-containerv1.1.4.IHECRE00001471.1.0c91e2e5-1304-4ccf-8240-a439ef5e19fb.fc.signal	0.334529	0.509429	0.313822	0.00397733	0.56799	0.847738	0.608986	0.357569	0.121392	0.122056	0.185614	0.298476	0.34965	0.301823	0.0276757	1.01973	2.46178	2.92874	3.0692	2.80582	3.06926	3.70918	1.50376	0.320229	0.521643	0.695288	0.510013	0.47718	1.06958	1.05933	0.331099	1.09591	2.43137	2.1011	0.651036
ihec.chipseq.ihec-chipseq-containerv1.1.4.IHECRE00004647.3.45100e0d-f7b5-4c54-a935-54545fef7dd3.fc.signal	1.3138	1.30089	0.960348	0.7042	0.84622	0.55598	0.93679	0.775838	0.258171	0.58401	0.634979	0.660044	0.584101	0.719219	1.1688	1.24212	1.7094	1.67734	1.41433	1.55103	0.929725	1.30751	1.01139	0.868822	0.902241	0.892033	0.97071	0.784964	0.81041	1.29788	0.740102	0.900701	1.42276	1.2162	0.537931
ihec.chipseq.ihec-chipseq-containerv1.1.4.IHECRE00000195.3.986cff92-5d42-4625-83db-98aad85f151e.fc.signal	4.12682	5.95939	4.37219	5.36024	8.52727	8.12654	7.78563	8.97738	6.37204	3.42815	3.02619	5.30646	3.85357	7.01147	8.96672	6.37361	7.66336	9.21996	7.78397	7.99476	7.06877	7.44894	8.71203	6.0988	6.0758	5.26302	3.28876	5.23852	6.46043	6.68344	11.0617	11.3522	7.56686	7.19901	0.521508
ihec.chipseq.ihec-chipseq-containerv1.1.4.IHECRE00000236.3.81777bd7-a811-47be-9ebc-c73408291448.fc.signal	0	0	0.154592	0.792844	1.03909	0.805349	0.502688	0.165515	0.0177483	0	0	0	0.0218548	0.140152	0.24171	0.432165	0.658411	0.747842	0.456301	0.149776	0	0.227797	0.710598	0.395802	0.216305	0.216365	0.258673	0.6127	0.365677	0.0107373	0.0619982	0.190613	0.184282	0.209315	0.421569
ihec.chipseq.ihec-chipseq-containerv1.1.4.IHECRE00000174.3.cee73cdb-e806-4f6a-ad30-ab01efc5dd22.fc.signal	3.14781	3.68539	5.15718	4.23856	3.08632	4.38195	1.7143	1.51586	2.42409	2.03984	1.09508	0.872977	2.56888	1.50018	0.60886	2.17893	3.87825	4.05726	3.43729	6.00792	4.48234	4.2443	5.80574	3.95618	3.0096	3.43213	4.84662	3.50662	2.5835	1.78889	1.17699	2.58257	4.72384	4.46812	0.652811
ihec.chipseq.ihec-chipseq-containerv1.1.4.IHECRE00003683.3.52ed6dfc-f444-41dd-94ff-8e67dd11315f.fc.signal	0.307564	0.713884	0.220084	0.0693213	0.184213	0.289994	0.254884	0.286953	0.28012	0.367127	1.00689	0.440544	0.697519	0.388244	0.218959	0.264558	0.159864	0.128903	0.313378	0.196297	0.277991	0.103035	0.0167495	0	0.0944549	0.0599967	0.149648	0	0	0	0.0519507	0.119131	0	0	0.555556
ihec.chipseq.ihec-chipseq-containerv1.1.4.IHECRE00000224.3.e5c74e2f-fdd7-452c-ab9b-6ee0ab9d0cdc.fc.signal	0.581589	0.844167	0.568114	0.274158	0.59669	0.520706	0.11542	0.564904	0.527732	0.26204	0.0793795	0	0	0.0877211	0.491152	0.448724	0.737712	1.0663	0.461328	0.190005	0.071251	0.253976	0.154914	0	0	0	0.0084472	0.175973	0.218391	0.410716	0.765594	0.848194	0.741174	0.630401	0.316775
ihec.chipseq.ihec-chipseq-containerv1.1.4.IHECRE00000248.2.4d6d38de-1bb2-440e-b884-e7d32a40f7d8.fc.signal	5.77147	6.91687	6.21084	5.52656	4.48435	4.95547	2.3537	1.17365	1.74222	2.04377	0.65664	1.52788	2.97889	2.97516	4.45828	8.00019	6.40441	8.38637	9.22049	10.7153	7.75662	11.7493	10.8641	4.82734	8.59976	10.6562	7.14792	6.87206	9.23045	9.69582	11.4236	9.04107	9.33615	9.77175	0.576426
ihec.chipseq.ihec-chipseq-containerv1.1.4.IHECRE00001236.5.d51198c1-7a73-4d86-97a2-4552cc10d322.fc.signal	0.472503	0.297724	0.716124	0.588317	0.888978	0.785108	0.553772	0.946097	0.596555	0.181516	0.204705	0.272411	0	0.395839	0.933499	1.14911	1.33819	1.27773	0.924151	0.571911	0.439297	0.530276	1.07084	0.716174	0.71818	0.262335	0.263575	0.530812	0.481248	0.944902	0.872013	0.417715	0.388532	0.829055	0.268382
ihec.chipseq.ihec-chipseq-containerv1.1.4.IHECRE00000055.3.18017a46-582b-4ce3-bfb4-e75efa17aec2.fc.signal	0.751118	0.990648	0.529116	0.880607	0.0767147	0	0.226274	0.275402	0.490149	0.897575	1.23381	0.561539	0.984263	0	0.00539913	2.95318	4.10376	4.84549	2.69066	3.00646	5.10547	3.50474	4.39303	1.17935	1.13649	1.65099	1.02366	0.148148	0.3663	1.74717	2.6608	2.85769	5.08181	6.94007	0.30011
ihec.chipseq.ihec-chipseq-containerv1.1.4.IHECRE00000318.2.630bb3ae-2002-42b3-97d8-83059d35c603.fc.signal	0.89835	1.59491	2.81701	3.60465	3.04035	2.22169	2.00598	1.95709	3.06054	2.47403	1.7043	2.81891	1.18152	1.70562	3.79028	3.58171	3.42737	3.17247	3.82905	3.86095	4.05867	4.71511	1.83624	2.10584	2.58411	3.23726	2.44467	3.68268	3.6722	4.86269	6.54015	5.56466	7.94199	7.81074	0.527129
ihec.chipseq.ihec-chipseq-containerv1.1.4.IHECRE00000309.2.cdd4dbab-a7be-4e63-802a-52bf3df97547.fc.signal	11.1742	10.0786	12.4244	9.95798	11.0644	6.05084	5.94711	8.65562	6.80003	4.89833	6.23526	0.126782	3.29622	3.66504	6.62713	8.87458	10.2691	8.22919	16.8848	13.3465	3.84946	9.62374	17.1038	18.0719	24.5031	23.6963	11.6522	7.94103	15.1099	13.4963	15.9628	19.9736	15.9512	21.1982	0.540524
ihec.chipseq.ihec-chipseq-containerv1.1.4.IHECRE00001903.1.df6f0905-c0c8-425c-b0f1-0f9ff68f7793.fc.signal	0.538449	0.689607	0.892119	1.15834	0.768854	1.31069	0.857773	2.37731	2.06111	0.56802	0.44837	0.264273	0.0225309	0.606086	2.07519	2.02081	3.60695	4.731	6.31122	4.81106	4.33026	4.7407	3.54568	2.95884	2.20597	2.75644	2.24405	1.70077	2.20534	2.24772	4.15221	3.14136	1.96916	2.14093	0.147564
ihec.chipseq.ihec-chipseq-containerv1.1.4.IHECRE00001935.1.0b0c5786-e084-4954-a96f-72d7a88b913e.fc.signal	0.307968	0.058625	0.728752	1.16619	1.05559	0.710841	0.744433	1.24123	1.43554	0.0248873	0.369413	1.88219	0.828052	1.13586	1.21845	1.44523	2.28382	3.12791	2.49531	1.6543	2.37409	2.04222	2.3372	2.03079	1.21668	1.78716	2.02707	1.63931	2.50253	1.24532	4.52833	2.26485	1.86269	3.44813	0.289506
ihec.chipseq.ihec-chipseq-containerv1.1.4.IHECRE00000301.2.60bc2dfc-c0b9-47be-84a3-04b337f3e89a.fc.signal	5.08906	5.64527	5.3972	4.40253	2.37852	2.38563	1.6785	2.43907	2.94232	1.07717	0.859361	2.40643	2.54807	3.03754	5.75102	8.95008	10.1779	15.07	9.84207	10.9388	10.5214	10.4444	7.49004	7.1007	4.34334	3.0703	3.94453	5.58874	7.57227	10.0521	9.26939	14.4891	13.4184	10.0544	0.510638
ihec.chipseq.ihec-chipseq-containerv1.1.4.IHECRE00000008.3.d0e9d2b8-31ed-4f18-8f4f-ade1dc88724d.fc.signal	2.40181	1.63552	2.45112	2.60987	1.04469	0.522744	1.10695	1.30915	2.55568	2.90458	3.06849	0.656729	2.82004	3.54642	2.39393	1.3129	2.53915	1.37309	1.88709	3.0646	2.13396	0.83113	1.61198	3.97346	2.02107	5.47927	3.19025	0.683549	2.67771	3.56301	3.51589	1.6234	3.62044	3.46893	0.60125
ihec.chipseq.ihec-chipseq-containerv1.1.4.IHECRE00000016.3.2c79bca0-4ffc-465a-9643-ae105e9920dd.fc.signal	3.65827	1.98937	1.63207	2.20489	2.97944	1.31775	1.03488	1.54623	2.26098	3.79273	2.42877	1.49975	0.333854	0.966841	0.957711	1.72073	3.26262	1.38563	2.74503	2.7071	2.46651	5.13636	5.76718	4.15229	4.74324	4.83217	2.04825	0.948751	2.4945	3.34749	5.6001	4.91428	2.90194	1.1947	0.837871
ihec.chipseq.ihec-chipseq-containerv1.1.4.IHECRE00000071.3.c58e2138-e12f-4d11-9ec1-2028a8fe702b.fc.signal	1.29184	0.967063	0.436743	1.33192	2.95995	1.92134	0.698525	1.72005	1.36305	2.05618	3.24147	5.05154	0.968272	0.236382	1.42838	1.76045	4.31384	2.77942	1.55069	5.00262	1.54668	4.22171	2.75438	5.88839	4.58228	2.63746	0.927023	2.03804	2.11456	1.26137	2.97025	2.31934	0.770534	1.27865	0.494036
ihec.chipseq.ihec-chipseq-containerv1.1.4.IHECRE00004616.1.ed15f6f7-9fc7-4af5-9ab6-233a7899d0bb.fc.signal	2.10126	4.1571	4.1746	3.74063	4.56078	4.32728	2.94505	2.79786	3.00095	2.77949	5.07204	4.0595	3.3009	3.57652	5.01144	3.16486	2.51872	4.33041	4.30099	2.74814	2.17815	2.11196	1.10877	1.20705	1.46226	1.0853	1.14752	0.72374	0.357602	1.14601	0.91788	0.714915	0.46179	0.0650292	0.325301
ihec.chipseq.ihec-chipseq-containerv1.1.4.IHECRE00000129.3.b55212c4-278a-46e6-a914-7321e68a657d.fc.signal	0.591436	0.0681344	0.622661	0.772134	1.30021	1.04717	1.48766	0.816657	0.363724	0	0	0.661022	1.84702	0.255197	0.969193	4.64727	5.17159	4.2235	2.80344	4.18469	5.8913	7.76916	7.7494	3.05456	3.17598	2.32297	1.72674	1.98283	0.98228	2.23498	2.41542	5.61117	10.168	7.08187	0.795752
ihec.chipseq.ihec-chipseq-containerv1.1.4.IHECRE00000060.3.baca5345-ebfb-42c5-84f7-5edc7dd83347.fc.signal	0.974621	1.22719	1.70757	1.83444	1.82655	1.07117	1.45001	1.421	1.24675	0.806232	0.930037	1.87992	1.66757	1.30991	0.941916	0.789149	2.0974	2.05765	1.39161	1.65705	1.27084	1.56197	2.32738	1.86757	1.45163	2.06432	0.998645	0.803392	0.942414	1.89915	1.97932	1.61195	2.11638	0.738501	0.383701
ihec.chipseq.ihec-chipseq-containerv1.1.4.IHECRE00000235.3.e77c3456-1902-4dba-839d-200d22c58cf3.fc.signal	0.539062	0.325533	0.12708	0.463042	0.617527	0.609521	0.470117	0.138547	0.284253	0.396324	0.0097382	0	0	0.0581	0.439711	0.439611	0.209876	0.428538	0.657929	0.435148	0.594996	0.473837	0.232842	0.509122	0.615032	0.414928	0.144809	0.207566	0.336866	0.295645	0.336223	0.276232	0.262659	0.478477	0.36
ihec.chipseq.ihec-chipseq-containerv1.1.4.IHECRE00003690.3.3012eb3e-9d87-4c93-aaf5-58e99d8aaa84.fc.signal	0.240407	0.282601	0.404995	0.129481	0.0879704	0.237467	0.241907	0.341035	0.0421952	0.150157	0.102831	0.106465	0.318445	0.370116	0.937354	0.480848	0.255863	0.393328	0.396734	0.371951	0.0909676	0	0.0813849	0.155352	0.0849719	0.213253	0.173533	0.243042	0.166726	0.375035	0.213047	0.0790075	0.0749308	0.308419	0.241956
ihec.chipseq.ihec-chipseq-containerv1.1.4.IHECRE00000059.3.9f15cdcc-7468-4a84-87ee-af65c5fba810.fc.signal	3.9068	3.3582	1.98281	3.54941	3.4739	3.89262	5.0044	2.40813	0.789709	3.12727	3.67867	4.88045	4.60564	3.38467	5.82863	4.14207	3.17754	6.89327	2.81364	2.62369	2.64493	2.37206	2.76266	1.78553	1.02792	0.453374	0.503705	0.67454	1.04226	1.51807	1.60581	0.77382	1.11757	1.71052	0.274145
ihec.chipseq.ihec-chipseq-containerv1.1.4.IHECRE00001907.1.856e5189-b10a-47ac-b38e-4f26c4b023ef.fc.signal	0.570029	0.306617	1.6348	0.756653	0.75635	0.658348	1.05598	0.445046	0.770316	0.316346	0.579319	0.956183	0.620796	0.214565	0.252335	1.6905	2.72469	2.9711	4.35313	4.29875	4.42378	4.2941	3.19372	1.22869	1.03468	1.9291	0.560903	0.695429	1.18405	1.98957	2.40659	3.26445	2.45374	2.74998	0.0561717
ihec.chipseq.ihec-chipseq-containerv1.1.4.IHECRE00000043.3.ec42c011-831b-49c5-9977-34d991e095bb.fc.signal	3.29765	1.6325	3.98589	3.15338	0.570102	0	0.144284	2.95093	4.9483	6.36005	4.66274	4.00187	3.77971	2.19488	2.99634	4.35151	5.81516	7.09904	1.4383	3.91057	7.62434	11.2659	4.87153	2.64913	6.74386	4.52913	1.79638	1.43324	4.16991	2.40497	5.13744	5.92903	4.56145	1.16018	0.653894
ihec.chipseq.ihec-chipseq-containerv1.1.4.IHECRE00003686.3.0646f25a-515d-4a28-9d49-c5b4db0fa40f.fc.signal	0.332117	0.145497	0.253564	0.246702	0.29403	0.23171	0.0429805	0.0751535	0.0631239	0	0.0821578	0.0554933	0.132651	0.167924	0.0785655	0.20231	0.222698	0.217954	0.22817	0.106981	0.0888015	0	0.102949	0.166354	0.0910551	0.0703943	0.0720693	0.138452	0.0348918	0.0484685	0.304847	0.165474	0.0213807	0.0955342	0.208905
ihec.chipseq.ihec-chipseq-containerv1.1.4.IHECRE00003691.3.860bedc9-692c-462c-94be-59ab1fd7c824.fc.signal	0	0.037431	0.299121	0.599073	0.406566	0.0807883	0.0365379	0.0235369	0.0366861	0.242525	0.196174	0.267281	0.0935008	0.444748	0.403799	0.304499	0.13717	0.197208	0.31949	0.267886	0.19417	0.215996	0.0697075	0.155814	0.144359	0.444809	0.241312	0.0334207	0.114448	0.240287	0.338427	0.0246512	0.0845416	0.112603	0.373283
ihec.chipseq.ihec-chipseq-containerv1.1.4.IHECRE00000121.3.a3c721fe-088e-4da8-972b-3d6efe322bd3.fc.signal	0.725881	0.564026	3.19621	2.66364	1.17372	1.61762	1.99464	1.62601	0.842418	1.29534	1.05211	1.9034	1.59809	2.41292	2.39589	6.86456	6.53182	3.89209	7.0605	12.2196	8.55378	5.37901	1.97505	2.92576	4.20643	2.89154	1.14606	2.60239	2.70352	4.56157	6.55323	2.51985	4.10943	5.19099	0.290534
ihec.chipseq.ihec-chipseq-containerv1.1.4.IHECRE00000330.2.160bb057-c970-4be7-ab27-69d39aa5b7cd.fc.signal	0.522865	1.68336	1.5643	1.60034	3.02236	3.29463	1.11429	1.37399	1.73038	0.96975	1.53227	1.59386	0.185475	0.929393	2.94983	6.29878	6.46226	4.26193	4.8061	3.35293	5.30082	3.81958	4.0327	1.26028	0.942511	0.575483	0.538635	0.480912	1.58094	2.41911	1.6692	2.39477	6.81433	5.15544	0.732759
ihec.chipseq.ihec-chipseq-containerv1.1.4.IHECRE00000161.3.39d08846-3228-45c0-bd7e-10e6a5452dea.fc.signal	5.37272	3.49525	1.40351	1.02988	2.30256	5.33805	3.18788	3.38002	2.93789	2.541	3.25626	3.65047	3.07856	1.8064	1.83291	1.55586	4.74732	5.16542	6.57318	6.93465	4.65436	5.6501	7.80752	6.13523	4.8641	2.94162	5.05833	4.75354	5.56239	7.26826	6.78336	7.74713	4.54058	2.069	0.725173
ihec.chipseq.ihec-chipseq-containerv1.1.4.IHECRE00000972.6.ea2d9b95-5d31-4111-8903-1138eac02f8d.fc.signal	0.911739	2.5773	1.21547	1.51432	1.10187	2.07642	2.83831	1.5617	1.6074	0.710044	0.616957	0.09299	0	0	0.726023	1.90977	1.76467	3.42021	0.830105	0.917277	1.76451	1.78758	0.634641	0.246866	0.538239	0.884709	1.07277	0.768679	0.0575511	1.63363	0.376015	1.82496	1.14186	0.637681	0.267157
ihec.chipseq.ihec-chipseq-containerv1.1.4.IHECRE00001906.1.dafab27e-9fa4-4e54-8b12-f34d3390d9ba.fc.signal	0.674271	0.27052	0.528169	0.235536	0.0291481	0.194047	0.169417	0.413912	0.532833	0.567693	0.966538	1.85402	0.965806	0.605265	0.985189	2.6543	2.7954	1.55762	1.94177	2.59521	2.97198	2.86471	2.12004	1.91943	1.44647	1.26943	1.51204	1.33582	1.32886	1.33804	2.53868	2.5825	2.92826	3.78202	0.0925262
ihec.chipseq.ihec-chipseq-containerv1.1.4.IHECRE00000938.7.370a045a-8699-430a-8079-37af3ea34afb.fc.signal	0.113979	1.053	0.181716	0.130515	0	0	0.521695	0.311325	0.256521	0.0839496	0.775979	0.417476	0	0.436732	0.265753	2.04187	1.40874	0.440462	0.593798	0.302246	0.0956869	0.766083	0.0635059	0.315929	0.625387	1.29037	0	0.45967	0.763829	0.975967	0.142112	0.603561	0	0	0.782946
ihec.chipseq.ihec-chipseq-containerv1.1.4.IHECRE00000310.2.85b669d2-4eb9-499e-8857-891f684c1a1f.fc.signal	2.13628	2.29225	2.29852	0.193402	0	0	0.0091528	1.37945	0.730684	0	0	0.570218	1.50019	1.23689	2.13822	2.44349	2.04721	2.0199	2.83891	4.91204	2.88098	1.34565	0.68525	2.66927	2.2678	1.07509	2.39486	3.25087	0.933661	0.700737	0.500283	0	0.0880698	4.33293	0.962105
ihec.chipseq.ihec-chipseq-containerv1.1.4.IHECRE00003809.1.9f48ab03-6b70-4ab5-96be-1fd0eefa6fd2.fc.signal	0.297115	0.421812	0.147688	0.0994657	0.419374	0.344884	0.324181	0.497388	0.494757	0.251346	0.0581532	0	0.00250933	0.152093	0.353084	0.559817	0.269055	0.452969	0.429981	0.22643	0.165652	0.0404976	0.14901	0.116256	0.110372	0.103198	0.000554067	0.255394	0.218552	0	0.0470114	0.610638	0.646207	0.5375	0.325714
ihec.chipseq.ihec-chipseq-containerv1.1.4.IHECRE00000241.3.e590a556-6181-4b64-8099-0b8ac3706fc6.fc.signal	0.241533	0.0176047	0.0624229	0.121696	0.167161	0.167673	0.132345	0.147535	0.372162	0.398788	0	0	0	0.0466658	0.129358	0.234501	1.12584	1.30095	0.296865	0.126685	0.288909	0.178924	0.243426	0.496623	0.641177	0.623111	0.41273	0.513595	0.676754	0.472215	0.427591	0.374689	0.287129	0.259667	0.710744
ihec.chipseq.ihec-chipseq-containerv1.1.4.IHECRE00000964.7.10076c7e-f79e-4b00-a93b-8c94fb34535f.fc.signal	0.186468	0	0.74644	1.89845	0.0998231	1.64296	0.912652	0.865955	2.18972	0.0661347	0	0	0	0	0.750727	0.331289	1.3032	2.47891	2.01195	0.282491	0.60086	0.557565	0.296228	0.154929	1.30729	0.691204	0	0	0	1.16614	0.497675	1.10236	0.685629	0.932916	0.182222
ihec.chipseq.ihec-chipseq-containerv1.1.4.IHECRE00000317.2.a124c173-07de-4c6b-9f27-c8918085df98.fc.signal	3.46475	3.01107	3.13108	4.22475	3.82127	3.30764	2.01384	1.94786	0.662899	0.506409	1.13502	2.64332	1.66254	4.58476	6.04552	13.0726	10.4945	11.3904	9.07083	11.8945	12.4803	7.14725	7.34263	9.30977	8.36003	8.46451	5.10674	2.05166	7.39104	8.70526	3.76174	7.6996	9.00983	9.81833	0.496802
ihec.chipseq.ihec-chipseq-containerv1.1.4.IHECRE00003685.2.08c7f8f1-8d33-4b78-a437-57675e0cb0f4.fc.signal	0.431475	0.295132	0.142639	0.158924	0.15608	0.13086	0.200447	0.0687089	0.0142027	0.184655	0.461406	0.0131464	0.0735235	0.248776	0.193208	0.112715	0.405571	0.167629	0.112267	0.0575772	0.133665	0.107083	0.0933033	0.235584	0.341944	0.108005	0.153988	0.207475	0.16387	0.00780673	0.0284216	0.164224	0.120269	0.126374	0.297398
ihec.chipseq.ihec-chipseq-containerv1.1.4.IHECRE00000233.3.58100d32-de3d-456a-a280-51cbf3f744ab.fc.signal	0.870367	0.677846	0.475074	0.320029	0.317626	0.526062	0.783385	1.17124	1.26378	0.626293	0.0248785	0	0.0246592	0.21801	1.05492	0.782577	0.362311	0.310535	0.151861	0.0733981	0.228412	0.490043	0.544976	0.326761	0.283144	0.121025	0.0278139	0.410048	0.820502	0.625014	0.732168	0.790281	0.5577	0.278118	0.319502
ihec.chipseq.ihec-chipseq-containerv1.1.4.IHECRE00000070.3.6c2832ca-5e0f-43fa-8b01-ae42489daa79.fc.signal	0.28296	0	0	0	0.144765	1.77479	0.796213	0.835719	0	0.217155	0.98707	0.0460633	0	0	0	0	0.38822	1.97399	0.138181	0.763334	1.08938	1.46247	0.106592	0	0	0	0	0.12934	1.11304	2.14143	2.18017	1.47341	0.184244	1.97399	0.419214
ihec.chipseq.ihec-chipseq-containerv1.1.4.IHECRE00000084.3.bbe0fcdd-1f38-4b05-9389-41cc4d505f6b.fc.signal	4.97436	2.36676	2.92553	3.8708	3.4747	1.35725	2.31485	2.70608	4.19573	2.9579	1.5982	2.95787	2.4234	1.98211	0.912521	1.82551	2.71632	4.58995	4.15017	4.49368	8.87028	12.1494	7.08169	7.39552	5.93436	5.19598	4.64854	1.85907	1.91005	3.14436	3.99736	5.78328	4.39017	2.28239	0.509881
ihec.chipseq.ihec-chipseq-containerv1.1.4.IHECRE00001008.4.87ad0368-7e23-42e2-862b-00c0d1fef2ce.fc.signal	0.88108	1.06575	2.06069	1.35641	1.34585	0.927553	0.555906	0.800517	1.29282	0.760172	0.740814	0.747316	0.0487551	0.388014	1.48206	1.38556	1.63819	2.37015	2.23994	1.26906	1.1179	1.5654	0.577818	1.24362	1.40865	0.739339	1.43874	0.97013	1.0772	1.20134	0.965631	0.540293	1.18537	1.25552	0.343891
ihec.chipseq.ihec-chipseq-containerv1.1.4.IHECRE00001012.4.ceb637d9-2ce3-4213-9dcd-4173dd734e28.fc.signal	0.0684542	0.1331	0.623827	0.824743	0.63245	0.627821	0.707078	0.705405	0.31358	0.681919	0.447729	0.325631	0.186806	0.349209	0.00873333	0.0594309	0.334652	0.190395	0.259032	0.348581	0.120958	0.241608	0.702332	0.697145	0.643923	0.300828	0.138973	0.368097	0.0731861	0.630238	0.672322	0.286685	0.0884331	0.63449	0.241611
ihec.chipseq.ihec-chipseq-containerv1.1.4.IHECRE00001235.5.9288c3da-b959-4677-8b20-db92036ed803.fc.signal	0.208403	0.0288897	0.326023	0.531523	0.732683	0.373967	0.313112	0.455427	0.346467	0.254806	0.105269	0.0947281	0	0.0878161	0.695226	0.892629	1.03584	0.46467	0.850302	0.52498	0.803573	0.79479	0.215465	0.333491	0.195454	0.554307	0.689503	0.181681	0.212375	0.493688	0.560587	0.375762	0.489782	0.742057	0.292339
ihec.chipseq.ihec-chipseq-containerv1.1.4.IHECRE00000177.3.0538648e-28a0-4873-a813-aa0eabeee27b.fc.signal	1.832	2.30556	0.84409	2.59532	3.1759	2.33284	2.11479	2.71948	0.132794	0.778158	2.54198	1.61691	0.143561	0.390826	0.936043	1.97169	3.50415	1.64708	3.66773	6.78519	4.97879	2.24854	4.34713	4.5541	2.15114	2.4475	1.62552	3.08536	4.28614	3.00772	2.51965	2.59666	2.23232	4.87651	0.743131
ihec.chipseq.ihec-chipseq-containerv1.1.4.IHECRE00000221.3.124af268-a818-4305-aa8a-49d899ed859c.fc.signal	0	0	0	1.17842	0.935392	0.247292	0.259181	0.338981	0.469545	0	0	0	0	0	0.0048888	1.58142	0.974218	0.79527	0.457331	0.95737	0.159407	0	0.0545899	0.65843	0.314835	0	0	0.408041	0.699696	0.0649764	0	0.318608	1.01387	0.731633	0.16087
ihec.chipseq.ihec-chipseq-containerv1.1.4.IHECRE00000969.7.0baab4a8-a829-4c43-b8f6-5a3994be9e01.fc.signal	0.697509	0.514136	0.934899	0.76729	1.51042	2.2717	1.45438	0.880303	0.275236	0.320511	0.483921	0.292699	1.27791	1.45145	1.79329	0.109851	0	0.433205	0.571765	0	0	0	0	0.0289291	1.10479	1.06618	0.309952	0	0	0.396273	0.481887	0.75605	1.82136	2.05837	0.25088
ihec.chipseq.ihec-chipseq-containerv1.1.4.IHECRE00000285.2.88242bde-ac9a-4226-9332-88ef1ce7c006.fc.signal	8.19863	3.36911	5.69534	2.4491	3.46846	5.63602	3.11266	0.729058	3.42626	5.34017	3.60137	3.84744	2.18037	2.35808	7.25004	11.3074	8.16912	16.4804	11.2368	5.80772	13.7052	8.59536	6.49944	11.8861	8.82922	11.4748	6.93695	7.08364	7.57911	4.9311	5.33606	8.27153	10.4758	10.6073	0.64182
ihec.chipseq.ihec-chipseq-containerv1.1.4.IHECRE00003679.3.b6f7e119-ff00-43c1-b8c9-a6de8420c8f5.fc.signal	0.998098	0.55337	0.930302	0.953013	0.902121	0.525018	0.573698	0.185379	0.592942	0.527588	0.355937	0.308416	0.392969	0.274928	0.437154	0.254635	0.223282	0.251194	0.272285	0.134004	0.168831	0.535454	0.358326	0.0846821	0.282512	0.274492	0.394568	0.291523	0.190192	0.303413	0.29419	0.142315	0.231602	0.236162	0.201903
ihec.chipseq.ihec-chipseq-containerv1.1.4.IHECRE00000229.3.d50d886e-de20-4390-91ea-79449d21afd2.fc.signal	0.521525	0.769752	0.392842	0.443038	0.502889	0.798119	0.87409	0.862341	1.47805	1.50517	0.501603	0.735616	0.240508	0	0.111723	0.484418	0.435238	0.733174	0.788545	0.267375	0.193295	0.474288	0.690617	0.595761	0.304244	0.634175	0.676624	0.94974	0.683221	0.383952	0.206514	0.376462	0.383776	1.18119	1
ihec.chipseq.ihec-chipseq-containerv1.1.4.IHECRE00000013.3.c56fb850-5356-4ade-95b8-b00dc069d5ee.fc.signal	0	0	0	0	0	0	0	0	0	0.248943	1.60282	0.888528	0.456563	0	0	2.71411	6.52411	7.37332	4.08351	2.56392	2.03777	5.2909	7.88089	3.28958	3.98329	4.93288	3.97806	0.985103	2.22195	5.71047	3.13553	5.993	6.01135	4.3334	0.399523
ihec.chipseq.ihec-chipseq-containerv1.1.4.IHECRE00003684.3.6340c768-b60c-43ff-84dd-c55bbe817516.fc.signal	0.412275	0.56837	0.229334	0.660008	0.352126	0.0325643	0.160147	0.223608	0.517817	0.160597	0.237695	0.179873	0.259652	0.319991	0.360344	0.259878	0.280491	0.566888	0.585256	0.603237	0.61187	0.388079	0.340459	0.267448	0.102472	0.320485	0.374004	0.750419	1.16867	0.412146	0.316111	0.340691	0.24921	0.220219	0.347222
ihec.chipseq.ihec-chipseq-containerv1.1.4.IHECRE00003675.3.ba41b0a8-afb1-412a-b955-efd4cd4011d5.fc.signal	0.656561	0.793685	0.894309	1.02751	0.871203	0.470964	0.291233	0.703226	0.453363	0.641212	0.311302	0.819711	0.30771	0.636801	0.409649	0.402438	0.428625	0.991051	0.788452	0.622221	0.865348	0.403115	0.514109	0.784534	0.834348	0.649071	0.770491	1.34514	0.660998	0.0932273	0.19652	0.38615	0.3589	0.519924	0.136752
ihec.chipseq.ihec-chipseq-containerv1.1.4.IHECRE00001936.1.93858f63-89ca-4fc1-b09c-156027aebe3c.fc.signal	0.95672	1.80108	1.15379	1.04966	1.43401	1.33329	0.926671	0.967999	1.13315	1.296	1.0208	1.36607	1.08511	0.620001	0.719062	1.2328	1.63771	1.37922	1.17342	2.25941	2.98459	3.64014	2.57408	1.5731	2.27815	1.74071	1.43973	0.9839	1.51255	2.56447	2.8254	1.99168	1.54502	1.9633	0.162008
ihec.chipseq.ihec-chipseq-containerv1.1.4.IHECRE00000076.3.52dcb809-54f5-4dd2-afb4-4f76c49ff6ad.fc.signal	0	0	0.418743	2.90756	2.10989	0	0	0.388435	1.36458	0.0181944	2.16513	1.38277	0	0	0.538249	0.282228	0.560275	0.877999	2.28514	0.967314	0.604081	0.853701	0.910596	2.42604	1.65923	2.28255	0.892935	0	0	0.0090972	2.64729	0.891526	0	0	0.712575
ihec.chipseq.ihec-chipseq-containerv1.1.4.IHECRE00001904.1.157e52bc-84ef-4d37-b10e-cb4efc6ff94d.fc.signal	0	0.0563583	0.552283	1.62627	0.678827	0.858424	0.237056	0	0.621616	0.564417	0.795333	0.531076	0.522118	0.0475742	0.467344	1.03458	1.2204	1.70202	2.66304	3.78246	3.0766	2.84909	1.79158	1.02033	0.949691	2.57478	1.31973	0.460007	0.85715	1.69044	2.10396	2.01944	2.81511	2.99638	0.198479
ihec.chipseq.ihec-chipseq-containerv1.1.4.IHECRE00000304.2.95eca80c-cf92-4d7c-b119-29df47c015c5.fc.signal	9.19965	7.94943	8.28608	6.20565	11.7127	6.35672	2.5356	4.69592	3.39444	0.939695	2.70183	3.05513	8.40966	7.06172	9.24147	6.72198	9.62803	11.1435	11.6689	18.5007	13.8488	15.0967	21.2487	13.1379	16.5736	16.8794	14.7187	5.60224	5.71249	14.1473	20.7956	18.4255	19.1023	9.18239	0.705582
