	chr7:88280141-88280290	chr7:88280291-88280440	chr7:88280441-88280590	chr7:88280591-88280740	chr7:88280741-88280890	chr7:88280891-88281040	chr7:88281041-88281190	chr7:88281191-88281340	chr7:88281341-88281490	chr7:88281491-88281640	chr7:88281641-88281790	chr7:88281791-88281940	chr7:88281941-88282090	chr7:88282091-88282240	chr7:88282241-88282390	chr7:88282391-88282540	chr7:88282541-88282690	chr7:88282691-88282840	chr7:88282841-88282990	chr7:88282991-88283140	chr7:88283141-88283290	chr7:88283291-88283440	chr7:88283441-88283590	chr7:88283591-88283740	chr7:88283741-88283890	chr7:88283891-88284040	chr7:88284041-88284190	chr7:88284191-88284340	chr7:88284341-88284490	chr7:88284491-88284640	chr7:88284641-88284790	chr7:88284791-88284940	chr7:88284941-88285090	chr7:88285091-88285240	chr7:88285241-88285390	chr7:88285391-88285540	chr7:88285541-88285668	Expression
ihec.chipseq.ihec-chipseq-containerv1.1.4.IHECRE00003693.3.61ce3aed-9b5d-4553-b99d-12b70cc1e329.fc.signal	0.912581	0.806319	0.446397	2.551	4.94977	4.58568	5.89626	4.30606	9.40738	12.0124	8.0919	9.46538	3.82968	2.1144	1.64113	1.33044	0.854823	0.554973	0.706905	0.904941	0.830313	0.720426	0.330703	0.477774	1.06812	0.711003	0.812773	0.601534	0.884343	1.90642	0.987107	0.877203	1.30816	1.2938	0.677223	0.844537	0.928054	0.740741
ihec.chipseq.ihec-chipseq-containerv1.1.4.IHECRE00001030.7.d84c3371-0f00-45de-b4ba-d5df55fdd3fa.fc.signal	0	0.575323	0.860388	0	0.00381887	1.75631	0.219588	0	0	0	0	0	0.726912	0.295308	0.7927	0.0801995	0.194771	2.6713	0.245173	0	0	0	0	0	0	0.381322	0.993217	0	0	0	0	0	0	0	0	0	0.683255	0.822485
ihec.chipseq.ihec-chipseq-containerv1.1.4.IHECRE00003694.3.791a1a19-8cb6-4f2d-b5f0-f97ea2658756.fc.signal	0.614824	1.11857	0.869974	2.2328	3.01932	4.68493	4.08065	2.70849	6.73009	10.2723	7.9996	9.21974	4.84954	3.73206	2.09556	2.38214	1.68431	1.28476	1.52781	1.78061	0.638017	0.624716	0.598242	0.243637	0.421109	0.29614	0.64408	0.922571	0.516156	0.902498	0.819234	0.449369	0.577177	0.920859	0.900558	0.536985	0.185629	0.891089
ihec.chipseq.ihec-chipseq-containerv1.1.4.IHECRE00000159.3.ef7cd299-7014-4a6e-aff5-047fdd433b97.fc.signal	9.62398	12.6726	9.03405	4.69377	3.23052	6.94829	4.07109	1.05746	3.39497	5.03	3.96041	3.34442	2.05118	3.24319	1.24251	2.59734	2.12504	1.86492	2.95341	3.62239	2.01546	2.65054	2.01809	2.99178	2.82513	2.24934	3.11011	3.36986	1.77223	1.16894	1.79135	1.16983	1.58869	1.50922	1.29572	2.43012	1.77112	0.708267
ihec.chipseq.ihec-chipseq-containerv1.1.4.IHECRE00004607.2.69656c3b-1dfd-41af-af20-57e8f19233a1.fc.signal	6.00018	7.42844	4.62205	5.48258	5.90349	6.71405	5.57586	6.71134	7.9104	6.05209	8.34321	10.1373	8.53451	2.326	1.52148	2.95664	5.15373	6.13046	3.06891	4.13479	2.41582	1.65381	1.83947	1.54652	1.99193	1.43354	1.79623	3.01266	3.10174	2.15833	1.28749	1.78673	1.74545	1.63637	0.933287	0.828684	1.50949	0.648622
ihec.chipseq.ihec-chipseq-containerv1.1.4.IHECRE00004647.3.45100e0d-f7b5-4c54-a935-54545fef7dd3.fc.signal	1.21078	1.27306	1.17448	0.489746	0.388057	0.235302	0.601409	0.88407	0.908734	0.661278	1.02284	1.1478	0.866029	0.766962	1.06477	0.429342	0.878694	0.799408	0.400207	0.345411	0.468528	0.648041	0.412219	0.311323	0.360168	0.478393	0.770067	0.661456	0.654136	0.734093	0.80213	0.445116	0.222888	0.37072	0.276203	0.365077	0.506461	0.546952
ihec.chipseq.ihec-chipseq-containerv1.1.4.IHECRE00000353.2.d5aa2b31-e719-4799-8359-f5ba7c375e73.fc.signal	7.31589	6.40951	2.82362	4.64605	2.63536	2.58344	1.89224	1.87088	2.14843	1.51623	1.30458	2.80362	2.08102	2.18632	1.23484	1.38666	3.14873	2.46133	1.51116	1.43334	0.787754	1.14306	0.626715	0.576359	0.788685	1.65113	2.05809	0.815242	0.768322	1.44569	1.17542	1.90329	0.814287	0.42385	0.279593	0.355281	0	0.36227
ihec.chipseq.ihec-chipseq-containerv1.1.4.IHECRE00000193.3.ff176449-fe74-4f56-97cc-e3565a6ea39c.fc.signal	1.28386	1.34156	0.72581	0.324367	0.614485	0.303088	0.269268	0.465753	0.845145	0.502071	0.358798	0.408373	0.538483	0.625312	0.494471	0.561469	0.215716	0.324342	0	0.140561	0.284881	0.153351	0.361435	0.0782791	0.527747	0.495194	0.568308	0.654451	0.33443	0.193524	0.101927	0.22727	0.0975845	0.335127	0.424606	0.329085	0.710142	0.305755
ihec.chipseq.ihec-chipseq-containerv1.1.4.IHECRE00000957.7.f00a0f4a-5f50-4465-bbfb-8153fd1dc895.fc.signal	0	0.360491	0.334084	0.364767	0.245765	0.481139	0.049153	0.292331	0.095719	0	0	0.150046	0.228878	0.320343	0.250895	0.525053	0.337888	1.98378	0.807018	1.1872	0.362133	0.698398	0.894929	0.42682	2.54246	2.89983	2.81599	0.913075	0	0	0	0	0	0	0.033631	0.417049	0.949477	0.768932
ihec.chipseq.ihec-chipseq-containerv1.1.4.IHECRE00000983.7.61f2a6e9-d3c5-47bf-9c61-e6f61f7fd807.fc.signal	0.23926	1.41934	1.5185	0.850064	1.97336	0.999325	0.721037	0.721037	0	0	0	0.967408	3.36739	0.985578	0.519622	0.484343	1.35651	1.16474	0.457039	2.03934	0.368397	1.09583	0.870265	0.414076	1.39714	1.58815	1.61664	0.508521	0	0	0.409853	0.652729	0	0	0.0834885	0.964411	1.71251	0.825806
ihec.chipseq.ihec-chipseq-containerv1.1.4.IHECRE00004610.2.ea8a1015-0f82-48f9-9c20-42da2550bfd3.fc.signal	0.0808168	0.50652	0.736689	1.02393	0.826983	1.05049	1.09429	1.67698	1.94794	1.0741	1.70392	1.41529	0.911437	0.42649	0.421296	0.423896	0.59732	0.882032	0.867257	0.343248	0.695253	0.327091	0.241831	0.655369	0.770661	0.623274	0.568622	0.6484	0.537019	0.397873	0.646659	0.559104	0.606812	0.38162	0.135219	0.377917	0.590175	0.712098
ihec.chipseq.ihec-chipseq-containerv1.1.4.IHECRE00000236.3.81777bd7-a811-47be-9ebc-c73408291448.fc.signal	0.131745	1.27816	1.83535	0.726303	0.304424	0.53401	0.263474	0	0	0	0	0.580321	1.53011	4.21991	4.54783	1.92856	1.45787	0.547865	0.0946435	0	0	0	0	0.323999	2.34269	2.66848	0.726297	0.026705	0	0	0	0	0	0	0.117502	0.466539	1.10274	0.635359
ihec.chipseq.ihec-chipseq-containerv1.1.4.IHECRE00003683.3.52ed6dfc-f444-41dd-94ff-8e67dd11315f.fc.signal	0.684176	1.17667	1.60448	2.21078	2.39071	3.02629	5.47591	5.57059	7.03718	10.6917	11.3666	13.6215	3.03372	2.20448	1.75724	2.0224	1.21786	0.845889	0.61063	0.626815	0.53389	0.615936	0.69589	0.654625	0.196106	0.544694	1.52275	1.49101	2.16552	1.87193	0.694478	0.293582	2.10974	1.29213	0.960699	1.3195	1.00618	0.623306
ihec.chipseq.ihec-chipseq-containerv1.1.4.IHECRE00000124.3.556011e1-857e-4510-a17f-89e743dedeaa.fc.signal	6.43941	5.42154	5.98616	4.62794	2.18914	2.90069	1.73799	1.27233	2.25543	1.75443	2.15664	4.80217	3.75517	1.06112	0.417252	0.798534	2.05389	1.86325	0.754832	1.11079	3.10007	2.22018	1.46943	1.73016	1.52848	1.27417	2.68741	4.84787	1.41108	1.157	2.63788	2.4674	2.40259	0.883625	0.961157	0.97119	1.51748	0.870567
ihec.chipseq.ihec-chipseq-containerv1.1.4.IHECRE00000224.3.e5c74e2f-fdd7-452c-ab9b-6ee0ab9d0cdc.fc.signal	1.33407	2.44482	1.02548	0.0217816	0	0	0	0	0	0	0	0.217816	1.15981	3.33236	4.43119	2.94801	1.61357	1.5809	0.228688	0	0	0	0	0.170623	0.54455	0.675183	1.08899	0.352121	0	0	0	0	0	0	0	1.15438	2.39709	0.56639
ihec.chipseq.ihec-chipseq-containerv1.1.4.IHECRE00001955.3.20a7277a-189d-447e-b862-19ad112ed91b.fc.signal	8.62452	8.28275	7.00532	5.34315	4.90327	5.7575	4.95392	3.02576	1.97375	1.83573	1.98086	2.05361	1.16166	0.553449	0.820963	0.998503	0.83895	1.54528	1.40606	1.05831	1.0971	0.879281	0.97864	0.756346	0.705024	0.925505	0.951805	0.688062	0.447356	0.476543	0.397184	0.530285	0.728276	0.857433	0.986126	0.907711	0.997469	0.30799
ihec.chipseq.ihec-chipseq-containerv1.1.4.IHECRE00000308.2.8dd08285-52b6-49fe-8f83-344760bca02e.fc.signal	14.7347	10.4924	9.02076	6.58721	4.14214	3.12459	2.35236	0.732674	0.863906	3.04099	3.97888	3.54678	2.89459	1.27692	1.92107	1.38936	1.10975	1.39461	0.813311	1.67278	1.18632	1.64605	1.73694	1.04475	1.87227	2.95667	3.38678	2.93776	2.18981	1.1095	0.742932	1.5353	1.6516	0.570508	0.149806	0.651737	0.0156241	0.401751
ihec.chipseq.ihec-chipseq-containerv1.1.4.IHECRE00000230.3.c59c5d40-3fa1-4268-aee6-d3649316b884.fc.signal	0.292051	1.6589	1.18438	0.110749	0.731948	2.31232	1.11457	0	0	0	0.0221771	0.574976	0.905789	0.822503	0.967732	0.889501	0.461543	1.62116	1.71002	1.09138	0.289723	0	0.0332656	0.420034	1.59489	2.49717	1.15336	0.250902	0	0	0	0	0	0	0.0360397	0.433939	0.68071	0.787356
ihec.chipseq.ihec-chipseq-containerv1.1.4.IHECRE00001958.3.15c43137-8b62-45aa-904f-5b9257a45d2c.fc.signal	8.10465	6.23712	4.13793	2.77256	2.86067	2.6884	1.92208	1.63461	1.48676	1.3778	0.64423	0.91851	0.675718	0.450947	0.176961	0.164143	0.397639	0.793416	0.678812	0.847213	0.821944	0.509478	0.353643	0.435031	0.312075	1.20467	1.29283	0.610521	0.278458	0.643282	0.593049	0.200464	0.233011	0.23207	0.216124	0.527702	0.890074	0.312431
ihec.chipseq.ihec-chipseq-containerv1.1.4.IHECRE00000265.2.ac61a378-e845-4fcf-9b87-5aebeef69444.fc.signal	1.27502	1.87914	0.534842	0.544928	1.17598	0.658311	0.18345	0	0	0	0	0.215062	0.962553	2.75379	4.4095	1.94948	0.152866	0.936145	0.923722	0.377182	0.238651	0.025659	0.524582	1.1082	2.19465	2.70513	1.5778	0.325657	0.10534	0.449332	0.246519	0	0	0	0.0884358	1.75968	3.01922	0.373185
ihec.chipseq.ihec-chipseq-containerv1.1.4.IHECRE00000095.3.6fedef34-645d-4558-91e9-c6f1decf0016.fc.signal	3.46377	3.10007	1.93502	2.83832	2.92462	3.07559	0.501897	1.30776	2.04669	1.23054	1.62329	1.27512	2.48433	3.38777	1.18808	0.579101	0.941856	2.05089	0.999219	1.91362	1.20002	0.14269	1.66365	1.12166	0.53341	0.17298	1.53434	1.84419	2.05999	0.918215	0	0.443044	0.747433	0.375755	1.6254	0.795774	0.826794	0.655822
ihec.chipseq.ihec-chipseq-containerv1.1.4.IHECRE00003848.5.24421c99-53f4-4f1c-8ef1-69e3df8de28a.fc.signal	8.97399	7.38897	4.66998	1.94892	2.71498	2.92741	2.51479	5.27056	6.44231	6.68017	5.8173	7.58431	7.37538	3.1555	0.894812	2.4726	3.60727	2.56349	2.19702	2.16748	1.94892	2.58289	2.04642	2.9508	2.09815	2.51567	1.11084	1.43658	2.574	3.53416	1.94483	1.04987	1.66914	2.61171	2.07352	1.94072	1.1707	0.466667
ihec.chipseq.ihec-chipseq-containerv1.1.4.IHECRE00000248.2.4d6d38de-1bb2-440e-b884-e7d32a40f7d8.fc.signal	0.435431	0.281907	0.526962	0.341515	0.425028	0.888774	0.592097	1.04203	0.66814	0.309899	0.0682883	1.11957	0.384845	0.584225	0.240272	0.202946	0.305775	0.421519	0.578064	0.784838	0.337628	0.421393	0.468611	0.234883	0.336048	0.469877	0.658636	0.65997	0.230633	0.209483	0.0850673	0.205991	0.252592	0.105376	0.51308	0.413674	0.441526	0.396226
ihec.chipseq.ihec-chipseq-containerv1.1.4.IHECRE00000864.3.bc3e1eea-ba58-4048-a6a7-fa645ef42e40.fc.signal	0.672415	0.720781	0.0942971	0	0	0.449048	0.201419	0.0208248	0.827954	1.43866	0.218102	0.227767	0.325446	0	0	0	0.542361	3.28614	0.571376	0.702563	0.182043	0	0	0	0.153757	0.596788	0.777301	0.446023	0.0747729	0	0	0	0.698149	0.0622755	0	0.336623	1.65591	0.654102
ihec.chipseq.ihec-chipseq-containerv1.1.4.IHECRE00001236.5.d51198c1-7a73-4d86-97a2-4552cc10d322.fc.signal	0.831162	2.33406	1.73386	0.0168844	1.02878	2.14337	0.707929	0.272743	1.17818	1.47303	0.354601	1.09366	1.5406	0.876798	2.53439	0.131178	1.08339	3.83952	1.58511	1.36131	1.03404	1.4395	1.76993	1.09666	1.85906	1.32482	1.07431	0.198714	0.146764	0	0	0	0	0	0.128579	0.448737	0.922693	0.881703
ihec.chipseq.ihec-chipseq-containerv1.1.4.IHECRE00004681.3.f99ccc6c-1833-4f7b-8eed-cf0ddf179253.fc.signal	1.53973	0.486152	0.798915	1.1141	0.918069	0.56445	0.719965	1.16415	1.14529	0.492547	0.735352	1.08147	0.961045	0.589616	0.62785	0.823962	0.817472	1.04102	0.789691	1.02937	0.888768	0.628534	0.711273	1.5223	1.28841	1.13122	1.24893	0.972204	0.540178	0.540676	0.430095	0.5842	1.20185	1.08759	0.967511	0.592911	0.422398	0.447106
ihec.chipseq.ihec-chipseq-containerv1.1.4.IHECRE00003816.1.c02216f5-387b-4ad0-b451-f30307b31d6f.fc.signal	0.444517	0.347864	0.235469	0.15442	0.201779	0.113195	0.177288	0.4198	0.194477	0.328771	0.306332	0.173674	0.181842	0.288535	0.0765337	0	0.129091	0.29466	0.0968371	0.320517	0.397498	0.187041	0.00913053	0.0429634	0.255635	0.218639	0.503589	0.787781	0.120538	0.368262	0.733516	0.439597	0.373729	0.440956	0.224198	0.142792	0.286499	0.234982
ihec.chipseq.ihec-chipseq-containerv1.1.4.IHECRE00004603.3.33f77abf-b8ba-4cf9-9bf5-2a20b352f908.fc.signal	1.67833	2.16509	0.905506	1.25469	0.686244	1.20973	1.45892	1.26593	1.14891	2.53031	3.98615	3.34366	2.16571	1.18191	0.676061	0.858185	0.562682	1.13359	1.56131	2.34598	0.860474	0.0876416	0.702195	0.241641	0.562556	0.740132	0.64438	0.886014	0.600315	0.519735	0.147443	0.536504	0.228002	0.455941	0	0	0.158409	0.355372
ihec.chipseq.ihec-chipseq-containerv1.1.4.IHECRE00001964.2.d1780581-c5b9-4ce5-a302-4e6523b46a10.fc.signal	1.50046	1.47165	0.584515	0.564939	0.490159	0.327666	0.901159	0.319084	0.666756	0.697534	0.252274	0.60827	1.19199	0.95283	0.641689	0.659546	0.664987	0.757824	0.840336	0.435744	0.515306	0.0529881	0.0933531	0.782957	0.371723	0.995751	0.906031	0.996576	0.66863	0.143022	0.355243	0.254878	0.2896	0.26555	0.308267	0.716225	0.817481	0.439394
ihec.chipseq.ihec-chipseq-containerv1.1.4.IHECRE00003695.3.b45ed777-a5dc-4527-b410-7a0e01173bd4.fc.signal	1.28834	1.53713	1.20996	1.86888	3.3547	4.71636	4.97437	5.03769	7.38223	9.6357	6.73162	11.4628	3.56198	2.35722	1.6802	2.667	1.80208	0.896586	0.997987	0.99412	0.454671	0.985	0.909084	1.06406	0.703629	0.839703	1.8483	1.20961	0.95345	0.909844	0.418322	0.700552	2.00698	2.03565	1.65145	0.882378	0.763765	0.637771
ihec.chipseq.ihec-chipseq-containerv1.1.4.IHECRE00001875.2.4efcbd34-6776-4151-9daa-172de065fff5.fc.signal	0.83453	0.116774	0.974351	0.559284	0.238851	0.599079	1.39793	1.47614	0.872989	0.874853	0.740234	0.367677	0.506051	0.469918	0.203968	0.475229	0	0.191228	0.261156	0.984224	1.37008	1.12797	1.90455	1.18836	1.37572	1.28481	1.6964	0.0786688	0	0.419228	0.563116	0.653831	0.790086	0.685615	0.0360565	0	0	0.521008
ihec.chipseq.ihec-chipseq-containerv1.1.4.IHECRE00004617.2.4f4a0497-3ec2-413a-b94e-d213b036987a.fc.signal	6.92048	6.14203	5.01359	4.43991	6.2682	6.14891	5.26692	6.86223	8.62635	6.38735	5.93905	6.61111	8.98134	3.49461	2.91273	2.56715	3.40022	3.42325	2.9494	3.43767	2.64206	2.27869	2.08111	2.05766	1.48053	0.927937	1.1103	0.938303	1.11909	1.51119	1.36779	1.4048	3.18386	1.25259	0.997774	0.974854	0.85769	0.583583
ihec.chipseq.ihec-chipseq-containerv1.1.4.IHECRE00000866.3.667978be-7c54-441e-83d2-7798acad8e7b.fc.signal	2.84773	1.37526	1.85882	1.14407	1.06271	0.464232	1.01122	0.891697	0.933156	1.18485	1.31551	0.906218	2.88099	1.98117	0.929385	0.881121	0.679961	0.921585	0.705867	1.14365	0.446107	1.30894	1.77382	0.677729	1.14097	1.37983	0.747618	0.946182	0.815928	0.622001	0.255326	0.113874	0.345351	0.486826	0.668192	1.30351	0.570189	0.422747
ihec.chipseq.ihec-chipseq-containerv1.1.4.IHECRE00001851.4.627c47c9-d19a-4fba-9f0d-ed8820985d99.fc.signal	0.729942	0.730631	0.745125	1.00012	0.655253	0.49815	0.380176	0.764126	0.462061	0.845298	1.27139	1.44006	1.64528	0.279954	0.270362	0.0951227	0.546378	0.224466	0.496575	0.2267	0.443963	0.834386	1.08906	1.18643	0.717734	0.987099	0.78225	0.54186	0.267475	0.234755	0.261387	0.888659	0.436744	0.437818	0.166392	0.0959441	0.282602	0.504774
ihec.chipseq.ihec-chipseq-containerv1.1.4.IHECRE00004608.1.2b4cac07-82e4-4fde-addf-f528201b15bb.fc.signal	0.221176	0.748008	0.345412	0.358108	0.349858	0.659922	0.973808	0.928282	0.473643	1.47943	1.34683	0.490541	0.272659	0.139463	0	0.137649	0.780906	0.332641	0.321934	0.131905	0.18309	0.943185	0.522687	0.248312	1.28007	1.69468	1.11836	1.06813	0.610115	0.542667	1.02404	0.55465	0.697296	0.523693	0.380512	0.899486	2.11851	0.771845
ihec.chipseq.ihec-chipseq-containerv1.1.4.IHECRE00000665.1.78440a22-2eaa-45a0-b153-69564ce42bd4.fc.signal	0.824127	0.518183	0.48301	0.476119	0.311677	0.388588	0.612147	0.108049	0.455022	0.631552	0.859137	1.62348	2.09918	1.52156	2.58648	1.66697	0.250004	0.387233	0.294675	0.00181827	0.0191827	0.297976	0.457746	0.745052	0.583725	0.954056	1.00725	1.12	0.586199	0.294575	0.204737	0.278267	0.101744	0.394965	0.549364	0.241149	0.682668	0.459662
ihec.chipseq.ihec-chipseq-containerv1.1.4.IHECRE00001963.2.142b6389-99b2-4c91-9b9d-3ef0423dd139.fc.signal	13.6355	14.8661	11.5297	11.496	11.6545	12.836	9.01981	5.80705	7.08181	5.23941	4.95837	4.50006	4.13699	2.7068	2.4991	2.31113	2.07556	3.5625	2.53572	1.82794	1.08928	2.14186	3.72034	2.70408	3.00069	2.40398	2.30306	2.2935	2.53917	3.77499	4.39564	2.94849	2.24885	2.92838	3.01072	3.19291	5.28725	0.493494
ihec.chipseq.ihec-chipseq-containerv1.1.4.IHECRE00000284.2.fb299d01-0613-4fd3-aff0-1ea71eb3ae9d.fc.signal	8.57885	5.00147	2.95768	3.55355	2.33831	1.00237	1.24189	1.51003	1.35015	1.58202	0.543141	0.840063	1.35385	1.81026	1.82491	0.351232	0.041798	0.669355	0.714685	1.17313	0.454856	0	0.392713	0.892992	0.709698	0.726633	0.636352	0	0.543372	2.09397	0.321212	0	1.42692	1.19598	0.0595612	0.397049	1.61493	0.493992
ihec.chipseq.ihec-chipseq-containerv1.1.4.IHECRE00000301.2.60bc2dfc-c0b9-47be-84a3-04b337f3e89a.fc.signal	9.70342	12.3662	8.96282	6.30337	4.29916	4.00276	3.80749	2.98294	3.10817	4.97491	5.46404	4.20386	4.0453	4.342	2.79178	3.12968	2.01613	2.4258	2.83155	3.4613	2.30013	2.76228	3.51255	1.99681	1.45244	3.28113	3.09704	0.97768	1.06814	0.50125	0.410419	1.06242	1.86816	0.955137	1.22352	3.37988	2.88395	0.449632
ihec.chipseq.ihec-chipseq-containerv1.1.4.IHECRE00000112.3.5e5dc2b5-6b90-475b-8a33-2a370a46ad3b.fc.signal	0	1.06648	0.852578	0.300241	0.845466	1.68089	0	0.743756	0.148952	1.31227	0.858044	0	0	0	0	0.80622	0.221341	1.94949	1.35427	0	0.51839	1.03618	0.0338991	0.649728	0.995497	0.0640957	1.10396	0	0.58941	1.53426	0.476155	2.35214	2.01392	0	0.714422	0.226607	0	0.495238
ihec.chipseq.ihec-chipseq-containerv1.1.4.IHECRE00000223.3.3bd7fa2e-4676-4775-9e3e-5e080ad64395.fc.signal	0.55415	1.40886	0.150277	0	0	0	0	0	0	0	0	0	0.508825	4.20106	3.95484	2.20192	0.361606	2.45834	1.58256	0.0187845	0	0	0	0	0.178454	0.70443	0.173758	0	0	0	0	0	0	0	0	0.0070442	0.701675	0.595238
ihec.chipseq.ihec-chipseq-containerv1.1.4.IHECRE00000109.3.a2e82134-9d99-4d51-94f0-98e7b6fd05a2.fc.signal	4.49687	3.69559	4.0897	2.37225	2.35637	2.48446	1.85135	1.23055	1.55184	1.16333	2.02485	1.4289	1.55286	1.55066	1.30953	1.3826	1.91076	0.762264	0.219407	0.726573	0.979975	1.04246	2.57515	2.87801	3.03884	2.60081	1.2667	0.627328	0.308675	0.834977	0.828556	0.196577	0.234749	1.0205	0.69665	0.368002	0.731005	0.818375
ihec.chipseq.ihec-chipseq-containerv1.1.4.IHECRE00001315.1.d18a9bb8-a055-4794-aa27-e2b7af9fbb39.fc.signal	0.145498	0.17552	0.391722	0.154219	0.0648986	0.236322	0.118096	0	0.0331431	0.313336	0.467976	0.771245	0.41148	0.280839	0.11534	0.026617	0.612353	0.755202	0.120313	0.0250311	0.535954	0.649207	0.263705	0.230625	0.00125287	0.09164	0.528765	0.233804	0.0867046	0.107151	0.300297	0.168982	0.233207	0.266184	0.317483	0.284903	0.0693925	0.376812
ihec.chipseq.ihec-chipseq-containerv1.1.4.IHECRE00001908.1.1b5673b2-9c19-4918-a48e-ba3436bbc7ca.fc.signal	5.21529	3.56627	2.73474	1.82774	1.33523	2.55548	4.83349	4.2669	3.10407	2.96337	4.36342	4.79831	4.82816	3.15309	2.37978	2.64162	0.980116	0.625467	0.54499	0.607232	1.04722	0.37893	0.37384	0.988595	0.44695	0	0.290295	0.7308	1.06812	0.904428	0.690252	0.683494	0.742028	0.71554	1.06314	0.111832	0	0.321513
ihec.chipseq.ihec-chipseq-containerv1.1.4.IHECRE00001027.7.e86f32e5-bf0d-4add-be96-995ad738d215.fc.signal	0.293409	1.69161	1.15477	0.88775	0	0.939039	0.120559	0	0.0334292	0.682911	0	0	0	0	0	0	0.0389231	1.16628	1.14802	0.453682	0	0.396375	0.679443	0.44005	0.853137	0.903377	1.86675	0.500509	0	0	0	0	0	0	0	0.324643	0.430923	0.798561
ihec.chipseq.ihec-chipseq-containerv1.1.4.IHECRE00000828.1.cd2006fa-f12a-47e4-a8de-2ef03985dfb6.fc.signal	3.51882	2.29985	2.45859	2.42318	1.88127	1.54697	1.42868	1.51114	1.72979	1.73812	2.28462	2.51775	4.09696	1.67531	0.806421	0.506467	0.771366	1.45332	0.716805	1.15096	0.556166	0.917547	0.855061	0.966903	1.24083	1.13939	1.23133	0.476239	0.445702	0.844854	0.86121	0.622983	1.04768	0.617716	1.20498	0.739839	0.478443	0.303665
ihec.chipseq.ihec-chipseq-containerv1.1.4.IHECRE00004616.1.ed15f6f7-9fc7-4af5-9ab6-233a7899d0bb.fc.signal	1.8016	1.54102	0.920769	1.11204	1.60776	1.39996	2.55565	1.99564	3.22358	5.4333	2.59525	1.81838	4.44928	2.4203	1.00244	1.62502	1.40546	1.43634	1.31755	1.94472	0.979436	1.98528	0.669395	0.77475	0.688284	0.422656	0	0.568708	0.568487	0.61582	0.749316	0.730859	0.744657	1.35689	1.045	0.714945	0.442288	0.537037
ihec.chipseq.ihec-chipseq-containerv1.1.4.IHECRE00000774.3.ec5f998a-c189-48df-8b3d-327b2930af23.fc.signal	0.545508	0.772644	0.647563	0.285549	1.13242	1.1893	0.175463	1.84111	3.51207	4.94114	3.60307	3.35365	4.43892	2.63908	1.80991	1.57063	0.429412	0.440041	0.721305	0.798842	0.347179	0.0438187	0.738171	1.13586	1.75261	1.15609	2.27505	1.53692	1.30434	0.748283	0.364032	0.35392	0.337067	0.539271	1.47285	0.060672	0.2765	0.440716
ihec.chipseq.ihec-chipseq-containerv1.1.4.IHECRE00001961.2.26f0e8b3-e0d8-467c-92a7-4029668db296.fc.signal	0	0	0	0.0929056	2.15232	3.98074	2.84894	1.64903	0.0619371	1.21552	2.28394	3.18967	7.93545	5.64386	1.36171	0.319209	1.49666	0.448336	0	0	0	0.627115	2.89437	1.31311	0.518725	0	0	0	0.673566	0.565176	0	0	0	0	0	0	0	0.372973
ihec.chipseq.ihec-chipseq-containerv1.1.4.IHECRE00001954.2.18576743-b1b7-40af-bbff-f6570943d6bc.fc.signal	5.30075	3.30669	2.89119	2.19671	1.7015	1.37861	1.04444	1.58489	1.50372	1.11671	1.19251	0.924596	0.599594	0.567182	1.27008	1.12145	0.532433	0.554093	0.969147	0.577138	0.689091	0.584614	0.468085	0.474478	0.719189	0.974972	0.995481	0.571685	0.32443	0.509992	0.329357	0.245458	0.393364	0.315585	0.553675	0.558328	0.50627	0.377451
ihec.chipseq.ihec-chipseq-containerv1.1.4.IHECRE00004614.1.c39e9a3f-4177-48c3-969d-01c9bdd4340c.fc.signal	5.8201	6.25758	5.78254	4.44076	6.67839	7.93725	6.993	6.39887	8.08383	9.57328	5.43097	9.32853	8.42045	3.48088	3.06454	4.6601	3.41698	4.16196	4.30158	5.1399	3.03658	3.11755	3.00811	2.82746	2.3371	2.37805	4.2207	2.61059	2.1282	3.55829	4.18355	4.03154	4.30186	3.55832	3.1163	1.78614	2.13165	0.593739
ihec.chipseq.ihec-chipseq-containerv1.1.4.IHECRE00000256.2.f24e963a-43c1-4d5c-942e-c5786f826c8a.fc.signal	10.6671	11.8356	4.9474	4.40933	3.62195	5.49421	4.62357	1.75747	2.31857	3.65868	3.46783	5.32921	8.25448	5.43053	3.04815	4.37043	1.89292	2.39078	0.757299	1.68015	0.870191	1.60707	1.11965	2.09641	4.46763	2.32362	5.24522	4.32168	1.93137	1.76396	1.93782	2.02652	1.05327	1.24464	2.89867	2.74437	1.40522	0.440228
ihec.chipseq.ihec-chipseq-containerv1.1.4.IHECRE00000235.3.e77c3456-1902-4dba-839d-200d22c58cf3.fc.signal	0.188878	1.15247	0.861772	0.0545873	0	0	0	0	0	0	0	0	0.427925	1.39773	1.88927	1.56788	1.53139	2.82437	0.979807	0	0	0	0	0.402831	1.74272	0.864734	0	0	0	0	0	0	0	0	0.25234	0.870628	1.86931	0.580952
ihec.chipseq.ihec-chipseq-containerv1.1.4.IHECRE00001952.2.afb78491-e0c2-4398-aa2a-4c98b0c4c5b7.fc.signal	2.88932	2.98786	2.44028	1.99429	0.987718	1.54417	0.808069	0.265313	0.492667	0.578253	0.0162599	0	0.295671	0.136014	0.0945281	0.0050144	0.56499	0.881125	0.282835	0.297918	0.0924942	0.887886	0.514446	0.238839	0.134592	0.643692	0.593826	0.0675707	0.559007	0.523219	0.711973	0.32348	0.58741	0.108509	0.190617	0.293369	0.632554	0.332609
ihec.chipseq.ihec-chipseq-containerv1.1.4.IHECRE00004655.3.50a67581-2a50-4c48-8845-557b0ff0fd01.fc.signal	0.781676	0.686533	0.13006	0.606554	1.5631	2.28677	1.26936	1.05164	1.23822	0.827572	0.28106	0.205734	0.660435	2.07237	1.58489	1.23478	1.49	2.20777	1.29744	0.596189	0.44652	0.393506	0.982442	0.556655	0.887845	2.04281	0.838372	1.32522	1.13047	0.440814	1.02093	0.935049	0.658354	1.79379	0.691974	0.825058	0.876608	0.499299
ihec.chipseq.ihec-chipseq-containerv1.1.4.IHECRE00003690.3.3012eb3e-9d87-4c93-aaf5-58e99d8aaa84.fc.signal	1.82584	2.0344	2.51825	2.58489	3.27659	5.00639	5.94903	4.57196	7.44014	9.9914	8.68396	13.8398	4.47529	2.88369	1.70189	1.868	0.956149	1.28157	0.798447	1.0183	0.84114	1.04396	1.20668	1.19932	0.738725	0.605019	0.943969	0.867486	0.205356	0.0682037	0	0.0438633	0.222614	0.380237	0.461655	0.378818	0.552274	0.704981
ihec.chipseq.ihec-chipseq-containerv1.1.4.IHECRE00001249.1.d9084971-3596-46ae-b2c3-b636876ab0cf.fc.signal	8.4918	7.6703	4.90282	2.93462	2.08435	2.42286	2.73739	2.79709	2.7009	2.2161	3.11617	3.22946	3.43803	3.80009	2.84549	2.71148	1.58992	1.46115	0.972288	1.09933	1.00541	0.802241	0.99728	1.13166	0.575402	0.887208	1.4782	2.28199	3.24327	2.21959	1.38379	1.06651	1.04236	0.303811	0.217202	0.54807	0.360196	0.392344
ihec.chipseq.ihec-chipseq-containerv1.1.4.IHECRE00004606.2.5946f083-9733-4b0e-bccd-bb3958898b16.fc.signal	1.53045	2.23016	1.60379	1.54331	1.8759	2.81875	1.64468	2.32026	3.99766	1.43972	1.80965	3.63987	3.80981	1.39117	0.669492	1.06852	1.46829	1.24456	0.744094	1.29968	0.37135	0.59353	0.782705	0.355632	0.403998	0.33234	1.23261	0.953195	0.389371	0.363896	0.299597	0.34069	0.187646	0.253609	0.534897	0.557908	0.838577	0.666667
ihec.chipseq.ihec-chipseq-containerv1.1.4.IHECRE00000683.3.26047187-2aea-47ae-97b4-1842ebc14e59.fc.signal	0.719541	1.04826	0.854435	0.742134	0.243755	0.55135	0.964476	0.916159	0.85538	0.826522	1.33135	1.42625	1.67764	1.42044	0.986433	0.361484	0.333632	0.726784	0.628594	0.307357	0.306379	0.50242	0.314805	0.123659	0.111386	0.246472	0.572071	0.441986	0.302939	0.796961	0.463221	0.217539	0.0654349	0.264414	0.308548	1.21897	1.10464	0.499089
ihec.chipseq.ihec-chipseq-containerv1.1.4.IHECRE00003686.3.0646f25a-515d-4a28-9d49-c5b4db0fa40f.fc.signal	3.17297	2.19207	3.55474	4.68196	5.74608	6.90076	5.34573	3.45095	11.5541	12.4477	13.3728	13.2045	3.3761	2.07329	2.56059	2.25866	4.13494	1.566	1.8807	2.52019	1.88597	1.51644	0.789997	2.05488	2.82582	3.40858	2.66652	2.73921	3.15439	2.4015	0.911951	2.12429	4.76827	3.82388	2.4848	2.00613	4.54356	0.728933
ihec.chipseq.ihec-chipseq-containerv1.1.4.IHECRE00001003.4.e54919a6-4d68-4e57-b8cc-55cfdab84079.fc.signal	0.384736	0.782806	0.528051	0.353194	0.54986	0.555529	0.113136	0.169078	0.60621	1.08982	1.10663	1.80465	0.88845	0.932739	3.02077	2.08921	1.12934	1.20685	1.62712	1.34808	0.195435	0.726231	0.492966	0.325263	0.467727	0.481317	0.32984	0.748397	0.47746	0.0149627	0	0.254434	0.194559	0	0	0.446009	1.27525	0.745283
ihec.chipseq.ihec-chipseq-containerv1.1.4.IHECRE00000101.3.16a3040f-b17c-4d67-9177-3d83db7f277e.fc.signal	2.12336	0.25577	0.357052	0	0.689728	2.56507	0.743695	1.13003	2.25982	1.70333	1.60778	4.72764	5.62569	2.58823	0.402956	1.56996	0.0454699	0.244401	1.62672	2.23108	0.996692	0	0	0	0	0.106391	1.82323	1.90707	0	0.423283	0.520561	3.43216	1.94143	0.597393	0.627264	0.293452	0	0.502841
ihec.chipseq.ihec-chipseq-containerv1.1.4.IHECRE00003691.3.860bedc9-692c-462c-94be-59ab1fd7c824.fc.signal	3.13512	2.38529	2.56492	3.271	4.66676	7.08877	7.71282	4.88446	5.96872	5.8544	5.7482	6.3567	2.75381	2.37752	2.08307	3.2042	1.95801	1.73341	1.86869	1.75331	0.826161	0.623189	0.906124	1.53651	1.14143	0.630793	1.23341	0.692914	0.463993	0.523359	0.224185	0.331982	0.984063	0.724019	0.666294	0.242926	0.917994	0.583966
ihec.chipseq.ihec-chipseq-containerv1.1.4.IHECRE00000784.3.54e2d258-2a9b-4416-87fd-8933cfcab4dd.fc.signal	0.550735	0.519372	0.324975	0.276376	0.596165	1.19856	0.632352	0.186901	1.11213	0.874074	0.185955	0.966062	2.0755	1.00039	0.584857	0.96515	0.621337	0.848815	0.337796	0.304172	0.576646	0.373021	0.21815	0.485876	0.788299	0.856789	0.296319	0.595471	0.400744	0	0	0.304454	0.329015	0	0	0.17769	0.66129	0.597222
ihec.chipseq.ihec-chipseq-containerv1.1.4.IHECRE00001959.2.750a19c1-18ed-49f4-9a40-94442cc932b5.fc.signal	1.688	1.96543	2.54714	1.20525	1.27215	4.02697	2.89655	2.54106	1.56765	1.92316	3.4008	4.42431	4.88083	4.09079	2.19283	1.48035	1.68796	1.97812	1.03027	2.91276	1.39851	0.600097	0.81068	0.346411	1.58645	1.86374	2.52948	0.894158	1.46726	1.8584	0.0633654	0.340448	1.01053	0.64847	1.35477	0.743456	0.709915	0.380049
ihec.chipseq.ihec-chipseq-containerv1.1.4.IHECRE00004618.1.fc53d730-659c-4cf2-980a-4c7a71c2d016.fc.signal	0.830983	0.699766	0.839013	0.850732	0.476936	1.03546	1.04141	1.42967	1.98609	0.705608	0.915073	0.885391	0.853781	0.434112	0.785818	0.565789	1.19254	1.21355	0.518254	0.516075	0.783592	0.653758	0.469907	0.386798	0.658165	0.437079	0.733726	0.628766	0.468483	0.130983	0.281567	0.552009	0.606353	1.07182	1.30565	0.519065	0.830286	0.781302
ihec.chipseq.ihec-chipseq-containerv1.1.4.IHECRE00001957.2.1adc09a2-a510-4845-9331-a4c7f3104a2a.fc.signal	5.42483	4.53694	3.28906	3.8242	3.06304	2.90693	2.1374	0.944682	1.2566	1.28386	1.26182	1.37466	1.51217	0.62928	0.988182	1.02156	0.277083	0.728038	0.782054	1.06555	0.610952	0.561298	0.533651	0.989757	1.02654	1.39757	1.19688	0.453259	0.293556	0.41973	0.14826	0.50083	0.451918	0.648771	0.655277	0.654105	1.11008	0.346154
ihec.chipseq.ihec-chipseq-containerv1.1.4.IHECRE00004703.3.f8d5b534-d184-4b56-88c0-e111f8b265ef.fc.signal	2.56804	1.60445	1.15253	1.47014	1.43762	2.07342	1.35267	1.80026	1.49831	1.99235	2.27214	1.27741	1.06309	0.983747	1.34523	1.39288	1.22364	0.751869	1.02408	1.2979	1.42637	1.15963	0.343909	0.761572	1.0472	0.581605	0.880238	0.91496	0.376172	0.379155	0.519818	0.706709	0.296349	0.246736	1.29804	0.910623	0.764851	0.439815
ihec.chipseq.ihec-chipseq-containerv1.1.4.IHECRE00000242.3.8843da7d-cdf7-4888-a714-dd6f9ae96b22.fc.signal	0	0	0	0	0	0	0	0	0	0	0	0	0.235315	0.442678	0.384104	0.133088	0.014201	0.218179	0.308549	0.104571	0	0	0	0	0	0	0	0	0	0	0	0	0	0	0.018074	0.325332	0.323759	0.686957
ihec.chipseq.ihec-chipseq-containerv1.1.4.IHECRE00001905.1.01db0809-91fa-4fb8-a9d7-60bc51bd2d7e.fc.signal	5.07826	3.62663	2.17799	1.23295	1.26331	2.17831	2.70201	1.94305	2.44397	2.07013	2.29228	2.56176	3.80146	4.04176	3.556	2.85418	1.29226	1.8854	0.453737	0.111297	0.790432	0.696697	0.413146	1.3401	1.16209	1.582	1.78364	0.658319	0.90195	0.788875	0.470924	0.402318	0.499882	0.514712	0.464689	0.642474	0.582236	0.349673
ihec.chipseq.ihec-chipseq-containerv1.1.4.IHECRE00003809.1.9f48ab03-6b70-4ab5-96be-1fd0eefa6fd2.fc.signal	0.409857	0.68845	0.426473	0.450498	0.605474	0.550126	0.656641	0.632988	0.507542	0.600902	1.08517	2.69382	2.71608	1.47003	0.966103	0.622692	0.579571	0.370393	0.244587	0.302153	0.376553	0.451293	0.556875	0.925817	0.561303	0.281059	0.263038	0.0713417	0	0	0	0.15738	0.453434	0.310175	0.28247	0.265552	0.306046	0.388128
ihec.chipseq.ihec-chipseq-containerv1.1.4.IHECRE00001891.4.89df7901-62b0-45af-9204-076797d91c40.fc.signal	0.390741	0.441314	1.15419	0.226791	0.709104	1.45958	0.239332	0.411919	0.604225	0.905147	1.41596	1.90902	2.3676	0.741506	0	0	0.500783	1.01686	0.639517	0.269756	0	0	0.300875	0.422156	0.121101	0	0	0	0	0	0.766273	0.465865	1.88107	2.38341	2.0325	0.0891081	0	0.718447
ihec.chipseq.ihec-chipseq-containerv1.1.4.IHECRE00000004.3.62c643a6-3471-485e-af2b-390ee2d6adff.fc.signal	1.38289	4.87924	2.75613	2.21169	4.74851	3.5647	1.72918	3.93808	4.34334	1.57687	1.93821	2.21099	1.32969	0.527901	3.73069	2.05169	5.87062	3.31514	1.01682	2.11085	3.79482	1.98978	4.26601	3.7678	0.94413	0	0.598938	1.79039	0	0	0	0	0.0195227	0.910939	2.39943	0.921359	0	0.718966
ihec.chipseq.ihec-chipseq-containerv1.1.4.IHECRE00001965.2.2738728e-c625-46ab-90a4-80a1e15e2e66.fc.signal	1.78392	0.970059	0.81412	0.986314	0.688729	0.779802	1.26024	1.23288	0.670151	0.835471	1.06062	0.885925	0.498809	0.0060388	0.378822	0.259281	0.286485	0.567676	0.609578	0.403662	0.490932	0.539759	0.470198	0.23856	0.319535	0.0886583	0.118602	0.332607	0.119532	0.171976	0.381334	0.176964	0.504496	0.0583773	0.0776773	0.673016	0.720812	0.404444
ihec.chipseq.ihec-chipseq-containerv1.1.4.IHECRE00000094.3.9d81fa09-d8bf-47fe-b214-a697eac47ad8.fc.signal	5.62914	3.9142	4.98953	8.51808	0.495281	2.57977	0.37482	1.77924	1.61642	0.509664	2.60136	0.942669	2.64649	0.28398	0	0	0	0	0	2.28873	4.22411	0	0	0	0	1.27324	1.93879	1.90687	2.80826	0	0.803345	1.50768	0	0	0	0	3.20993	0.783942
ihec.chipseq.ihec-chipseq-containerv1.1.4.IHECRE00001962.2.a87b3aa3-3079-47ca-a7bd-cbacd583588f.fc.signal	10.9809	7.06795	8.85229	9.34808	9.21092	8.69408	6.89361	6.32158	5.84583	4.95157	3.73476	3.28084	3.33088	2.03056	3.26348	2.84054	2.40416	1.43142	0.933009	1.3295	1.49467	1.19759	0.758367	2.38754	2.72346	2.31626	2.07801	2.5644	2.27623	2.79864	2.59282	1.3582	2.51628	2.49325	1.87891	2.02245	3.64296	0.427418
ihec.chipseq.ihec-chipseq-containerv1.1.4.IHECRE00000228.3.6dc10c5d-c31d-41e0-b93a-1f02c86942e4.fc.signal	0	0	0	0	0	0	0	0	0	0	0	0.0535698	0.581291	2.1948	3.07261	2.02915	1.69422	2.18422	0.739978	0	0	0	0	0	0	0	0	0	0	0	0	0	0	0	0.0773698	0.978017	2.10579	0.687702
ihec.chipseq.ihec-chipseq-containerv1.1.4.IHECRE00000964.7.10076c7e-f79e-4b00-a93b-8c94fb34535f.fc.signal	0	0.706628	0.412324	0	0	0	1.20113	0.208359	0	0	0	0	0	0	0.955999	0.34247	0	5.55205	2.68442	0	0	0	0	0	1.14872	1.58685	1.40949	0	0	0	0	0	0	0	0	1.13985	1.96773	1
ihec.chipseq.ihec-chipseq-containerv1.1.4.IHECRE00000317.2.a124c173-07de-4c6b-9f27-c8918085df98.fc.signal	7.5336	5.13029	1.56495	1.43045	0.806599	3.43751	1.80231	1.41239	2.50655	1.88933	1.29304	2.05627	2.64049	2.39619	1.72292	1.54828	1.00224	0.344752	0.364566	0.0475176	0.227451	0.298403	1.44885	2.5871	3.05703	4.23473	1.917	0.712303	0.841461	0.010564	0.40874	0.36176	0.269958	0.144162	1.19304	1.73266	0.808521	0.34576
ihec.chipseq.ihec-chipseq-containerv1.1.4.IHECRE00004900.1.255a9279-9bfd-4bf8-bbb4-56dd958d45f6.fc.signal	3.8847	2.62238	2.86534	1.31819	2.06663	2.14452	1.98843	0.651179	0.212572	1.18589	0.815957	0.987429	0.726755	0.907171	0.713329	0.0584593	0.992106	3.08146	2.71177	1.38244	0.631153	0.823893	0.580071	0.797903	0.778523	1.48765	0.710077	0.196212	0.416677	0.717746	0.809872	0.326711	0.34905	0.675815	1.76226	0.614391	0.41886	1
ihec.chipseq.ihec-chipseq-containerv1.1.4.IHECRE00000343.2.b68d835c-6f29-47d9-bc6d-a2a56a000741.fc.signal	0.276988	0.235894	0.397207	0.932837	1.12732	1.60487	1.23433	0.0783355	0.26263	0.71517	0.907353	0.923163	0.620885	0.318197	0.752025	0.77578	0.724318	0.636053	0.471963	0.0051294	0.141922	0.165028	0	0.145813	0.291701	0.554841	0.554851	0.583084	0.420059	0.242539	0.367295	0.248678	0.239826	0.720099	1.10593	0.0784469	0	0.390625
ihec.chipseq.ihec-chipseq-containerv1.1.4.IHECRE00003685.2.08c7f8f1-8d33-4b78-a437-57675e0cb0f4.fc.signal	2.10124	2.6155	2.33834	2.94982	2.40101	4.75516	5.34693	6.25723	10.3185	10.7574	10.1629	9.70631	3.92666	3.46218	1.60301	1.46292	1.49052	1.98788	1.22118	1.98099	1.55109	1.34178	0.950643	1.81119	1.71048	2.01569	1.37622	0.926522	0.95512	1.48846	0.61376	1.13161	2.27642	1.80655	2.26476	1.22839	1.33701	0.600536
ihec.chipseq.ihec-chipseq-containerv1.1.4.IHECRE00001025.7.b74fcffa-6769-49b3-a5e1-d1a14d1711c8.fc.signal	0.417791	1.53236	1.79442	0.860177	1.08167	2.83414	1.28367	0.19784	0.351631	0.276559	0.736241	0.666993	0.246559	0.543525	0.430285	0.840491	0.868154	1.09821	0.62797	0	0	0.435308	1.27965	1.34387	1.1073	0.835007	0.230926	0	0	0	0	0.118848	0.538857	0	0.223376	0.133059	0	0.664
ihec.chipseq.ihec-chipseq-containerv1.1.4.IHECRE00000233.3.58100d32-de3d-456a-a280-51cbf3f744ab.fc.signal	0.709522	2.19025	1.12865	0.0709524	0	0	0	0	0	0	0	0	0.314032	3.13862	3.69171	1.53471	2.37291	3.9943	1.8894	0.214171	0.11694	0	0	0	0	0	0	0	0	0	0	0	0	0	0.0420459	0.538717	1.80613	0.639854
ihec.chipseq.ihec-chipseq-containerv1.1.4.IHECRE00004884.1.83ea03d7-6e78-47ac-9ea3-4d33b074e7dd.fc.signal	2.18399	5.45433	1.59427	0.801701	1.53875	2.59948	2.85907	1.7895	0.407107	1.47413	1.99625	1.34503	2.46121	1.22738	0.872102	2.3591	1.60811	1.46068	0.564605	0.91951	1.69843	1.25627	1.82604	2.93928	1.36496	0.652704	2.14104	1.22843	0.461149	1.07757	0.198251	1.28236	0.971327	0.418051	0.271517	0.521507	1.83297	0.833145
ihec.chipseq.ihec-chipseq-containerv1.1.4.IHECRE00000346.2.6f1aef32-bddf-43eb-a3ec-7960ad3dc4da.fc.signal	12.9688	17.8763	4.78096	0.627837	1.49049	3.06527	3.45718	0.83102	0.823165	0.712536	0.537376	1.71952	3.06887	5.77453	7.49251	5.16495	5.16749	7.06291	3.44408	1.39763	0.605231	0.020416	0.181625	1.02564	2.66789	2.01556	1.35943	0.862914	0	0	0	0.257282	0.433199	0	0	1.15276	2.23115	0.423516
ihec.chipseq.ihec-chipseq-containerv1.1.4.IHECRE00000831.3.279f4a2c-97fc-4d8a-b4ce-6af8c2361f88.fc.signal	1.15045	0.755191	1.46796	0.511403	0.511368	0.664152	0.791574	0.46932	0.320742	0.64423	0.881942	1.24387	1.64366	1.23541	1.69106	1.49323	0.998627	0.947638	1.15596	0.986811	0.447332	0.718298	0.903477	1.27089	0.691195	0.906179	1.07204	0.538817	0.914506	0.706613	0.557376	0.245097	0.253056	0.197155	0.592061	0.570473	0.887208	0.446721
ihec.chipseq.ihec-chipseq-containerv1.1.4.IHECRE00000718.3.3cf6cab8-5a06-44c2-b745-b249948e89e2.fc.signal	4.24359	4.78638	3.50451	0.0388696	1.3335	4.13218	3.44394	1.57805	1.40072	3.82463	1.32403	0.989193	3.06719	1.74847	1.20833	1.23171	0.70516	3.64864	1.48153	0.530426	0.260047	1.20743	2.22645	0.404103	0.328134	0.983107	0.587609	0.116422	1.15137	0.454074	0.595935	0	0.0606747	0.337633	0.0932859	0.0984716	1.48561	0.429142
ihec.chipseq.ihec-chipseq-containerv1.1.4.IHECRE00001901.1.16fe48e6-bb3e-487a-8565-bd4680bfb7cf.fc.signal	0.318561	0.584129	0.699177	0.484214	0.580943	0.434972	0.805459	1.36174	1.14677	1.12696	1.33638	1.80464	1.75164	0.897339	0.81188	1.1089	1.03719	0.43874	0.559971	0.801973	0.351235	0.620753	0.675236	0.903438	1.10513	1.05857	0.649342	0.280148	0.290715	0.643594	0.384985	0.298135	0.467686	0.549221	0.40528	0.432467	0.324786	0.437236
ihec.chipseq.ihec-chipseq-containerv1.1.4.IHECRE00000775.1.0fb1e686-4f1c-4706-b5f2-84ac84a9ffd9.fc.signal	0.449394	0.87125	0.93055	0.629893	0.623744	1.26253	1.38134	0.573193	0.354621	1.4116	0.602118	0.405991	0.496232	0.649982	0.766628	0.931328	1.16123	1.86756	0.80133	0.76529	0.465262	0.209203	1.05387	0.718866	0.626672	0.854224	1.40637	0.561551	0.628774	0.444424	0.155045	0.288523	0.392212	0.359886	0.29018	0.602555	0.420269	0.452617
ihec.chipseq.ihec-chipseq-containerv1.1.4.IHECRE00004905.1.1fb16ad5-9469-4e3d-8b91-c2d692d318b3.fc.signal	1.16245	0.848362	1.10022	0.706856	1.52523	0.998422	0.504188	1.11051	0.746562	0.552188	0.70983	0.408967	0	0	0.249664	1.37194	2.45782	1.51963	0.855416	0.70028	0.360598	1.02405	0.555601	0	0.0758194	1.27082	0.977786	0.537292	1.02185	1.10057	0.430051	0.162089	0	0.54858	1.89822	0.709791	0	0.721088
ihec.chipseq.ihec-chipseq-containerv1.1.4.IHECRE00004615.1.dc1c3cb6-a39e-4f93-b860-65238212598d.fc.signal	1.95511	1.82328	1.17225	2.04471	1.05135	1.31143	2.02296	1.92307	1.46675	2.47719	1.39316	1.25812	0.986418	0.155601	0.580408	0.842188	1.25172	0.247237	0.219015	0.300123	0.950552	1.22741	1.22665	0.879173	0.388794	1.01978	1.40181	0.698314	0.88558	0.830629	0.384839	0.517085	0.407155	0.137926	0.586742	1.54664	1.77671	0.863684
ihec.chipseq.ihec-chipseq-containerv1.1.4.IHECRE00001235.5.9288c3da-b959-4677-8b20-db92036ed803.fc.signal	0.385663	1.69747	2.32771	0.376548	0.792319	4.08048	1.19826	0.443773	0.4256	0.848264	0.3514	1.41803	0.814659	0.389179	2.80591	1.18506	1.24641	1.9265	0.397938	1.11566	0.460555	0	0	0	1.11676	1.43498	0.0994	0	0	0	0	0	0	0	0	0	0.90058	0.712375
ihec.chipseq.ihec-chipseq-containerv1.1.4.IHECRE00003813.1.9e057db0-12a8-4506-8d1c-dcb4b250c1de.fc.signal	0.949385	0.591929	0.497701	0.236901	0.303731	0.380788	0.214166	0.145125	0.299498	0.757352	2.03439	2.72429	2.89972	1.64659	0.85872	0.840441	0.313186	0.422832	0.498566	0.525479	0.368279	0.384541	0.439261	0.552037	0.10881	0.233853	0.357734	0.173343	0.130608	0.188239	0.351404	0.615887	0.263022	0.152633	0.520427	0.727523	0.747739	0.34188
ihec.chipseq.ihec-chipseq-containerv1.1.4.IHECRE00001900.1.2fed605f-5556-495f-a3dc-996f1c618e91.fc.signal	0.961767	0.755941	0.525823	0.418217	0.683182	0.892587	0.48009	0.559895	1.5237	1.52609	2.03742	2.02835	1.28524	0.605073	0.269373	0.592837	0.629755	0.594898	0.759329	0.657761	0.950143	0.772145	0.796075	0.95334	0.533727	0.107579	0.316866	0.76281	0.610774	0.343585	0.384545	0.221812	0.340498	0.286665	0.835889	0.87719	0.485841	0.46875
ihec.chipseq.ihec-chipseq-containerv1.1.4.IHECRE00000969.7.0baab4a8-a829-4c43-b8f6-5a3994be9e01.fc.signal	1.09352	1.59454	1.38264	1.08448	0.373464	1.06294	0	0	0	0	0	0	0.833948	0.244188	0	0	0.179596	0.482229	0.200093	0.399328	0.443097	0.424159	0.606576	0.360663	1.14804	0.836518	0.888104	0	0	0	0	0.280098	0.976752	0	0	0	0	1
ihec.chipseq.ihec-chipseq-containerv1.1.4.IHECRE00000285.2.88242bde-ac9a-4226-9332-88ef1ce7c006.fc.signal	2.4569	3.61144	0.961804	0.676367	0.896307	1.88758	2.632	1.52798	1.26756	1.0416	2.39709	1.5063	1.71667	0.49193	0.17048	0	0.638317	1.97149	0.840324	0.531724	0.551005	0.42106	0.217566	0.463893	1.31948	1.02521	0.482956	0.0840042	0	0.686746	0.73039	0	1.13775	0.82278	0.514901	1.27834	1.11261	0.318059
ihec.chipseq.ihec-chipseq-containerv1.1.4.IHECRE00004664.3.f02f78f0-4a04-4485-8f18-d6274e109965.fc.signal	1.56682	1.28165	1.30477	0.712779	1.30977	1.04041	0.945747	0.856251	0.876552	1.13726	1.65817	1.60993	0.758258	1.03632	1.00786	0.74575	1.34415	1.21013	0.723147	0.246238	0.87951	0.792569	1.14123	0.6766	1.10109	0.751788	1.07179	1.16165	0.79435	1.22324	1.25836	0.854536	0.476852	0.218242	0.254656	1.14955	1.43531	0.508039
ihec.chipseq.ihec-chipseq-containerv1.1.4.IHECRE00003715.2.f452847b-856b-4b4d-bec4-906e8d705518.fc.signal	2.26746	1.18048	0.627512	0.812545	0.285759	1.14837	1.24447	0.357242	0.268873	0.930417	2.69616	5.2484	6.08103	2.52111	0.87931	2.2527	0.766143	0.603631	0.917827	0.741305	1.05166	0.568576	0.861967	1.31743	1.59676	0.497785	1.32913	1.25354	1.27434	2.53805	0.656667	0.742568	0.432456	0.150957	0	0.167238	0.34722	0.349442
ihec.chipseq.ihec-chipseq-containerv1.1.4.IHECRE00001246.1.ca6ad4db-8b69-4438-9417-122ebb14df0b.fc.signal	2.32735	1.37681	1.67435	0.916784	0.918881	1.53665	1.09739	1.75923	1.38598	1.3261	1.58517	1.6552	1.98965	1.90029	1.0689	0.730517	1.15469	0.473122	0.358426	0.131357	0.389964	0.557778	0.161108	0.735676	1.10037	0.111584	0.143746	1.02387	2.12608	1.38945	1.02834	0.932828	0.0811211	0.217777	0.111132	0.173627	0	0.377049
ihec.chipseq.ihec-chipseq-containerv1.1.4.IHECRE00004728.1.eff029f0-bac1-4b6d-a8ef-a052fc08bb40.fc.signal	0.545328	1.1476	1.52696	0.978611	1.65392	0.571271	0.992396	0.553134	0.742949	1.95196	1.60294	0.825244	1.63881	0.454279	0.437034	0.292269	1.0614	2.21739	1.65722	0.328178	1.00051	1.17537	0.447489	0.739863	1.12494	0.844511	1.14165	0.418398	1.54027	1.88689	0.371499	0.488186	1.86812	1.00264	0.905039	1.34273	2.59795	0.857627
ihec.chipseq.ihec-chipseq-containerv1.1.4.IHECRE00003684.3.6340c768-b60c-43ff-84dd-c55bbe817516.fc.signal	3.98799	4.10276	3.34011	3.34552	4.36712	6.20876	4.36855	5.47284	9.11196	11.4661	9.03329	5.66489	4.57809	2.56813	3.21382	4.43204	2.28731	2.43065	1.34285	1.5594	0.819576	0.988174	0.490206	0.765258	0.717139	2.00434	2.36693	1.49993	1.12036	2.72819	0.894452	1.3115	1.79076	0.976787	0.834065	1.15785	1.24219	0.593649
ihec.chipseq.ihec-chipseq-containerv1.1.4.IHECRE00004604.3.2060b949-a0ba-4eb6-9071-42320bc08233.fc.signal	0.673234	2.14567	1.36479	2.26721	2.30632	2.13286	1.21607	1.50182	1.52457	3.1123	2.75144	3.05297	2.88972	0.935415	0.136067	0.450638	0.654732	0.973003	0.356924	0.748305	0.283261	0.932884	0.755112	0.247169	0.621472	0.822231	0.620971	0.738153	0.785756	0.605462	0.479634	1.81481	1.41169	1.35453	1.40461	1.64575	0.800699	0.527242
ihec.chipseq.ihec-chipseq-containerv1.1.4.IHECRE00000980.8.68531edc-00be-43f4-8cc7-5aba8c5c337a.fc.signal	0.799718	2.1209	1.71493	0.554397	0.522471	1.26965	0	0.125684	0.205786	0.534237	0.83359	0.36295	0.330361	0.239308	0.510524	0.675081	0.167516	0.942172	0.244534	0	0	0	0.294082	1.30514	0.914132	0.783525	1.00017	0.414739	0	0	0	0.0678039	0.530466	0	0.00797693	0.615441	0.486094	0.842767
ihec.chipseq.ihec-chipseq-containerv1.1.4.IHECRE00000222.3.66a40f9f-6ca2-4937-819f-50fcd48c0ff1.fc.signal	0.252431	0.983132	0.75981	0.011589	0	0	0	0	0	0	0	0.247263	1.23632	1.28985	0.77801	0.703007	0.552567	1.24891	1.00272	0.615595	0.0850051	0	0	0.323245	2.11591	2.65038	1.71023	0.472619	0.0939997	0	0	0	0	0	0	0.222822	0.579543	0.666667
ihec.chipseq.ihec-chipseq-containerv1.1.4.IHECRE00004641.3.8f2205e1-b664-4bca-ad51-53d7ed5a7d3c.fc.signal	1.48211	1.33999	1.28694	1.35555	1.46972	0.946052	0.834804	1.17785	1.27256	1.89499	1.94068	0.928223	1.08899	1.19465	0.987589	0.945428	1.19118	0.809229	0.733253	0.758516	0.908457	1.04334	1.14001	1.1016	0.734218	0.383439	0.459681	0.449235	0.606993	0.43555	0.398557	0.95367	1.04881	0.811736	0.61648	0.576467	0.925998	0.430059
ihec.chipseq.ihec-chipseq-containerv1.1.4.IHECRE00000304.2.95eca80c-cf92-4d7c-b119-29df47c015c5.fc.signal	2.19997	3.41086	3.16044	1.56201	0.284351	1.90915	2.49137	2.23124	2.34317	2.51449	4.12084	2.67336	0.669852	1.22425	0	1.38797	5.69423	1.06354	0	0	0	0	0	0	0.67569	1.14378	0	0	0	0	0.498329	1.72785	0.21859	0	0	0	0	0.321154
ihec.chipseq.ihec-chipseq-containerv1.1.4.IHECRE00000231.3.56cd85a8-5ca2-4de0-a140-ece4da1de9d3.fc.signal	0.646164	0.673007	0.188003	0	0	0	0	0	0	0	0	0	0.904593	7.80359	11.1119	5.39791	1.56999	4.42054	1.95181	0.110777	0	0	0	0	0	0	0	0	0	0	0	0	0	0	0.0033572	1.64973	4.80469	0.510157
