	chr1:93267847-93267996	chr1:93267997-93268066	chr1:93268067-93268146	chr1:93268147-93268296	chr1:93268297-93268446	chr1:93268447-93268526	chr1:93268527-93268566	chr1:93268567-93268596	chr1:93268597-93268746	chr1:93268747-93268866	chr1:93268867-93268896	chr1:93268897-93268926	chr1:93268927-93268976	chr1:93268977-93269046	chr1:93269047-93269196	chr1:93269197-93269346	chr1:93269347-93269496	chr1:93269497-93269646	chr1:93269647-93269796	chr1:93269797-93269946	chr1:93269947-93270096	chr1:93270097-93270246	chr1:93270247-93270396	chr1:93270397-93270546	chr1:93270547-93270696	chr1:93270697-93270846	chr1:93270847-93270996	chr1:93270997-93271146	chr1:93271147-93271296	chr1:93271297-93271446	chr1:93271447-93271596	chr1:93271597-93271746	chr1:93271747-93271896	chr1:93271897-93272046	chr1:93272047-93272196	chr1:93272197-93272346	chr1:93272347-93272496	chr1:93272497-93272646	chr1:93272647-93272796	chr1:93272797-93272946	chr1:93272947-93273096	chr1:93273097-93273246	chr1:93273247-93273314	Expression
ihec.chipseq.ihec-chipseq-containerv1.1.4.IHECRE00001854.4.91c7adb9-9182-4f05-b5fa-c053c0a1b0ec.fc.signal	0.124566	0.204879	0.23955	0.087835	0	0	0	0	0	0.0139737	0.23955	0.23955	0.23955	0.41075	0.244348	0.220415	1.15052	0.849543	0.138678	0.0749829	0.404116	0.366489	0.0747821	0.728493	1.33616	0.874948	0.592652	0.26094	0.372411	0.498744	0.682076	0.78897	0.574832	0.31622	0.619266	0.342667	0.623637	0.486509	0.397739	0.795118	0.489736	0.148521	0.539104	0.315385
ihec.chipseq.ihec-chipseq-containerv1.1.4.IHECRE00001379.1.3635c35b-bff5-4878-adcc-965cd885b7d1.fc.signal	0	0	0	0	0.24411	0.36254	0.353477	0	0	0	0	0	0	0	0	0	0	0	0	0.170692	0.242897	0.27278	0.461313	0.390895	0.44435	1.08903	0.640352	0.234893	0.516475	0.493419	0.665398	0.723184	0.378708	0.714764	0.679828	0.141089	0.12085	0.187404	0	0	0	0	0	0.528777
ihec.chipseq.ihec-chipseq-containerv1.1.4.IHECRE00000987.6.5cfbaa8b-8208-4e04-b7a6-61e4e70766cd.fc.signal	0	0	0	0	0	0	0	0	0	0	0	0	0	0	0	0	0.504122	1.17004	0.741728	1.09698	0.837568	0.360988	0.573074	0.711959	0.430857	0.730357	0.303665	0.288296	0.286158	0.0701653	0.219467	0.368422	1.54533	0.98211	1.24849	2.34166	1.51775	1.32205	1.9141	3.37879	3.60907	1.16193	0.578835	0.743455
ihec.chipseq.ihec-chipseq-containerv1.1.4.IHECRE00001966.2.a5362628-573c-4f29-aabc-203a1f7daa08.fc.signal	0	0	0	0.202749	0.163036	0	0	0	0	0	0	0	0	0	0	0	0.0812449	0.372483	0.112639	0.100549	0.33787	0.2172	0	0	0.236193	0.129592	0.225742	0.458379	0.654604	0.897278	0.286783	0.222239	0.0152768	0	0.0314376	0.274409	0.00891147	0	0.386606	0.62277	0.0449194	0	0	0.640625
ihec.chipseq.ihec-chipseq-containerv1.1.4.IHECRE00001458.1.95d5ed16-4642-4ac8-b3c3-c6d52abdacb8.fc.signal	0.552912	0.67153	0.608584	0.123134	0.588711	0.67153	0.394536	0	0	0	0	0	0	0	0	0	0	0	0.136877	0.325323	0.133288	0.157266	0.0204036	0.131576	0.0929456	0.0197202	0.363867	0.701548	0.402685	0.514053	1.14387	1.42075	1.51848	1.20925	1.00171	1.14751	0.983363	0.394672	0.456764	0.154477	0.541722	0.449956	0	0.592593
ihec.chipseq.ihec-chipseq-containerv1.1.4.IHECRE00000244.3.e3307280-fd43-48ec-bfea-65dc3dbb16cb.fc.signal	0	0	0	0	0	0	0	0	0	0	0	0	0	0	0	0	0	0	0	0	0	0	0	0	0	0	0	0	0	0	0	0	0	0	0	0	0	0	0	0	0	0.29607	0.41194	0.458333
ihec.chipseq.ihec-chipseq-containerv1.1.4.IHECRE00001471.1.0c91e2e5-1304-4ccf-8240-a439ef5e19fb.fc.signal	0.201102	0	0	0	0	0	0	0	0	0	0	0	0	0	0	0.100551	0.33517	0.232509	0.520527	0.325051	0.669321	0.324124	0.594573	0.53845	0.749716	1.41687	1.41496	2.64523	4.49038	2.71994	1.36747	1.05013	0.229589	0.178996	0.631266	0.317039	0.233214	0.410922	0.167392	0.933275	0.406721	0.165351	0.328804	0.477419
ihec.chipseq.ihec-chipseq-containerv1.1.4.IHECRE00003843.4.49e5ea45-59d8-417f-b446-420c07cf032e.fc.signal	0.765289	1.02784	0.657832	0.145423	1.26391	0.150139	0	0	0	0	0	0	0	0	0	0	0.0343196	0.694391	0.99182	0.936255	0.839853	0.85617	0.0588276	0.659824	0.785863	0.485201	0.557761	1.16218	0.973309	0.723704	0.565206	0.93956	0.342393	0	0.472052	0.90119	0.615296	1.48928	0.829387	0.392136	1.02688	0.125819	0.179634	0.78869
ihec.chipseq.ihec-chipseq-containerv1.1.4.IHECRE00003828.3.fa27d843-786a-4e79-8835-42abca97de87.fc.signal	1.17056	1.13567	0.877069	0.338702	1.34226	0.131759	0	0	0	0	0	0	0	0.135773	0.614134	0.0138232	0.288005	1.0657	1.06804	1.33189	0.910808	0.411587	0.582388	1.23444	1.2218	1.93215	1.88377	1.6319	0.742077	0.47993	0.317873	0.196837	0.925338	1.54459	1.58296	0.808271	0.284679	1.00615	0.690376	1.13611	0.601904	0.145144	0.0686065	0.629476
ihec.chipseq.ihec-chipseq-containerv1.1.4.IHECRE00004607.2.69656c3b-1dfd-41af-af20-57e8f19233a1.fc.signal	0.652727	0.471899	0.359021	0.176457	0.770756	0.23228	0	0	0	0	0	0	0	0	0	0	0	0	0	0.0362925	0.247794	0.118934	0.26884	0.10176	0.48355	0.632294	0.524364	0.581102	0.349255	0.0645121	1.75123	0.82781	0	0.380317	0.670167	0.354345	0.0948889	0.424803	0.426079	0.415279	0.322719	0	0.107171	0.428571
ihec.chipseq.ihec-chipseq-containerv1.1.4.IHECRE00001918.1.9e638be4-fa7a-454b-8210-0976e280183f.fc.signal	0.267872	0.0150437	0	0	0	0	0	0	0	0	0	0	0	0	0.00234013	0.212922	0.417592	0.539139	0.920494	0.240972	0.0233203	0.30707	0.246971	0.510435	0.500659	0.511921	0.169618	0.19718	0.651472	0.413492	0.556246	0.672233	0.0619426	0.439315	1.21624	1.00434	0.603421	0.649738	0.797025	0.950594	0.245577	0	0	0.571429
ihec.chipseq.ihec-chipseq-containerv1.1.4.IHECRE00003835.4.f2b75171-e2d2-4fe1-8ece-a2ab6c448cec.fc.signal	0.871738	0.28054	0	0	0	0	0	0	0	0	0	0	0	0	0	0.0361597	0.414241	0.778792	0.727144	0.684806	0.678632	1.56695	0.689727	0.125008	0.855382	1.05122	0.339851	1.03739	1.39435	1.01434	1.62994	1.31389	0.511333	1.65992	1.13107	0.875068	0.803132	0.885043	0.831448	0.368157	0.0954877	0	0	0.80109
ihec.chipseq.ihec-chipseq-containerv1.1.4.IHECRE00004605.1.5720ead7-dd43-4b40-b17e-b9f7cda69ec0.fc.signal	0.405877	0.493922	0.256803	0.160349	0.0768338	0	0	0	0	0	0	0	0.146986	0.560734	0.357438	0	0.0117728	0.282163	0.459432	0.645829	0.609162	0.597991	0.422868	0.540098	0.915237	1.16149	0.239405	0.482162	1.06581	0.537833	1.60586	0.851889	0.786981	0.661668	0.499862	0.947099	0.365348	0.867574	1.0812	0.468134	0.340735	0.0244977	0.314401	0.46729
ihec.chipseq.ihec-chipseq-containerv1.1.4.IHECRE00000353.2.d5aa2b31-e719-4799-8359-f5ba7c375e73.fc.signal	0.193134	0	0	0	0	0	0	0	0	0	0	0	0	0	0	0	0.0945033	0.586857	0.158835	0.282561	0.00855253	0.212834	0.640111	0.211921	0.386268	0.92316	0.774209	1.068	0.414842	0.247814	0.321882	0.50461	0.0637807	0	0	0.138551	0.319132	0.345765	0.230336	0.172541	0.481647	0.0320709	0.367268	0.59322
ihec.chipseq.ihec-chipseq-containerv1.1.4.IHECRE00000193.3.ff176449-fe74-4f56-97cc-e3565a6ea39c.fc.signal	0	0	0	0	0	0	0	0	0	0	0	0	0	0	0	0	0.0871344	0.430528	0.652061	0.692828	0.0580555	0	0.377362	0.457936	0.177886	0.63774	0.529656	0.531923	0.682452	0.511876	0.708511	0.242262	0.133732	0.293462	0.226289	0.762966	0.551464	0.0249805	0.396282	0.940059	0.817256	0.269462	0	0.60424
ihec.chipseq.ihec-chipseq-containerv1.1.4.IHECRE00000195.3.986cff92-5d42-4625-83db-98aad85f151e.fc.signal	0	0	0	0	0.295561	0.39584	0.079168	0	0	0	0	0	0	0	0	0.335145	0.699317	0.192642	0.345579	0.211809	0.356256	1.22975	1.48309	1.45406	0.473852	0.780395	1.41184	1.22127	0.959773	0.384705	0.258216	0.421935	0.601372	0.342021	0.873272	0.128481	0	0.0948091	0.363113	0.0144534	0	0	0.390019	0.451807
ihec.chipseq.ihec-chipseq-containerv1.1.4.IHECRE00004610.2.ea8a1015-0f82-48f9-9c20-42da2550bfd3.fc.signal	0.396418	0.697531	0.682405	0.412625	0.905014	0.0991251	0	0	0	0	0.0823017	0.12995	0.12995	0.0946779	0.136031	0.227114	0.0268563	0.0476483	0.779334	0.640143	0.308024	0.0710801	1.18414	0.700419	0.594673	0.383131	0.436031	0.30862	1.19722	0.56781	0.62893	0.437294	0.38229	1.00054	0.259822	0.401824	0.570339	0.356531	0.753987	0.803678	0.53484	0.0620201	0.129826	0.581152
ihec.chipseq.ihec-chipseq-containerv1.1.4.IHECRE00003814.1.11a61f63-d38d-4a9b-820e-fb836fb9105a.fc.signal	0.366259	0.479139	0.316219	0.224536	0.170574	0	0	0	0	0	0	0	0	0	0.0568799	0.182172	0.558554	0.764142	0.663885	0.938389	0.495965	0.578624	1.02835	0.620434	0.662566	0.727493	1.05904	0.536993	0.372831	0.902744	1.52759	1.80819	0.87486	0.621007	1.35983	1.8023	3.19497	3.28268	2.42201	2.38609	1.29285	0.415373	0.26362	0.597122
ihec.chipseq.ihec-chipseq-containerv1.1.4.IHECRE00000324.2.aee1956d-7eef-43f7-b3cc-8c134b0ab626.fc.signal	0.176823	0.167265	0	0.098766	0.156114	0	0	0	0	0	0	0	0	0	0	0	0	0	0.233032	0.2456	0.32593	0.20974	0.194703	0	0.0614061	0.332683	0.193567	0.420272	0.367733	1.01877	0.698113	0.0866413	0.0888878	0.120126	0.0974517	0.244247	0	0.205097	0.182095	0.489321	0.641855	0	0	0.699029
ihec.chipseq.ihec-chipseq-containerv1.1.4.IHECRE00003396.1.d3bf1929-bb76-4033-8d58-57bb7c239aaf.fc.signal	0	0	0	0.0487733	0.325573	0	0	0	0	0	0	0	0	0	0	0	0.0561653	0.517262	1.64058	0.552747	1.54241	0.310609	0.676606	0.534675	1.12855	0.354712	0	0.787305	2.53477	0.130061	0.304896	0.671007	0.467418	0.366546	0.778897	0.260187	0.418942	1.88374	0.495863	0.900194	1.45031	0.150032	0	0.621359
ihec.chipseq.ihec-chipseq-containerv1.1.4.IHECRE00003677.3.18735c01-9e7f-4bc3-8ba6-c4181a530efa.fc.signal	0.128718	0.069905	0.17794	0.10973	0	0	0	0	0	0	0	0	0	0	0	0	0	0.272328	0.538102	0.138817	0	0.00593133	0.248199	0.727611	0.416488	0.444365	0.277038	0.610464	0.438456	0.515563	0.594504	0.907587	0.972781	0.485307	0.306724	0.44903	0.175198	0.578138	0.397354	0.220465	0.17794	0.204631	0.17794	0.552448
ihec.chipseq.ihec-chipseq-containerv1.1.4.IHECRE00001378.1.8de637e5-a5d6-4185-adf0-6cd26a8c9528.fc.signal	0	0	0	0.26815	0.466741	0.297944	0	0	0	0	0	0	0	0	0	0	0.198618	0.464914	0.0873891	0.522578	0.618464	0.913572	0.846524	0.792642	0.281975	0.69091	0.348938	0.814907	0.933198	1.66059	2.08027	1.00542	0.115778	0.571303	0.843395	0.433405	0.408454	0.397636	0.920994	0.49156	0.258218	0.215969	0.74471	0.579646
ihec.chipseq.ihec-chipseq-containerv1.1.4.IHECRE00001019.4.3cb80d46-685f-499c-92a6-1e52fde53ed9.fc.signal	1.11131	1.13939	0.685949	0.232428	0.614622	0.110501	0	0	0	0	0	0	0	0.180464	0.326705	0.060636	0	0	0	0	0	0	0	0.10106	0.133192	0.235029	0	0.0488457	0.175094	0.345852	0.720817	0.224393	0.1082	0.0976841	0.434717	1.03681	0.643076	1.084	2.36269	1.5735	0.18434	0	0	0.615789
ihec.chipseq.ihec-chipseq-containerv1.1.4.IHECRE00000250.2.49953b3d-9030-4a88-85fe-119abc3077c8.fc.signal	0	0	0	0	0	0	0	0	0	0	0	0	0	0	0	0	0.440867	0.818047	0.297969	0.561439	1.0326	0.476006	0.915073	0.554041	0.900461	0.829846	0.533465	0.463085	0.0314953	0.379744	0.58346	0.853296	0.442427	0.305155	0.316099	0.233459	0.0735407	0.370736	0.854759	0.293373	0.37045	0	0.253324	0.722222
ihec.chipseq.ihec-chipseq-containerv1.1.4.IHECRE00004713.2.e0c0800b-3b56-4a12-9e86-6c2b014acbe6.fc.signal	0.126185	0.5567	0.403607	0	0	0	0	0	0	0	0	0	0	0	0	0	0.16701	0.541855	1.58086	1.31377	0.299524	1.08356	0.971165	0.0284024	0.49174	0.364448	0	0.434248	0.971156	1.12805	1.09845	0.74307	0.792335	0.933404	1.11412	0.601055	0.510601	0.123077	0.415625	1.0316	1.36932	0.0593813	0	0.71831
ihec.chipseq.ihec-chipseq-containerv1.1.4.IHECRE00001887.4.e03cd402-356e-42a8-a5d3-47467ef89fb6.fc.signal	0	0	0	0	0	0	0	0	0	0	0	0	0	0	0	0	0	0	0	0	0	0.0647237	0.496001	0.716893	0.345284	0.416484	0.634932	0.393344	0.27422	0.406636	0.711385	1.39429	0.930772	0.561964	0.546208	0.358762	0.371949	0.246075	0.0358917	0.250933	0.215694	0.495093	0.733468	0.449827
ihec.chipseq.ihec-chipseq-containerv1.1.4.IHECRE00001526.1.1f52ccac-321d-48d1-a5dd-159e559bb6f6.fc.signal	0.218166	0.36361	0.295433	0	0	0	0	0	0	0	0	0	0	0	0	0.0290888	0.470237	0.405635	0.191042	0.254278	0.060104	0.477328	0.630957	0.153367	1.18763	0.993732	0	0	0	0.261479	0.656087	0.873714	0.360162	0.189698	0.405918	0.269649	0.219792	0.163567	0.49861	0.238465	0.324259	0.316276	0.383369	0.518072
ihec.chipseq.ihec-chipseq-containerv1.1.4.IHECRE00001955.3.20a7277a-189d-447e-b862-19ad112ed91b.fc.signal	0.244952	0.484127	0.441867	0.370898	0.211667	0	0	0	0	0	0	0	0.031583	0.220703	0.363256	0.349815	0.0998255	0.21194	0.42603	0.518857	0.411539	0.765323	0.708588	0.653175	0.592749	0.598738	0.280725	0.201417	0.410564	0.590318	0.476207	0.298992	0.196998	0.186034	0.249721	0.340868	0.345081	0.4628	0.626176	0.907052	0.576136	0.297311	0.365726	0.616352
ihec.chipseq.ihec-chipseq-containerv1.1.4.IHECRE00000308.2.8dd08285-52b6-49fe-8f83-344760bca02e.fc.signal	0	0	0	0	0	0	0	0	0	0	0	0	0	0	0	0	0	0	0	0.325907	0.257891	0	0	0.276514	0.192412	0.328181	0.318848	0.222119	0	0	0.200604	0.665461	0.568742	0.239296	1.08548	0.606487	0	0	0.382074	0.514071	0	0	0	0.570248
ihec.chipseq.ihec-chipseq-containerv1.1.4.IHECRE00003833.4.c9356221-6b90-4965-9d95-323075444bf6.fc.signal	0.188571	0.13595	0.0849687	0.215777	0.568515	0.229528	0	0	0	0	0	0	0	0	0	0	0	0.221242	0.69819	0.969525	1.88879	0.429265	0.524835	0.701902	1.49559	1.19583	0.53057	0.686517	1.60225	1.28982	0.94347	2.25238	1.2994	0.935772	1.03979	0.595602	0.519765	0.919514	1.29448	1.1135	0.445201	0.0208475	0.123994	0.854478
ihec.chipseq.ihec-chipseq-containerv1.1.4.IHECRE00001958.3.15c43137-8b62-45aa-904f-5b9257a45d2c.fc.signal	0.261088	0.117464	0	0	0	0	0	0	0	0	0	0	0	0	0	0.0738997	0.12506	0.208001	0.330208	0.276233	0.379916	0.500216	0.354468	0.296108	0.28914	0.175149	0.173996	0.352609	0.730647	0.376869	0.132877	0.27163	0.259755	0.498992	0.481622	0.471835	0.356007	0.370889	0.389738	0.525602	0.28799	0.130901	0.234772	0.522727
ihec.chipseq.ihec-chipseq-containerv1.1.4.IHECRE00001916.1.e7613ff6-6db0-405e-a3e1-4d00a7bd21ef.fc.signal	0	0	0	0	0	0	0	0	0	0	0	0	0	0.334376	0.663831	0	0	0	0	0	0	0	0	0.0344753	1.40615	0.960415	0.24967	0.513555	1.69138	0.813806	0.565985	0.967528	0.388056	0.157793	0.846383	0.840651	0.0442105	1.07448	0.222212	0.965143	0.386168	0	0	0.531746
ihec.chipseq.ihec-chipseq-containerv1.1.4.IHECRE00000265.2.ac61a378-e845-4fcf-9b87-5aebeef69444.fc.signal	0	0	0	0	0	0	0	0	0	0	0	0	0	0	0	0.475785	0.397726	0	0	0	0	0	0	0	0	0	0	0	0	0	0.918116	0.828906	0	0	0	0	0	0	0	0	0	0	0	0.616
ihec.chipseq.ihec-chipseq-containerv1.1.4.IHECRE00001921.1.6ac99a85-2fe0-4cc8-86a0-6bf7b17d53bb.fc.signal	0.13255	0.113614	0.00994125	0.13255	0.0565547	0	0	0	0	0	0	0	0	0	0	0	0.045067	0.13255	0.20236	0.281005	0.307992	0.805188	0.989808	0.801429	1.151	1.07909	1.14904	0.48882	0.585989	1.05045	0.966903	1.00296	0.505585	0.516033	0.270544	0.402496	0.744089	0.750641	0.651618	0.335856	0.425572	0.257146	0.167637	0.551724
ihec.chipseq.ihec-chipseq-containerv1.1.4.IHECRE00001915.1.adee2f46-da34-4846-89ca-6d9625aefc9b.fc.signal	0.214737	0	0	0	0	0	0	0	0	0	0	0	0	0	0.104356	0.18635	0.334021	0.726204	0.393653	0.979731	2.14736	0.729209	0.214676	0.0715584	0.580055	0.847013	0.474181	0.860462	0.586035	2.14859	1.76889	0.450434	1.06625	0.600964	0.666545	1.32424	1.37641	1.89832	2.26219	1.77608	0.787351	0.0313068	0	0.547945
ihec.chipseq.ihec-chipseq-containerv1.1.4.IHECRE00003848.5.24421c99-53f4-4f1c-8ef1-69e3df8de28a.fc.signal	0.349368	0.473986	0.0838959	0	0	0	0	0	0	0	0	0	0	0	0	0.283954	0.64354	0.929537	1.44844	1.25843	1.62612	1.72215	0.578177	2.14529	2.3916	2.30488	3.37889	2.80078	2.86821	0.784485	0.10013	0.471909	1.18491	0.780433	0.234962	1.14604	0.16552	0	0.130759	1.05157	1.15835	0.100113	0	0.47619
ihec.chipseq.ihec-chipseq-containerv1.1.4.IHECRE00001306.1.18e3adfa-3eb3-43e1-9f5c-5877d3eea934.fc.signal	0	0	0	0	0.910266	1.09107	0.171454	0	0	0	0	0	0	0	0	0	0	0.543148	1.03664	0.599809	0	0.181196	0.661973	0.577985	1.19196	0.858059	0.299167	0.865776	2.10664	0.423325	0.256492	0.805423	0.0526741	0	0	0	0	0	0.393411	0.161751	0	0	0	0.691176
ihec.chipseq.ihec-chipseq-containerv1.1.4.IHECRE00000053.3.a4af2880-eb13-4bea-b57f-bb2142b248dc.fc.signal	0	0.274164	0.38383	0.153532	0	0	0	0	0	0	0	0	0	0	0	0	0	0.509214	0.852097	0.396789	0.18168	0.884837	0.470645	0.111451	0.451045	0.123868	0.895362	0.944499	0.867338	0.527883	0.898513	0.314032	0.729375	0.405576	0.299387	0.179093	0	0	0	0.229523	0.194474	0	0.171376	0.588542
ihec.chipseq.ihec-chipseq-containerv1.1.4.IHECRE00003838.5.81062b7a-f969-4fb2-ad00-2580d77ec836.fc.signal	0.403685	1.16584	0.738319	0.149031	0	0	0	0	0	0	0	0	0	0.00266129	0.289975	0.055887	0.455893	0.372623	0.88069	1.28687	1.33536	1.20246	0.345398	0.885787	2.26788	1.32418	0.62194	1.01492	1.18538	0.91548	2.96135	1.34529	0.222362	1.32664	1.01241	2.14773	0.967635	1.49183	1.24579	0.915044	0.592572	0.0223548	0.342436	0.529412
ihec.chipseq.ihec-chipseq-containerv1.1.4.IHECRE00001486.1.7c96d389-3fe9-472b-a92c-86e62207efc8.fc.signal	0	0	0	0.502163	0.904653	0.167703	0	0	0	0	0	0	0	0	0	0.0206404	0.478169	0.221073	0.364441	0.739253	0.22487	0.396092	0.183267	0.338664	0.0159363	0	0.0343197	1.08427	0.567222	0.107972	0.872121	0.797062	0.169031	0.360652	0.502947	0.345322	0.506504	0	0.273252	0.231308	1.31051	0.0412808	1.11537	0.686099
ihec.chipseq.ihec-chipseq-containerv1.1.4.IHECRE00000248.2.4d6d38de-1bb2-440e-b884-e7d32a40f7d8.fc.signal	0.327558	0.415214	0.0317171	0	0	0	0	0	0	0	0	0	0	0	0	0	0	0	0	0.0717304	0.0987779	0.38777	0.736248	0.41485	0.92905	0.858876	0.732468	0.359936	0.400502	0.257345	0.234283	0.362846	0.066805	0.423636	1.04754	0.227542	0.370482	0.272988	0.139025	0.286486	0.632198	0.0707388	0.410462	0.572238
ihec.chipseq.ihec-chipseq-containerv1.1.4.IHECRE00001914.1.efe1ef25-e6b3-4cdb-b8c5-2c894fd1d880.fc.signal	0.464197	0.459439	0.29511	0.369831	0.131816	0	0	0	0	0	0	0	0	0	0	0	0	0.099538	0.673037	0.271451	0.0411995	0.396822	0.379038	1.45726	1.45952	0.636952	0.367804	0.556256	0.0199299	0.848826	1.89626	0.761953	0.0844921	1.25053	1.01654	0.175697	0.267943	1.02469	0.63834	1.17235	0.170468	0	0.125856	0.615108
ihec.chipseq.ihec-chipseq-containerv1.1.4.IHECRE00003810.1.76180591-3bc4-4c81-ab95-3508a7e6f4b6.fc.signal	0	0	0	0	0	0	0	0	0	0	0	0	0	0	0	0.0465192	0.597578	0.914006	0.380434	0.426777	0.629101	0.41832	0.69031	0.684077	0.360594	0.702456	0.629704	0.576573	0.620661	0.656417	0.714115	0.744793	0.729196	1.11678	1.28876	1.39869	2.23253	3.53492	3.87058	3.51096	2.36452	0.276992	0.11076	0.744526
ihec.chipseq.ihec-chipseq-containerv1.1.4.IHECRE00000864.3.bc3e1eea-ba58-4048-a6a7-fa645ef42e40.fc.signal	0.30292	1.05297	0.199609	0	0.967287	0	0	0	0	0	0	0	0	0	0	0	0	0	0	0	0	0.334085	0.108587	0	0.337876	0.234079	0	0	0	0	0	0	0.0481497	0.429205	0	0	0	0	0	0	0	0	0	0.818681
ihec.chipseq.ihec-chipseq-containerv1.1.4.IHECRE00001232.5.1e064882-e572-482d-b86a-86e4adf3de86.fc.signal	0.13549	0.45132	0.189397	0.15834	0	0	0	0	0	0	0.075075	0.341397	0.40972	0.260432	0.113335	0.228056	0	0	0	0	0	0	0.0518861	0.59223	0.166574	0.490255	0.075075	0.266245	0	0.162472	0.404703	0.430194	0	0	0.267643	0.831674	0.266314	0.273837	0.27547	0.310013	0.0314038	0.001365	0.554282	0.574586
ihec.chipseq.ihec-chipseq-containerv1.1.4.IHECRE00001326.1.3eaf7d0b-e072-4b5d-baf9-56a70a1f9dee.fc.signal	0	0	0	0	0.234435	0.59602	0.31291	0	0	0	0	0	0	0	0	0	0.563009	0.326214	0.0017162	0.056978	0.59273	0.455974	0.255644	0.274758	0.538252	1.05827	2.35134	2.03461	0.14303	0.528741	0.882356	0.146153	0.676391	1.42121	0.185476	0.575956	0	0	0	0.190508	0.45644	0	0.0473241	0.590909
ihec.chipseq.ihec-chipseq-containerv1.1.4.IHECRE00000055.3.18017a46-582b-4ce3-bfb4-e75efa17aec2.fc.signal	0	0	0	0.484856	1.36815	0.136989	0	0	0	0	0	0	0	0	0	0	0	0.057539	0.515337	0	0	0.607352	0.403421	0.0537012	0.367077	0.448841	0.411141	0.307994	0	0	0.214509	0.2033	0.176189	0.398937	0	0	0	0	0	0.471817	0.0306875	0	0	0.474654
ihec.chipseq.ihec-chipseq-containerv1.1.4.IHECRE00003832.2.6f165533-6331-40e2-865d-21b081721374.fc.signal	1.4608	1.27367	0.118578	0.00973133	0.278153	0.0072985	0	0	0	0	0	0	0.0642016	0.29593	0.648861	0.0671126	0.110889	0.468512	0.797654	1.30703	1.05005	0.392278	1.38099	1.36303	1.15341	0.956326	0.464979	0.656235	1.96489	1.63512	2.75977	1.22704	0.82556	1.30896	1.46447	1.62824	1.47475	1.15626	1.32096	1.2418	0.790319	0.114616	0.341697	0.482759
ihec.chipseq.ihec-chipseq-containerv1.1.4.IHECRE00000283.2.f7e01a70-1428-4cfb-8ac8-7c88a324d087.fc.signal	0	0	0	0	0.246384	0.33906	0.33906	0.33906	0.0474684	0	0	0	0	0	0	0.176311	0.5968	1.39737	1.57295	0.48368	0	0.0968151	0.321705	0.392847	0.746276	0.86239	0.4702	0.517534	0.62314	0.133403	0	0.280636	0.305939	0.0090416	0.64614	0.606284	0.350429	0.326946	0.117574	0.194564	0.114213	0	0	0.738971
ihec.chipseq.ihec-chipseq-containerv1.1.4.IHECRE00001549.1.74e60908-94bd-442d-8c28-c8335d756ee0.fc.signal	0	0	0	0	0	0	0	0	0	0	0	0	0	0	0	0	0.0203563	0.139771	0.134006	0.138962	0.308403	0.255527	0.333069	0.991413	0.43578	0.230225	0	0.397208	0.408575	0.244101	0.350887	0.319095	0.33394	0	0	0	0.217948	0.106208	0.532867	0.057605	0	0	0	0.642857
ihec.chipseq.ihec-chipseq-containerv1.1.4.IHECRE00001892.4.d37ba2fd-c103-41c2-a854-82a474c3bdc9.fc.signal	0.334043	0	0	0	0	0	0	0	0	0	0	0	0	0	0	0	0	0.407773	0.480441	0.721394	1.03562	0.150213	0	0.050986	0.874861	0.884669	0.959826	0.666389	1.62751	1.32191	0.904015	0.491117	0.00323407	0.707964	0.539414	0.248358	0.771175	0.163949	0.158519	0.437112	0.298645	0.273089	0.763419	0.742215
ihec.chipseq.ihec-chipseq-containerv1.1.4.IHECRE00000226.3.8a2cf769-e5bf-4eeb-86dc-fc2df72a9c44.fc.signal	0	0	0	0	0	0	0	0	0	0	0	0	0	0	0	0	0	0	0	0	0	0	0	0	0	0	0	0	0	0	0	0	0	0	0	0	0	0	0	0	0.205336	0.740992	1.22818	0.523179
ihec.chipseq.ihec-chipseq-containerv1.1.4.IHECRE00003816.1.c02216f5-387b-4ad0-b451-f30307b31d6f.fc.signal	0.419057	0.452956	0.183851	0.156274	0.196108	0.09193	0.0896318	0	0	0	0	0	0	0	0	0	0.0919259	0.373155	0.858716	0.595457	0.389453	0.431024	0.398753	0.863932	1.27075	1.33333	0.976	0.708373	0.540492	0.604698	0.331799	0.455896	0.684882	0.351095	0.403776	0.505828	0.38171	0.651902	0.537974	0.30144	0.102346	0.25433	0.164925	0.425191
ihec.chipseq.ihec-chipseq-containerv1.1.4.IHECRE00003401.1.b5568014-372c-40aa-9405-3d27c34b9363.fc.signal	0	0	0	0	0	0	0	0	0	0	0	0	0	0	0	0	0	0	0	0	1.47278	0.721594	0.375547	2.86455	1.46743	1.58457	0.412242	0.123556	0.501482	0.073632	1.30307	0.739648	0.0546815	0.153949	0.560829	1.77286	0.987542	1.17215	1.09402	2.0935	0.943629	0.38215	0.148456	0.59542
ihec.chipseq.ihec-chipseq-containerv1.1.4.IHECRE00003811.1.5a443ccb-e57e-49b1-b0d8-1190f415a4ba.fc.signal	0.331322	0.248115	0.0832498	0.0873943	0.299281	0.10918	0.010918	0	0	0	0	0	0	0	0.0509507	0.161649	0.0858883	0.0021836	0.216911	0.555885	0.219195	0.0931692	0.0122242	0.213913	0.469724	0.42458	0.4352	0.85157	0.778303	0.687458	0.863154	0.210535	0.126208	0.169408	0.959846	1.41462	1.7926	2.3972	2.08637	2.12286	1.50251	0.45732	0.0899129	0.674797
ihec.chipseq.ihec-chipseq-containerv1.1.4.IHECRE00000188.3.79b461fe-b972-49c7-a613-f44ea6f3ebc3.fc.signal	0	0	0	0	0	0	0	0	0	0	0	0	0	0	0	0	0	0	0	0.793221	1.13934	0	0.248674	1.58198	0.395377	0.620702	0.987237	0.630211	0.64672	0.851445	0.613706	0.030205	1.29467	1.09556	0	0	0	0.0281913	0.815779	0.446527	0.149411	0.492887	0	0.467236
ihec.chipseq.ihec-chipseq-containerv1.1.4.IHECRE00003826.4.829b60f6-fc9d-4134-bce9-259337c2a36b.fc.signal	0.758721	1.00053	0.255093	0	0.53561	0.284631	0	0	0	0.0250623	0.21482	0.21482	0.21482	0.208682	0.183313	0.138917	0.186176	0.89944	0.678816	0.20966	0.867967	0.94924	0.782319	0.971982	0.818557	0.926863	1.28746	1.34049	1.16436	1.757	1.22211	0.912199	0.911408	1.02786	1.77713	2.22436	1.02284	0.435983	0.216893	0.157733	0	0	0	0.481183
ihec.chipseq.ihec-chipseq-containerv1.1.4.IHECRE00000318.2.630bb3ae-2002-42b3-97d8-83059d35c603.fc.signal	0	0	0	0	0	0	0	0	0	0	0	0	0	0	0	0	0.0679901	0.418901	0.0144492	0.339627	0.567014	0.377936	0.709453	0.236282	0.678284	1.28539	0.445549	1.22493	0.779811	0.252895	0.542765	0.507031	0.215632	0.501865	0.724563	0.616868	0.139619	0.332019	0.524721	0.409383	0	0	0.193094	0.520958
ihec.chipseq.ihec-chipseq-containerv1.1.4.IHECRE00000347.2.20341426-0dad-4fe2-a9b9-a8953cd0eff5.fc.signal	0.701462	1.22937	1.00801	0.295633	0.248601	0	0	0	0	0	0	0	0	0	0	0	0.289425	1.49958	0.56818	0.269871	0.0755197	0.956721	0.425889	1.01455	1.44119	0	0.0903079	0.598687	1.07899	1.21429	0.140923	0.275476	0.245241	0.0914381	0.845645	0.632474	0.940858	0.12516	0.232465	0.110215	0.157895	0.362822	0	0.763926
ihec.chipseq.ihec-chipseq-containerv1.1.4.IHECRE00000147.3.f7c1ddea-b344-4b58-bfd7-a468c40e7c1e.fc.signal	0	0	0	0	0	0	0	0	0	0	0	0	0	0	0	0	0	0.374814	0.0795952	0.155952	0.818659	0.664655	1.28294	0.547751	0.584057	0	0	0.287973	0.726446	1.0711	0.60998	1.87556	1.9981	0	0	0.597374	2.14736	1.71592	0.148652	0	0.282106	0.134686	0.538149	0.543103
ihec.chipseq.ihec-chipseq-containerv1.1.4.IHECRE00000332.2.5497448a-601c-483d-a9cd-9eaf651148a5.fc.signal	0.236727	0.37378	0.0700838	0	0	0	0	0	0	0	0	0	0	0	0	0	0	0.15354	1.10844	0.86467	0.756835	0.57617	0.256347	1.38298	0.225421	0	0.212163	0.227762	0	0.160541	0.563469	0.0591119	0	0	0.10907	0.122322	0	0.174417	0.48971	1.19664	0.479852	0	0	0.74216
ihec.chipseq.ihec-chipseq-containerv1.1.4.IHECRE00000339.2.c79ef9dc-bc24-469b-b3af-895d28f16479.fc.signal	0.234565	0	0	0	0	0	0	0	0	0	0	0	0	0	0	0	0.390939	1.17282	0	0	1.01435	1.32846	0.316343	0.0411333	0.375658	0.401192	0.636579	0.842512	1.04318	0.716528	1.09897	0.255066	1.63569	1.02273	0.470045	0.165022	0.120935	0.916357	0.160622	1.42041	0.890476	0	0	0.639394
ihec.chipseq.ihec-chipseq-containerv1.1.4.IHECRE00001964.2.d1780581-c5b9-4ce5-a302-4e6523b46a10.fc.signal	1.21698	1.20591	0.755054	0.509404	0.668195	0.0619287	0	0	0	0	0	0	0.171495	0.19055	0.209605	0.022866	0.248985	0.083842	0.301069	0.91464	0.745686	0.169487	0.212784	0.189918	0.331426	0.208938	0	0.403052	0.869359	0.37652	0.951142	0.82642	0.118588	0.0410437	0.343766	0.261499	0.153812	0.793958	0.728421	0.67833	0.00635167	0.186739	0.529617	0.622807
ihec.chipseq.ihec-chipseq-containerv1.1.4.IHECRE00001557.1.1c34c63e-5cf7-4a37-9aa6-bbd711bde3d6.fc.signal	0	0	0	0	0	0	0	0	0	0	0	0	0	0	0	0	0.508307	0.183424	0.276427	0.168999	0.00424627	0.620534	0.806428	0.236225	0.0560498	0.62503	0.20302	0.312463	0.209832	0.538722	0.660275	0	0	0	0.104851	0.708351	0.674226	0.981017	0.406676	0.570043	0.824054	0	0	0.646617
ihec.chipseq.ihec-chipseq-containerv1.1.4.IHECRE00003689.3.80691124-aaea-4c56-9e41-73916520079d.fc.signal	1.20599	1.21131	0.774953	0.115892	0.248885	0	0	0	0	0	0	0.0908747	0.409122	1.03261	0.932468	0.0784035	0	0	0	0.319364	0.0102234	0	0.423897	0.917144	0.791009	0.502336	0.00227187	0	0.418245	0.244349	0.480644	0.261904	0.0988146	0	0.139767	0.189776	0.32392	0.9524	0.549286	0.597487	0.606741	0.218178	0.210574	0.502577
ihec.chipseq.ihec-chipseq-containerv1.1.4.IHECRE00000309.2.cdd4dbab-a7be-4e63-802a-52bf3df97547.fc.signal	0	0	0	0	0	0	0	0	0	0	0	0	0	0	0	0	0	0	0	0	0	0	0	0	0	0.712796	0.981944	0	0	0.0509292	0.796738	0.261703	0	0	0	0	0	0	0	0	1.73456	1.79329	0	0.582716
ihec.chipseq.ihec-chipseq-containerv1.1.4.IHECRE00003842.2.75b7a040-8636-4619-af5d-92f89f5792fa.fc.signal	0.907767	0.993269	0.9199	0.33404	0.183573	0	0	0	0	0	0	0	0	0.0279444	0.285893	0.0732287	0.363171	0.912391	0.912515	0.743968	0.865596	1.90322	2.5624	1.41662	0.885504	0.658608	1.08729	1.19974	1.81183	1.75855	1.06667	1.31647	1.06433	2.50601	1.8681	2.94648	1.81118	1.15159	0.73539	1.26461	0.501395	0.00200627	0.787868	0.430206
ihec.chipseq.ihec-chipseq-containerv1.1.4.IHECRE00004617.2.4f4a0497-3ec2-413a-b94e-d213b036987a.fc.signal	0.427329	0.369923	0.0469111	0.0077646	1.04198	0.216879	0	0	0	0	0	0	0.246048	0.432825	0.53006	0.532628	0.219266	0.547298	0.558541	0.741649	1.24866	0.666127	0.56397	0.309061	0.796778	0.900711	0.355525	0.578303	0.348454	0.239044	0.284494	0.208306	0.706962	0.258305	0.483769	0.82575	1.38307	1.15727	1.01376	0.85423	0.69111	0.157097	0.146564	0.662162
ihec.chipseq.ihec-chipseq-containerv1.1.4.IHECRE00000184.3.3b461c31-8bd0-484a-b2da-6d1ab68c1acb.fc.signal	1.04373	1.29485	0	0	0	0	0	0	0	0	0.091556	0.68667	0.68667	0.68667	0.119023	0.489824	0.981639	0.0748233	0	1.15762	0.941524	0	0	0.548112	0.158458	0	0.454878	0.844058	0.0320446	0.68667	0.540824	0.955431	0.482861	0.233561	0.0240029	0.13632	0.423191	0.364972	0.274353	0	0	0.132756	1.34304	0.544186
ihec.chipseq.ihec-chipseq-containerv1.1.4.IHECRE00000153.3.a7cb54e8-9ebd-48ce-93ca-9f70b76d2b77.fc.signal	0	0	0	0	0	0	0	0	0	0	0	0	0	0	0	0.186228	0.753742	1.08706	0.170575	0	0.390409	0.51693	0.527875	0.535817	0.785256	2.18353	1.7388	0.637091	1.47009	0.627621	0.425651	0.262399	0.193919	0.0745755	0.368257	0.66061	0.515032	0.386628	0.148092	0.769453	2.05128	0	0	0.494382
ihec.chipseq.ihec-chipseq-containerv1.1.4.IHECRE00000810.3.034c33c3-8fad-4916-833b-14c69b1bfd78.fc.signal	0.784935	0.786425	0.707789	0.1059	0.469429	0.241525	0	0	0	0.00265877	0.068719	0.098331	0.360732	0.629887	0.522367	0.43344	1.22348	1.08822	0.491467	0.675335	0.525652	0.37237	0.853588	0.551041	0.720931	1.15421	0.780042	1.15746	1.19559	1.21924	0.744896	0.905914	0.215688	0.30856	0.294117	0.462711	0.400452	0.300493	0.257706	0.825144	0.66943	0	0.120663	0.584906
ihec.chipseq.ihec-chipseq-containerv1.1.4.IHECRE00000099.3.299b05eb-8cb0-4190-94cb-01cf599ffae0.fc.signal	0	0	0	0	0	0	0	0	0	0	0	0	0	0	0	0	0	1.0354	0.797586	0.561852	0.0879269	0.702476	0.0545439	0.641938	0.916183	0.146771	0.546541	0.125364	0.680112	0.0644609	0	0	0.502819	0.725695	0.304041	0.0951987	0.395419	0.0438432	0.688123	0.520477	0.0270718	0	0	0.58457
ihec.chipseq.ihec-chipseq-containerv1.1.4.IHECRE00000297.2.de79c282-34ae-42b5-8261-f8f1459e6c69.fc.signal	0.172146	0	0	0.0498973	0.37423	0.0467787	0	0	0	0	0	0	0	0.219192	0.516437	0.64617	1.09275	0.336807	0.481633	0.452218	0.293163	0.275819	0.109011	0.071437	0.358716	0.388442	0.249139	0.412941	0.217364	0.567796	0.460224	0	0.0869448	0.634655	0.306556	0.117741	0.409013	0.936026	0.701308	0.736671	0.475734	0.264456	1.12269	0.571429
ihec.chipseq.ihec-chipseq-containerv1.1.4.IHECRE00000949.6.c2f3aee8-0c03-4973-b136-7021565c707b.fc.signal	0.354905	0.68251	0.0170628	0	0	0	0	0	0	0	0	0	0	0	0	0	0	0	0	0.207938	0.348262	0.0875773	0.317642	0.493187	0.147957	0.191426	0.206403	0.623556	0.138917	0.33354	1.03085	0.619664	0.60791	0.440986	1.14648	1.50795	1.2067	2.15863	2.84019	3.98354	2.64954	0.372973	1.28163	0.733645
ihec.chipseq.ihec-chipseq-containerv1.1.4.IHECRE00000239.3.f51aa466-1a2d-4131-98a6-f9e69e8e7d9b.fc.signal	0.306442	0.78245	0.85915	0.244844	0	0	0	0	0	0	0	0	0	0.254672	0.42963	0.479738	0.346566	0	0	0	0	0	0	0	0	0	0	0	0	0.181875	0.856328	0.688791	0.263464	0.0715867	0	0	0	0	0	0.555614	0.761792	0.801296	0.821251	0.578947
ihec.chipseq.ihec-chipseq-containerv1.1.4.IHECRE00001375.1.07633b47-0baa-45e5-af12-2021de6fd993.fc.signal	0.896665	0.83544	0.156624	0.320198	0.208825	0	0	0	0	0	0	0	0	0	0	0	0	0.071318	0.27225	0.32332	0.387756	0.3837	0.322225	0.143343	0.323884	0.409876	0.252335	0.428333	0.0434688	0.337257	0.704664	0.164012	0	0	0.202949	0.706697	0.166434	0.456667	0.598692	0.229755	0.20368	0	0.372123	0.724085
ihec.chipseq.ihec-chipseq-containerv1.1.4.IHECRE00000866.3.667978be-7c54-441e-83d2-7798acad8e7b.fc.signal	1.07705	0.990552	0.3754	0.176863	0	0	0	0	0	0	0	0	0	0.241873	0.729432	0.389573	0.671953	0.166849	0.625077	0.61158	0.406054	0.608614	0.765195	0.890788	0.914042	0.488813	0.445426	0.4712	1.20973	1.20647	0.509906	0.52117	0.371445	0.341441	0.408823	1.12559	0.882143	1.17517	1.20772	0.970837	1.01121	0.3293	0.0854607	0.520833
ihec.chipseq.ihec-chipseq-containerv1.1.4.IHECRE00000868.3.35a1bb15-bed6-4e74-9919-aa3ec990d8ef.fc.signal	1.53578	1.06449	0.300628	0.230479	0.513838	0.285221	0.0114138	0	0	0	0	0	0	0.157426	0.54928	0.310484	0.406183	0.985535	0.405043	0.602792	0.479652	0.261909	0.940862	0.690572	1.19058	0.878635	0.967686	0.628066	0.657996	0.943501	0.676043	0.241385	0.16154	0.318297	0.337901	0.398377	0.434999	0.938919	1.30797	1.16956	0.473971	0	0.120799	0.727273
ihec.chipseq.ihec-chipseq-containerv1.1.4.IHECRE00000734.3.a23d0a52-26bc-41f6-baf4-871213fcd155.fc.signal	0.569814	0.895494	0.247448	0	0	0	0	0	0	0	0	0	0.41989	0.89978	0.807793	0.13196	0.00217933	0.288294	0.880066	0.512986	0.971552	0.637476	1.1466	0.676486	1.2215	2.39638	0.783016	0.535871	0.657392	0.442586	1.13269	2.35677	1.45143	1.73777	0.913999	1.35338	1.79227	0.588914	0.262703	0.0049038	0	0	0.247059	0.449612
ihec.chipseq.ihec-chipseq-containerv1.1.4.IHECRE00001851.4.627c47c9-d19a-4fba-9f0d-ed8820985d99.fc.signal	0	0	0	0	0	0	0	0	0	0	0	0	0	0	0	0	0	0	0	0	0	0.302412	0.837351	0.473743	0.577036	0.550841	0.484486	0.289874	0.433837	0.159068	0.464374	0.449258	0.181963	0.124935	0.190409	0.163127	0.416966	0.346372	0.107781	0.142642	0.676832	0.339816	0	0.633987
ihec.chipseq.ihec-chipseq-containerv1.1.4.IHECRE00004608.1.2b4cac07-82e4-4fde-addf-f528201b15bb.fc.signal	0.860573	0.558664	0.80013	0.455328	0.468225	0.0072555	0	0	0	0.191868	0.167683	0.0257973	0.352134	0.572154	0.593346	0.564969	0.346974	0.162523	0.273452	0.273981	0.426247	0.229171	0.203381	1.02472	0.630947	0.722665	0.729512	1.44313	0.904206	0.343487	1.61199	1.39621	0.583026	0.509504	0.567854	1.92317	0.149415	0.31135	0.446963	1.12298	0.851376	0.166393	0.355662	0.496815
ihec.chipseq.ihec-chipseq-containerv1.1.4.IHECRE00000665.1.78440a22-2eaa-45a0-b153-69564ce42bd4.fc.signal	0.595594	0.634655	0.152002	0	0	0	0	0	0	0	0	0	0	0	0	0.0561981	0.310271	0.35247	0.845449	0.743167	1.34563	1.53112	1.20451	0.469978	0.661864	0.370601	0.537838	0.749976	0.571092	0.817181	2.09826	1.67482	0.562499	0.697785	1.48018	1.28755	1.98667	2.62735	3.04379	3.44935	2.48511	0.661542	1.23754	0.594771
ihec.chipseq.ihec-chipseq-containerv1.1.4.IHECRE00003821.3.a5c54e8d-c399-4c95-b6c6-525ed1d5f1b6.fc.signal	1.30623	1.48859	0.490385	0.398128	0.830992	0.02505	0	0	0	0	0	0	0	0	0	0	0	0.167239	0.737839	1.06078	0.419504	1.05099	1.51492	0.780612	1.01551	0.866592	1.01119	1.25274	0.458878	0.486748	1.3947	0.972608	0.592218	0.68516	0.558904	0.43002	0.177514	0.504021	0.150523	0.729456	0.425739	0.0863947	0.0903765	0.621469
ihec.chipseq.ihec-chipseq-containerv1.1.4.IHECRE00001004.4.f7653c1d-f81b-438a-acb2-1be8da95c8b2.fc.signal	0	0	0	0	0	0	0	0	0	0	0	0	0	0.0185474	0.16229	0.186093	0.032458	0	0	0	0	0	0	0	0	0	0	0	0	0	0	0	0	0	0	0	0	0	0	0	0.00757353	0.222878	0.217182	0.492565
ihec.chipseq.ihec-chipseq-containerv1.1.4.IHECRE00000279.2.bbb3ffa6-51c0-4409-8f26-8c7dd99f4e83.fc.signal	0	0	0	0	0	0	0	0	0	0	0	0	0	0	0	0	0	0	0	0.35478	0.0733141	0.0361107	0.382075	0	0	0	0.228002	0.311079	0.944343	0.26719	0.1293	0.361904	0.472149	0.280228	0.219706	0.250257	0.157013	0.245713	0.152842	0	0	0	0	0.535294
ihec.chipseq.ihec-chipseq-containerv1.1.4.IHECRE00000284.2.fb299d01-0613-4fd3-aff0-1ea71eb3ae9d.fc.signal	0.647834	0	0	0	0	0	0	0	0	0	0	0	0	0	0	0	0	0	0	0	0	0.529765	0.30721	0	1.32809	1.37822	1.69628	0	0	0	0	0	0	0	0	0.58894	0.559493	0	0.371032	0.777401	0	0	0	0.632479
ihec.chipseq.ihec-chipseq-containerv1.1.4.IHECRE00001518.1.0d3d987a-b70c-40f0-b32d-34538b3d8acb.fc.signal	0.294313	0.58088	0.58088	0.0348528	0.108431	0.29044	0.29044	0.29044	0.0561517	0	0	0	0	0	0.0058088	0.427915	0.572008	0.124435	0.220068	0.608849	0.735839	0.840507	0.615652	1.12825	2.54693	2.23186	1.72596	1.06704	0.41864	0.529093	0.383124	0.476672	0.550234	0.375474	0.229372	0.192798	0.207008	0.545694	0.967645	0.301635	0.175935	0	0	0.664706
ihec.chipseq.ihec-chipseq-containerv1.1.4.IHECRE00000301.2.60bc2dfc-c0b9-47be-84a3-04b337f3e89a.fc.signal	0.459411	0.28914	0	0	0.407402	0.349378	0	0	0	0	0	0	0	0	0	0	0	0.282449	1.26765	0.606431	0.832089	0.356609	0	0.0128507	0.754126	0.605395	0.0545088	0	0.32601	0.720258	0.0568299	0.36501	0.0516167	0	0	0	0	0	0.376223	0.528488	0.122081	0.472262	0	0.58042
ihec.chipseq.ihec-chipseq-containerv1.1.4.IHECRE00000223.3.3bd7fa2e-4676-4775-9e3e-5e080ad64395.fc.signal	0	0	0	0	0	0	0	0	0	0	0	0	0	0	0	0	0	0	0	0	0	0	0	0	0	0	0	0	0	0	0	0	0	0	0	0	0	0	0	0	0	0	0	0.657658
ihec.chipseq.ihec-chipseq-containerv1.1.4.IHECRE00000992.7.80dcfe52-cdf2-4d0d-bc40-0c75abc04fc1.fc.signal	0.18948	0.584361	0.437986	0	0.0952444	0.0639495	0	0	0	0	0	0	0	0	0	0.0101056	0.135162	0.037896	0.107372	0	0	0	0.284761	0.371291	0.135394	0.0355801	0.265138	0.330582	0.415416	0.0283188	0.480634	0.208326	0.0745288	0.213389	0.152771	0.262152	0.114951	0.386409	0.704413	0.726377	0.65966	0	0	0.477612
ihec.chipseq.ihec-chipseq-containerv1.1.4.IHECRE00000232.3.9496c4f8-99ad-4b83-978f-c024a2ac68e0.fc.signal	0	0	0	0	0	0	0	0	0	0	0	0	0	0	0	0	0	0	0	0	0	0	0	0	0	0	0	0	0	0	0	0	0	0	0	0	0	0	0	0	0.233143	1.4381	1.86097	0.491879
ihec.chipseq.ihec-chipseq-containerv1.1.4.IHECRE00001315.1.d18a9bb8-a055-4794-aa27-e2b7af9fbb39.fc.signal	0.0187349	0.35128	0.35128	0.0632304	0	0	0	0	0	0	0	0	0	0	0	0	0.126201	0.458651	0.468423	0.770657	0.833945	0.288071	0.321459	0.540041	1.18286	0.943929	1.20159	2.03081	1.31638	0.983783	0.353805	0.631942	1.14307	0.0234187	0	0.377098	0.674586	0.852592	0.695656	0.515612	0.361311	0.302101	0	0.570175
ihec.chipseq.ihec-chipseq-containerv1.1.4.IHECRE00001546.1.a150519d-0d11-4c76-b425-72b9ccc9b116.fc.signal	0	0	0	0	0	0	0	0	0	0	0	0	0	0	0	0	0	0	0.0094272	0.707329	0.584551	0.900612	0.400372	0.946666	1.67592	2.41732	1.69645	0.733415	0.215953	0.705859	0.236618	0.176546	0.697427	0.129805	0.540467	0.347384	0.653609	0.989421	0.730319	0.0864121	0.253002	0	0	0.697248
ihec.chipseq.ihec-chipseq-containerv1.1.4.IHECRE00001908.1.1b5673b2-9c19-4918-a48e-ba3436bbc7ca.fc.signal	0	0	0	0	0	0	0	0	0	0	0	0	0	0	0	0.0221483	0.394642	0.35586	0.335104	0	0	0	0.309244	0.182598	0.358752	0.343843	0.228009	0.177985	0.972363	0.752226	0.689091	0.740133	0.00614347	0	0	0	0	0	0	0.238187	0.190803	0	0	0.442029
ihec.chipseq.ihec-chipseq-containerv1.1.4.IHECRE00000321.2.efb42d33-363d-4167-8c38-c336ba724978.fc.signal	0.375301	0	0	0	0	0	0	0	0	0	0	0	0	0	0	0	0.0829993	0.441676	0.91658	1.9226	0.825752	0.596958	1.01587	0.438854	0.0675387	0.591827	0.590283	0.345086	0.778415	0.282048	0.691268	0.59655	0.531067	0.956049	1.21174	2.42849	2.22477	2.11096	0.778345	0.5413	0.010826	0	0.413935	0.626781
ihec.chipseq.ihec-chipseq-containerv1.1.4.IHECRE00001027.7.e86f32e5-bf0d-4add-be96-995ad738d215.fc.signal	1.46131	1.25872	0.376079	0	0	0	0	0	0	0	0	0	0	0	0	0	0	0	0	0	0	0	0.152819	0.713973	0.54642	0	0	0	0	0	1.3354	2.22532	0	0	0.40115	0.31519	0	0	0	0.799848	0.704867	0.039121	0.413828	0.837398
ihec.chipseq.ihec-chipseq-containerv1.1.4.IHECRE00003730.1.665ec701-8746-423d-9e1f-6b813507441b.fc.signal	0	0	0	0	0	0	0	0	0	0	0	0	0	0	0	0	0	2.74868	2.98519	3.22214	1.66631	0.955554	2.85491	0.475508	0	0.858443	1.23067	1.43267	0.884132	0.779413	1.26735	1.35042	2.36588	2.08728	1.37602	0.407147	0	1.24565	2.03338	0.554935	0.181484	0	0.121941	0.604278
ihec.chipseq.ihec-chipseq-containerv1.1.4.IHECRE00000828.1.cd2006fa-f12a-47e4-a8de-2ef03985dfb6.fc.signal	0.401253	0.866628	0.55133	0.0671511	0	0	0	0	0	0	0	0	0	0.0426164	0.476482	0.403187	0.294556	1.10776	1.50118	0.970649	0.920355	0.644619	0.707437	0.6533	0.672606	0.748713	0.657712	0.857224	0.422797	0.203089	0.914564	0.995661	0.498561	0.345256	0.358097	0.511431	0.102451	0.0452189	0.577788	1.09285	1.10128	0.175328	0.230265	0.440945
ihec.chipseq.ihec-chipseq-containerv1.1.4.IHECRE00000105.3.23afb3bb-e4c6-4306-a2d5-720c4aa033b6.fc.signal	0.944419	0.679441	0	0	0	0	0	0	0	0	0	0	0	0	0	0	0	0.181751	0.454738	0.901324	0.163387	0.414347	0.399828	0.254296	0.349223	0.301719	0.761072	1.63957	0.430351	0	0.101925	0.54142	0.135902	0.375352	0.265986	1.70927	0.37938	0.588659	1.01161	0.65412	0.100298	0	0	0.615385
ihec.chipseq.ihec-chipseq-containerv1.1.4.IHECRE00004616.1.ed15f6f7-9fc7-4af5-9ab6-233a7899d0bb.fc.signal	0.281865	0.617269	0.938727	0.218649	0	0	0	0	0	0	0	0	0	0.204663	0.528231	0.0667415	0.0759463	0.665911	0.565621	0.331276	0.643542	0.202846	0.593483	0.496568	0.333705	0.351003	0.378632	0.729675	0.567377	0.713563	0.0824145	0.18592	0.0424461	0.0578042	0.350731	0.743222	0.619103	0.369481	0.780896	0.396629	0.324967	0.352021	0.200531	0.586957
ihec.chipseq.ihec-chipseq-containerv1.1.4.IHECRE00000277.2.2fe4325d-3c38-4ef0-86a6-43bac1d7b3f6.fc.signal	0.3537	0.17685	0	0	0	0	0	0	0	0	0	0	0	0	0	0	0	0.20043	0.333009	0.596603	0.464899	0.405215	0.668815	0.520126	0.799057	0.787195	1.03823	0.734507	0.494327	0.231133	0.527047	0.610107	0.554965	1.12987	0.947873	0.626045	0.256451	0.894745	0.672975	0.383775	0.519008	0.284523	0.488352	0.666667
ihec.chipseq.ihec-chipseq-containerv1.1.4.IHECRE00003803.1.fb97cdb0-391e-4e74-a4dc-d06dfb2e7cbb.fc.signal	0	0	0	0	0	0	0	0	0	0	0	0	0	0	0	0	0	0	0	0	0	0.352923	0.994156	1.25545	2.27264	0.230524	0.272471	1.85962	0.65083	1.61043	1.98985	1.50411	0.280331	0	0	0.56829	1.16563	1.26973	1.23005	2.57883	1.97087	0	0	0.685484
ihec.chipseq.ihec-chipseq-containerv1.1.4.IHECRE00000774.3.ec5f998a-c189-48df-8b3d-327b2930af23.fc.signal	0.0888888	0.0684394	0.01443	0	0	0	0	0	0	0	0	0	0	0	0	0	0.45504	0.235947	0.069449	0.28155	0.033786	0.0546416	0.479628	1.02855	0.826194	0.512337	0.040448	0.5056	0.603347	0.232576	0	0.438184	0.910072	0.394368	0.330325	0.262912	0.683257	0.136989	0.381148	0	0	0	0	0.517588
ihec.chipseq.ihec-chipseq-containerv1.1.4.IHECRE00003819.1.f3c3e31b-1c64-4535-b45d-335af3db233f.fc.signal	0	0	0	0	0	0	0	0	0	0	0	0	0	0	0.0508306	0.20429	0.109211	0.124423	0.445874	0.269878	0.142183	0.463658	0.595214	0.34461	0.457518	0.289045	0.0939887	0.384819	0.412845	0.594983	1.08051	0.668883	0.769987	0.94993	1.36147	1.92148	2.1576	3.21419	2.93586	1.81063	1.82864	0.732963	0.479834	0.584746
ihec.chipseq.ihec-chipseq-containerv1.1.4.IHECRE00001961.2.26f0e8b3-e0d8-467c-92a7-4029668db296.fc.signal	0	0	0	0	0	0	0	0	0	0	0	0	0	0	0	0	0	0	0	0	0	0	0	0	0	0	0	0	0	0	0	0	0	0	0	0	0	0.445757	0.619371	0.510981	0.727761	0	0	0.52093
ihec.chipseq.ihec-chipseq-containerv1.1.4.IHECRE00001954.2.18576743-b1b7-40af-bbff-f6570943d6bc.fc.signal	0.773181	0.670379	0.521782	0.346182	0.403336	0.131283	0	0	0	0	0	0	0	0	0.0200906	0.121788	0.248066	0.166344	0.325891	0.267788	0.0551186	0.178653	0.335408	0.394255	0.482093	0.433258	0.271515	0.338044	0.497448	0.589319	0.553131	0.600607	0.286622	0.243702	0.592651	0.847228	0.380431	0.364898	0.655691	0.691671	0.551226	0.168667	0.151613	0.668639
ihec.chipseq.ihec-chipseq-containerv1.1.4.IHECRE00000129.3.b55212c4-278a-46e6-a914-7321e68a657d.fc.signal	0	0	0	0	0	0	0	0	0	0	0	0	0	0	0	0	0	0	0	0.367609	1.01214	0.824205	0.970886	1.27097	0.353608	1.72493	1.77991	0.337468	0.0704031	0.372082	0.24146	0.977087	0.692384	0.128939	0.816795	0.597631	0	0	1.44366	0.537771	0.79867	0.212979	0.79867	0.711538
ihec.chipseq.ihec-chipseq-containerv1.1.4.IHECRE00004614.1.c39e9a3f-4177-48c3-969d-01c9bdd4340c.fc.signal	0.230497	0.175128	0.369316	0.131285	0.572973	0.152488	0	0	0	0	0	0	0	0	0	0.212782	0.436287	0.645747	0.184046	0.0295704	0.216245	0.160234	0.203552	0.719907	1.25365	0.719721	0.393539	0.863497	1.09846	0.91606	0.860345	0.467899	0.443843	0.272258	0.299189	0.24715	0.460386	0.767609	0.508626	0.142406	0.237576	0.0049316	0	0.487603
ihec.chipseq.ihec-chipseq-containerv1.1.4.IHECRE00000256.2.f24e963a-43c1-4d5c-942e-c5786f826c8a.fc.signal	0	0	0	0	0	0	0	0	0	0	0	0	0	0	0	0.518492	0.862576	0.795528	0	0	0	0.472134	0.168633	0.295579	0.58542	0.652803	0.0377597	0	0	0	0	0	0	0	0	0	0.448099	0.628337	0	0	0	0	0	0.565217
ihec.chipseq.ihec-chipseq-containerv1.1.4.IHECRE00000051.3.979897d0-cb56-457b-a6f7-b9460fb6fb55.fc.signal	0.412868	0.72859	0.182148	0	0.281721	0.72859	0.673946	0	0	0	0	0	0	0	0	0	0.317436	0.063525	0	0	0.924556	0.812812	0.53685	1.45709	1.59795	0.835428	1.74955	2.37135	1.44995	0.91234	0.912321	0.221707	0.80629	0.508785	0.64841	1.21422	0.276864	0.72859	0.0242863	1.49748	0.367642	0.0242863	1.40347	0.763736
ihec.chipseq.ihec-chipseq-containerv1.1.4.IHECRE00000785.3.f66efe83-e756-4482-8652-631e84f79bac.fc.signal	0.833918	0.768351	0.294461	0.150798	0.40523	0.225934	0.089179	0.008896	0	0	0.0662947	0.129652	0.181532	0.510773	0.696101	0.620891	0.315907	0.454289	0.525377	0.242839	0.390144	0.477899	0.844469	0.49481	0.299905	0.530161	0.874697	1.49133	1.32966	1.43502	1.02253	0.827158	0.543899	0.140529	0.357336	0.467785	0.367771	0.577518	0.399524	1.11181	0.921461	0.279953	0.0318018	0.596364
ihec.chipseq.ihec-chipseq-containerv1.1.4.IHECRE00000060.3.baca5345-ebfb-42c5-84f7-5edc7dd83347.fc.signal	0.202173	0.40981	0.210028	0	0	0	0	0	0	0	0	0	0	0	0	0	0	0.411685	0.370278	0.16488	0.659663	0.791008	0.447818	0.715258	0.89884	1.2622	0.565534	0	0.699791	1.26324	0.808661	0.35932	0.920671	1.64186	1.18237	0.577509	0.880061	0.88417	0.32045	1.56951	0.909411	0.431666	0.40981	0.594017
ihec.chipseq.ihec-chipseq-containerv1.1.4.IHECRE00001952.2.afb78491-e0c2-4398-aa2a-4c98b0c4c5b7.fc.signal	0.981417	0.588981	0.0278356	0.207384	0	0	0	0	0	0	0	0.008641	0.430316	1.27391	1.05419	0.279963	0	0	0.36623	0.323991	0.855444	0.479186	0.569043	0.584979	0.258354	0.173778	0.266969	0	0	0.296658	0.503201	0.229015	0.367105	0.242136	0.116509	0.144354	0	0.17543	0.362702	0.793747	0.443272	0.060487	0.00762441	0.649215
ihec.chipseq.ihec-chipseq-containerv1.1.4.IHECRE00001021.4.022f496a-4698-412d-9a82-a0a4b2e56c57.fc.signal	0.176703	0.922242	0.926384	0.117015	0.082177	0	0	0	0	0	0	0	0	0	0	0.10222	0.232591	0.189623	0.200034	0.228177	0.330369	0.224466	0.430348	0.642968	0.539973	0.513348	0.111121	0.240781	1.08447	0.615554	0.489606	0.636312	0.0813539	0.454616	0.202199	0.174834	0.371353	0.6456	0.393023	0.299969	0.451116	0.0459007	0.0391941	0.669643
ihec.chipseq.ihec-chipseq-containerv1.1.4.IHECRE00000014.2.7af9ccfe-90f7-4be1-af44-ca5e6dca2859.fc.signal	0	0	0	0	0	0	0	0	0	0	0	0	0	0	0	0.389436	0.333343	0.623555	0.804255	0	0	0.55362	0.781307	0.180549	0.365886	0.50222	0.37183	0.0252015	0.771677	0.919514	0.388911	0.155905	0.131321	0.102669	0.191941	0.285863	0.315883	0.0659879	0.946161	0.35742	0	0.0651108	0.54259	0.650847
ihec.chipseq.ihec-chipseq-containerv1.1.4.IHECRE00001039.6.78755d78-d69c-44bc-a0ab-147f64c5fd5c.fc.signal	0	0	0	0	0	0	0	0	0	0	0	0	0	0	0	0	0	0.283589	0.395108	0.49964	0.54211	0.131444	0.232248	0.252891	0.0037612	0	0.18422	0.594741	0.406041	0.407918	0.683561	0.438672	0.44587	0.91988	0.483143	0.303136	1.14457	0.651167	0.637925	0.786328	0.266563	0.124607	0.32226	0.578231
ihec.chipseq.ihec-chipseq-containerv1.1.4.IHECRE00003692.4.370f0fb4-0bb1-4fa3-8e1d-75f06bf7b384.fc.signal	0.595719	1.16854	0.861123	0.144717	1.4204	0.321689	0	0	0	0	0	0	0	0	0	0.19255	0.145871	0.361778	0.634879	0.018672	0.319751	1.11222	1.58147	0.35713	1.01545	1.64562	0.58003	1.14616	1.83585	0.584861	0.808823	0.382533	0.339588	0.124866	0.330252	0.337254	0.660512	0.990108	0.949822	0.87782	0.343574	0.008169	0.321775	0.663183
ihec.chipseq.ihec-chipseq-containerv1.1.4.IHECRE00000247.3.669b34b9-68b0-4255-96a0-ec2919c119df.fc.signal	0	0	0	0	0	0	0	0	0	0	0	0	0	0	0.0848318	0.48018	0.235288	0	0	0	0	0	0	0	0	0	0	0	0	0	0.209679	0.464174	0.126447	0.364937	0.435363	0	0	0	0	0	0	0	0.222436	0.45
ihec.chipseq.ihec-chipseq-containerv1.1.4.IHECRE00003845.2.684cf59d-45fa-449c-93a7-eeeddb7b953b.fc.signal	0.958125	1.0137	0.453998	0.268369	0.497047	0.196803	0	0	0	0	0	0	0	0.115704	0.170985	0	0.0922262	0.405338	1.00752	1.64878	1.73629	0.995561	0.981217	0.921087	0.904593	2.05039	2.19207	1.70308	0.932885	2.43949	1.51959	1.50536	1.38091	1.37326	1.25447	1.66193	0.972533	1.91382	1.17467	0.366129	0.209428	0.0703926	0.550253	0.531532
ihec.chipseq.ihec-chipseq-containerv1.1.4.IHECRE00001249.1.d9084971-3596-46ae-b2c3-b636876ab0cf.fc.signal	0	0	0	0	0	0	0	0	0	0	0	0	0	0	0	0	0	0.144038	0.473985	0.661035	0.267359	0.577445	0.423214	0.296912	0.187786	0.613863	0.969883	0.716445	0.371806	0.296295	0.197694	0.447708	0.318915	0.114947	0.160975	0.118401	0.306152	0.192241	0.102167	0.0080424	0.0961521	0.0559822	0	0.501916
ihec.chipseq.ihec-chipseq-containerv1.1.4.IHECRE00004606.2.5946f083-9733-4b0e-bccd-bb3958898b16.fc.signal	0.302656	0.587895	0.349864	0.0194133	0.48758	0	0	0	0	0	0	0	0	0	0.0121333	0.514269	0.128603	0	0.242544	0.0998754	0.274418	0.780163	0.200788	0.196224	0.441041	0.662615	0.338913	0.616103	0.554293	0.302024	1.35587	1.04833	0.669076	0.500213	0.588672	0.951189	0.368542	0.541061	0.278347	0.542268	0.198544	0.126361	0	0.496403
ihec.chipseq.ihec-chipseq-containerv1.1.4.IHECRE00000683.3.26047187-2aea-47ae-97b4-1842ebc14e59.fc.signal	0.580181	0.619935	0.336064	0.0848844	0.103748	0.23579	0.200421	0	0	0	0	0	0	0	0.122611	0.160082	0.0118939	0.157109	0.299437	0.242589	0.104243	0.51678	0.504906	0.162605	0.516199	0.30875	0.292292	0.780899	0.996176	0.451161	1.08964	0.705111	0.157786	0.355333	0.160337	0.0297403	0.568854	0.644652	0.388992	0.527611	0.80447	0.426945	0	0.608871
ihec.chipseq.ihec-chipseq-containerv1.1.4.IHECRE00000059.3.9f15cdcc-7468-4a84-87ee-af65c5fba810.fc.signal	0	0	0	0	0	0	0	0	0	0	0	0	0	0	0	0	0	0	0	0	0	0.374232	1.43251	0.111785	0	0	0	0	0	0	0	0	0.794465	0.474069	0	0.272176	0.91516	0.260839	1.56775	2.40692	1.2295	0	0	0.547511
ihec.chipseq.ihec-chipseq-containerv1.1.4.IHECRE00001907.1.856e5189-b10a-47ac-b38e-4f26c4b023ef.fc.signal	0	0	0	0	0	0	0	0	0	0	0	0	0	0	0	0	0.173719	0.819222	0.827725	0.525183	0.0660963	0	0.522225	0.943616	1.11264	1.59063	1.14795	0.920731	0.698499	0.217914	0.884469	0.627128	0.698209	0.341759	0.205972	0.351426	0.228181	0.770048	0.280309	0.430202	0.357378	0	0	0.551724
ihec.chipseq.ihec-chipseq-containerv1.1.4.IHECRE00003846.4.4522a86a-2cba-459f-b690-5243a5081964.fc.signal	1.33851	1.86471	0.775634	0.0182233	0.659059	0.261245	0.0200862	0	0	0	0	0	0	0	0.249749	0.0182115	0	0.0954793	0.346176	0.00535633	0.645134	0.950552	1.16989	0.954209	1.57658	2.0429	1.86042	2.5644	2.49808	1.06009	1.81635	1.36983	1.27882	0.59455	0.364141	0.270635	0.230225	0.621489	0.260176	0.746348	0.481308	0	0	0.473282
ihec.chipseq.ihec-chipseq-containerv1.1.4.IHECRE00001015.4.b10cb337-bd81-4a63-af04-25443322673f.fc.signal	0.645122	0.637515	0.546235	0.163047	0.251911	0.0275286	0	0	0	0	0	0	0	0.0281496	0.285914	0.133683	0	0	0	0	0	0.243411	0.454577	0.226958	0.499791	0.584968	0.422692	0.284367	0.283596	0.228729	0.340007	0.187004	0	0	0	0.259641	0.785405	0.220746	0.262682	0.44666	0.140505	0.135638	0.313639	0.788321
ihec.chipseq.ihec-chipseq-containerv1.1.4.IHECRE00000886.3.946b11c7-b83c-4071-8fd0-1fb3297ca57c.fc.signal	1.17853	0.407859	0.0143602	0	0	0	0	0	0	0	0	0	0	0.125823	0.449315	0.587169	1.54924	1.25994	2.97059	1.10484	1.79257	1.43127	0.81783	1.13691	0.847848	1.53413	0.316738	0.563433	0.183575	0.0955793	1.81404	2.43273	1.05691	2.33026	0.934453	1.44096	1.19287	0.442951	1.32513	0.774591	0.576659	0.0408465	1.77933	0.592857
ihec.chipseq.ihec-chipseq-containerv1.1.4.IHECRE00000315.2.889e4a07-b630-426b-bca1-6fb4dfed482e.fc.signal	1.13012	0.788758	0	0	0	0	0	0	0	0	0	0	0	0	0	0	0.523148	0.68032	0.97748	0.0828637	0	0.478234	2.69304	1.77596	1.07848	1.01825	0.744134	2.32245	2.20476	1.08757	2.45675	1.34257	0.780332	0.54866	1.21312	1.38573	0.568956	0.235105	0.305042	0.431566	1.08996	0.374545	0	0.629283
ihec.chipseq.ihec-chipseq-containerv1.1.4.IHECRE00000121.3.a3c721fe-088e-4da8-972b-3d6efe322bd3.fc.signal	0	0	0	0	0	0	0	0	0	0	0	0	0	0	0	0	0	0	1.70671	0.626365	1.11204	0.586037	0.0385719	0.956314	1.75872	1.71587	0.159789	0.141613	0.592741	0.527404	0.945355	1.14554	1.02772	1.37162	0	0	0	0	0	0	0	0	0	0.48285
ihec.chipseq.ihec-chipseq-containerv1.1.4.IHECRE00000784.3.54e2d258-2a9b-4416-87fd-8933cfcab4dd.fc.signal	0.711768	0.566236	0.326847	0.0383861	0	0	0	0	0	0	0	0	0	0	0	0.0828147	0.368163	0.505493	0.0956315	0	0.14927	0.129533	0.003081	0.29966	0.195645	0	0	0.406337	0.500517	0.173101	1.09796	0.396502	0.242327	0.0008216	0	0.283308	0.112457	0	0.0533061	0.133877	0.00220333	0	0	0.796053
ihec.chipseq.ihec-chipseq-containerv1.1.4.IHECRE00000126.3.d0bfbd94-1356-4f3e-90d5-3e35710ea347.fc.signal	0.853386	0.945126	0	0	0.344422	0.187488	0	0	0	0	0	0	0	0	0	0.216653	0.278138	0.223093	0.227383	0.330746	0.156048	0.280771	0.118385	0.138861	0.323792	0.248333	0.282497	0.427648	0.234517	0.537438	1.22272	0	0.422796	0.354717	0.376367	0	0.0456633	0.309115	0.335294	0.145791	0.354725	0.230541	0	0.608
ihec.chipseq.ihec-chipseq-containerv1.1.4.IHECRE00000330.2.160bb057-c970-4be7-ab27-69d39aa5b7cd.fc.signal	0.504204	0	0	0	0	0	0	0	0	0	0	0	0	0	0	0	0	0	0	0.123241	0.299388	0.400861	0.332951	0.561162	0	0.0456918	1.24303	0.137778	0	0.0961639	0.394591	0.194409	0	0	0	0.0422396	0.679003	0.51035	0.879674	0.137064	0	0	0	0.635531
ihec.chipseq.ihec-chipseq-containerv1.1.4.IHECRE00000728.1.947eb4ad-5971-41d4-bce5-117b0744f0e0.fc.signal	0.676903	1.14312	0.52177	0.203342	0.341864	0.040586	0	0	0	0	0	0	0.0099274	0.444089	0.709248	0.177647	0.587676	1.29913	1.08461	0.647017	0.616147	0.468957	0.979503	1.07143	1.10536	0.610672	0.839534	1.20461	0.79565	0.806764	0.496494	0.53826	0.313192	0.523579	1.02155	0.775244	0.620646	0.257379	0.534931	0.43874	0.700479	0.0952978	0.178578	0.657343
ihec.chipseq.ihec-chipseq-containerv1.1.4.IHECRE00001050.8.a3567476-0b5a-4504-b34f-067a636cef5f.fc.signal	0.296163	0.039894	0	0	0	0	0	0	0	0	0	0	0	0.388455	0.136754	0	0.248066	0.0652389	0.170299	0	0	0	0.669237	0.61486	0.27787	0	0.0868971	0.225558	0.465956	0.00636067	0.361585	0.206722	0.00318033	1.36195	0.117672	1.14847	0.524977	0.675275	0.128461	0.999509	0.4166	0.00636067	0.152774	0.521173
ihec.chipseq.ihec-chipseq-containerv1.1.4.IHECRE00003837.4.8eb534c9-67c4-4b07-9857-b5e3ae6f9ea5.fc.signal	0.308513	0.113825	0.0617914	0	0	0	0	0	0	0	0	0	0	0.125042	0.348644	0	0.00536	0.659832	1.40047	0.976706	2.11077	2.58287	1.12292	1.1945	0.732527	2.09194	1.03377	1.4532	0.720033	0.92259	1.58109	0.538958	0.941438	1.35385	0.0772502	0.196826	1.12348	1.27366	1.66916	1.28003	0.576529	0	0	0.51735
ihec.chipseq.ihec-chipseq-containerv1.1.4.IHECRE00001959.2.750a19c1-18ed-49f4-9a40-94442cc932b5.fc.signal	0	0	0	0	0.232718	0.250496	0	0	0	0	0	0	0	0	0	0.120669	0.245647	0	0	0.202551	0.427078	0	0.0538469	0.28895	0.0457293	0	0.141167	0.377655	0.565384	0.767238	0.633317	0.0129288	0.32322	0.286961	1.36153	1.3035	1.33067	2.225	1.60223	2.21158	1.30669	0.398638	0.32322	0.797386
ihec.chipseq.ihec-chipseq-containerv1.1.4.IHECRE00004618.1.fc53d730-659c-4cf2-980a-4c7a71c2d016.fc.signal	0.726628	0.70884	0.138032	0.135925	0.118935	0	0	0	0	0	0	0	0	0.0800989	0.217481	0	0	0.175853	0.461297	0.761182	1.28865	0.982061	0.615912	0.481685	0.38314	0.287992	0.405227	0.315177	0.848684	0.558184	0.901559	0.546149	0.225515	0.677078	0.667135	0.626229	0.347758	0.721981	0.771875	0.914247	0.24193	0.204738	0.308238	0.46748
ihec.chipseq.ihec-chipseq-containerv1.1.4.IHECRE00001957.2.1adc09a2-a510-4845-9331-a4c7f3104a2a.fc.signal	0.427134	0.624893	0.417596	0.127471	0.0857838	0	0	0	0	0	0	0.0214453	0.135112	0.248165	0.370247	0.30907	0.378023	0.216804	0.213651	0.245396	0.149614	0.105717	0.0799959	0.242568	0.351832	0.375851	0.293987	0.465252	0.118409	0.205647	0.242341	0.297073	0.0904657	0.101778	0.108136	0.319248	0.668753	0.427856	0.393187	1.33891	0.92683	0.107017	0.00827853	0.613208
ihec.chipseq.ihec-chipseq-containerv1.1.4.IHECRE00004888.1.fa995553-a4c4-46af-820c-813f0732b09d.fc.signal	0.58958	0.554657	0.719	0.00479333	0.6471	0	0	0	0	0	0	0	0	0	0	0.0719	0.5752	0	0	0	0	0	0	0	1.05933	0.203931	0.155355	0.480661	0	0	0.16863	0.399301	0	0.320971	0.49092	0	0	0.303839	1.54803	0.08628	0	0	0	0.548872
ihec.chipseq.ihec-chipseq-containerv1.1.4.IHECRE00000298.2.52b6b75b-d353-4095-905f-a61f79ff0fcd.fc.signal	0	0.219848	0.442964	0.917904	0.91104	0	0	0	0	0	0	0	0	0	0	0	0	0	0	0.754504	1.03425	1.18536	0.859538	0.796796	0.30667	0.72632	1.29437	0.959171	0.76666	0.298713	1.449	1.22322	1.68911	0.563158	1.22216	1.33594	0.607635	0.407857	0.337525	1.81594	0.331221	0	0	0.554688
ihec.chipseq.ihec-chipseq-containerv1.1.4.IHECRE00001906.1.dafab27e-9fa4-4e54-8b12-f34d3390d9ba.fc.signal	0.11287	0	0	0	0	0	0	0	0	0	0	0	0	0	0	0.133625	0.293822	0.534525	0.440738	0.543646	0.44737	0.202536	0.532002	0.734757	0.504065	0.587231	0.881821	1.15993	0.979124	0.54181	0.631544	0.709342	0.259605	0.193207	0.736714	0.75028	0.534097	0.712213	0.325459	0.359399	0.591768	0.131143	0	0.58
ihec.chipseq.ihec-chipseq-containerv1.1.4.IHECRE00000316.2.4860dab6-2e95-4bbd-9423-b2973a6129f5.fc.signal	0.335347	0	0	0	0	0	0	0	0	0	0	0	0	0	0	0	0	0	0.414372	0.182325	0	0.130232	0.774954	1.42293	1.33828	1.49585	1.6519	0.668341	0.952167	0.640611	1.38076	1.32999	0.29933	0.229523	0.0445896	0.455778	1.28276	0.199105	0	0	0.188863	0.97688	0.229852	0.570552
ihec.chipseq.ihec-chipseq-containerv1.1.4.IHECRE00003829.4.33447c54-51f2-4852-abc6-ea1c91194a13.fc.signal	0.525196	0.520207	0.0838943	0.138298	0.74184	0.302578	0.20338	0.20338	0.0840637	0	0	0	0	0	0	0.439416	0.404148	0.268507	0.809707	0.443532	0.988752	0.50864	1.22253	1.06025	1.18364	1.48787	1.68994	1.90153	2.70986	2.02944	0.385863	0.636709	0.473337	0.575063	1.66959	0.823294	0.901946	1.12853	0.984542	0.722365	0.126572	0.16406	0.20338	0.367347
ihec.chipseq.ihec-chipseq-containerv1.1.4.IHECRE00000290.2.3d472796-b354-45ed-8cd2-5997156e8606.fc.signal	0.183421	0.349383	0.164804	0.393687	0.661414	0.531477	0	0	0	0	0	0	0	0	0	0	0	0	0.120372	0.546432	1.51242	0.340801	1.35546	0.613831	1.1584	0.516058	1.41686	1.14349	1.18288	1.36016	0.65327	1.07644	0.390821	0.0356661	0	0	0.134153	1.07868	0.432094	0.457631	0	0	0	0.572727
ihec.chipseq.ihec-chipseq-containerv1.1.4.IHECRE00003818.1.5f689ee3-a1ac-46cd-9df5-204fd2293fe3.fc.signal	0.16213	0	0	0	0	0	0	0	0	0	0	0	0	0	0	0	0	0	0.250215	0.383944	0.138389	0.343202	0.131105	0	0.236143	0.283385	0.0522857	0.304524	0.949174	0.0929983	1.06371	0.382213	0	0.545128	2.61401	1.22847	2.10815	1.79297	1.75132	1.13117	0.748804	0.01521	0	0.598592
ihec.chipseq.ihec-chipseq-containerv1.1.4.IHECRE00001902.1.0214b245-4175-4c1b-a203-eb8edbfbdf0a.fc.signal	0	0	0	0	0	0	0	0	0	0	0	0	0	0	0	0.133387	0.618269	0.602046	0.393891	0.3816	0.0973368	0.538957	0.38394	0.421178	0.0471043	0.126177	0.376729	0.770625	2.39873	2.47052	1.39971	0.831894	1.08677	1.66954	1.67243	2.4296	2.47505	2.87032	3.2465	2.15056	1.66022	0.490289	0.27038	0.787037
ihec.chipseq.ihec-chipseq-containerv1.1.4.IHECRE00000943.7.af323a26-7686-421e-89db-fa2bad412a32.fc.signal	0	0	0	0	0	0	0	0	0	0	0	0	0	0	0	0	0	0	0.784635	0.372175	0	0.0383733	0.638859	0.0394937	0.0680208	0.348655	0	0	0	0.00767467	0.533634	0.230487	0.406757	0	0	0	0	0.0963462	0.083145	0.299472	0.296076	0	0.350983	0.366337
ihec.chipseq.ihec-chipseq-containerv1.1.4.IHECRE00000242.3.8843da7d-cdf7-4888-a714-dd6f9ae96b22.fc.signal	0	0	0	0	0	0	0	0	0	0	0	0	0	0	0	0	0	0	0	0	0	0	0	0	0	0	0	0	0	0	0	0	0	0	0	0	0	0	0	0	0	0	0	0.66055
ihec.chipseq.ihec-chipseq-containerv1.1.4.IHECRE00000310.2.85b669d2-4eb9-499e-8857-891f684c1a1f.fc.signal	0	0	0	0	0	0	0	0	0	0	0	0	0	0	0	0	0	0	0.282992	1.78916	0.872885	0.0530433	1.18274	0.579228	1.0988	0.788683	0	0.595518	1.33743	1.01276	1.01114	0	0	0.814039	1.00641	0.794717	0	0.335663	1.42124	0.530263	1.09391	1.4918	0	0.70255
ihec.chipseq.ihec-chipseq-containerv1.1.4.IHECRE00001460.1.d7a701fb-c20f-449f-b4d2-112bb84c1617.fc.signal	0	0	0	0.163635	0.339858	0	0	0	0	0	0	0	0	0	0	0	0.455659	0.531754	0.01353	0	0	0.042845	0.477239	0.629583	0.241677	0.302096	0.452347	1.47521	1.21737	0.434546	0.324753	0.392724	0.480249	0.320923	0.353793	0.228316	0.190651	0.43181	0.281414	0.489709	0.797997	0.231607	0.0499791	0.577381
ihec.chipseq.ihec-chipseq-containerv1.1.4.IHECRE00003809.1.9f48ab03-6b70-4ab5-96be-1fd0eefa6fd2.fc.signal	0.125788	0.0236443	0	0	0.0507564	0.187578	0.22068	0.22068	0.084594	0	0	0	0	0	0	0	0.118432	0.359003	0.237791	0.36463	0.529289	0.393389	0.297511	0.279785	0.321116	0.0650282	0.240463	0.43816	0.547881	0.864189	0.95663	0.4572	0.466727	0.608776	0.804866	1.41934	3.65151	4.5977	3.29734	3.16089	2.37596	0.856251	0.66217	0.677966
ihec.chipseq.ihec-chipseq-containerv1.1.4.IHECRE00001891.4.89df7901-62b0-45af-9204-076797d91c40.fc.signal	0	0	0	0	0	0	0	0	0	0	0	0	0	0	0	0.037484	1.10653	0.102817	0.524776	1.58298	0.376996	0	0.119954	1.06864	0	0	0	0	0	0.220496	2.48506	0.464832	0.507144	0.514085	0	0	0	0	0	0	0	0	0	0.620155
ihec.chipseq.ihec-chipseq-containerv1.1.4.IHECRE00003830.4.fb9c6ae6-03c8-4296-b2fc-7f376ddf8a74.fc.signal	0.419956	0.671154	0.759445	0.551361	0.382595	0.135732	0	0	0	0	0	0	0	0.240183	0.336256	0	0.512647	1.8487	1.12688	0.469279	1.0641	1.01604	1.79491	2.88315	0.942454	1.64675	1.61697	2.14837	1.77251	1.09997	0.865203	1.57837	0.847417	1.13287	1.14781	1.7904	0.929717	1.29658	1.55272	2.03608	1.02762	0.0657781	0.276985	0.552381
ihec.chipseq.ihec-chipseq-containerv1.1.4.IHECRE00001965.2.2738728e-c625-46ab-90a4-80a1e15e2e66.fc.signal	0.638956	0.497178	0.112743	0	0.294684	0	0	0	0	0	0	0	0.0441856	0.673541	0.260287	0	0.00613567	0.490832	0.6192	0.489067	0.240264	0.305361	0.676155	0.464023	0.0057212	0.217688	0.00735233	0	0	0	0.542127	0.62522	0.573185	0.639847	0.23249	0.339514	0.355496	0.303854	0.217418	0.582851	0.883092	0	0.00812074	0.575472
ihec.chipseq.ihec-chipseq-containerv1.1.4.IHECRE00000241.3.e590a556-6181-4b64-8099-0b8ac3706fc6.fc.signal	0	0	0	0	0	0	0	0	0	0	0	0	0	0	0	0	0	0	0	0	0	0	0	0	0	0	0	0	0	0	0	0	0	0	0	0	0	0	0	0	0.116056	0.294529	0.281263	0.502392
ihec.chipseq.ihec-chipseq-containerv1.1.4.IHECRE00003402.2.864e3441-10a9-434f-bc8b-9117f89777a3.fc.signal	0	0	0	0	1.06736	1.79892	0.044973	0	0	0	0	0	0	0	0	0.467719	1.57106	0.0148649	3.19576	0.719568	0.479712	1.43343	0	0	0.332014	1.07372	2.41106	1.45506	0	0.059964	1.79892	0.935438	1.28323	0.734845	1.15019	0	0.542573	2.07313	3.92711	0.21587	1.48963	0.0198207	0	0.716535
ihec.chipseq.ihec-chipseq-containerv1.1.4.IHECRE00000743.1.03035341-4c89-45a9-8f18-304bde35c956.fc.signal	0.866438	1.19323	0.694483	0.123096	0.229488	0.0525276	0	0	0	0	0	0	0	0.0717116	0.23632	0.246379	0.380052	0.442579	0.7057	0.452933	0.288269	0.289542	0.594781	0.474558	1.02768	1.8532	0.751818	0.947197	1.15393	1.09638	1.10064	1.02719	0.16471	0.135759	0.545496	0.602275	0.527719	0.566556	0.341149	0.884065	0.959341	0.0956308	0.189463	0.573529
ihec.chipseq.ihec-chipseq-containerv1.1.4.IHECRE00003827.1.901da503-70cf-4026-b479-817005e87735.fc.signal	0.600088	0.396865	0.37883	0.180634	0	0	0	0	0	0	0	0	0	0	0.0181197	0.180671	0.227919	0.332854	0.0712005	0.685121	0.810739	0.824356	0.97441	0.954431	1.34842	1.4207	1.6234	1.90056	1.35669	1.67438	1.63641	1.23484	1.11181	0.551718	0.679931	0.951259	0.433977	0.62406	0.749863	0.775484	0.234917	0	0	0.393617
ihec.chipseq.ihec-chipseq-containerv1.1.4.IHECRE00003805.1.4df83158-9c0a-486f-935e-2377298bda67.fc.signal	1.16204	0.703122	0.52179	0.0879244	0	0	0	0	0	0.0408	0.249233	0.27188	0.394289	0.590477	0.48949	0.135968	0	0.204839	0.199265	0.277243	0.763846	0.790258	0.552015	0.660403	0.404529	0.724803	1.69434	1.37461	0.59298	0.501024	1.4937	1.19675	0.877346	0.552932	0.754071	0.555647	0.975311	0.71789	1.02285	1.37218	0.588267	0.149588	0.223922	0.504762
ihec.chipseq.ihec-chipseq-containerv1.1.4.IHECRE00000974.7.85f89b17-aeba-4a6e-bcd1-5f7463b1eb27.fc.signal	0	0	0	0	0	0	0	0	0	0	0	0	0	0	0	0	0	0	0	0	0	0	0.0471533	0.221554	0	0.786709	0.30654	0	0	0.0685867	0.750978	0.315979	0.152177	0.234444	0.31937	0.269296	0	0	0	0.233723	0.255656	0	0.202868	0.443709
ihec.chipseq.ihec-chipseq-containerv1.1.4.IHECRE00000152.3.2e0a4cf7-9d6b-4b90-9eb6-636b61ae48d8.fc.signal	0.642876	0.429601	0	0.706618	0.374402	0	0	0	0	0	0	0	0	0	0	0	0.0263663	0.79099	0.263663	0	0.630194	0.3684	0	0	0.229271	0.190441	0	0.233894	0.2052	0.838055	2.02991	0.375143	1.78729	1.98687	0.896443	0.200384	0.79099	1.0019	3.90206	3.28509	0.580016	0	0	0.428884
ihec.chipseq.ihec-chipseq-containerv1.1.4.IHECRE00000228.3.6dc10c5d-c31d-41e0-b93a-1f02c86942e4.fc.signal	0	0	0	0	0	0	0	0	0	0	0	0	0	0	0	0	0	0	0	0	0	0	0	0	0	0	0	0	0.00198407	0.367027	0.52371	0.158725	0	0	0	0	0	0	0	0	0	0	0	0.544444
ihec.chipseq.ihec-chipseq-containerv1.1.4.IHECRE00000317.2.a124c173-07de-4c6b-9f27-c8918085df98.fc.signal	0	0	0	0.377873	0.284379	0	0	0	0	0	0	0	0	0	0	0	0.48695	0.169269	0	0	0	0	0	0	0	0	0	0.196382	0.635808	1.22099	0.208854	0.55007	0.0918802	0.212176	0.245078	0	0	0	0.377873	0.284379	1.1101	0.21423	0	0.647541
ihec.chipseq.ihec-chipseq-containerv1.1.4.IHECRE00004900.1.255a9279-9bfd-4bf8-bbb4-56dd958d45f6.fc.signal	0	0	0	0.273655	0.242939	0	0	0	0	0	0	0	0.351842	0.783989	0.78478	1.03051	0.801499	0	0	0.2206	0.295994	0	0.181506	0.335088	0.309956	0.206638	0.480343	0.89316	0.425814	0.173129	1.06687	0.999838	0.41886	0.276448	0.318322	0.0167544	0.786278	1.05316	0.53028	0.393728	0.112475	0.127609	0.416805	0.855769
ihec.chipseq.ihec-chipseq-containerv1.1.4.IHECRE00003847.4.6766be7e-7a8e-4df0-9a81-95d754bf6fc1.fc.signal	0.814741	0.226198	0	0	0.367601	0.209772	0	0	0	0	0	0	0	0	0	0	0.367601	0.258919	0.787947	0.616931	1.18124	1.05239	0.0047948	0.00319653	0.564028	1.43858	0.772002	0.815134	0.346754	0.528772	1.18432	0.654912	0	0.0191792	0.505052	0.335636	1.16363	0.731339	0.864092	0.582489	0.404361	0	0	0.485866
ihec.chipseq.ihec-chipseq-containerv1.1.4.IHECRE00003817.1.69d9ebdf-0f23-4c5e-8a37-c8d2e360479a.fc.signal	0	0	0	0	0	0	0	0	0	0	0	0	0	0	0.003171	0.09513	0.16916	0.252704	0.0866563	0.235836	0.413854	0.578282	0.517256	0.502704	0.0811643	0.0993261	0.226746	0.529467	0.637834	0.447894	1.08015	1.17144	0.803138	1.09409	2.50113	2.9822	3.48797	4.88519	4.2305	4.42851	2.55519	0.579372	0.269862	0.585185
ihec.chipseq.ihec-chipseq-containerv1.1.4.IHECRE00003836.3.99b27424-8cc1-4279-877c-81e486b3d19a.fc.signal	1.02723	0.997195	0.280704	0.239887	0.439176	0.079474	0	0	0	0	0	0	0	0	0.0784804	0.322836	0.607857	0.900067	0.681808	0.975827	0.83695	0.50412	0.764969	0.705009	1.63806	1.59792	0.720437	0.493217	1.544	1.04312	0.835533	0.457212	0.266983	0.748534	1.03964	0.691278	0.148076	0.498503	0.507003	0.284004	0.226407	0.114588	0.515298	0.634656
ihec.chipseq.ihec-chipseq-containerv1.1.4.IHECRE00000343.2.b68d835c-6f29-47d9-bc6d-a2a56a000741.fc.signal	0.250954	0.41366	0.330928	0	0	0	0	0	0	0	0	0	0	0	0	0	0.162706	0.423683	0.73602	1.14119	0.870233	0.147812	0.341957	0.995491	1.06992	1.38149	1.51317	1.49874	2.41284	2.74601	1.05031	0.344877	0.256152	0.18941	0.21036	0.207237	0.341527	0.488894	0.791322	0.29495	0.0422141	0	0.119735	0.644628
ihec.chipseq.ihec-chipseq-containerv1.1.4.IHECRE00000070.3.6c2832ca-5e0f-43fa-8b01-ae42489daa79.fc.signal	0.625717	0.843114	0.172737	0	0	0	0	0	0	0	0	0	0	0	0	0	0	0	0	0	0	0	0	0	0	0	1.57307	1.52015	0	0	0	0	0.410445	0.624231	0	0.0236362	0.892092	1.12411	0.301358	0.596841	0.112143	0	0	0.428571
ihec.chipseq.ihec-chipseq-containerv1.1.4.IHECRE00003660.4.44bc2162-d439-4783-8b4b-4e76b31501ad.fc.signal	0.918932	2.06264	1.08887	0.0841492	1.17467	0.401248	0	0	0	0.0045065	0.31259	0.36071	0.403972	0.510109	0.186348	0	0	0	0.357087	0.525387	0.482091	0.0300433	0.336604	0.96809	1.3996	1.01776	0.334224	0.684841	0.602621	0.366655	1.80709	0.931758	0.0853231	0.413145	0.329499	0.183368	0.665066	0.213074	0.428818	0.749026	0.226828	0	0.148519	0.404858
ihec.chipseq.ihec-chipseq-containerv1.1.4.IHECRE00000346.2.6f1aef32-bddf-43eb-a3ec-7960ad3dc4da.fc.signal	0	0	0	0	0	0	0	0	0	0	0	0	0	0	0	0	0	0	0	0	0	0	0	0	0	0	0.178962	0.649396	0.25843	0	0	0	0	0	0	0	0	0	0	0	0.212285	0.749062	0.545875	0.646018
ihec.chipseq.ihec-chipseq-containerv1.1.4.IHECRE00000260.2.fa7fb671-7543-43ee-b03b-da981bbc7a9b.fc.signal	0.141914	0.78841	0.670149	0	0	0	0	0	0	0	0	0	0	0	0	0	1.19321	1.40873	0.172514	1.10737	1.63337	1.28873	1.12671	1.32162	0.945679	0.76465	0.341647	2.07107	1.05605	1.48482	1.31823	0.474662	1.2435	0.879612	0.0724776	0	0	0	0.385198	0.854157	0	0	0	0.591331
ihec.chipseq.ihec-chipseq-containerv1.1.4.IHECRE00003812.1.3eaee204-4355-40f7-82b3-c8709fa3a29d.fc.signal	0	0	0	0	0	0	0	0	0	0	0	0	0	0	0	0.0751243	0.688655	0.154563	0.417961	0.654076	0.186722	0	0.0641469	0.153013	0.0874185	0	0.0600517	0.261133	0.650034	0.70543	1.5144	0.887447	0.514026	0.527846	1.02662	1.07729	0.710698	3.56831	3.39235	1.00325	0.69784	0	0	0.790476
ihec.chipseq.ihec-chipseq-containerv1.1.4.IHECRE00001008.4.87ad0368-7e23-42e2-862b-00c0d1fef2ce.fc.signal	0.332385	0.707421	0.465991	0.194844	0	0	0	0	0	0	0	0	0.0258984	0.228207	0.6324	0.153556	0.173719	0	0	0.0883021	0.180446	0.043164	0.430863	0.658966	0.248356	0.0997568	0.260997	0.579603	0.0441232	0.435664	0.987788	0.370132	0.0566169	0.403153	0.230349	0.197666	0.221678	0.352141	0.496617	0.490767	0.72065	0.123737	0	0.613139
ihec.chipseq.ihec-chipseq-containerv1.1.4.IHECRE00000237.3.279b9afd-b79a-4c0b-b848-c635b99df0f3.fc.signal	0	0	0	0	0	0	0	0	0	0	0	0	0	0	0	0	0	0	0	0	0	0	0	0	0	0	0	0	0	0	0	0	0	0	0	0	0	0	0	0	0	0	0	0.619403
ihec.chipseq.ihec-chipseq-containerv1.1.4.IHECRE00001956.2.98baf052-40a0-482d-b546-3f729875aa39.fc.signal	0.104779	0.241017	0.073785	0	0	0	0	0	0	0	0	0	0	0	0	0	0.0936751	0.364196	0.004919	0.0185952	0.237233	0.0353496	0.230518	0.349167	0.285564	0.0779033	0	0	0.0869023	0.259029	0.587476	0.201907	0	0	0.110276	0.102699	0	0	0	0.115137	0.163699	0.149553	0	0.621744
ihec.chipseq.ihec-chipseq-containerv1.1.4.IHECRE00003398.1.428318a7-43f4-48e5-9009-6a279ba6c4eb.fc.signal	0	0	0	0	0.720789	0.32292	0	0	0	0	0	0	0	0	0	0	0.146705	1.65829	2.14287	0.173075	0	0	1.02055	2.25762	0.702375	0.97664	0.150219	0.51697	0.326431	0.16517	0.929581	0.334537	0.633732	1.01267	0.377391	0.225172	1.11652	0.117867	0.608259	1.48092	0.624332	0.579591	1.10531	0.768559
ihec.chipseq.ihec-chipseq-containerv1.1.4.IHECRE00000831.3.279f4a2c-97fc-4d8a-b4ce-6af8c2361f88.fc.signal	0.557381	0	0	0.17784	0.125987	0	0	0	0	0	0	0	0.116242	0.30375	0.340301	0.843948	0.601659	0.249607	0.149026	0.37047	0.170686	0.337735	0.460396	0.7568	0.515271	0.122571	0.902253	0.517674	0.650014	0.600005	0.161083	0.501212	0.0219003	0.153253	0.18197	0.661992	0.275178	0.00941687	0.147133	0.357405	0.955751	0.233583	0.103208	0.555556
ihec.chipseq.ihec-chipseq-containerv1.1.4.IHECRE00000718.3.3cf6cab8-5a06-44c2-b745-b249948e89e2.fc.signal	0.434103	0	0	0	0	0	0	0	0	0	0	0	0.380944	0.516995	0.520623	0	1.14594	0.803889	0.0987834	0.347814	0.215327	0.0922123	0.828945	0.70703	0.101808	0	0.0504051	0.406422	0.0965239	0.426841	0.740108	0.373939	0	0	0	0.430366	1.11541	1.16319	0.644546	0.969723	0.0092558	0	0	0.527157
ihec.chipseq.ihec-chipseq-containerv1.1.4.IHECRE00003687.3.3ddc9025-2dad-4ae4-abfd-7b9504bedc61.fc.signal	1.96905	0.879187	0.20721	0.0134723	0.250793	0.0485781	0	0	0	0	0	0.00518167	0.267374	0.413461	0.669421	0.181186	0	0.0113997	0.234211	0.0445623	0	0	0.211411	0.75237	0.391924	0.448748	0.513369	0.918181	0.926472	0.189648	0.868441	0.661176	0.134723	0.550289	0.791751	0.150268	0.446226	1.54746	0.615618	1.40097	0.827466	0.0196903	0.114301	0.65
ihec.chipseq.ihec-chipseq-containerv1.1.4.IHECRE00000775.1.0fb1e686-4f1c-4706-b5f2-84ac84a9ffd9.fc.signal	0.647656	0.695988	0.436615	0.425653	1.01938	0.499564	0.130314	0	0	0	0	0	0	0	0	0	0.160338	0.0646562	0	0.0804396	0.274795	0.0537894	0.6277	0.213867	0	0	0	0.117034	0.69747	0.0842568	0.586311	0.73843	0.190341	0.102828	0.261051	0.371738	0.121181	0.268624	0.174947	0.703698	1.0619	0.05499	0	0.561151
ihec.chipseq.ihec-chipseq-containerv1.1.4.IHECRE00004905.1.1fb16ad5-9469-4e3d-8b91-c2d692d318b3.fc.signal	0	0	0	0	0	0	0	0	0	0	0	0	0	0	0	0	0	0	0.496703	0.819249	0.483972	0.0431361	0.905196	0.499657	0.0614079	0.712018	1.34463	1.10422	0	0.417948	2.77189	3.30122	1.81901	0.72179	0.890233	0.379646	0.0823466	0.542452	0.348387	0.996909	0.742005	0.564768	0.997811	0.60396
ihec.chipseq.ihec-chipseq-containerv1.1.4.IHECRE00004615.1.dc1c3cb6-a39e-4f93-b860-65238212598d.fc.signal	0.283344	0.294013	0.434837	0.147316	0.28991	0.0335049	0	0	0	0	0	0	0.290262	0.486695	0.307052	0	0.0609895	0.58551	0.384024	0.740638	0.657188	0.30921	0.621812	0.587937	0.563399	0.930053	0.335348	0.473402	0.675726	0.819823	2.07913	1.12436	0.0989761	1.06327	0.257574	0.552691	0.503564	0.780043	0.9889	0.534502	0.54559	0	0.139121	0.560403
ihec.chipseq.ihec-chipseq-containerv1.1.4.IHECRE00000221.3.124af268-a818-4305-aa8a-49d899ed859c.fc.signal	0	0	0	0	0	0	0	0	0	0	0	0	0	0	0	0	0	0	0	0	0	0	0	0	0	0	0	0	0	0	0	0	0	0	0	0	0	0	0	0.590829	0.950603	0.281657	0	0.465374
ihec.chipseq.ihec-chipseq-containerv1.1.4.IHECRE00000194.3.254d12ba-d7b2-4658-a45d-be28e84266b8.fc.signal	0	0	0	0.821589	1.10948	0.877061	0	0	0	0	0	0	0	0	0	0	0	0	0.104332	0.596925	0.083465	0.44336	0.471659	0.524816	1.83237	1.49955	0.167916	0.83958	1.88319	0.875613	0	0	0	0	0.370516	0.399318	0.407441	0.341719	0.427608	0.649942	0.851305	0.089955	0.767263	0.457627
ihec.chipseq.ihec-chipseq-containerv1.1.4.IHECRE00003806.1.c4b2329a-6de9-492b-b3ba-0bb940a27937.fc.signal	0.024518	0.0943	0.0943	0.050922	0.0880133	0	0	0	0	0	0	0	0	0	0	0	0.242028	0.461207	0.344039	0.2546	0.185063	0.036747	0.224192	0.69484	0.759466	0.806815	0.979434	1.01778	1.04545	0.584015	0.29214	0.129564	0.0293744	0.18859	0.196134	0.132644	0.103729	0.100586	0.0251467	0.00716127	0.197705	0.159049	0.0291221	0.492285
ihec.chipseq.ihec-chipseq-containerv1.1.4.IHECRE00004602.2.39c1560e-774f-4bff-84aa-a2713d387a09.fc.signal	1.8822	1.51075	0.914253	0.311325	0	0	0	0	0	0	0	0	0	0	0	0	0	0.0836073	0.416818	0.805632	0.522737	0.694188	0.584064	0.278816	1.40261	2.80912	1.95962	2.68881	2.62708	1.63577	1.03335	0.938161	1.30531	0.870694	0.89971	0.227386	0.260297	1.71818	0.814964	0.149222	0.194226	0.128627	0.130518	0.489796
ihec.chipseq.ihec-chipseq-containerv1.1.4.IHECRE00000246.3.71368893-79b1-4e8f-94b0-a1f322351c50.fc.signal	0.721728	0.413351	0.146726	0	0	0	0	0	0	0	0	0.006746	0.20238	0.309299	0.362855	0.0715076	0	0	0	0	0	0	0	0	0	0	0	0	0	0.102539	0.733883	0.458657	0	0	0	0	0	0	0	0.0890354	0.879039	0.754792	0.871929	0.441026
ihec.chipseq.ihec-chipseq-containerv1.1.4.IHECRE00000267.2.3b402b99-27cf-4ad9-9499-4a121842b20c.fc.signal	0	0	0	0.270967	0.246333	0	0	0	0	0	0	0	0	0	0	0	0.0233243	0.918474	0.749585	0.192374	0.282843	0.502419	0.569003	0.246079	0.211955	0.401583	1.0312	1.18293	0.555703	0.116932	0.203828	0.542269	0.697654	0.539829	0.207192	0.0234321	0.214204	0.275165	0.191229	0.556835	0.574758	0.224163	0.3695	0.613095
ihec.chipseq.ihec-chipseq-containerv1.1.4.IHECRE00000969.7.0baab4a8-a829-4c43-b8f6-5a3994be9e01.fc.signal	1.83872	1.44675	0	0	0	0	0	0	0	0	0	0	0	0	0	0	0	0	0	0	0	0	0.917767	0.422372	0.540026	0.406197	0	0.390143	0.63231	0.271951	2.24086	0.458541	0	0	0	0	0.332214	0.877286	0.395929	1.03587	2.53941	0.861859	1.0773	0.60733
ihec.chipseq.ihec-chipseq-containerv1.1.4.IHECRE00000285.2.88242bde-ac9a-4226-9332-88ef1ce7c006.fc.signal	0	0	0	0	0	0	0	0	0	0	0	0	0	0	0	0.0637047	0.5621	0.0299787	0	0	0.170025	0.56973	0.418046	0.0634096	0.418648	0.0577785	0	0.14623	1.10511	0.624467	0.452793	0.400965	0.230648	0	0.422177	0.198623	0.616241	1.37004	0.548522	0.531667	0.397271	0	0	0.572254
ihec.chipseq.ihec-chipseq-containerv1.1.4.IHECRE00001888.4.4c779d5c-81a6-4492-a2ab-32ef5f8f70d0.fc.signal	0.646512	0.50776	0.241186	0	0	0	0	0	0	0	0	0	0	0	0	0	0	0.445032	0.496647	0.829259	0.111707	0	0	0	0.0338507	0.50776	0.135403	0.670196	0.683734	0.0169253	0.50776	0.152328	0.419748	0.239389	0.459	0.169492	0	0.258314	0.282937	0.0616703	0	0	0	0.664634
ihec.chipseq.ihec-chipseq-containerv1.1.4.IHECRE00001913.1.5545bcc7-1d10-4b9f-b8ab-ad8d845f8fcc.fc.signal	1.29038	1.28904	0.168107	0.0141564	0.551988	0.176955	0	0	0	0	0	0	0	0	0	0	0.0186364	0.503941	1.03349	0.450418	0.222257	0.389864	0.456611	0.00304213	0.257797	0.0832665	0.256706	1.11442	0.815662	0.24455	0.227681	0.210903	0.666731	0.786073	0.176146	0.255855	0.552365	1.45245	1.02958	0.641594	0.0872978	0	0	0.65812
ihec.chipseq.ihec-chipseq-containerv1.1.4.IHECRE00004609.2.33d21ea8-28ff-4f08-83bc-ecd68e8e31f9.fc.signal	0.719782	0.389148	0.34701	0.0289179	0.279922	0.125791	0	0	0	0	0	0	0	0	0.144588	0.458081	0.106418	0.873469	0.895448	0.501499	0.388511	0.504168	0.0445171	0.0530649	0.599037	0.963183	0.487463	0.322134	0.375019	0.735178	1.87417	1.43451	0.33203	1.43802	0.576125	0.804512	0.274139	0.413639	0.328095	0.562191	0.87693	0.216305	0	0.45977
ihec.chipseq.ihec-chipseq-containerv1.1.4.IHECRE00003715.2.f452847b-856b-4b4d-bec4-906e8d705518.fc.signal	0	0	0	0.478564	1.0116	0.379346	0	0	0	0	0	0	0	0	0	0	0	0	0	0.437809	0.294053	0.658608	0.657895	1.52108	0.675914	0	0	0	0.487715	1.44434	1.58642	0.554742	0.0423584	0	0	0.211211	1.10944	0.201558	0.805954	0.789304	0.989397	0.0700332	0.463455	0.716814
ihec.chipseq.ihec-chipseq-containerv1.1.4.IHECRE00001246.1.ca6ad4db-8b69-4438-9417-122ebb14df0b.fc.signal	0.249101	0.524586	0.411141	0.180971	0	0	0	0	0	0	0	0	0	0	0	0	0.0553557	0.440671	0.8104	0.411838	0	0.136104	0.480426	0.500933	0.925508	0.390282	0.617692	0.644657	0.38076	0.430413	0.458973	0.499375	0.137451	0	0.0665303	0.541465	0.483946	0.483814	0.134174	0.342719	0.955649	0.393833	0	0.646617
ihec.chipseq.ihec-chipseq-containerv1.1.4.IHECRE00003822.3.476846c8-9a98-404a-a2ae-8e077ecdcc70.fc.signal	0.769101	0.784222	0.310182	0.284955	0.306558	0.075945	0	0	0	0	0	0	0	0	0	0.0263276	0.632023	0.722483	0.70354	1.43214	1.62024	1.54035	1.35886	1.23943	0.637783	0.88947	2.16339	1.20814	1.55376	1.80775	1.40671	1.18267	1.03053	1.25945	0.732918	0.702866	0.455813	0.543402	0.874456	0.624174	0.0986721	0	0.0810432	0.569277
ihec.chipseq.ihec-chipseq-containerv1.1.4.IHECRE00003824.4.0d9403d3-7c49-45ef-b733-64b963da6a93.fc.signal	1.26185	0.197924	0	0.186085	0.620737	0.0152805	0	0	0	0	0	0	0	0	0	0	0.254	0.653336	0.820406	0.574557	0.679145	0.454083	0.239315	0.559493	0.520894	1.49467	1.07033	0.813616	2.30375	1.1627	0.494873	0.459372	1.25169	1.44115	1.84728	1.73232	0.589499	1.81081	0.754126	0.986649	0.96031	0.0570481	0	0.613828
ihec.chipseq.ihec-chipseq-containerv1.1.4.IHECRE00000229.3.d50d886e-de20-4390-91ea-79449d21afd2.fc.signal	0.967658	0.835021	0.799062	0.325484	0	0	0	0	0	0	0	0	0	0.12821	0.4379	0.129896	0	0	0	0	0	0.0364817	0.45972	0.903422	0.434952	0.0481558	0	0	0	0.201379	0.818788	0.811169	0.0510743	0	0	0	0.00583707	0.570684	1.02168	1.40849	0.751673	0.00729633	0.183524	0.604106
ihec.chipseq.ihec-chipseq-containerv1.1.4.IHECRE00000013.3.c56fb850-5356-4ade-95b8-b00dc069d5ee.fc.signal	0	0	0	0	0	0	0	0	0	0	0	0	0	0	0	0	0	0	0	0	0	0	0.440802	1.09357	1.53151	0.258932	0	0.517761	0.630643	0.478092	2.14847	0.836505	0.366914	0.432353	0	0	0	0	0	0.46566	0.741989	0.0634681	0	0.51341
ihec.chipseq.ihec-chipseq-containerv1.1.4.IHECRE00000348.2.8ffe2ec7-cebe-4b75-9981-ce6939da93e1.fc.signal	1.00324	0.987315	0	0	0.951219	0.515553	0	0	0	0	0	0	0	0	0	0	1.28861	1.53434	3.28453	1.3896	2.43737	1.17025	0.813793	0.782928	0	1.33332	0.332322	1.07736	1.38218	2.21445	1.15929	0.95022	2.66559	1.16132	2.84712	4.00465	0.653839	0.706381	0.377311	1.56369	2.17725	0.60192	0	0.625369
ihec.chipseq.ihec-chipseq-containerv1.1.4.IHECRE00004728.1.eff029f0-bac1-4b6d-a8ef-a052fc08bb40.fc.signal	0.668863	0.778836	0.363216	0.132055	0.319437	0.0443671	0	0	0	0	0	0.0236627	0.17747	0.347325	0.377411	0.265015	0.248452	0.873867	0.697841	0.216786	0.330348	0.274785	0.684028	0.213712	0.414376	1.23372	0.851781	0.783133	0.249326	0.360556	0.712209	0.478636	0.185517	0.27382	0.311115	0.940828	0.309216	0.453034	0.637148	0.722178	0.333628	0.191667	0.394078	0.479508
ihec.chipseq.ihec-chipseq-containerv1.1.4.IHECRE00001447.1.fc540a64-f107-4a30-90f0-2351f9514fe6.fc.signal	0.3888	0.205509	0	0	0	0	0	0	0	0	0	0	0	0	0	0.023328	0.3888	0.080352	0	0.00481493	0.367945	0.11312	0	0.325463	0.534047	0	1.14043	1.11329	0.46496	0.434097	0.320095	0.207824	0.0586028	0.332583	0.257103	0.0944977	0.932594	0.46589	0.391661	0.287612	0.0276742	0	0	0.550459
ihec.chipseq.ihec-chipseq-containerv1.1.4.IHECRE00000270.2.7f3322b0-7459-468e-9fb0-8a7f154146ac.fc.signal	0.225894	0	0	0	0	0	0	0	0	0	0	0	0	0	0	0.125497	0.558309	1.0807	1.33802	1.53778	1.00738	0.408921	0.415219	0.913491	1.09982	0.354937	0.321613	0.138445	0.376087	1.27633	0.875738	1.12702	1.614	2.73297	0.765968	0.639942	0.91306	0.386803	0.773563	1.00385	0.840719	0.336331	0	0.674107
ihec.chipseq.ihec-chipseq-containerv1.1.4.IHECRE00004604.3.2060b949-a0ba-4eb6-9071-42320bc08233.fc.signal	0.0289117	0.954913	0.964404	0.0305995	0	0	0	0	0	0	0	0.119055	0.964386	1.02052	0.198998	0	0.335052	1.72292	1.48482	0.2262	1.00007	0.780146	0.150426	0.246945	0	0.641211	0.896326	0.603622	0.726593	0.0609337	0.754344	0.284779	0.534065	0.82232	0.213069	0.962826	1.25854	0.406139	2.17718	1.61722	0.801064	0	0	0.360825
ihec.chipseq.ihec-chipseq-containerv1.1.4.IHECRE00001508.1.3ff79a1c-fa56-40ee-8e45-af67644a868b.fc.signal	0	0	0	0	0	0	0	0	0	0	0	0	0	0	0	0	0.826993	3.85124	2.76578	1.21877	0.218165	0.260508	0.557078	0.415656	0.758434	1.06251	1.78386	1.60081	0.581382	0.331135	0.155153	0.424796	0.443518	1.22067	0.726348	0.99303	0.756747	0	0.801451	1.22931	1.02177	1.30595	0	0.612805
ihec.chipseq.ihec-chipseq-containerv1.1.4.IHECRE00001467.1.a679e95c-5603-4aa9-a651-5d699227d0bd.fc.signal	0.194663	0	0	0	0	0	0	0	0	0	0	0	0	0	0	0	0.0836498	0.166047	0	0.146567	0.166704	0.38251	2.0485	1.98858	3.40099	1.17677	1.20299	1.6512	1.59456	2.48562	2.76321	0.539292	0	0.296782	0.290757	0	0	0	0.0505635	0.927486	0.447328	0.0917256	0.432937	0.619512
ihec.chipseq.ihec-chipseq-containerv1.1.4.IHECRE00000234.3.28974330-5516-4453-9680-5e36e5a6f76f.fc.signal	0	0	0	0	0	0	0	0	0	0	0	0	0	0	0	0	0	0	0	0	0	0	0	0	0	0	0	0	0	0.302015	2.07448	1.57532	0.329078	0	0	0	0	0	0	0	0.12266	0.193724	0.12689	0.466667
ihec.chipseq.ihec-chipseq-containerv1.1.4.IHECRE00001044.7.98dee4c6-4d34-480a-a6be-9b7ab769fa23.fc.signal	0.32769	0.54615	0.409613	0	0	0	0	0	0	0	0	0	0	0	0	0.076461	0.924897	0.600804	0.169043	0.41484	0.343123	0.417207	0.851492	0.421889	0.201766	0.467903	0	0	0.311148	0.479955	0.163418	0.681045	0.567141	0.0666129	0	0	0	0.492523	0.592579	0.513494	0.585747	0.3774	0	0.679878
ihec.chipseq.ihec-chipseq-containerv1.1.4.IHECRE00001936.1.93858f63-89ca-4fc1-b09c-156027aebe3c.fc.signal	0.302862	0.206097	0	0	0	0	0	0	0	0	0	0	0.0906768	0.302251	0.53392	0.102431	0.384537	0.312759	0.70555	1.09963	0.547242	0.355391	0.0757828	0.472939	1.00842	2.19936	1.02298	1.20968	2.1045	0.977937	0.752932	0.86393	0.572708	1.1314	0.708984	0.958357	0.96029	1.06904	0.635597	0.0722056	0.410606	0.218296	0	0.452174
ihec.chipseq.ihec-chipseq-containerv1.1.4.IHECRE00001488.1.ed526ba9-6db4-41ed-9033-78c197f98a7a.fc.signal	0.112846	0	0	0	0.43808	0.275062	0	0	0	0	0	0	0	0	0	0	0.034166	0.492532	0.194193	0.226291	0.285705	0.928721	0.517896	1.25237	0.773093	0.668195	0.617356	0.375826	0.488749	0.699719	0.91097	0.615927	0.613152	1.16246	0.856125	0.671436	0.339331	0.681885	1.30188	1.14228	1.99539	0.436338	0.539338	0.526316
ihec.chipseq.ihec-chipseq-containerv1.1.4.IHECRE00000304.2.95eca80c-cf92-4d7c-b119-29df47c015c5.fc.signal	0	0	0	0	0	0	0	0	0	0	0	0	0	0	0	0	0	0.195517	1.34292	0.369393	0	0.681782	1.54723	0	0	0	0	0	0	1.35008	0.954935	1.37762	0.637682	0	0	0	0	0	0	1.20821	3.3971	0	0	0.633333
ihec.chipseq.ihec-chipseq-containerv1.1.4.IHECRE00003825.5.a2132ec8-5019-4f71-b6df-20615bc02f27.fc.signal	0.404137	0.165299	0.21832	0.133904	0.328942	0	0	0	0	0	0	0	0	0	0	0	0.0392976	0.707499	0.72501	0.550223	1.47326	1.13838	0.953521	0.630351	1.29269	2.28557	0.970979	1.93473	3.01191	3.75773	2.33506	1.95656	0.713319	0.139725	1.41208	2.79217	1.15857	2.68055	1.03214	0.67228	1.06607	0.0291093	0	0.376712
