	chr16:89222219-89222368	chr16:89222369-89222518	chr16:89222519-89222668	chr16:89222669-89222818	chr16:89222819-89222968	chr16:89222969-89223118	chr16:89223119-89223268	chr16:89223269-89223418	chr16:89223419-89223568	chr16:89223569-89223718	chr16:89223719-89223868	chr16:89223869-89224018	chr16:89224019-89224168	chr16:89224169-89224318	chr16:89224319-89224468	chr16:89224469-89224618	chr16:89224619-89224768	chr16:89224769-89224918	chr16:89224919-89225068	chr16:89225069-89225218	chr16:89225219-89225368	chr16:89225369-89225518	chr16:89225519-89225668	chr16:89225669-89225818	chr16:89225819-89225968	chr16:89225969-89226118	chr16:89226119-89226268	chr16:89226269-89226418	chr16:89226419-89226568	chr16:89226569-89226718	chr16:89226719-89226868	chr16:89226869-89227018	chr16:89227019-89227168	chr16:89227169-89227302	Expression
ihec.chipseq.ihec-chipseq-containerv1.1.4.IHECRE00001002.4.bc6e7c42-efcb-4227-9b35-b730ed21b81f.fc.signal	0.269715	0.379999	0.253266	0.485597	0.231471	0.0566791	0.0346264	0.229944	0.483987	0.273776	0.179331	0.176575	0.166085	0.163964	0.148337	0.170147	0.22362	0.185388	0	0.11495	0.45986	0.0472023	0.0804871	0.0538413	0.0542086	0.315578	0.253391	0.163931	0.201709	0.542584	0.409179	0.718131	0.91494	0.544744	0.213768
ihec.chipseq.ihec-chipseq-containerv1.1.4.IHECRE00001854.4.91c7adb9-9182-4f05-b5fa-c053c0a1b0ec.fc.signal	0.327433	0.035134	0.242796	0.613365	0.509572	0.19168	0	0.146924	0.422069	0.608835	0.180461	0.193237	0	0.297084	0.464833	0.430141	0.0292697	0	0.137342	0.174073	0	0.310249	0.863587	0.353409	0.552651	0.65489	0.012776	0.23955	0.071865	0	0.204431	0.535125	0.384246	0.131824	0.707483
ihec.chipseq.ihec-chipseq-containerv1.1.4.IHECRE00003693.3.61ce3aed-9b5d-4553-b99d-12b70cc1e329.fc.signal	0.629451	0.133757	0.2122	0.140486	0.203902	0.164312	0.236707	0.671968	2.04516	2.30129	1.40721	0.657375	0.640293	0.529866	0.245603	0.467926	0.107118	0.0600555	0.249639	0.321679	0.516727	1.32062	1.21182	1.6176	0.789958	0.434718	0.186929	0.197435	0.0814743	0.129539	0.192839	0.254543	0.148121	0.116003	0.312796
ihec.chipseq.ihec-chipseq-containerv1.1.4.IHECRE00003682.3.262baf8f-18ec-4df6-b43b-235702f654d5.fc.signal	0.0060548	0.0585297	0.201827	0.0423836	0	0.267416	0.186687	0.151342	0.379429	0.270443	0.148343	0.458138	0.495506	0.557099	0.103941	0	0.0867855	0.129169	0.0867855	0.0353197	0.357227	0.228062	0.136233	0.106968	0.0444019	0	0	0.237146	0.288612	0.0797215	0.359249	0.461186	0.63485	0.0609454	0.343056
ihec.chipseq.ihec-chipseq-containerv1.1.4.IHECRE00000987.6.5cfbaa8b-8208-4e04-b7a6-61e4e70766cd.fc.signal	0	0	0	0	0	0	0	0	0.543716	0.871216	1.33137	0.510985	0.243773	0	0.984466	0.468793	0	0	0.580909	0.553568	0.524818	0.712398	0.591059	0.331759	0	0	0	0	0.496921	0.487545	0.328935	0.183388	1.08186	0.375617	0.482412
ihec.chipseq.ihec-chipseq-containerv1.1.4.IHECRE00004635.3.eb7c4ac6-0e90-4c4c-9088-810681c2c896.fc.signal	0.948268	0.159923	0.191705	0.662251	0.171201	0.13616	0.477905	0.30211	0.448502	0.781281	0.425201	0.46337	0.264617	0.496862	0.234706	0.313686	0.274744	0.686854	0.523855	0.229635	0.288068	0.724854	0.694052	0.252926	0.0912173	0.260226	0.275769	0.227584	0.330021	0.311521	0.325891	0.272637	0.439393	0.484726	0.290909
ihec.chipseq.ihec-chipseq-containerv1.1.4.IHECRE00003694.3.791a1a19-8cb6-4f2d-b5f0-f97ea2658756.fc.signal	0.456442	0.653584	0.744396	0.941515	1.17153	1.19543	3.10403	4.49997	5.84108	3.73719	1.4436	1.60634	1.67505	0.877571	0.747751	0.541131	0.38182	0.0240434	0.418155	0.657306	0.882459	1.68882	1.91607	1.71729	0.737805	1.03656	0.689391	0.460346	0	0.219365	0.18375	0.367431	0.237988	0.0277713	0.341853
ihec.chipseq.ihec-chipseq-containerv1.1.4.IHECRE00001966.2.a5362628-573c-4f29-aabc-203a1f7daa08.fc.signal	0.257257	0.174399	0	0	0.300986	0.839438	0.349167	0.647176	0.500355	0.497017	0.30151	0.232012	0.133773	0.0366624	0.301888	0.0020902	0	0	0	0.261275	0.10451	0	0	0	0	0	0	0	0.114989	0.139398	0.307751	0.303413	0.0789071	0	0.558594
ihec.chipseq.ihec-chipseq-containerv1.1.4.IHECRE00001458.1.95d5ed16-4642-4ac8-b3c3-c6d52abdacb8.fc.signal	0	0.411903	0.870357	0.258062	0.183073	0.716059	0.352456	0.222896	0.244698	0.277007	0.255295	0.489113	0.589104	0.183565	0.0268656	0.447723	0.480386	0.0595191	0	0	0.510366	0.382443	0	0	0	0.508133	0.543948	0	0.260051	0.81303	0.353708	0	0	0.00503888	0.333333
ihec.chipseq.ihec-chipseq-containerv1.1.4.IHECRE00000244.3.e3307280-fd43-48ec-bfea-65dc3dbb16cb.fc.signal	0.745245	1.78689	1.39163	1.11736	1.82362	2.3791	1.87276	0.593625	0.309453	0.170835	0.365358	0.275758	0.263707	0.36778	0.281989	0.265036	0.825874	0.70135	0	0.18455	0.346755	0.117652	0	0	0.57244	1.22746	0.555579	0.149634	0.0403873	0.58903	0.556178	0.180369	0.111505	0.411622	0.344262
ihec.chipseq.ihec-chipseq-containerv1.1.4.IHECRE00003843.4.49e5ea45-59d8-417f-b446-420c07cf032e.fc.signal	0.332384	0.226813	0.649969	0.343948	0.169744	0.34867	0.203835	0.766626	0.635078	0.769499	0.25279	0.629821	0.320868	0.544998	0.771391	0.940226	0.409831	0.187421	0.103596	0.357449	0.229165	0	0.0524796	0.277721	0.309435	0.0664239	0.488761	0.147997	0.199354	0.131902	0.220806	0.37469	0.191883	0.267617	0.544199
ihec.chipseq.ihec-chipseq-containerv1.1.4.IHECRE00003828.3.fa27d843-786a-4e79-8835-42abca97de87.fc.signal	0.570213	0.576428	1.04794	0.842529	0.935668	1.03936	0.166471	0.458876	0.170137	0.253018	0.468961	0.177522	0.146539	0.333654	0.403665	0	0.221307	0.855993	0.170452	0	0.301845	0.397654	0.269827	0.198326	0.532767	0.297165	0.00921547	0.415908	0.81803	0.485034	0.123624	0.575332	0.144325	0.162584	0.489669
ihec.chipseq.ihec-chipseq-containerv1.1.4.IHECRE00004607.2.69656c3b-1dfd-41af-af20-57e8f19233a1.fc.signal	0.52677	0.427961	0.705693	0.875892	0.116386	0.227272	0.597786	0.297866	0.23394	0.219321	0.327616	0.449805	0.453912	0.106377	0.0156783	0.563815	0.187859	0.295309	0.611843	0.106376	0.352922	0.520646	0.445461	1.13861	0.41546	0.0957085	0.358768	0.363591	0.0600704	0.354149	0.864602	0.724086	1.09452	0.382134	0.490385
ihec.chipseq.ihec-chipseq-containerv1.1.4.IHECRE00001918.1.9e638be4-fa7a-454b-8210-0976e280183f.fc.signal	0.211344	0.006904	0.609126	1.07401	1.39479	1.27166	1.02416	1.54124	2.06168	0.76847	0.727296	0.948098	1.11076	1.64631	1.17805	0.225659	0.251404	0.173466	0	0.180652	0.236598	0.101719	0.646564	0.856015	0.510576	0.463016	0.243542	0.32056	0.0832009	0.338782	0.546867	0.619823	0.0777586	0.310003	0.536667
ihec.chipseq.ihec-chipseq-containerv1.1.4.IHECRE00003835.4.f2b75171-e2d2-4fe1-8ece-a2ab6c448cec.fc.signal	0.39221	0.3006	0	0.145146	0.348779	0.707568	0.81096	0.349444	0.170363	0.420964	0.914031	0.298321	0.299781	0.169985	0.520577	0.445203	0.396671	0.683792	0.092982	0.0444247	0.443157	0.186997	0.255184	0.0103313	0.299609	0	0	0	0.0987577	0.21037	0.473492	0.370224	0.136912	0.202845	0.415842
ihec.chipseq.ihec-chipseq-containerv1.1.4.IHECRE00004605.1.5720ead7-dd43-4b40-b17e-b9f7cda69ec0.fc.signal	0.821913	0.00222707	0	0.375747	0.566793	0.387503	0	0.0746052	0.259446	0.0523361	0.230498	0.0512225	0.347417	0.367461	0.310668	0.335165	0.493285	0.150325	0.0534496	0.396411	0.276151	0.427317	0.841895	0.171831	0.126942	0.46686	0.643923	1.08079	0.290625	0.208164	0.160675	0.597569	0.348294	0.142744	0.571429
ihec.chipseq.ihec-chipseq-containerv1.1.4.IHECRE00000957.7.f00a0f4a-5f50-4465-bbfb-8153fd1dc895.fc.signal	0.528954	0.197841	0.629491	0.0489097	0.251798	0.271734	0.273705	0.461093	0.472579	0.00760267	0.10274	0.124047	0.273235	0.324317	0.0631707	0.325442	0.731566	0.441369	0.758064	0.543831	0.683269	0.194024	0.220696	0.285094	0.425005	0.199564	0.506412	0.115553	0.217032	0.93109	0.178501	0.286866	0.698763	1.30394	0.301205
ihec.chipseq.ihec-chipseq-containerv1.1.4.IHECRE00000195.3.986cff92-5d42-4625-83db-98aad85f151e.fc.signal	0.261254	0.39584	0.409	0.261307	0.781124	0.208476	0.232226	0.295561	0.387923	0.139863	0	0	0.46973	0.530426	0.118752	0.73592	1.35449	0.544524	0.193653	0.0269799	0.219781	0.281271	0.272947	0	0	0	0.0422229	0.39584	0.0897237	0.39584	0.732443	0.198296	0.215152	0.330939	0.668874
ihec.chipseq.ihec-chipseq-containerv1.1.4.IHECRE00004610.2.ea8a1015-0f82-48f9-9c20-42da2550bfd3.fc.signal	0.311149	0.319844	0.814497	0.463115	0.124242	0.12995	0.397859	0.66272	0.436938	0.427362	0.808899	0.285678	0	0.16635	0.359726	0.793705	0.250506	0.372711	0.374453	0.117874	0.289306	0.583244	0.544363	0.278275	0.388318	0.0920178	0.327094	0.352488	0.463156	0.307423	0.215164	0.124033	0.391158	0.596241	0.501377
ihec.chipseq.ihec-chipseq-containerv1.1.4.IHECRE00000303.2.6ad801c5-71a9-474a-9628-4aa448792462.fc.signal	0.370843	0	0	0	0	0	0	0.197718	0.574783	0	0	0	0	0.551953	0.310474	0	0.544869	1.01171	0	0	1.5568	1.72501	0.429508	0.595074	0	0	0.258728	0.603699	0.176807	1.32918	0.633424	0.40165	0.584671	0.44887	0.649635
ihec.chipseq.ihec-chipseq-containerv1.1.4.IHECRE00003677.3.18735c01-9e7f-4bc3-8ba6-c4181a530efa.fc.signal	0.467807	0.200356	0.136691	0.17919	0.152595	0.0691204	0.0567467	0.0662579	0.140574	0.198921	0.220321	0.193347	0.141951	0.0353957	0	0.128836	0.21647	0.14848	0.154698	0.0804215	0.319542	0.210307	0.275692	0.476915	0.411753	0.360706	0.191949	0.0583133	0.230341	0.248231	0.357909	0.237991	0.441771	0.153294	0.39372
ihec.chipseq.ihec-chipseq-containerv1.1.4.IHECRE00000236.3.81777bd7-a811-47be-9ebc-c73408291448.fc.signal	0.693576	0.38371	0.168554	0.26595	0.468509	0.802465	0.875815	0.261042	0.199507	0.239399	0.276055	0.535154	0.528028	0.534232	0.827787	0.950562	0.839046	0.358518	0.35583	0.851074	0.587982	0.152484	0.0870057	0.549333	1.00763	0.504231	0.218339	0.284519	0.181624	0.207166	0.175657	0.219916	0.344406	0.186205	0.338109
ihec.chipseq.ihec-chipseq-containerv1.1.4.IHECRE00001378.1.8de637e5-a5d6-4185-adf0-6cd26a8c9528.fc.signal	1.04455	0.717462	0.203557	1.07227	1.2777	0.169593	0.464329	1.03447	0.686366	1.0294	0.444743	0	0.527697	0.35748	0.0223458	0.37228	0.64718	1.00877	0.190395	0.999413	0.72167	0.628857	1.1369	0.399246	0	0.0433644	0.364776	0.0293848	0.250697	0.783432	0.554623	0.191795	0.78103	0.280856	0.513333
ihec.chipseq.ihec-chipseq-containerv1.1.4.IHECRE00002058.1.68c7e067-2bf1-45f2-8e15-c75a696edb6c.fc.signal	0.206029	0.427781	0.715044	0.458107	0.0175504	0	0	0.1525	0.128193	0	0.00303533	0.625279	0.496106	0.429968	0.22765	0.277429	0.613606	0.388628	0.382194	0.774777	0.474687	0.455731	0.340683	0.44935	0.419667	0.447248	0.159205	0.194033	0.175184	0.339919	0.237899	0.494667	0.204313	0.111631	0.526971
ihec.chipseq.ihec-chipseq-containerv1.1.4.IHECRE00000250.2.49953b3d-9030-4a88-85fe-119abc3077c8.fc.signal	1.19106	0.0815173	0.258948	0.695463	1.47792	0.918045	0.365671	0.689956	0.402976	0.0992557	0.148406	0	0.196357	0.979921	0.268578	0.259369	0.519429	0.13273	0.185173	0.0617964	0.339005	0.996973	0.441332	0.524228	0.611258	0.201941	0	0	0	0.0481693	0.856873	0.574239	0.632659	0.428508	0.646018
ihec.chipseq.ihec-chipseq-containerv1.1.4.IHECRE00003683.3.52ed6dfc-f444-41dd-94ff-8e67dd11315f.fc.signal	0.479412	0.358767	0.165151	0.36716	0.29358	0.389033	0.270219	0.251465	0.526103	0.24829	0.300988	0.0105187	0	0	0.154923	0.300186	0.511012	0.357834	0	0.0390788	0.188432	0.247262	0.308826	0.778763	0.0725397	0	0	0	0	0	0.182427	0.138785	0.173708	0.0301646	0.246988
ihec.chipseq.ihec-chipseq-containerv1.1.4.IHECRE00004713.2.e0c0800b-3b56-4a12-9e86-6c2b014acbe6.fc.signal	0.820122	1.14663	0.93517	1.54002	1.88742	0.0327572	0.565093	0.235906	0.427637	0.207974	0.889532	1.48673	1.33997	0.742207	0.558675	0.83496	0.582058	1.33575	0.186522	0.248627	1.03531	0.797859	0.218969	0.476297	0.649393	0.0927833	1.20976	0.423043	0.452783	0.122474	0.0753053	0.635994	0.712526	0.222728	0.690355
ihec.chipseq.ihec-chipseq-containerv1.1.4.IHECRE00000224.3.e5c74e2f-fdd7-452c-ab9b-6ee0ab9d0cdc.fc.signal	0.521572	0.631516	0.374193	0.317656	0.447805	0.717678	0.830718	0.591481	0.332468	0.385704	0.368584	0.399099	0.224052	0.394865	0.469565	0.0718012	0.0975947	0.216038	0.0607533	0.0121302	0.204189	0.153993	0.0592053	0.404453	0.240512	0.103865	0.0491009	0.114635	0.100098	0.138733	0.312563	0.647556	0.647488	0.265839	0.342569
ihec.chipseq.ihec-chipseq-containerv1.1.4.IHECRE00001887.4.e03cd402-356e-42a8-a5d3-47467ef89fb6.fc.signal	0	0	0	1.53913	3.41362	2.28883	0.732324	0.49985	0.306423	0.118038	1.67897	3.11457	3.73226	3.69293	1.39244	0.340433	0.531843	1.24675	1.77146	1.82299	1.35299	0.539596	0.431156	0.204981	0.689166	0.639346	0.0304451	0.0249096	0.409948	0.417465	0.597115	0.485674	0.222539	0	0.429448
ihec.chipseq.ihec-chipseq-containerv1.1.4.IHECRE00002067.1.d2972a82-a806-4e56-afab-8a78ae137176.fc.signal	0.328337	0.947963	0.405046	0.277964	0.37468	0.413695	0.886642	0.376507	0.270618	0.0446291	0	0	0.23047	0.238181	0.597123	0.361285	0.148878	0.438196	0.3859	0.297022	0.484805	0.741067	0.59767	0.454729	0.111898	0.353629	1.29794	0.120033	0.307164	1.15322	0.858039	1.13312	0	0.00250522	0.512727
ihec.chipseq.ihec-chipseq-containerv1.1.4.IHECRE00001955.3.20a7277a-189d-447e-b862-19ad112ed91b.fc.signal	0.362728	0.423704	0.721975	0.677583	0.258891	0.450725	0.467796	0.433411	0.299438	0.262365	0.518399	0.915178	0.603056	0.478692	0.352273	0.636636	0.446581	0.0171463	0.0560161	0.115449	0.146429	0.196559	0.266883	0.172021	0.488108	0.357156	0.146163	0.276953	0.581562	0.864225	1.14334	0.945364	0.82392	0.648664	0.575931
ihec.chipseq.ihec-chipseq-containerv1.1.4.IHECRE00000230.3.c59c5d40-3fa1-4268-aee6-d3649316b884.fc.signal	0.200653	0.401701	0.57698	0.915696	1.12316	0.576473	0.346642	0.337991	0.394083	0.68606	0.502268	0.120562	0.633058	0.669611	0.320504	0.422915	0.355237	0.0810493	0.229078	0.727526	0.766627	0.285093	0.032258	0.204764	0.37298	0.429541	0.571058	0.668285	0.814813	0.758941	0.379073	0.176642	0.156769	0.290634	0.436893
ihec.chipseq.ihec-chipseq-containerv1.1.4.IHECRE00003833.4.c9356221-6b90-4965-9d95-323075444bf6.fc.signal	0.815801	0.331439	0.56553	0.311001	0.329704	0.666271	0.544766	0.738546	1.7582	1.03543	0.967431	1.01307	0.586958	0.335235	0.886087	0.607742	0.206556	0.0720433	0.0431581	0.187623	0.0893824	0.220439	0.493962	0.681459	0.368052	0.0989285	0.322823	0.377939	0.661634	0.749008	0.359031	0.358047	0.432203	0.92486	0.187023
ihec.chipseq.ihec-chipseq-containerv1.1.4.IHECRE00001958.3.15c43137-8b62-45aa-904f-5b9257a45d2c.fc.signal	0.491063	0.188404	0.155516	0.415792	0.438122	0.641956	0.420254	0.161606	0.211435	0.287611	0.150374	0.289104	0.531106	0.596479	0.306156	0.209828	0.16963	0.149148	0.135211	0.243627	0.323211	0.30088	0.0795855	0.132523	0.38846	0.406355	0.285999	0.789505	0.843762	0.974059	1.43971	1.68659	1.54447	1.09397	0.484018
ihec.chipseq.ihec-chipseq-containerv1.1.4.IHECRE00001916.1.e7613ff6-6db0-405e-a3e1-4d00a7bd21ef.fc.signal	0.0158716	0.666498	0.764334	0.261865	1.35118	0.701115	0.143827	0.0358471	1.10272	0.376442	0.055509	1.03745	0.163456	0.739733	0.329947	0.0047444	0.774241	0.0236701	0	0.30019	0.312509	0.277772	0.237509	0	0.266537	0.552755	0	0	0.665854	0.121273	0.669114	1.00157	0.525221	0.0762091	0.479853
ihec.chipseq.ihec-chipseq-containerv1.1.4.IHECRE00000240.3.d690d3e6-ed87-46ee-9d2a-0a5b66f16245.fc.signal	0.438663	0.461293	0.321234	0.359837	0.27541	0.284901	0.51621	0.817129	0.761545	0.492823	0.632425	0.437252	0.303184	0.294382	0.0814047	0.0285658	0.420662	0.38478	0.0031584	0	0.18369	0.171795	0	0.0173113	0.483373	0.364241	0.0416045	0.183243	0.525296	0.378053	0.247925	0.204544	0.204336	0	0.196078
ihec.chipseq.ihec-chipseq-containerv1.1.4.IHECRE00001921.1.6ac99a85-2fe0-4cc8-86a0-6bf7b17d53bb.fc.signal	0.504749	0.466591	0.440212	0.361906	0.815924	0.681651	0.419848	0.548474	0.757992	0.549112	0.340992	0.253426	0.40304	0.501481	0.558086	0.376877	0.0626426	0.181905	0.386481	0.750175	0.331395	0.670445	0.599165	0.153448	0.368292	0.261279	0.211735	0.335275	0.649073	0.283636	0.104809	0.0474327	0.411686	0.599401	0.523236
ihec.chipseq.ihec-chipseq-containerv1.1.4.IHECRE00001915.1.adee2f46-da34-4846-89ca-6d9625aefc9b.fc.signal	0.672909	0.35936	0.166813	0.414541	0.51962	0.333136	0.192552	0.184888	0.468345	0.2107	0.0961108	0.345496	0.114583	0.30653	0.340359	0.0300565	0.250724	0.194306	0.140328	0.157094	0.195566	0.121574	0.2488	0.523417	0.2762	0.251669	0.129228	0.0966853	0.373295	0.101973	0.100631	0.278976	0.423364	0.395427	0.423077
ihec.chipseq.ihec-chipseq-containerv1.1.4.IHECRE00003676.3.2bdb0d55-cf7c-42db-b5e9-1e7fc8464aa8.fc.signal	0.320499	0.269546	0.318586	0	0.185737	0.352941	0.478422	0.300618	0.67365	0.226758	0.174311	0.202104	0.160411	0.217382	0.330928	0.325704	0.22996	0.318944	0.405817	0.425941	0.671732	0.195386	0.23313	0.663024	0.522183	0.216971	0.341284	0.297335	0.375408	1.20178	0.810891	0.277471	0.139849	0.152917	0.107914
ihec.chipseq.ihec-chipseq-containerv1.1.4.IHECRE00003838.5.81062b7a-f969-4fb2-ad00-2580d77ec836.fc.signal	1.55767	0.531629	0.770162	0.700601	0.953996	0.280699	0.424857	0.675727	1.42353	1.83839	0.536617	0.680743	0.554718	0.855944	0.204917	0.452145	1.03349	0.746519	0.301783	0.171386	0.667009	1.15773	0.650906	0.488176	0.30432	0.353942	0.0037258	0	0.387525	1.27072	0.914216	0.419849	0.527924	0.791209	0.247863
ihec.chipseq.ihec-chipseq-containerv1.1.4.IHECRE00001486.1.7c96d389-3fe9-472b-a92c-86e62207efc8.fc.signal	0.141043	0.357767	0.261177	1.35877	0.328075	1.1895	0.916315	0.757354	1.41606	1.29349	1.80727	0.690855	0.63499	1.07624	0.19608	0	0.511624	0.397079	0.327013	0.488489	0.309073	0.364585	0.442597	0.279496	0.746697	0.0103202	0	0	0.456466	0.662375	0.334179	0.0857757	0.632797	0.50273	0.584158
ihec.chipseq.ihec-chipseq-containerv1.1.4.IHECRE00001914.1.efe1ef25-e6b3-4cdb-b8c5-2c894fd1d880.fc.signal	0.633384	0.10624	0.395365	0.27342	0.029511	0.837905	0.760374	1.46709	2.47377	0.832418	0.351122	0.985451	2.56883	1.12704	0.300831	0.259667	0.409149	0	0	0.285238	0.806474	0.719915	1.14474	0.602722	0.938225	1.3946	0.121975	0	0.0314784	0.607726	1.04045	0.904807	1.36434	1.19556	0.554404
ihec.chipseq.ihec-chipseq-containerv1.1.4.IHECRE00003810.1.76180591-3bc4-4c81-ab95-3508a7e6f4b6.fc.signal	0.0044304	0	0	0	0.0007384	0.152152	0.283784	0.152145	0.325965	0.287372	0.250947	0.702473	0.456621	0.167555	0.14794	0.157524	0.288475	0.0517114	0.0465348	0.254878	0.413634	0.329432	0.0744547	0.13587	0.377112	0.424745	0.411422	0.185409	0.101547	0.14008	0.231534	0.127199	0.163066	0.156431	0.613208
ihec.chipseq.ihec-chipseq-containerv1.1.4.IHECRE00000864.3.bc3e1eea-ba58-4048-a6a7-fa645ef42e40.fc.signal	0.629627	0.899539	0.141373	1.38759	1.51409	0	0.572931	0.394355	0	0.77513	0	0	1.91344	0.974725	0	0.859397	0.11533	1.03425	0.89288	0	0.149106	1.21173	0.0626677	0.966398	1.15512	0.490239	0	0	0	0	0	0	0	0	0.55122
ihec.chipseq.ihec-chipseq-containerv1.1.4.IHECRE00001236.5.d51198c1-7a73-4d86-97a2-4552cc10d322.fc.signal	0.597693	0.598129	0.846496	0.718772	1.50551	1.32376	1.00488	0.749282	0.508745	0.326638	0.31472	0.539479	0.639815	1.35905	0.241625	0.306487	1.13798	1.36785	0.675048	0.697037	0.618351	0.241668	0.786579	0.841065	1.08872	1.24537	2.11175	1.43529	0.775135	0.778837	0.829629	0.832168	1.43678	0.208198	0.291525
ihec.chipseq.ihec-chipseq-containerv1.1.4.IHECRE00000055.3.18017a46-582b-4ce3-bfb4-e75efa17aec2.fc.signal	0.803666	0.759927	0.257928	1.00309	0.412967	0.133463	0	0	0	0.723934	1.2021	0	1.15254	1.24198	0.312168	0.566787	1.30568	1.29812	0.449415	1.21873	0	1.39469	0.531328	0.630977	0.617444	0.287695	0	0	0.68262	0.33362	0.71068	0.813154	2.14371	0.0296128	0.759615
ihec.chipseq.ihec-chipseq-containerv1.1.4.IHECRE00003832.2.6f165533-6331-40e2-865d-21b081721374.fc.signal	0.686772	0.714014	0.898884	0.444183	0.562864	0.562999	0.569183	0.547134	0.489304	0.760727	1.05389	0.867273	1.06025	1.34927	1.08464	0.553957	0.391635	0.477669	0.313221	0.0447641	0.485413	0.159248	0.152279	0.886125	0.806945	0.41635	0.143051	0	0.330765	0.895934	1.001	0.321964	0.312235	0.107831	0.208723
ihec.chipseq.ihec-chipseq-containerv1.1.4.IHECRE00000283.2.f7e01a70-1428-4cfb-8ac8-7c88a324d087.fc.signal	0.397863	0.881306	1.244	0.51005	0	0	0.0250137	0.251948	0.298712	0.0762021	0	0.221041	0.402179	0.32309	0.18753	0	0	0	0	0.0858988	0.429877	0.299845	0	0.171884	0.32727	0.107748	0	0	0	0.0458037	0.132831	0.112041	0.160922	0.255193	0.436364
ihec.chipseq.ihec-chipseq-containerv1.1.4.IHECRE00001892.4.d37ba2fd-c103-41c2-a854-82a474c3bdc9.fc.signal	2.01983	0.671325	0	0	0	0.715789	0.762063	0.49029	0.799362	0.442736	0.743343	0.482867	0.0458491	0.49124	0.134272	0.0588251	0.690007	0.291812	0.421813	0.556721	0.363518	0	0.0779429	0.423834	0.0864701	0	0	0	0.0196496	0.48499	0.387872	0.341015	0.389705	2.14443	0.494898
ihec.chipseq.ihec-chipseq-containerv1.1.4.IHECRE00000226.3.8a2cf769-e5bf-4eeb-86dc-fc2df72a9c44.fc.signal	0.514055	0.40939	0.284218	0.207826	0.193734	0.489045	0.660651	0.642324	0.682633	0.229432	0.0448171	0.179134	0.276516	0.308243	0.495006	0.799493	0.730285	0.3626	0.169075	0.230893	0.459722	0.164101	0.135326	0.522226	0.861238	0.637332	0.51049	0.384427	0.178443	0.0542097	0.0357764	0.171887	0.283415	0.359403	0.316602
ihec.chipseq.ihec-chipseq-containerv1.1.4.IHECRE00004681.3.f99ccc6c-1833-4f7b-8eed-cf0ddf179253.fc.signal	0.605367	0.345128	0.494513	0.637179	0.697948	0.836181	0.543724	0.44378	0.353595	0.571843	0.712441	0.834808	0.533006	0.427967	0.530961	0.534544	0.884429	0.506535	0.823306	0.389053	0.679389	0.761062	0.849429	0.949998	1.15884	0.446516	0.286146	0.156251	0.384794	0.420219	0.364253	0.34042	0.38318	0.694275	0.683761
ihec.chipseq.ihec-chipseq-containerv1.1.4.IHECRE00003816.1.c02216f5-387b-4ad0-b451-f30307b31d6f.fc.signal	0.453383	0.0894839	0.0706015	0.0980105	0.529292	0.957864	1.00378	1.07241	0.737047	0.949093	0.685415	0.479113	0.630619	0.846516	0.716683	0.977239	0.527528	0.296535	0.0698668	0.0737341	0.152744	0.311369	0.234736	0.226702	0.381131	0.460205	0.405083	0.388706	0.0685631	0.208516	1.20839	0.748219	0.169493	0.120958	0.40303
ihec.chipseq.ihec-chipseq-containerv1.1.4.IHECRE00003401.1.b5568014-372c-40aa-9405-3d27c34b9363.fc.signal	0	0	0.0112168	1.34086	2.3035	1.56604	0	1.20013	0.485734	0.402859	0.301891	0.392878	0.318117	0	0	0	0	0	0	0	0	0.337896	0.0743112	1.34081	0.372843	0.205453	0.500698	0.235622	0	0.228259	0.509003	1.51138	2.61064	0	0.568807
ihec.chipseq.ihec-chipseq-containerv1.1.4.IHECRE00000188.3.79b461fe-b972-49c7-a613-f44ea6f3ebc3.fc.signal	2.35623	0.834621	0	0.511028	2.88428	0.579148	0.0422863	0.656185	0.364607	0.661858	0.925523	0.33501	0	0	0	0	0	0	0	0.0794939	0.85172	0.766548	0.953908	1.16505	0.0755083	0.0113563	0.85172	0.5451	1.31686	0.186051	1.12264	2.04946	1.15711	0.513921	0.541667
ihec.chipseq.ihec-chipseq-containerv1.1.4.IHECRE00003826.4.829b60f6-fc9d-4134-bce9-259337c2a36b.fc.signal	0.359365	0.326522	0.38669	0.72194	0.456892	0.0973851	0.131756	0.232005	0.438705	0.345772	0.550895	0.301723	0.163205	0.720349	0.370915	0.378076	0.274967	0.363755	0.0200499	0.244891	0.489783	0.178671	0	0	0	0	0	0	0.247756	0.660208	0.545632	0.37733	0.164695	0.0673951	0.433824
ihec.chipseq.ihec-chipseq-containerv1.1.4.IHECRE00001997.1.7a7e31ec-6ff6-498c-99aa-3347eef341d7.fc.signal	0.260097	0.219221	0.776138	0.597862	0.323089	0.648773	0.37001	0.587112	0.620632	0.772129	0.421006	0.119836	0.135924	0.0983887	0.150159	0.546916	0.78286	0.851225	0.181072	0.771664	0.395985	0.203422	0.401372	0.141455	0.249856	0.547989	0.631483	0.179564	0.253167	0.865944	0.845423	0.464451	0.151149	0.33841	0.474576
ihec.chipseq.ihec-chipseq-containerv1.1.4.IHECRE00000318.2.630bb3ae-2002-42b3-97d8-83059d35c603.fc.signal	0.364004	0.158053	0.0679096	0.174024	0	0.00944347	0.351234	0.0469577	0.0116715	1.06428	0.49621	0.0688	0.382939	0.0108364	0	0	0	0.294705	0.551438	0.204251	0.485686	0.404249	0.0821177	0.207822	0.431564	0.367651	0.215922	0	0.175072	0.941488	0.872581	0.207638	0.629116	0.136132	0.659722
ihec.chipseq.ihec-chipseq-containerv1.1.4.IHECRE00000347.2.20341426-0dad-4fe2-a9b9-a8953cd0eff5.fc.signal	1.13318	0.0974245	0.181411	1.03124	0.524466	0.561284	0.58011	0.647626	0.44511	0.0167973	0.644631	0.802966	0.52967	0.296835	0	0.571203	0.569962	0.75963	0.675311	0.514002	0.25607	0.446782	0.289219	0.587935	0.359463	0	0.490482	0.0302352	0.296459	0.202279	0.644908	0.335246	0.706827	1.22173	0.616438
ihec.chipseq.ihec-chipseq-containerv1.1.4.IHECRE00000147.3.f7c1ddea-b344-4b58-bfd7-a468c40e7c1e.fc.signal	0.649526	0.597354	1.03348	0.0284464	0	0.435161	0.488777	0.997917	1.13642	0.928012	0.86758	0.40034	0.421955	0.9292	0.308169	0.396296	0.789281	0.449825	0.294516	0	0.0672969	0.241699	0	0	0	0	0	0.346098	0.483589	0	0	0.208607	1.27208	0.975716	0.586538
ihec.chipseq.ihec-chipseq-containerv1.1.4.IHECRE00004603.3.33f77abf-b8ba-4cf9-9bf5-2a20b352f908.fc.signal	1.73362	0.996925	0.28235	0.298441	0.273359	1.01185	1.23714	0.398224	0.715338	0.237526	0.166969	0.707155	1.12024	0.605819	0.482072	0.893055	0.474087	0.49344	0	0.0614429	0.202451	0.375833	0.622036	1.00718	0.359957	0.333903	0.106875	0.0299513	0.316149	0.491208	0.150007	0.368627	0.300436	0.170153	0.438095
ihec.chipseq.ihec-chipseq-containerv1.1.4.IHECRE00000332.2.5497448a-601c-483d-a9cd-9eaf651148a5.fc.signal	1.03023	0.0199349	0.692854	0.922141	1.01434	1.27603	0.489495	0	0.0957031	0.976558	0.775831	1.01932	0.176953	0.348866	0.485959	0.0622967	0.00890187	0.990188	1.1514	0.790072	0.475033	0.141935	0.289942	0.00667633	0	0.0548211	0.401202	0.393723	0.22676	0.247543	0	0	0.00996747	0.970848	0.550898
ihec.chipseq.ihec-chipseq-containerv1.1.4.IHECRE00001964.2.d1780581-c5b9-4ce5-a302-4e6523b46a10.fc.signal	0.545552	0.935156	1.09884	1.00102	0.524498	0.654195	0.682648	0.909366	1.10612	0.945832	0.948386	2.11398	1.6258	2.37491	1.59254	1.3896	0.928691	0.364586	0.276933	1.07089	0.773633	0.0417695	0.745875	1.03425	0.493879	0.146088	0.248985	0.638978	1.0747	1.07343	0.759989	1.02283	1.0913	0.938351	0.56872
ihec.chipseq.ihec-chipseq-containerv1.1.4.IHECRE00003695.3.b45ed777-a5dc-4527-b410-7a0e01173bd4.fc.signal	0.312492	0.109412	0.153491	0.235353	0.476216	0.0676935	0.152704	0.157368	0.22658	0.254244	0.180254	0	0.0306982	0.0873718	0	0.139323	0.471299	0.43371	0.181828	0.255031	0.334431	0.474866	0.860672	1.33262	1.36411	0.286399	0.271283	0.0212526	0.190486	0.135387	0.327447	0.235353	0.173956	0.0828252	0.431937
ihec.chipseq.ihec-chipseq-containerv1.1.4.IHECRE00001973.1.fa7392b1-17c1-4691-ba8f-d211a0f93db5.fc.signal	0.598562	1.42048	0.717807	0.535708	0.695069	0.860363	0.265244	0.279357	0.749861	0.678815	1.1314	0.762032	0.415614	0.471711	0.470288	0.106202	0.415659	0.639037	0.181947	0.170318	0.145987	0	0	0.0028812	0.296351	0.0954197	0.724797	0.761498	0.59735	0.367839	0.789376	0.611211	0.589557	0.462454	0.549815
ihec.chipseq.ihec-chipseq-containerv1.1.4.IHECRE00003689.3.80691124-aaea-4c56-9e41-73916520079d.fc.signal	0.101645	0.375238	0.925425	0.984919	1.42168	0.765383	0.722106	0.863025	0.534665	0.330769	0.501608	0.579929	0.905867	1.09782	0.846692	0.609193	0.343369	0.876898	0.0666747	0.303953	0.847276	0.0876962	0.106694	0.488485	0.435955	0.230668	0.690238	0.792106	0.277729	0.988044	0.24479	0.778333	1.19608	1.12387	0.226562
ihec.chipseq.ihec-chipseq-containerv1.1.4.IHECRE00000309.2.cdd4dbab-a7be-4e63-802a-52bf3df97547.fc.signal	2.25743	4.11453	0.668473	0	0	0	0	0.841374	3.00889	2.70587	0.276616	0	0	0	1.18714	1.23325	0	0.529232	1.30566	0.0162684	0	0	0	0	0	0	0	0	0	1.0957	2.7877	2.38432	0.138308	0	0.462185
ihec.chipseq.ihec-chipseq-containerv1.1.4.IHECRE00003842.2.75b7a040-8636-4619-af5d-92f89f5792fa.fc.signal	1.08455	0.715378	0.375254	0	0.0140439	0.471478	0.450145	0.508565	0.931793	0.760541	0.280591	0.337703	0.204639	0.445416	0.120374	0	0.200412	0.391321	0.152476	0.223699	0.475562	0.59098	0.847546	0.457486	0.298931	0.424322	0.258806	0.435391	0.416332	0.137091	0.212664	0.179561	0	0	0.289474
ihec.chipseq.ihec-chipseq-containerv1.1.4.IHECRE00002065.1.9b5b0cc0-4302-439e-a9d9-d779f62c822e.fc.signal	1.0132	0.52234	0.313148	0	0.67616	0.504469	0.393485	0.892039	0.364858	0.7925	0.92178	1.2558	0.790817	0.547652	0.912344	1.04305	1.95178	0.715547	0.47081	0.45082	1.50985	1.11627	0.518731	0.73937	1.05904	1.2907	0.452701	0.515209	0.386344	0.411392	1.11822	1.00536	1.30591	0.857053	0.521127
ihec.chipseq.ihec-chipseq-containerv1.1.4.IHECRE00001990.1.baa2a3ca-0f47-4bf7-901e-dd73f7a290b4.fc.signal	0.870608	1.01633	0.475614	0.0464467	0.256386	0.613094	1.16074	1.04912	0.713414	0.122619	0.16535	1.15755	0.938274	1.08138	0.696886	0.708366	0.293837	0.527152	0.401886	0.284503	0.501751	0.571494	0.420337	0.415515	0.469479	0.62589	0.401878	0.0464467	0.202507	0.434739	0.8509	0.875087	0.746889	0.478526	0.592308
ihec.chipseq.ihec-chipseq-containerv1.1.4.IHECRE00004617.2.4f4a0497-3ec2-413a-b94e-d213b036987a.fc.signal	0.830494	0.580075	0.336612	0.717009	0.452059	0.515363	0.366272	0.277506	0.208486	0.733788	0.904061	0.24711	0.356655	0.202243	0.300561	0.741063	0.707024	0.171115	0	0.143659	0.320277	0.406893	0.299741	0.582992	0.0155292	0.204579	0.599137	0.528325	0.523108	0.609851	0.520287	0.377884	0.373787	0.352261	0.484756
ihec.chipseq.ihec-chipseq-containerv1.1.4.IHECRE00000184.3.3b461c31-8bd0-484a-b2da-6d1ab68c1acb.fc.signal	0.522268	0.283824	0	0.748645	0.506408	0	0.0164088	0.644797	0.324312	0.774777	0.572299	1.14484	0.590536	0.233468	0.618002	1.10782	0.723292	0.022889	0	0	0.364599	0.189404	0	0	0	0.0778226	0.68667	0.677514	0.206001	0	0.162222	0.388507	0	0	0.731429
ihec.chipseq.ihec-chipseq-containerv1.1.4.IHECRE00000153.3.a7cb54e8-9ebd-48ce-93ca-9f70b76d2b77.fc.signal	0	0	0	0	0.205831	0.634423	0.406725	1.45539	0.627253	1.92096	0.245037	0	0	0	0	1.60244	1.19081	0	0	0	0	0	0	0.399686	1.13823	0.0784117	0.0196029	0.73511	0.176426	0	0	0	0.0024902	0.425337	0.556962
ihec.chipseq.ihec-chipseq-containerv1.1.4.IHECRE00000810.3.034c33c3-8fad-4916-833b-14c69b1bfd78.fc.signal	0.632362	0.197451	0.336068	0.522743	0.390041	0.410539	0.450344	0.751162	0.75986	0.688	0.476255	0.338769	0.665619	0.219795	0.445782	0.0177361	0.248105	0.310211	0.472203	0.759676	0.861981	0.356806	0.140835	0.750079	0.811616	0.577173	0.66109	0.692624	0.543258	0.579861	0.571614	0.685471	0.487665	0.451326	0.603774
ihec.chipseq.ihec-chipseq-containerv1.1.4.IHECRE00001903.1.df6f0905-c0c8-425c-b0f1-0f9ff68f7793.fc.signal	0.420681	0.304329	0.546713	0.462582	0.0448772	0.00639253	0.280262	0.486599	0.650009	0.480818	0.279138	0.203694	0.0537933	0.662096	0.22239	0.13583	0.27956	0.0632992	0.12528	0.360123	0.47885	0.0382463	0	0.583364	0.764975	0.402875	0.35082	0.236469	0.313539	0.608292	0.31646	0.135726	0.217386	0.17855	0.638889
ihec.chipseq.ihec-chipseq-containerv1.1.4.IHECRE00000099.3.299b05eb-8cb0-4190-94cb-01cf599ffae0.fc.signal	0.52101	0.534337	0.704064	0.156187	0	0.202	0.649592	0.87575	0.820739	0.937179	0	0	0	0	0	0	2.18456	1.07417	0.301735	1.81041	0.373104	0.792857	1.34845	0.14262	0	0	0	0	0	0.289664	0.796576	0.680779	0.67623	0.612056	0.642857
ihec.chipseq.ihec-chipseq-containerv1.1.4.IHECRE00000949.6.c2f3aee8-0c03-4973-b136-7021565c707b.fc.signal	0.67796	0.00455007	0	0.071709	1.0462	1.16097	0.483235	0.370003	0.115894	0.233897	0	0	0	0	0	0	0.296464	0.775894	0.646874	0.0819012	0.209645	0.36345	0	0	0	0	0	0	0.068251	0.614259	0.263904	0.404972	0	0.377174	0.5
ihec.chipseq.ihec-chipseq-containerv1.1.4.IHECRE00000239.3.f51aa466-1a2d-4131-98a6-f9e69e8e7d9b.fc.signal	0.395866	0.696993	0.55787	0.52262	0.464284	0.201576	0.220304	0.103475	0.0784433	0.158725	0.272923	0.235841	0.0681927	0.0904931	0.155932	0.15733	0.402331	0.203212	0.0664461	0.428709	0.724953	0.233512	0.230096	0.728135	0.348227	0	0.0662212	0.294231	0.8037	0.636291	0.33382	0.663385	0.929112	0.723112	0.364286
ihec.chipseq.ihec-chipseq-containerv1.1.4.IHECRE00001375.1.07633b47-0baa-45e5-af12-2021de6fd993.fc.signal	0.221552	0.300708	0	0.177912	0.784433	0.227484	0.605848	1.30858	0.566134	0.0469001	0	0	0.738345	0.484728	0.621891	0.0991547	0.190406	0.297846	0.274627	0.0757547	0.138056	1.1689	0.59516	0.181686	0.0996161	0.202787	0.31661	0	0.465757	0.447209	0.561012	0.314284	0.645641	0.663829	0.54491
ihec.chipseq.ihec-chipseq-containerv1.1.4.IHECRE00001935.1.0b0c5786-e084-4954-a96f-72d7a88b913e.fc.signal	0.51158	0.36043	0.209573	0	0	0	0.607698	0.324214	0.349954	0.188324	0.621966	0.45644	0.388823	0.186653	0.62726	0.662799	0.0245471	0.439146	0.535746	0.0887146	0	0	0	0.614355	0.835403	0.39271	0.25399	0.14496	0.256791	0.347875	0.0202735	0	0.0047884	0.342143	0.583333
ihec.chipseq.ihec-chipseq-containerv1.1.4.IHECRE00000868.3.35a1bb15-bed6-4e74-9919-aa3ec990d8ef.fc.signal	1.25756	0.695747	0.674209	0.87288	0.842586	0.720738	0.479961	0.947433	0.679887	0.225942	0.377236	0.439314	0.663606	0.821173	0.82042	1.03751	0.888355	1.15051	0.505829	0.756189	0.751832	0.628887	0.37161	0.651017	0.519085	0.684523	0.782012	0.792356	0.821907	1.31162	0.559532	1.01538	0.887392	0.613678	0.580952
ihec.chipseq.ihec-chipseq-containerv1.1.4.IHECRE00000734.3.a23d0a52-26bc-41f6-baf4-871213fcd155.fc.signal	0.8525	0.405903	0.79178	0.90578	0.527859	0.444266	0.402106	0	1.12591	0.784886	0.219005	0	0.443103	0.841172	0.092698	0	0.453214	0.008	0.168	0.641507	0.856588	0.752119	0.622432	0.587125	0.0863668	0.415291	0.573767	0.113149	1.02215	0.445143	0.736702	0.305575	0.577035	0.67301	0.587156
ihec.chipseq.ihec-chipseq-containerv1.1.4.IHECRE00001851.4.627c47c9-d19a-4fba-9f0d-ed8820985d99.fc.signal	0.418766	0.596164	0	0.300592	0.455787	0.303056	0	0	0.558209	1.69246	1.26625	0.322739	0.36958	0.0271025	0.349869	0.431157	0.72181	0.667611	0.482881	0.441009	0.0826093	0.463247	0.490249	0	0	0	0.18479	0.352333	0.416378	0.542643	0.637513	0.650113	0.745005	1.39917	0.302932
ihec.chipseq.ihec-chipseq-containerv1.1.4.IHECRE00003678.3.df24c052-2a81-4f1a-b170-2f4fdc228ffe.fc.signal	0.287248	0.109908	0.198017	0.513222	0.0772943	0.19696	0.146008	0.20394	0.303373	0.302388	0.176217	0.123533	0.0617667	0.158124	0.210426	0.636006	0.42876	0.341482	0.392703	0.295226	0.521014	0.445849	0.715462	0.236329	0.339483	0.267389	0.454761	1.09158	0.328749	1.15226	0.622394	0.0825055	0.234254	0.753442	0.140562
ihec.chipseq.ihec-chipseq-containerv1.1.4.IHECRE00004608.1.2b4cac07-82e4-4fde-addf-f528201b15bb.fc.signal	0.99841	0.41622	0.219278	0.579125	0.297721	0.123828	1.12426	0.279718	0.985555	0.613268	0.487985	0.169334	0.186967	0.705635	0.155679	0.725953	0.466202	0.309397	0.39728	0.0412757	0.567547	0.842292	0.383319	0.494018	1.03454	0.299252	0.784249	0.450168	0.86164	0.87203	1.3003	0.56368	0.116088	0.336426	0.579909
ihec.chipseq.ihec-chipseq-containerv1.1.4.IHECRE00000665.1.78440a22-2eaa-45a0-b153-69564ce42bd4.fc.signal	0.307776	0.156748	0.3151	0.393248	0.578302	0.357833	0.23565	0.350251	0.653483	0.49615	0.454007	0.59019	0.570737	0.80641	1.17498	0.908746	0.81397	0.73072	0.415084	1.03772	0.661559	0.268652	0.468515	0.454992	0.367829	0.265511	0.0875511	0.32433	0.311347	0.278744	0.197553	0.187028	0.230064	0.435836	0.472441
ihec.chipseq.ihec-chipseq-containerv1.1.4.IHECRE00003680.3.604f0a28-681a-4e69-b09a-96c7d6e32ad9.fc.signal	0.0039832	0.0942906	0.0411127	0.289579	0.402098	0.166623	0.13092	0.22358	0.25078	0.146221	0.180224	0.300087	0.139421	0.0925159	0.108624	0	0	0	0	0	0	0	0	0	0	0	0.138164	0.211559	0.0237971	0.119226	0.401728	0.367091	0.141311	0.101106	0.150097
ihec.chipseq.ihec-chipseq-containerv1.1.4.IHECRE00003821.3.a5c54e8d-c399-4c95-b6c6-525ed1d5f1b6.fc.signal	0.313931	0.650187	0.651968	1.16761	1.37513	1.13113	1.41075	0.412909	0	0.128256	0.423957	0.0685813	0.527275	0.232	0.110443	0.253502	0.0560356	0.132003	0.280038	0.231573	0.64128	0.134491	0.0169227	0	0.0948793	0.0204692	0.0914813	0.244023	0	0.0757067	0.245824	0.29392	0.205901	0.00858746	0.453333
ihec.chipseq.ihec-chipseq-containerv1.1.4.IHECRE00001963.2.142b6389-99b2-4c91-9b9d-3ef0423dd139.fc.signal	0.228628	0.443129	0.837752	0.377958	0.346033	0.346072	0.633168	0.481909	0.893559	0.553447	0.228278	0.349432	0.267264	0.400501	0.608452	0.162958	0.0478662	0.199092	0.0811661	0.383526	0.491711	0.225422	0.104677	0.0382811	0.189566	0.1325	0.39251	0.565921	0.663713	0.124123	0.388372	0.337343	0.379192	0.908649	0.591195
ihec.chipseq.ihec-chipseq-containerv1.1.4.IHECRE00003716.2.bea5f21d-c715-4019-8eed-c69728473893.fc.signal	1.02092	0.442474	0.287211	0.122582	0.274806	0.36411	0.51433	0.404666	0.658303	0.787383	0.971488	1.07355	0.419048	0.794367	0.295759	0.0271055	0.51116	1.01027	0.90612	0.756781	0.578806	0.151687	0.275416	0.0708919	0.160185	0.295811	0.693945	0.156505	0.311838	0.835742	0.902403	0.787327	0.751539	0.727224	0.267692
ihec.chipseq.ihec-chipseq-containerv1.1.4.IHECRE00000223.3.3bd7fa2e-4676-4775-9e3e-5e080ad64395.fc.signal	0.874168	1.0669	0.370642	0.0607441	0.628423	0.710572	0.386943	0.271148	0.220934	0.0504348	0.1769	0.207852	0.153558	0.375682	0.251828	0.0958997	0.265434	0.358292	0.280317	0.281697	0.121696	0.00528067	0.224307	0.321702	0.319325	0.206	0.370174	0.208311	0.0955269	0.200482	0.0730087	0	0	0	0.36019
ihec.chipseq.ihec-chipseq-containerv1.1.4.IHECRE00000992.7.80dcfe52-cdf2-4d0d-bc40-0c75abc04fc1.fc.signal	0.376475	0.159248	0.280727	0.780459	1.54453	0.822568	0.649463	0.946276	0.594946	0.256422	0.599701	0.106436	0.214057	0.6438	0.170697	0.162888	0.762764	0.716557	0.470045	0.104601	0.859622	0.164605	0.466435	0.964037	0.687445	0.0418747	0	0.00672113	0.297936	0.256996	0.142225	0.563645	0.851813	0.468318	0.487871
ihec.chipseq.ihec-chipseq-containerv1.1.4.IHECRE00001457.1.311a6e52-ddcf-4f01-82ae-00a17eac3a5f.fc.signal	0.180449	0.687713	0.0054408	0.33758	0.139842	0.115201	0.417301	0.0145005	0.233954	0.2678	0	0	0.199978	0.220698	0.384247	0.109478	0.161369	0.642264	0.171385	0	0	0.174106	0.349653	0.313571	0.0625692	0	0	0	0	0.278082	0.684926	0.522488	0	0	0.62037
ihec.chipseq.ihec-chipseq-containerv1.1.4.IHECRE00000001.4.02b605e5-4373-4009-a925-f6e4537147f5.fc.signal	0	0.0320548	0.281086	0.385025	0.402743	0.309232	0.0705959	0	0.242635	0.22472	0.130291	0.364737	0.356441	0.136786	0.124754	0.0634099	0.00704087	0	0	0	0	0.059973	0.209376	0.0420607	0.0137658	0.130208	0.0976133	0.191702	0.267387	0.192009	0.08854	0.286717	0.107747	0.0640727	0.37751
ihec.chipseq.ihec-chipseq-containerv1.1.4.IHECRE00000232.3.9496c4f8-99ad-4b83-978f-c024a2ac68e0.fc.signal	0.447059	0.917427	1.11028	0.692363	0.61915	0.663009	0.666895	0.344235	0.542807	0.382923	0.387531	0.566693	0.87781	0.811314	0.397262	0.310132	0.530442	0.418852	0.195998	0.62342	0.444871	0.0342609	0.166506	0.709202	0.635074	0.32132	0.169403	0.2823	0.660215	1.1661	0.694196	0.863625	0.992659	0.543826	0.353474
ihec.chipseq.ihec-chipseq-containerv1.1.4.IHECRE00001546.1.a150519d-0d11-4c76-b425-72b9ccc9b116.fc.signal	0	0	0.226229	0.185003	0.365824	0.00492573	0.174852	0.229393	0.12192	0.168116	0	0	0	0	0	0	0.847226	0.455185	0	0	0	0.17534	0.163401	0.290689	0.36943	0.0615717	0	0	0	0	0.0659876	0.19159	0	0	0.666667
ihec.chipseq.ihec-chipseq-containerv1.1.4.IHECRE00001908.1.1b5673b2-9c19-4918-a48e-ba3436bbc7ca.fc.signal	0	0	0	0	0	0	0	0	0	0	0	0.0520399	0.200944	0.0193882	0.0119738	0.156936	0.178789	0.122583	0.144946	0.339922	0.0291364	0	0.0331303	0.491558	0.549717	0.0332224	0	0.0885931	0.386331	0.225655	0.484633	0.558003	0.810027	0.332467	0.666667
ihec.chipseq.ihec-chipseq-containerv1.1.4.IHECRE00000321.2.efb42d33-363d-4167-8c38-c336ba724978.fc.signal	1.30885	0.222371	0.0793907	0.534083	0.447471	1.78258	0.222215	0.879308	0.945465	2.38156	0.476341	0.414997	1.15476	0.229172	0.454692	1.06816	1.52643	1.24498	0.357258	1.4759	1.41618	0.784523	0.384646	0.404347	0.386127	0	0.447475	0.165999	0	0.169607	1.76034	0.822756	1.93773	0.588118	0.543689
ihec.chipseq.ihec-chipseq-containerv1.1.4.IHECRE00002063.1.03cd26f6-8245-4dba-a43d-b085dc5fbdba.fc.signal	0.960452	1.16101	0.486763	0.3412	0.124308	0.59553	0.178938	0.243242	0.443155	0.237961	0.426377	0.520041	0.497674	0.382618	0.0431947	0.205496	0.306152	0.694837	0.968272	0.878833	0.481265	0.0447339	0.160762	0.486491	0.641663	0.171676	0.188527	0.363471	0.318812	0.983718	0.52144	0.278192	0.36347	0.10015	0.515
ihec.chipseq.ihec-chipseq-containerv1.1.4.IHECRE00002086.1.469e2b5a-9cc0-4ba2-a1af-32ae688b6e56.fc.signal	1.51194	1.32364	0.690173	0.274684	0.266708	0.27341	0.335412	0.594017	0.355463	0.437732	0.255626	0.144717	0.113165	0.575053	0.583542	0.456567	0.670178	0.714678	1.0793	0.579729	0.742225	0.517877	0.202753	0.518413	0.580339	0.356491	0.83978	0.173177	0.484908	0.780089	0.750648	1.07925	0.159999	0.0989045	0.514151
ihec.chipseq.ihec-chipseq-containerv1.1.4.IHECRE00001027.7.e86f32e5-bf0d-4add-be96-995ad738d215.fc.signal	0.163231	0	0.365792	0.335923	0.282251	0.850663	0.584486	1.38071	0.595552	0.141477	0.0316967	1.20432	0.229778	0.420627	0	0.144181	0.827559	0.265385	0.0165873	0.519309	0.794198	0.149376	0.418213	0	0	0	0	0.0543038	1.3003	0.797967	0.598618	0.639517	0.459759	0.331511	0.337621
ihec.chipseq.ihec-chipseq-containerv1.1.4.IHECRE00004616.1.ed15f6f7-9fc7-4af5-9ab6-233a7899d0bb.fc.signal	0.315681	0.428588	1.04464	1.01645	0.196772	0.304661	0.269303	0.590409	0.743499	0.52477	0.498697	1.15678	0.261222	0.942602	0.41372	0.770791	0.542512	0.668694	0.238197	0.49832	0.642643	0.445779	0.818175	0.227556	0.272492	0.586819	0	0.0941425	0.377755	0.523719	0.775185	0.689005	0.51003	0.885435	0.386792
ihec.chipseq.ihec-chipseq-containerv1.1.4.IHECRE00003803.1.fb97cdb0-391e-4e74-a4dc-d06dfb2e7cbb.fc.signal	1.78458	0	0	0	0.229565	1.34335	0.6377	0	0	0	0	0.668979	1.22048	1.4452	2.20096	0.531105	2.18563	1.26134	1.61882	2.09374	0	0	0	0.699643	1.09794	0.091926	0	0	0	0.897987	0.598163	0	0	0	0.622378
ihec.chipseq.ihec-chipseq-containerv1.1.4.IHECRE00001548.1.2b134afe-2169-4129-971a-ea0bfe539d4a.fc.signal	0.37196	0.134015	0.31179	0.713617	0.446833	0.212345	0.76489	0.949276	0.795877	0.469495	1.07531	0.115885	0	0	0.396443	0.1094	0.2735	0.351824	0.516619	1.42554	0.273159	0.388305	1.03525	0.499586	0.0256304	0.19692	0.309055	0	0.402878	0.576765	0.282468	0.271649	0.40873	0.153847	0.696429
ihec.chipseq.ihec-chipseq-containerv1.1.4.IHECRE00001893.4.bbfcde86-9029-4200-ba74-fe49f41c4cdf.fc.signal	0.154787	0.229748	0.159503	0.289677	0.693529	0.860281	1.50821	2.79841	3.10917	2.32489	1.6479	2.42676	2.16128	1.14155	0.800536	0.574139	0.198996	0.157522	0.102841	0.134666	0.160296	0.188618	0.118673	0.0182327	0	0	0	0	0	0.195519	0.418358	0.370343	0.1458	0.122292	0.291139
ihec.chipseq.ihec-chipseq-containerv1.1.4.IHECRE00001961.2.26f0e8b3-e0d8-467c-92a7-4029668db296.fc.signal	0	0	0	0	0	0	0	0	0	0	0.456071	0.215694	0	0.918663	0.258465	0	0	0	0	0	0	0	0	0	0	0	0	0	0	0	0	0	0.421978	0.120348	0.560799
ihec.chipseq.ihec-chipseq-containerv1.1.4.IHECRE00001954.2.18576743-b1b7-40af-bbff-f6570943d6bc.fc.signal	0.720277	0.627738	0.411126	0.264262	0.225737	0.278258	0.569004	0.412148	0.375928	0.406071	0.849966	1.37093	1.70845	1.07498	0.538138	0.584877	0.505501	0.374609	0.223701	0.482008	0.352461	0.0692839	0.339578	0.475791	0.20822	0.303139	0.284275	0.632821	0.823487	0.641154	0.790776	0.886138	1.03124	1.14466	0.531792
ihec.chipseq.ihec-chipseq-containerv1.1.4.IHECRE00004614.1.c39e9a3f-4177-48c3-969d-01c9bdd4340c.fc.signal	0.690469	0.127394	0.271135	1.10916	0.151182	0.415692	1.25301	0.609025	0.492158	0.181551	0.416754	0.281744	0.384282	0.511356	0.586406	0.136382	0.105983	0.368088	0.0189045	0.164309	0.317983	0.0106851	0	0	0.214267	0.3769	0.133398	0.157159	0.870072	0.381686	0.0434361	0.631941	0.272834	0.319589	0.435393
ihec.chipseq.ihec-chipseq-containerv1.1.4.IHECRE00000243.3.2aa5c3df-0722-47d5-82d4-eb34ba16be25.fc.signal	0.576346	0.966773	1.15433	0.327503	0.598489	0.916485	0.401876	0.336572	0.933861	0.328448	0.0890684	0.230721	0.444042	0.269139	0.0901931	0.240957	0.648467	0.600091	0.0639297	0.334791	0.247107	0	0	0.0898767	0.397547	0.8468	0.433707	0.256204	0.421717	0.730196	0.748604	0.564156	1.02641	0.451473	0.199248
ihec.chipseq.ihec-chipseq-containerv1.1.4.IHECRE00000060.3.baca5345-ebfb-42c5-84f7-5edc7dd83347.fc.signal	0.54914	0.472643	0.092022	0.685169	0.917965	0.716676	0.345685	0.433496	0.407147	0.685053	0.586363	0	0	0.989	0.909772	0.576462	0.920696	0.703998	1.26912	1.21447	0.161192	0.320504	0.770865	0.794642	0.078876	0.567778	0.286914	0	0	0.731664	0.518533	0.12651	1.04364	1.32322	0.75
ihec.chipseq.ihec-chipseq-containerv1.1.4.IHECRE00000235.3.e77c3456-1902-4dba-839d-200d22c58cf3.fc.signal	0.591722	0.936025	0.614153	0.667647	0.625335	0.186245	0	0.374939	0.469002	0.322542	0.731853	0.328756	0.151917	0.230793	0.18481	0.163877	0.373949	0.269305	0.303892	0.760879	0.479168	0.116446	0.0614187	0.915736	2.67804	2.92746	2.25481	1.31944	0.738629	0.865026	0.525338	0.174379	0.386566	0.30047	0.371658
ihec.chipseq.ihec-chipseq-containerv1.1.4.IHECRE00001952.2.afb78491-e0c2-4398-aa2a-4c98b0c4c5b7.fc.signal	0.215784	0.206708	0.207941	0.91133	0.443144	1.58398	1.29841	1.86283	0.751673	0.199882	0.889414	0.649067	0.401665	0.754417	0.848838	0.66791	0.70541	0.415168	0.00858873	0.901296	0.560114	0.500438	0.975146	0.171254	0.746409	0.275743	0.349149	1.3529	0.548683	0.869671	1.46098	1.53907	0.53876	1.45427	0.486111
ihec.chipseq.ihec-chipseq-containerv1.1.4.IHECRE00002076.1.f14540c7-18af-47fc-8cad-c0291db319dc.fc.signal	0.690245	0.361566	0.612143	0.598215	0.551704	0.18031	0.546197	0.24744	0.130496	0.394499	0.268024	0.580862	0.0526917	0.0619132	1.19603	0.10869	0.597322	1.00534	0.405788	0.479177	0.770603	0	0.538963	0.598268	0.224887	0.705973	0.585869	0.165107	0.131131	0.38486	0.484598	0.288494	0.212223	0.336886	0.591549
ihec.chipseq.ihec-chipseq-containerv1.1.4.IHECRE00001021.4.022f496a-4698-412d-9a82-a0a4b2e56c57.fc.signal	0.373502	0.062878	0.206098	0.896744	1.13192	0.552489	0.482069	0.588828	0.557343	0.59085	0.718027	0.87782	0.984436	0.746392	0.737909	0.604626	0.918497	0.766605	0.166959	0.342105	0.692956	0.517543	0.209555	0.173712	0.294148	0.309251	0.290954	0.338477	0.40031	0.220621	0.22102	0.393384	0.552852	0.473466	0.705128
ihec.chipseq.ihec-chipseq-containerv1.1.4.IHECRE00001039.6.78755d78-d69c-44bc-a0ab-147f64c5fd5c.fc.signal	0	0.05371	0.32226	0.05371	0.0736401	0.313874	0.0268909	0	0	0	0.125558	0.302924	0	0	0	0	0.270698	0.33085	0.257808	0	0	0.0198584	0.395654	0.456014	0.199801	0.28144	0.158982	0.270698	0	0.201471	0.475481	0.261885	0.0129631	0.391727	0.569444
ihec.chipseq.ihec-chipseq-containerv1.1.4.IHECRE00003690.3.3012eb3e-9d87-4c93-aaf5-58e99d8aaa84.fc.signal	0.107086	0.21157	0.271545	0.0483861	0.287505	0.0975537	0.259064	0.264092	0.496376	0.295161	0.412024	0.175375	0.298137	0.381	0.0488468	0.218205	0.264809	0.221917	0.191598	0.0362731	0.253001	0.682947	1.15707	1.58762	0.941049	0.608877	0.54891	0.228619	0.131694	0.375055	0.308482	0.171629	0.1443	0.408232	0.362229
ihec.chipseq.ihec-chipseq-containerv1.1.4.IHECRE00003692.4.370f0fb4-0bb1-4fa3-8e1d-75f06bf7b384.fc.signal	0.455721	0.00753773	0.709795	1.36352	0.361983	0.0747973	0.478698	0.368032	0.0349233	0.0103791	0.183392	0	0	0.0844129	0.0658544	0	0.0885671	0.14637	0	0	0.0647475	0.121116	0.220411	0	0	0	0	0	0.566844	0.112431	0.23883	0.226828	0	0.0302355	0.415094
ihec.chipseq.ihec-chipseq-containerv1.1.4.IHECRE00000247.3.669b34b9-68b0-4255-96a0-ec2919c119df.fc.signal	0.398318	0.454244	0.458399	0.462274	0.491648	0.0675443	0	0.0950275	0.417378	0.313278	0.314557	0.490333	0.397315	0.29918	0.165868	0.27825	0.184655	0.134412	0.101653	0.59818	0.688084	0.141156	0.00178053	0.16262	0.565825	0.450493	0.403268	0.334092	0.167496	0.268376	0.251287	0.14296	0.100573	0.180815	0.382253
ihec.chipseq.ihec-chipseq-containerv1.1.4.IHECRE00003845.2.684cf59d-45fa-449c-93a7-eeeddb7b953b.fc.signal	0.948268	0.491026	0.576527	0.4708	0.240669	0.673952	0.649241	0.197374	0.0937404	0.300318	0.0633295	0.247377	0.213663	0.263163	0.190473	0.377106	0.645519	0.45803	0.0577449	0.124489	0.477532	0.407069	0.205415	0.345606	0	0	0.266848	0.0704697	0.332081	0.260937	0.0817427	0	0.0483812	0.249266	0.429066
ihec.chipseq.ihec-chipseq-containerv1.1.4.IHECRE00004606.2.5946f083-9733-4b0e-bccd-bb3958898b16.fc.signal	0.15652	0.25468	0.537542	0.38211	0.680823	0.435461	0.182063	0.731209	0.498998	0.0812933	0.215896	0.681648	0.164715	0.0833553	0.218864	0.393491	0.622498	1.28328	1.05155	0.384445	0.212244	0.257167	0.408756	1.15346	0.533472	0.408076	0.223173	0.0570267	0.530083	0.365832	0.240684	0.250799	1.3548	0.456664	0.38756
ihec.chipseq.ihec-chipseq-containerv1.1.4.IHECRE00000059.3.9f15cdcc-7468-4a84-87ee-af65c5fba810.fc.signal	0	0.657059	0.780664	0.97583	0.18866	0.201672	0.97583	0.123605	0.290326	0.366847	0	0	0	0	0	0	0	0	0	0	0	0.328874	1.72226	0.227935	0.592004	0.832708	0.97583	0.598509	0.904269	0.338288	0.885237	0	0.439382	0.465902	0.708029
ihec.chipseq.ihec-chipseq-containerv1.1.4.IHECRE00001907.1.856e5189-b10a-47ac-b38e-4f26c4b023ef.fc.signal	0.170292	0.00552453	0.396457	0.524723	0.434297	0.591729	0.423369	0.172175	0.54229	0.624895	0.705474	0.849935	0.556397	0.513344	0.493706	0.571769	1.04667	1.07054	0.365176	0.0645736	0.642457	0.74645	0.274293	0.6686	0.561001	0.0845573	0.202946	0.221394	0.251449	0.198509	0.416783	0.191038	0.224555	0.219772	0.587838
ihec.chipseq.ihec-chipseq-containerv1.1.4.IHECRE00003686.3.0646f25a-515d-4a28-9d49-c5b4db0fa40f.fc.signal	0.349042	0.233169	0.382247	0.112597	0	0	0.200682	0.268853	0.175975	0.0733147	0.209263	0.180648	0.104184	0	0	0.219326	0.027796	0	0.186091	0.92351	1.6347	1.2602	3.19919	2.87718	1.14051	2.24786	1.27102	0.533575	0.393829	0.300374	0.288798	0.365232	0.180676	0	0.241645
ihec.chipseq.ihec-chipseq-containerv1.1.4.IHECRE00000315.2.889e4a07-b630-426b-bca1-6fb4dfed482e.fc.signal	1.10428	0.419748	0	1.07202	1.93096	0.264768	1.59801	1.39901	1.51961	0.736283	0.426206	1.3691	0.206645	2.29261	0.710369	0	0.415042	2.66604	0.381989	0.324287	0	0	0	0.878243	0.38746	0.736174	0	0	0	0.91016	0.845954	0.309968	1.50539	0.166261	0.503067
ihec.chipseq.ihec-chipseq-containerv1.1.4.IHECRE00003691.3.860bedc9-692c-462c-94be-59ab1fd7c824.fc.signal	0.508501	0.463993	0.19294	0.18591	0.298393	0.142947	0.0757699	0.160351	0.417823	0.559291	0.1656	0.211687	0.264804	0.384318	0.417906	0.53039	0.378458	0.532878	0.297612	0.661538	1.25961	1.92887	2.56781	2.85242	1.56184	1.48086	1.13172	0.7896	0.477272	0.276521	0.445246	0.143645	0.268957	0.389875	0.373802
ihec.chipseq.ihec-chipseq-containerv1.1.4.IHECRE00000121.3.a3c721fe-088e-4da8-972b-3d6efe322bd3.fc.signal	1.3284	0.632481	0	0.51086	0.705473	0.07298	0.91225	1.22248	2.89329	1.51428	0.316247	0	0	0	0	0	0.24796	0.902536	0	0	0	0	0	0	0.745026	0.314085	0	0	0.499425	0.35816	0	0	0	0	0.751634
ihec.chipseq.ihec-chipseq-containerv1.1.4.IHECRE00000784.3.54e2d258-2a9b-4416-87fd-8933cfcab4dd.fc.signal	0.130213	0.530062	1.65846	1.19459	0.979238	0.800346	0.504602	0.75777	0.176974	0.155317	0.127633	0.218242	0.149979	0.837029	0.88173	0.500774	0.333664	0.337817	0.686142	0.94817	0.275305	0.549634	0.419947	0.238307	0.995787	0.769457	0.00741307	0	0	0.218767	0.31181	0.612453	0.424821	0.27601	0.632184
ihec.chipseq.ihec-chipseq-containerv1.1.4.IHECRE00000126.3.d0bfbd94-1356-4f3e-90d5-3e35710ea347.fc.signal	1.1834	0.372198	0.0749952	0	0.452839	1.03343	0.289332	0.131005	0.493991	0.176324	0.0528383	0	0	0	0	0.288366	0.291585	0.417084	0.414462	0.269803	0.634735	1.03937	0.398294	0.268962	0.284121	0.370357	0	0	0	0.391578	0.4778	0.786188	0.0878097	0	0.699115
ihec.chipseq.ihec-chipseq-containerv1.1.4.IHECRE00000330.2.160bb057-c970-4be7-ab27-69d39aa5b7cd.fc.signal	0.718542	0	0.701718	2.17103	1.04819	1.03967	0.539758	1.6933	1.90609	1.04214	2.30819	2.79614	0.897145	0.0871511	0	1.25088	0.999677	0.466515	0.470193	0	0	0	0	0	0	0	0	0	0	0	0.219049	0.362826	0.263996	0.85296	0.428571
ihec.chipseq.ihec-chipseq-containerv1.1.4.IHECRE00000728.1.947eb4ad-5971-41d4-bce5-117b0744f0e0.fc.signal	0.557676	0.777522	0.912481	0.747351	0.301357	0.567385	0.773519	0.395437	0.408844	0.517988	0.333226	0.262361	0.585155	0.213202	0.276843	0.467268	0.398605	0.323856	0.1378	0.697038	0.761215	0.869351	0.412568	0.17928	0.0948482	0.637385	0.806918	0.63287	0.336195	0.390787	0.494558	0.39461	0.345048	0.380523	0.587719
ihec.chipseq.ihec-chipseq-containerv1.1.4.IHECRE00001050.8.a3567476-0b5a-4504-b34f-067a636cef5f.fc.signal	0.143115	0	0.178099	0.372206	0.813513	0.682502	0.689331	0.427865	0.782633	0.0974632	0.15354	0.225534	0.3987	0.365136	0	0.170021	0.475673	0.0160587	0	0	0.960661	0.581864	0	0	0.75166	0.186699	0.314841	0	0	0.27571	0.192794	0.214141	0.0577218	0.186361	0.579853
ihec.chipseq.ihec-chipseq-containerv1.1.4.IHECRE00003837.4.8eb534c9-67c4-4b07-9857-b5e3ae6f9ea5.fc.signal	0.134683	0.341517	0.535137	0.911499	0.475117	0.19728	0.625644	0.229843	0.278433	0.290249	0.366216	0.253594	0.0355107	0.326771	0.0465187	0.351079	0.715245	0.345907	0	0.0719245	0.602341	0.522326	0.0244272	0.189989	0.156051	0.849214	1.00134	0.336806	0.689133	0.417217	0.386626	0.389735	0.125195	0.693909	0.164179
ihec.chipseq.ihec-chipseq-containerv1.1.4.IHECRE00001959.2.750a19c1-18ed-49f4-9a40-94442cc932b5.fc.signal	0	0.379245	0.540855	0.150964	0	0	0	0.265018	0.077401	0	0.427146	0.214213	0	0.290605	0.370223	0.135571	0.249963	0.281892	0.228409	0.174865	0.79785	0.164765	0.303775	0.0292385	0.244344	0.101276	0	0	0	0.151684	0.20434	0.0594997	0.992132	0.813174	0.535294
ihec.chipseq.ihec-chipseq-containerv1.1.4.IHECRE00004618.1.fc53d730-659c-4cf2-980a-4c7a71c2d016.fc.signal	0.549512	0.793698	0.712207	0.753918	0.516841	0.383852	0.82598	0.789252	0.844673	0.442111	0.367392	0.424009	0.325602	0.636286	0.499708	0.382213	0.589782	0.207638	0.0710131	0.322463	0.83938	0.481721	0.754247	0.541045	0.282111	0.12527	0.787691	0.644316	0.302175	0.403598	0.333418	0.479657	1.07916	0.82224	0.475
ihec.chipseq.ihec-chipseq-containerv1.1.4.IHECRE00001957.2.1adc09a2-a510-4845-9331-a4c7f3104a2a.fc.signal	0.550442	0.768542	0.631521	0.342318	0.550698	0.511214	0.692467	0.855308	0.487539	0.558072	0.646257	1.38228	1.06075	1.3285	0.969921	0.584443	0.455203	0.289983	0.178836	0.237814	0.234958	0.293999	0.423883	0.161491	0.254783	0.404534	0.116133	0.141	0.240584	0.527874	0.592437	0.727694	0.787064	0.671069	0.524324
ihec.chipseq.ihec-chipseq-containerv1.1.4.IHECRE00004888.1.fa995553-a4c4-46af-820c-813f0732b09d.fc.signal	2.45008	2.51159	2.08022	3.11463	1.50438	1.36839	1.64493	2.07902	1.52907	2.52051	0.844162	2.32685	4.27534	1.08205	0.278113	0.444778	1.45253	0.475242	0	0.798532	0.451997	0.182683	0.387666	0.424868	0.89104	0.803106	1.00618	0.939504	1.44279	0.313942	0.493135	0.123665	0.398161	0.489738	0.311111
ihec.chipseq.ihec-chipseq-containerv1.1.4.IHECRE00003829.4.33447c54-51f2-4852-abc6-ea1c91194a13.fc.signal	0.200564	0.753109	0.353156	0.570595	0.831265	0.623721	0.482276	0.669877	0.726618	0.791766	0	0.118351	0.335258	0.510923	0.460926	0.0750059	0.273128	0	0	0	0.151759	0.54997	0	0	0	0.148032	0.0418185	0.164717	0.203052	0.159965	0.0305953	0.110179	0.154067	0.336229	0.527273
ihec.chipseq.ihec-chipseq-containerv1.1.4.IHECRE00000290.2.3d472796-b354-45ed-8cd2-5997156e8606.fc.signal	2.06547	0.909509	0	0.300616	0.621227	0.342507	0.531391	0.453498	0.559363	0.319132	0.699434	0.520788	0	0	0	0.425674	0.968184	0.881725	0.528517	0.177159	0.570846	1.49619	1.15398	0.346098	0.610178	0.407473	0.456677	0	1.65762	1.55594	0.129917	0	0.139084	0.627495	0.558559
ihec.chipseq.ihec-chipseq-containerv1.1.4.IHECRE00003818.1.5f689ee3-a1ac-46cd-9df5-204fd2293fe3.fc.signal	0.220594	0	0.803695	0.763112	0.00507	0.139456	1.35132	0.0811381	0.19649	0.588219	0.35997	0	0.357435	0.631316	0.967844	0.002535	0	0.441185	0.344834	0	0	0	0	0.477657	2.31627	0.540038	0	0	0.405668	1.66647	0.761035	1.23471	0.999914	0.496207	0.433333
ihec.chipseq.ihec-chipseq-containerv1.1.4.IHECRE00000943.7.af323a26-7686-421e-89db-fa2bad412a32.fc.signal	0.799078	0	0.280824	0.502193	1.70698	2.16624	1.34203	1.50946	0.695165	0.701313	0.90937	0.504846	0.677845	1.0897	0.257283	0.14952	0.77241	0.851902	0.641622	0.0966524	0.769125	0.396011	0.148629	0.610226	0.344059	0.350782	0.0598943	0.30609	1.53744	0.880746	0.910048	1.00105	2.16804	0.653222	0.67027
ihec.chipseq.ihec-chipseq-containerv1.1.4.IHECRE00000242.3.8843da7d-cdf7-4888-a714-dd6f9ae96b22.fc.signal	0.19754	0.279039	0.13886	0.269939	0.195593	0.125254	0.149295	0.318448	0.373111	0.226981	0.159393	0.189967	0.166942	0.147278	0.13699	0.200304	0.0771653	0.0651553	0.203229	0.185517	0.0569433	0	0	0.0254358	0.204469	0.159852	0.0975498	0.284746	0.419983	0.402148	0.409077	0.53894	0.77599	0.397812	0.395349
ihec.chipseq.ihec-chipseq-containerv1.1.4.IHECRE00001905.1.01db0809-91fa-4fb8-a9d7-60bc51bd2d7e.fc.signal	0.187085	0.660197	0.305445	0	0	0	0	0	0	0	0	0.238635	0.234122	0	0.216319	0.204733	0	0	0	0.31067	0.176398	0	0	0	0.277211	0.204042	0	0	0.201409	0.282845	0.0341165	0.384155	0.287165	0.0370464	0.568966
ihec.chipseq.ihec-chipseq-containerv1.1.4.IHECRE00001460.1.d7a701fb-c20f-449f-b4d2-112bb84c1617.fc.signal	0.36815	0.329487	0.176954	0.392898	1.09315	0.655787	0.25571	0.597128	0.259299	0	0.236628	1.09496	0.178738	0	0.244194	0.375103	0.825658	1.00439	0.478723	0.801407	1.15911	0	0	0.171188	0.332306	0	0	0.264988	0.804268	0.250988	0	0	0	0.146827	0.529412
ihec.chipseq.ihec-chipseq-containerv1.1.4.IHECRE00002005.1.e7d5be35-9222-4141-b673-2ac53d316b10.fc.signal	0.242628	0.0889681	0.294439	0.23536	0.821075	0	0.223171	0.392605	0.228089	0.0827321	0	0	0.327659	0.415283	0.687767	0.146097	0.357765	0.314168	0.444309	0.436044	0.946276	0.186527	0.599517	1.13423	0.506052	0.404808	0.334056	0.308039	0.257331	0.524103	0.131382	0.65069	0.629308	0.188105	0.549784
ihec.chipseq.ihec-chipseq-containerv1.1.4.IHECRE00001891.4.89df7901-62b0-45af-9204-076797d91c40.fc.signal	0.470769	0.0308472	0	0	0	0	1.23358	0.389813	0.194571	0.535123	0	0	0	0	0	0	0	0	0	0.148778	0.730522	0	0	0.712813	0.118013	0	0	0	0	0	0	0	0	0	0.482578
ihec.chipseq.ihec-chipseq-containerv1.1.4.IHECRE00001965.2.2738728e-c625-46ab-90a4-80a1e15e2e66.fc.signal	0.170101	0.799761	0.9246	0.657036	0.527474	0.713284	0.443181	0.527933	0.147116	0.327809	1.2908	1.38685	0.507089	0.407596	0.462849	0.607726	0.914631	0.572146	0.352321	0.187763	0.358053	1.10499	0.56111	0.963735	1.05093	0.77713	0.532824	0.940426	0.389011	1.29309	1.2489	0.656788	1.39511	1.47047	0.559585
ihec.chipseq.ihec-chipseq-containerv1.1.4.IHECRE00000241.3.e590a556-6181-4b64-8099-0b8ac3706fc6.fc.signal	0.146806	0.274211	0.284818	0.293398	0.621917	0.71393	0.865391	0.408377	0.104099	0.0845111	0.118978	0.193222	0.221585	0.239838	0.381813	0.414478	0.340353	0.226036	0.0879629	0.77379	0.768769	0.0499448	0.0446317	0.350556	0.74245	0.835296	0.513933	0.512914	0.555975	0.464179	0.364355	0.601193	0.64494	0.481969	0.294737
ihec.chipseq.ihec-chipseq-containerv1.1.4.IHECRE00000743.1.03035341-4c89-45a9-8f18-304bde35c956.fc.signal	0.411324	0.586183	0.89968	0.942863	0.752447	0.459071	0.411286	0.793868	0.746093	0.50398	0.470534	0.390001	0.696618	0.690862	0.783078	0.9641	0.250119	0.100077	0.602894	0.658673	1.09703	0.609186	0.370942	0.324495	0.632787	0.403257	0.74381	0.354389	0.0671791	0.466316	0.289536	0.91261	1.08668	0.751514	0.631148
ihec.chipseq.ihec-chipseq-containerv1.1.4.IHECRE00003827.1.901da503-70cf-4026-b479-817005e87735.fc.signal	0.133242	0.0596605	0.234749	0.40848	0.343554	0.1061	0.0891669	0.0779313	0.235992	0.350479	0.334014	0.29086	0.147932	0.126813	0.16811	0.212115	0.199283	0.0737457	0	0	0	0	0.00789447	0.232387	0.109854	0.0803859	0.0927901	0	0	0.105052	0.18588	0.0187801	0.0826841	0.12467	0.269231
ihec.chipseq.ihec-chipseq-containerv1.1.4.IHECRE00001962.2.a87b3aa3-3079-47ca-a7bd-cbacd583588f.fc.signal	0.170876	0.415102	0.565953	0.460415	0.258016	0.212532	0.538868	0.648386	0.238662	0.0152097	0.262233	0.521195	0.257397	0.471679	0.335823	0.765564	0.364468	0	0.04184	0.416451	0.368522	0.446395	0.332259	0.388791	0.373467	0.563225	0.552956	0.785811	0.742842	0.631873	1.26465	0.927407	0.304174	0.0689367	0.632231
ihec.chipseq.ihec-chipseq-containerv1.1.4.IHECRE00003805.1.4df83158-9c0a-486f-935e-2377298bda67.fc.signal	1.3141	1.41152	1.34492	1.22462	1.29977	1.08982	0.570377	0.644286	0.863016	0.745337	0.923656	0.641751	0.624999	0.566092	0.699967	0.60946	0.762291	0.482283	0.571972	0.581002	0.728808	0.437423	0.757758	1.52154	0.850352	0.48778	0.943408	0.475867	0.49972	0.62445	1.0375	0.498375	0.455853	0.663131	0.5
ihec.chipseq.ihec-chipseq-containerv1.1.4.IHECRE00000974.7.85f89b17-aeba-4a6e-bcd1-5f7463b1eb27.fc.signal	0.40231	0.140635	0.397205	0.349942	1.40398	1.28631	1.17428	1.5609	1.15385	0.371228	0.673925	1.04282	0.660185	0.979443	0.28576	0.348704	1.23996	1.74085	1.51909	0.356213	0.158174	0	0	0.348434	0.464008	0.163033	0.448492	0.115777	0.680645	1.18854	0.843992	0.946431	1.3016	0.828149	0.62089
ihec.chipseq.ihec-chipseq-containerv1.1.4.IHECRE00000152.3.2e0a4cf7-9d6b-4b90-9eb6-636b61ae48d8.fc.signal	0	0	0	1.48354	1.40791	0.24257	0	0.205657	0.854259	0.986069	1.0177	0.179291	0.664472	0.249721	0	0	0.598007	1.81445	0.168817	0.152925	0.942744	0.840111	0.77874	0.163471	0	0	0.26379	1.32034	1.5186	0.748804	0.479861	1.1919	0.168826	0.191299	0.587571
ihec.chipseq.ihec-chipseq-containerv1.1.4.IHECRE00000228.3.6dc10c5d-c31d-41e0-b93a-1f02c86942e4.fc.signal	0.150245	0.332316	0.770265	0.824273	0.595681	0.488164	0.561105	0.558347	0.479991	0.294544	0.303054	0.348125	0.223294	0.569576	0.443706	0.34243	0.359806	0.083881	0	0.214811	0.418021	0.10849	0	0	0.030379	0.355126	0.429321	0.604242	0.414733	0.264436	0.227172	0.458108	0.879262	0.717065	0.311224
ihec.chipseq.ihec-chipseq-containerv1.1.4.IHECRE00004900.1.255a9279-9bfd-4bf8-bbb4-56dd958d45f6.fc.signal	0.324755	0.958794	1.09015	0.642609	1.42076	1.08574	1.06199	0.224957	0.536061	1.45508	1.12021	0.937816	1.63305	1.87824	0.724984	0.696017	0.235626	1.07767	0.659195	0.363516	0.939635	0.574836	0	0.139916	0.576571	0.336233	0.38627	0.757661	0.826747	1.03453	0.828928	1.11945	0.526932	0.322174	0.279762
ihec.chipseq.ihec-chipseq-containerv1.1.4.IHECRE00003847.4.6766be7e-7a8e-4df0-9a81-95d754bf6fc1.fc.signal	0.786384	0.471291	0.0825621	0	0	0	0	0	0.239945	0.293194	0.271024	0.500377	0.429231	0.652674	0.539181	0.775547	0.289129	0.495218	0.628884	0.127832	0.27081	0.198042	0.0348407	1.06139	0.469914	0.319533	0	0.11468	0.118862	0.442316	0.187643	0.177085	0.125197	0.160803	0.247059
ihec.chipseq.ihec-chipseq-containerv1.1.4.IHECRE00003836.3.99b27424-8cc1-4279-877c-81e486b3d19a.fc.signal	0.550975	0.392107	0.0839108	0.281782	0.445415	0.469065	0.200573	0.191719	0.574581	0.373435	0.692996	0.337612	0.159842	0.104663	0.0793207	0.306958	0.273598	0.415795	0	0.12448	0.938833	0.826137	0.316532	0.237188	0.146119	0.441024	0.30304	0.390499	0.315613	0.34629	0.119042	0.259728	0.726159	0.176355	0.517937
ihec.chipseq.ihec-chipseq-containerv1.1.4.IHECRE00003685.2.08c7f8f1-8d33-4b78-a437-57675e0cb0f4.fc.signal	0.119197	0	0.154396	0.114826	0.0356009	0.0920981	0.152361	0.183422	0.0843587	0.441246	0.364495	0.0804891	0.0744035	0.140758	0.452751	0.0564971	0.0766259	0.0804891	0.0673322	0.18884	0.503033	1.41295	0.671074	1.23305	0.527863	0.355235	0.421794	0.046436	0	0.252309	0.0920981	0.00960587	0.0880734	0.0505296	0.325221
ihec.chipseq.ihec-chipseq-containerv1.1.4.IHECRE00001909.1.ab48306f-f7ee-424c-9e95-3a171d465667.fc.signal	1.4053	0.112988	0.867928	0.568244	0.0561611	0	0.0952485	0.811337	1.00353	0.689268	0.909752	0.883672	1.73843	0.730116	0.593943	1.7239	1.5211	1.06042	0	0	0	0	0.0128091	0.8941	0.804985	0.454872	0.0695344	0.379542	0	0.320075	0.644506	1.12462	1.16416	0	0.50641
ihec.chipseq.ihec-chipseq-containerv1.1.4.IHECRE00000233.3.58100d32-de3d-456a-a280-51cbf3f744ab.fc.signal	0.62392	0.580347	0.228229	0.512272	0.807532	0.519789	0.234002	0.270125	0.282869	0.179039	0.316492	0.870466	0.7177	0.245848	0.162199	0.21001	0.329801	0.21557	0.288403	1.16577	1.2219	0.300032	0.0601135	0.411516	0.826136	0.55421	0.124529	0.103634	0.0101372	0.133219	0.321132	0.618556	1.29328	1.12652	0.367841
ihec.chipseq.ihec-chipseq-containerv1.1.4.IHECRE00001335.1.46c364bd-3681-415b-98c9-6847142e383a.fc.signal	1.61837	0.64311	0.0459368	0	0	0	0	0	0	0.165628	0.61219	0.358554	0.25428	0.79216	0.648382	0.225816	0	0	0	0	0	0.211328	0.94912	0.236592	0.901068	0.356894	0	0	0	0	0	0.113075	0.651978	0.76124	0.643564
ihec.chipseq.ihec-chipseq-containerv1.1.4.IHECRE00000070.3.6c2832ca-5e0f-43fa-8b01-ae42489daa79.fc.signal	0.348765	0.901524	0.585662	0.581232	0	0	0.240422	0.608321	0.274314	0.767478	0.684986	0.668204	0	0	0	0	0.702423	0.294595	0	0	0.750797	0.200405	0.557575	1.64264	0.881765	0.756754	0	0.342184	0.908104	0	0	0	0.504918	0.60842	0.264463
ihec.chipseq.ihec-chipseq-containerv1.1.4.IHECRE00001889.4.f8ce3430-b2fd-414a-9546-9bea993d3d31.fc.signal	0.264765	0	0.329485	0.588367	2.02251	1.24598	1.38261	1.61038	2.32109	0.216009	0.547181	0.267956	0.651947	0.930621	0	0.565425	1.87648	0	0	0.141208	1.15033	0.828213	0	0.360282	1.07644	0.11179	0	0	0	0	0	0	0	0.119558	0.0679612
ihec.chipseq.ihec-chipseq-containerv1.1.4.IHECRE00003660.4.44bc2162-d439-4783-8b4b-4e76b31501ad.fc.signal	0.390682	0.340596	0.762702	1.77644	1.27701	1.71394	1.83466	1.48443	0.412281	0.194908	0.38105	0.657638	0.788595	1.16547	0.794837	0.825967	0.433259	0.465308	0.400186	0.0955161	0.399882	0.391181	0.398949	0.702695	1.3307	1.13591	1.14905	0.832865	0.573391	0.288512	0.346334	1.13584	0.695336	0.879951	0.431579
ihec.chipseq.ihec-chipseq-containerv1.1.4.IHECRE00004884.1.83ea03d7-6e78-47ac-9ea3-4d33b074e7dd.fc.signal	0.545002	0.813932	0.332413	0.361327	2.16504	0.64576	0.628259	0.733486	0.405448	0.0856587	0.681491	0.837542	0.754409	0.690616	0.131599	0.471995	1.41927	0.41264	0.513543	0.232265	0.314719	0.374501	0.148468	0	0.0476047	0.503097	0.400116	0.0070184	0.37335	0.261718	0.64265	0.681127	1.60748	0.762673	0.248227
ihec.chipseq.ihec-chipseq-containerv1.1.4.IHECRE00003404.1.1fd6b31e-ead4-4fb6-96e7-e6c055ca09bb.fc.signal	0.0227164	0.527846	0.082854	0	0.205138	0.145156	0.452676	1.22868	1.21376	0.183701	0.634343	0.0300011	0	0	0	0.175206	0.736074	1.50424	0.559261	0.514225	0.28444	0.57975	0.690101	0.506694	0.489084	0.253931	0	0.00920893	0.948306	1.02217	0.430914	0.604549	0.749044	0.420996	0.672414
ihec.chipseq.ihec-chipseq-containerv1.1.4.IHECRE00003812.1.3eaee204-4355-40f7-82b3-c8709fa3a29d.fc.signal	0.732415	0.37142	0.244433	1.12832	0.701026	0.336256	0.494409	0.296728	1.14211	1.30588	1.20717	1.50079	2.01419	1.7979	0.501186	0.24035	1.02965	0.476561	0.131109	0.538027	1.35386	0.347279	0.237979	0.338106	0.383879	0.492952	0.44656	0.0997131	0.184401	0.712768	0.429376	0.0970534	0.679932	0.160241	0.436893
ihec.chipseq.ihec-chipseq-containerv1.1.4.IHECRE00003696.3.49d57242-0349-4448-9479-911cd2c363c1.fc.signal	0.405617	0.786358	0.107223	0.137143	0.46411	0.0970159	0.176679	0.305191	0.564703	0.466845	0.131056	0.146992	0.200474	0.0707051	0.386921	0.376091	0.289832	0.532234	0.272769	0.22182	1.09974	1.62632	1.93721	1.99644	1.53889	1.11765	0.795683	0.157776	0.296064	0.568758	0.0909474	0.1887	0.322478	0.0687165	0.0666667
ihec.chipseq.ihec-chipseq-containerv1.1.4.IHECRE00000237.3.279b9afd-b79a-4c0b-b848-c635b99df0f3.fc.signal	0.878286	0.801022	0.873051	0.818165	0.866466	0.851315	0.608653	0.398458	0.508455	0.270771	0.389714	0.77527	0.763653	0.696811	0.689349	0.706691	0.8795	0.920956	0.676337	0.378744	0.218364	0.12939	0.15148	0.795262	1.23029	0.682821	0.806407	1.23182	0.941543	0.585342	0.636469	0.778592	0.602797	0.551095	0.37931
ihec.chipseq.ihec-chipseq-containerv1.1.4.IHECRE00001956.2.98baf052-40a0-482d-b546-3f729875aa39.fc.signal	0.539054	0.372111	0.0918213	0.473021	0.468256	0.0733943	0.145253	0.122659	0.111329	0.14127	0.403175	0.314769	0.0954677	0.210166	0.063112	0.0273699	0.243735	0.0131173	0	0	0.0619701	0.118051	0	0	0.0646288	0.184771	0	0	0	0	0	0	0	0	0.611801
ihec.chipseq.ihec-chipseq-containerv1.1.4.IHECRE00003398.1.428318a7-43f4-48e5-9009-6a279ba6c4eb.fc.signal	0.73272	0	0.567718	0.666207	1.26134	0.752683	0.140331	1.47825	2.06018	0	0	0	0.893013	0	0	0.0390805	1.13164	0.656011	0.290313	0.752683	1.0486	1.54939	0.773474	0.0781611	0	0	0	0	1.90711	1.58835	0.817419	1.47908	0.223248	0	0.68
ihec.chipseq.ihec-chipseq-containerv1.1.4.IHECRE00000775.1.0fb1e686-4f1c-4706-b5f2-84ac84a9ffd9.fc.signal	0.10015	0.194096	0	0	0	0.114705	0.592173	0.602688	0.497346	1.00776	0.640335	0.08892	0	0	0	0.251621	0.669388	0.361646	0.332405	0.163847	0.124046	0.306645	0.01404	0.0067532	0.292974	0.1085	0.194008	0.448222	0.491143	0.233389	0.252514	0.204794	0.654178	0.229101	0.605714
ihec.chipseq.ihec-chipseq-containerv1.1.4.IHECRE00004905.1.1fb16ad5-9469-4e3d-8b91-c2d692d318b3.fc.signal	1.38013	1.22115	0.0590035	1.18387	1.35322	0.505923	0.422786	0.416311	0.312735	0.348877	0.388599	0.118463	0.936663	0.640556	0.630469	0.836585	1.14263	0.547584	0.66806	0.21332	0.678019	0.632616	0.557127	0.152283	0.451087	0.755751	1.88342	1.68054	1.61539	2.20396	0.59214	0.643593	0.319433	0	0.425373
ihec.chipseq.ihec-chipseq-containerv1.1.4.IHECRE00004615.1.dc1c3cb6-a39e-4f93-b860-65238212598d.fc.signal	0.783235	0.400527	0.9908	0.294005	0.524686	0.634003	0.556227	0.955318	0.694369	0.597796	0.844593	0.308106	0.247002	0.545454	0.316886	0.623223	0.200834	0.482597	0	0	0.0756929	0.293406	0.369118	0.795964	0.089369	0.311293	0.548877	0.942108	0.571518	0.356149	0.272296	0.783314	0.320554	0.695565	0.469484
ihec.chipseq.ihec-chipseq-containerv1.1.4.IHECRE00001235.5.9288c3da-b959-4677-8b20-db92036ed803.fc.signal	0.411297	1.21134	0.528261	0.812276	1.20518	0.371646	0.289485	0.099763	0.25087	0.0520077	0.340446	0.158673	0.304018	0.520181	0.172649	0.21368	0.294633	0.519171	0.480821	0.0129081	0.226866	0.198927	0.152223	0.997393	0.913633	1.15983	0.924098	0.857996	0.545483	0.354749	0.108147	0.535548	0.30633	0.224392	0.330097
ihec.chipseq.ihec-chipseq-containerv1.1.4.IHECRE00000221.3.124af268-a818-4305-aa8a-49d899ed859c.fc.signal	1.04657	1.55933	0.256184	0	0	0	0	0	0	0	0.240948	0.732342	0.432807	0.120302	0.482707	0.688192	0.443002	0.672579	0.246165	0.911192	0.570698	0.0682652	0.974753	0.413449	0.181945	0.444079	0.0534293	0	0	0	0	0	0	0	0.282407
ihec.chipseq.ihec-chipseq-containerv1.1.4.IHECRE00000194.3.254d12ba-d7b2-4658-a45d-be28e84266b8.fc.signal	0.917598	0	0.719693	1.67929	0	0	0	0.713643	0.485757	0	0	0	0.107946	0.89955	0.191904	0	0.791604	0.347515	0	0.499259	0.716871	0.0546089	0	0	0	0	0	0	0	0.671664	3.32453	3.00478	0	0	0.641026
ihec.chipseq.ihec-chipseq-containerv1.1.4.IHECRE00003806.1.c4b2329a-6de9-492b-b3ba-0bb940a27937.fc.signal	0.146473	0.116292	0.241434	0.330942	0.173358	0.1506	0.154397	0.325805	0.736623	0.316639	0.376797	0.334441	0.165712	0.0565988	0.165656	0.190342	0.152393	0.00628667	0	0.0213747	0.186704	0.0496633	0.12133	0.545792	0.37531	0.157735	0.213326	0.295279	0.0673735	0	0	0	0.0557465	0.0502226	0.548957
ihec.chipseq.ihec-chipseq-containerv1.1.4.IHECRE00004602.2.39c1560e-774f-4bff-84aa-a2713d387a09.fc.signal	0.603403	0.00514507	0.290766	0.999632	1.23761	0.827221	0.49792	0.567389	0.614932	0.364111	0	0	0	0	0.240387	0.329097	0.179264	0	0	0.106761	0.279125	0	0	0	0.0360164	0.593089	0.701209	0.439977	0.1595	0	0.201336	0.183941	0.244183	0.473976	0.237624
ihec.chipseq.ihec-chipseq-containerv1.1.4.IHECRE00000246.3.71368893-79b1-4e8f-94b0-a1f322351c50.fc.signal	0.195095	0.107964	0.363262	0.147925	0.338288	0.358328	0.436067	0.74887	1.19136	0.35655	0.310855	0.363886	0.285336	0.31788	0.147847	0.163005	0.25481	0.400182	0.301294	0.542084	0.636818	0.0505819	0	0.105365	0.358265	0.477679	0.340151	0.16997	0.220211	0.525043	0.677877	0.481233	0.572501	0.386305	0.305195
ihec.chipseq.ihec-chipseq-containerv1.1.4.IHECRE00001888.4.4c779d5c-81a6-4492-a2ab-32ef5f8f70d0.fc.signal	0	0.123647	0.54364	0.344228	0	0.332356	0.316928	0.302239	0.360161	0.652337	0.707409	0.894659	0.444427	0.215998	0	0	0.304741	0.512245	0.510607	0.23462	0	0.317895	0.176834	0	0	0	0	0	0	0	0.217334	0.315239	0.542076	0.331706	0.517123
ihec.chipseq.ihec-chipseq-containerv1.1.4.IHECRE00001913.1.5545bcc7-1d10-4b9f-b8ab-ad8d845f8fcc.fc.signal	0.0283128	0	0.237865	0.441686	1.26997	1.43121	0.510812	1.19267	0.176624	0	0.231212	1.59703	1.64662	1.74783	1.20528	0.500104	0.62273	0.0094376	0	0	0	0.44774	0.934277	0.400807	0.289601	0.231355	0.405722	0.254763	0	0.917902	0.164647	0	0	0	0.405063
ihec.chipseq.ihec-chipseq-containerv1.1.4.IHECRE00003679.3.b6f7e119-ff00-43c1-b8c9-a6de8420c8f5.fc.signal	0.177216	0.231938	0.312494	0.179543	0.0943251	0.248384	0.263014	0.270051	0.6605	0.413616	0.425676	0.576308	0.359354	0.225626	0.307044	0.48598	0.320781	0.332323	0.201378	0.208781	0.499494	0.193727	0.311004	0.0430389	0.396271	0.577289	0.471235	0.173579	0.489275	0.294016	0.438286	0.40118	0.139483	0.102631	0.150538
ihec.chipseq.ihec-chipseq-containerv1.1.4.IHECRE00004609.2.33d21ea8-28ff-4f08-83bc-ecd68e8e31f9.fc.signal	0.0289183	0.0647755	0.318112	0.4316	0.214462	0.207451	0.312311	0.0832848	0.314664	0.614643	1.07779	0.374775	0.0242914	0.139965	0.0867545	0.293803	0.863037	0.511316	0.0138808	0.349403	0.489369	0.822588	0.569157	1.24711	0.340133	0.0624688	0.403691	0.120868	0	0	0.269171	0.506159	0.773372	0.420389	0.522976
ihec.chipseq.ihec-chipseq-containerv1.1.4.IHECRE00003715.2.f452847b-856b-4b4d-bec4-906e8d705518.fc.signal	1.29562	0.369622	1.00382	0.664305	0.494969	0.969163	1.99522	0.629012	1.0777	0.510234	0.42381	0.81317	1.78975	1.14388	0.202318	0	0	1.5913	1.22948	0	0.396856	0.870086	1.10782	0.676037	0.770368	0.723682	0.404639	0.108941	0.455216	0.245602	0.57281	0.729046	0	1.32763	0.65762
ihec.chipseq.ihec-chipseq-containerv1.1.4.IHECRE00003822.3.476846c8-9a98-404a-a2ae-8e077ecdcc70.fc.signal	0.182304	0.439584	0.140413	0.280205	0.828445	0.946114	0.550092	0.739239	0.511411	0.808213	0.919434	0.272818	0.14176	0.287636	0.393584	0.567346	0.401233	0.648206	0.276844	0.211338	0.520589	0.841555	0.457794	0.304572	0.202556	0.255222	0.279553	0.298466	0.164727	0.060756	0.12961	0.252529	0.259964	0.506412	0.461774
ihec.chipseq.ihec-chipseq-containerv1.1.4.IHECRE00003824.4.0d9403d3-7c49-45ef-b733-64b963da6a93.fc.signal	0.270226	0.308143	0.335579	0	0.0535572	0.397057	0.436289	0.463615	0.534225	0.452558	0.611041	0.0750828	0.575156	0.376689	0.142709	0.0947832	0.299303	0.17869	0.439082	0.110598	0.515166	0.390641	0.0448238	0.468611	0.167067	0.537884	0.196953	0.214611	0	0.135785	0.309246	0.702234	0.276685	0.132812	0.38806
ihec.chipseq.ihec-chipseq-containerv1.1.4.IHECRE00000229.3.d50d886e-de20-4390-91ea-79449d21afd2.fc.signal	0.696074	0.603371	0.554658	0.976546	1.15481	0.686707	0.5895	0.390485	0.529382	0.703261	0.675313	0.809147	0.702654	0.508547	0.561816	0.498369	0.225678	0.0041156	0	0.340111	0.748031	0.347484	0.10553	0.653894	0.42801	0.405848	0.586379	0.261951	0.415153	0.529356	0.514008	0.210794	0.439101	0.452578	0.331269
ihec.chipseq.ihec-chipseq-containerv1.1.4.IHECRE00000013.3.c56fb850-5356-4ade-95b8-b00dc069d5ee.fc.signal	0.561224	0	0	0.611292	1.16468	0	0	0	0	0.385734	1.28724	0.717091	0.96527	0.0707865	0	0	0	0	0	0.373238	0.722047	0	0	0.0907295	1.30453	0.353287	0.545204	0.425792	0.684325	0.459985	0.365059	0	0	0.573936	0.731707
ihec.chipseq.ihec-chipseq-containerv1.1.4.IHECRE00000348.2.8ffe2ec7-cebe-4b75-9981-ce6939da93e1.fc.signal	0.408727	0.817454	0.401296	1.40449	0.646532	0.601943	2.36304	1.93948	1.09242	2.18945	2.61575	0	0	0	0	0.0723873	0.850899	1.67632	0.791469	2.4413	1.66097	0.557355	0	0	0	0	0	0	0.098718	0.667725	0	0.859862	0.987795	0.331526	0.496124
ihec.chipseq.ihec-chipseq-containerv1.1.4.IHECRE00004728.1.eff029f0-bac1-4b6d-a8ef-a052fc08bb40.fc.signal	0.503933	0.323287	0.224773	1.45005	0.535952	0.426957	0.403724	0.226932	0.333219	0.397979	0.417335	0.0614593	0.379921	0.569095	0.320159	0.259337	0.675184	0.389597	0	0.248782	0.442848	0.42019	0.336003	0.448399	0.0946486	0.252001	0.726824	1.09766	0.433905	0.548745	0.270447	0.349041	0.235611	0.0552034	0.236994
ihec.chipseq.ihec-chipseq-containerv1.1.4.IHECRE00000709.3.d00e3808-9f0e-482a-82e8-0b81806ce822.fc.signal	0.566253	0.0463496	0.0567341	0.285606	0.00215187	0.366897	0.370943	0.0147381	0.100063	0.653102	0.6531	0.727341	0.518606	0.0591763	0.498085	0.517464	0.0634801	0.307717	0.0247465	0.7709	1.37878	0.910611	0.616161	0.533934	0.410107	1.45038	1.5084	1.51601	0.33139	0.555189	0.816498	0.0726544	0.0519369	0.342176	0.572414
ihec.chipseq.ihec-chipseq-containerv1.1.4.IHECRE00003684.3.6340c768-b60c-43ff-84dd-c55bbe817516.fc.signal	0.35137	0.787752	1.27039	1.23976	1.44854	0.928395	2.45243	2.89563	4.03129	1.56028	0.678525	1.1601	1.44633	1.99676	1.49456	0.506214	0.946781	1.18221	0.535692	0.506332	3.15731	2.94684	3.99607	3.59995	2.18517	2.4648	1.92977	0.881663	0.802043	0.450705	0.627977	0.34115	0.32283	0.111609	0.386447
ihec.chipseq.ihec-chipseq-containerv1.1.4.IHECRE00004604.3.2060b949-a0ba-4eb6-9071-42320bc08233.fc.signal	0.532599	0.804241	1.54811	0.725457	0.239082	0.35551	0.0142327	0.250186	1.11879	0.411584	0.318621	0.475864	0.334907	0.350842	0	0.251638	0.793615	0.11908	0	0.0557372	0.5147	0.243771	0.286154	1.09436	0.19378	0.28806	0.598052	0.244443	0.0112356	0.335067	0.0740875	0.253635	1.01627	1.06788	0.483051
ihec.chipseq.ihec-chipseq-containerv1.1.4.IHECRE00003675.3.ba41b0a8-afb1-412a-b955-efd4cd4011d5.fc.signal	0.111579	0.24269	0.395385	0.0608757	0.0445663	0.197869	0.0448927	0.186958	0.32569	0.21627	0.10845	0.261216	0.275335	0.113001	0.032942	0.441597	0.0855528	0	0.0053884	0.31237	0.471516	0.106803	0.194558	0.779153	0.472775	0.57954	0	0.196777	0.73857	0.337872	0.28967	0.278336	0.436133	0.938942	0.208531
ihec.chipseq.ihec-chipseq-containerv1.1.4.IHECRE00000238.3.b9dbaad9-2938-4b18-847c-4c3a725caa30.fc.signal	0.319829	0.274191	0.263234	0.280189	0.211268	0.13162	0.222647	0.346412	0.424083	0.226563	0.1511	0.163972	0.134282	0.0439467	0.0273799	0.0837805	0.0867145	0.0740203	0.0600563	0.4404	0.536537	0.224028	0.212872	0.102556	0.125181	0.0525347	0.0641583	0.215923	0.280979	0.258477	0.277708	0.432971	0.469807	0.275743	0.280899
ihec.chipseq.ihec-chipseq-containerv1.1.4.IHECRE00000234.3.28974330-5516-4453-9680-5e36e5a6f76f.fc.signal	0.151307	0.197588	0.189616	0.28099	0.24873	0.313255	0.222684	0.35379	0.5451	0.324798	0.434789	0.456509	0.323097	0.169557	0.0905848	0.174947	0.179956	0.0963154	0.0377915	0.303259	0.365467	0.0282577	0.0292514	0.322117	0.350343	0.246825	0.116632	0.221573	0.0962219	0.39872	0.65321	0.354271	0.154969	0.324192	0.209091
ihec.chipseq.ihec-chipseq-containerv1.1.4.IHECRE00001044.7.98dee4c6-4d34-480a-a6be-9b7ab769fa23.fc.signal	0	0	0	0.213365	0.550422	0.272998	0	0	0	0	0.0058792	0.437096	0.195003	0	0.289898	0.345094	0	0	0	0	0	0	0.429267	0.235368	0.395658	0.269992	0	0	0	0	0	0	0	0.182789	0.459716
ihec.chipseq.ihec-chipseq-containerv1.1.4.IHECRE00000222.3.66a40f9f-6ca2-4937-819f-50fcd48c0ff1.fc.signal	1.0829	0.573768	0.263595	0.552755	0.729662	0.952661	0.9282	1.40593	1.04824	0.596177	0.634727	0.596573	0.625314	0.505307	1.27876	1.86065	0.783014	0.264177	0.118549	0.298709	0.57214	0.292112	0.0468559	0.578363	0.645558	0.318712	0.455479	0.40868	0.303435	0.512335	0.317663	0.225173	0.351863	0.314299	0.333333
ihec.chipseq.ihec-chipseq-containerv1.1.4.IHECRE00001936.1.93858f63-89ca-4fc1-b09c-156027aebe3c.fc.signal	0.718748	0.55747	0.234427	0.0278781	0.221997	0.31749	0.128829	0	0	0.144125	0.560376	0.17949	0.282106	0.493685	0.29856	0.806018	0.864632	0.127619	0.0117544	0.248522	0.848478	0.38738	0.590797	0.579293	0.371103	0.594361	0.461752	0.674903	0	0.197951	0.0563825	1.09238	1.3219	0.332314	0.490385
ihec.chipseq.ihec-chipseq-containerv1.1.4.IHECRE00001904.1.157e52bc-84ef-4d37-b10e-cb4efc6ff94d.fc.signal	0.736158	0.141174	0	0	0.20402	0.423972	0.525894	0.201156	1.15866	0.707625	0.299246	0.449502	0.118126	0	0.39771	0.421118	0.632875	0.38077	0	0	0	0	0	0	0	0	0	0.112191	0.900528	0.351255	0	0	0.108457	0.314995	0.56391
ihec.chipseq.ihec-chipseq-containerv1.1.4.IHECRE00004641.3.8f2205e1-b664-4bca-ad51-53d7ed5a7d3c.fc.signal	0.788666	0.641244	0.536227	0.866751	0.403289	0.392125	0.478211	0.346178	0.260744	0.269231	0.807276	1.00944	0.403047	0.44248	0.447702	0.5443	0.694933	0.546205	0.212129	0.421222	0.85574	0.614543	0.444353	0.535115	0.672758	0.998356	0.647683	0.286573	0.655718	1.04817	1.18391	0.820097	0.655148	0.813666	0.63198
ihec.chipseq.ihec-chipseq-containerv1.1.4.IHECRE00000231.3.56cd85a8-5ca2-4de0-a140-ece4da1de9d3.fc.signal	0.219543	0.323311	0.357061	0.307926	0.559589	0.674515	0.756992	0.404069	0.266945	0.232239	0.570586	0.928578	0.3728	0.0959547	0.341973	0.320693	0.443751	0.234239	0.042033	0.331397	0.225551	0	0	0.0420584	0.144416	0.150073	0.329551	0.22331	0.257424	0.399447	0.268604	0.246882	0.179149	0.00164888	0.472727
ihec.chipseq.ihec-chipseq-containerv1.1.4.IHECRE00003825.5.a2132ec8-5019-4f71-b6df-20615bc02f27.fc.signal	0.206595	0.0795461	0.212498	0.266356	0.305655	0.60295	0.845895	0.503513	0.618935	0.424362	0.316535	0.312714	0.317617	0.429489	0.144422	0.221744	0.0863499	0	0	0	0	0.221727	0.229236	0.505403	0.275028	0.521625	0.269483	0.36985	0.873924	0.423966	0.789181	0.247437	0.33011	0.525086	0.40708
