	chr11:65040525-65040674	chr11:65040675-65040824	chr11:65040825-65040874	chr11:65040875-65040974	chr11:65040975-65041124	chr11:65041125-65041274	chr11:65041275-65041424	chr11:65041425-65041574	chr11:65041575-65041724	chr11:65041725-65041874	chr11:65041875-65042024	chr11:65042025-65042174	chr11:65042175-65042324	chr11:65042325-65042474	chr11:65042475-65042624	chr11:65042625-65042774	chr11:65042775-65042924	chr11:65042925-65043074	chr11:65043075-65043224	chr11:65043225-65043374	chr11:65043375-65043524	chr11:65043525-65043674	chr11:65043675-65043824	chr11:65043825-65043974	chr11:65043975-65044124	chr11:65044125-65044274	chr11:65044275-65044424	chr11:65044425-65044574	chr11:65044575-65044724	chr11:65044725-65044874	chr11:65044875-65045024	chr11:65045025-65045174	chr11:65045175-65045324	chr11:65045325-65045474	chr11:65045475-65045624	chr11:65045625-65045664	Expression
ihec.chipseq.ihec-chipseq-containerv1.1.4.IHECRE00001002.4.bc6e7c42-efcb-4227-9b35-b730ed21b81f.fc.signal	0.209078	0.408691	0.156412	0.120211	0.101753	0.105438	0.211496	0.277421	0.28325	0.29293	0.328833	0.334088	0.488379	0.593056	0.358421	0.831536	0.610456	0.574917	0.712872	0.291627	0.484765	0.128308	0.366695	0.515387	0.505896	0.531792	0.451872	0.415009	0.357497	0.309639	0.44739	0.451237	0.333844	0.221982	0.110663	0.173444	0.0632369
ihec.chipseq.ihec-chipseq-containerv1.1.4.IHECRE00001854.4.91c7adb9-9182-4f05-b5fa-c053c0a1b0ec.fc.signal	2.63105	1.80162	0.948526	0.664961	0.850373	0.188719	0.124744	0.158615	0.572986	1.06546	1.76668	1.83306	1.41875	1.12262	1.41858	1.37483	1.4412	2.39209	3.06507	1.65279	1.75705	1.77113	2.95121	1.82088	1.74735	1.09489	1.12552	0.462368	1.07663	0.366563	0.199589	0.290313	0.507108	0.79876	0.236228	0.607134	0.342604
ihec.chipseq.ihec-chipseq-containerv1.1.4.IHECRE00003693.3.61ce3aed-9b5d-4553-b99d-12b70cc1e329.fc.signal	5.87676	6.38845	1.17885	0.371988	0.349894	0.080473	0.13913	0.0862799	0.181364	0.844583	2.00139	2.64811	1.67722	1.37457	1.66812	1.5079	1.22873	1.43659	1.80151	1.66091	1.18493	0.292328	0.901246	0.698259	1.05589	0.595375	0.108464	0.313935	0.129928	0.242585	0.0801014	0.0894715	0.261829	0.12213	0.243585	0.346627	0.54343
ihec.chipseq.ihec-chipseq-containerv1.1.4.IHECRE00001030.7.d84c3371-0f00-45de-b4ba-d5df55fdd3fa.fc.signal	0.69155	0.786746	0	0.622976	2.46981	0.996023	1.28788	2.66347	2.9573	1.79487	3.6358	2.18988	0.428166	0.947486	0.650872	7.33966	3.73474	1.07041	2.84049	1.76987	1.64225	0.480247	2.8068	3.77077	3.88083	2.81064	3.43642	3.29643	2.43921	0.610127	4.13486	2.49212	1.24235	0.996278	1.41421	2.58119	0.626812
ihec.chipseq.ihec-chipseq-containerv1.1.4.IHECRE00003682.3.262baf8f-18ec-4df6-b43b-235702f654d5.fc.signal	3.43545	1.837	0.941691	0.70397	0.121094	0.0131187	0.270448	0.167514	0.725589	1.75302	3.22825	3.37918	3.40919	3.05999	2.31217	2.15616	1.27357	2.4744	2.24559	2.49	2.03478	0.516785	1.7104	2.34178	1.7092	0.731943	0.589706	0.701635	0.532513	0.442	0.238578	0.471325	0.289773	0.46803	0.302091	0.207652	0.242424
ihec.chipseq.ihec-chipseq-containerv1.1.4.IHECRE00000987.6.5cfbaa8b-8208-4e04-b7a6-61e4e70766cd.fc.signal	2.55806	1.78513	0.465241	0.38421	0.631027	0.234397	0	0.642247	0.811012	2.18457	8.22261	4.7348	0.300028	1.55685	2.57491	3.50656	2.68618	3.6019	4.75323	4.43859	1.22417	0.683452	1.97333	1.68202	1.06422	0.849113	3.26804	3.63779	1.03293	0.982915	2.22676	3.20654	0.871954	0.653755	0.5438	1.23134	0.328605
ihec.chipseq.ihec-chipseq-containerv1.1.4.IHECRE00004635.3.eb7c4ac6-0e90-4c4c-9088-810681c2c896.fc.signal	2.03386	1.25845	0.648511	0.551884	0.519331	0.304918	0.45676	0.618399	0.382979	0.547159	1.78004	1.91921	1.63944	1.23018	1.4812	1.42794	1.83902	1.09204	1.31688	1.4185	1.02939	0.692302	0.815571	0.822792	0.755379	0.515815	0.405633	0.828878	0.876017	0.305978	0.275899	0.492098	0.512001	0.372977	0.66465	0.672758	0.201416
ihec.chipseq.ihec-chipseq-containerv1.1.4.IHECRE00003694.3.791a1a19-8cb6-4f2d-b5f0-f97ea2658756.fc.signal	3.76974	4.29197	1.44227	0.242324	0.318387	0.278593	0.108024	0.848915	0.507388	0.433764	0.745645	0.945391	0.358989	0.950136	1.28499	0.637882	0.958775	0.818083	1.75509	1.44965	1.22141	0.474345	0.741733	0.484174	0.540465	0.0735508	0	0.0302461	0.231501	0.0475444	0.327523	0.211688	0.120118	0	0.0649701	0.031869	0.390291
ihec.chipseq.ihec-chipseq-containerv1.1.4.IHECRE00001233.5.4d6f1353-0c69-4685-862a-70e4ba9d694d.fc.signal	0.519225	0.690591	0.331138	0.119081	0.651536	0.540449	0.740506	0.733912	1.24865	1.76804	2.44947	1.49846	3.12794	2.67604	2.5221	3.44211	2.70706	2.20754	3.42667	1.54901	1.59148	0.593801	1.38137	1.5087	2.24392	3.24461	4.01239	2.59945	1.88664	1.29186	2.05901	2.53968	1.88645	1.40334	0.636073	1.19967	0.397985
ihec.chipseq.ihec-chipseq-containerv1.1.4.IHECRE00001018.4.cebe85ed-98d7-40f0-b727-1c2dfca5020a.fc.signal	2.5822	2.49033	0.373206	0.374009	0.923912	0.588407	1.26849	1.95142	1.72103	2.64665	3.08452	2.50112	3.87637	4.80042	3.52615	5.04775	3.66609	3.54175	4.62616	1.98288	2.50209	0.816494	1.98124	2.26125	2.51167	3.69775	4.66436	2.63127	1.72574	0.883706	2.46771	2.61412	3.21187	3.73465	2.60866	4.23982	0.629139
ihec.chipseq.ihec-chipseq-containerv1.1.4.IHECRE00001966.2.a5362628-573c-4f29-aabc-203a1f7daa08.fc.signal	3.69407	3.94479	3.91814	2.06575	2.27996	1.48899	1.37032	2.15455	3.00381	5.09486	6.95894	9.0111	4.48047	3.99146	4.72297	10.5161	6.41514	5.51262	5.26623	3.79083	4.54944	2.56019	2.0806	3.74906	6.30208	3.25978	1.18403	1.46367	0.925097	1.23304	1.72524	2.41809	3.31481	1.01167	1.98218	2.2591	0.334625
ihec.chipseq.ihec-chipseq-containerv1.1.4.IHECRE00000244.3.e3307280-fd43-48ec-bfea-65dc3dbb16cb.fc.signal	1.39614	3.03355	2.32985	1.38586	0.372683	0.556627	1.09341	1.06194	1.14117	1.92548	3.00287	1.90781	1.42527	0.891885	0.57004	0.602507	0.470833	0.528995	0.230069	0.0591449	0.150266	0.0519035	0.174349	0.497809	0.506536	0.528603	0.601366	0.566428	0.461214	0.264937	0.266275	0.408446	0.307918	0.112196	0.147203	0.205362	0.295276
ihec.chipseq.ihec-chipseq-containerv1.1.4.IHECRE00001471.1.0c91e2e5-1304-4ccf-8240-a439ef5e19fb.fc.signal	6.33827	4.91341	0.858184	0.291614	0.121392	0.489062	0.900627	0.463361	0.783871	3.25844	4.19191	4.91669	4.30435	4.57253	4.90282	8.63255	9.54913	9.00004	7.46761	8.3849	10.2799	9.90351	8.92594	4.91357	2.84761	8.06284	12.4248	7.22284	4.08828	1.81872	1.66302	1.90759	0.38218	0.483677	1.15011	1.00565	0.765079
ihec.chipseq.ihec-chipseq-containerv1.1.4.IHECRE00003828.3.fa27d843-786a-4e79-8835-42abca97de87.fc.signal	8.7887	9.27044	2.10844	0.689593	2.21562	1.11874	1.36184	1.36877	0.905616	1.46211	6.20836	3.77878	3.08429	2.89969	1.62256	2.65074	1.96676	1.45938	1.00449	0.602859	0.906601	0.218083	0.495752	0.343105	0.63968	0.119388	0.35873	0.387403	0.260332	0.279956	0.697053	0.270748	0.782323	0.615651	0.415371	0.42994	0.444043
ihec.chipseq.ihec-chipseq-containerv1.1.4.IHECRE00004607.2.69656c3b-1dfd-41af-af20-57e8f19233a1.fc.signal	3.30575	4.8628	1.74921	1.04732	0.619386	0.175208	0.395407	0.242722	0.766334	1.9444	4.06136	3.31945	2.00819	2.79146	2.91657	2.7589	2.59001	3.0279	2.84775	3.24677	6.06465	2.48115	2.8283	3.119	3.45548	2.21841	1.62907	1.39387	1.64786	1.23793	1.0687	0.870829	0.443099	0.765428	0.510503	0.37545	0.232967
ihec.chipseq.ihec-chipseq-containerv1.1.4.IHECRE00001010.4.77bd98ba-d8dd-4231-a3ba-bd69ef2d4205.fc.signal	1.0466	1.65712	0.940361	0.652612	0.489329	0.224873	0.298672	0.782581	1.47302	1.78736	2.37868	2.56995	2.25944	2.59164	2.21532	2.88262	2.14413	1.44857	1.74735	0.877563	1.77735	0.59545	0.657685	1.42366	1.74004	1.8114	1.78538	1.10438	1.05884	0.491716	0.890319	1.0917	1.03643	0.681941	0.39968	0.518278	0.52459
ihec.chipseq.ihec-chipseq-containerv1.1.4.IHECRE00001918.1.9e638be4-fa7a-454b-8210-0976e280183f.fc.signal	1.79809	2.13693	1.56011	0.929811	0.815109	0.649578	0.823016	0.992953	0.886527	4.07793	6.80511	4.45742	2.05734	2.41408	2.00532	1.69624	1.56117	2.7949	3.91979	2.07431	3.53293	2.63399	2.1258	1.55225	2.03875	1.11591	3.71853	4.15172	2.70788	2.61919	3.13378	1.67466	1.46128	3.34982	2.78318	2.04706	0.294118
ihec.chipseq.ihec-chipseq-containerv1.1.4.IHECRE00003835.4.f2b75171-e2d2-4fe1-8ece-a2ab6c448cec.fc.signal	6.78131	6.70488	1.30458	0.399781	1.16725	0.593927	0.293407	0.767465	1.45332	3.12567	6.90424	3.90928	3.45992	3.82396	2.46049	1.62134	2.97838	3.45934	4.49229	2.81099	2.34311	1.42979	2.73869	4.12462	2.91343	4.03004	0.958051	0.611752	0.38055	1.39518	0.810376	0.568257	0.75683	1.24538	1.63335	1.74703	0.133791
ihec.chipseq.ihec-chipseq-containerv1.1.4.IHECRE00004605.1.5720ead7-dd43-4b40-b17e-b9f7cda69ec0.fc.signal	3.3564	1.74583	0.577924	0.604656	0.390842	0.140305	0.165916	0.369683	0.504449	1.10033	1.56132	1.17823	1.6671	2.48679	1.54687	1.23395	2.1478	1.9472	1.99428	1.7495	1.71165	1.08005	2.6929	1.80202	1.75209	1.83041	0.928266	0.553438	1.07244	1.81969	1.6003	1.01232	0.561239	1.1148	0.784026	0.82695	0.203338
ihec.chipseq.ihec-chipseq-containerv1.1.4.IHECRE00004647.3.45100e0d-f7b5-4c54-a935-54545fef7dd3.fc.signal	5.82489	4.69945	3.33958	2.33593	1.34646	0.743183	1.13981	1.50911	1.74418	4.33639	8.76461	8.84737	6.19988	3.99008	4.16699	4.42504	3.97198	3.39005	3.29351	2.63475	3.71755	2.34254	2.74067	4.68569	4.37268	4.60184	4.5508	3.8835	2.42277	2.23263	1.44357	2.25289	1.46232	1.96318	1.73175	2.25283	0.290909
ihec.chipseq.ihec-chipseq-containerv1.1.4.IHECRE00000193.3.ff176449-fe74-4f56-97cc-e3565a6ea39c.fc.signal	8.26035	6.50091	2.7807	0.863161	0.219858	1.12482	1.49304	0.870978	0.749375	5.93703	8.64895	7.56516	5.42592	6.05777	8.11479	7.41533	5.59759	16.118	19.9074	11.3541	7.98521	10.202	5.63538	5.21661	5.34732	6.01942	3.58822	2.52204	1.22148	0.963027	1.19915	2.00076	1.63164	1.2372	1.83282	1.76072	0.904412
ihec.chipseq.ihec-chipseq-containerv1.1.4.IHECRE00000957.7.f00a0f4a-5f50-4465-bbfb-8153fd1dc895.fc.signal	0.62468	1.40092	0.70024	0.395234	0.30942	0.111765	0.41445	0.569232	0.453184	1.01853	1.69253	1.29203	0.268845	1.5223	1.10194	1.01564	0.72678	0.737925	1.3111	0.6559	1.13325	0.66408	1.65706	1.49526	1.31661	1.15655	0.888434	1.51642	1.22886	0.257585	0.863925	0.926517	0.598683	0.797718	1.48865	0.755106	0.0905923
ihec.chipseq.ihec-chipseq-containerv1.1.4.IHECRE00000983.7.61f2a6e9-d3c5-47bf-9c61-e6f61f7fd807.fc.signal	1.39218	2.65467	1.18714	0.0584384	0	0	0.0988652	0.513718	0.252716	2.52133	4.11995	2.69724	0.247665	2.80978	2.21163	0.807844	1.18395	2.18811	2.08994	3.317	1.7497	2.09139	1.32091	2.11202	1.05355	1.54009	2.49184	1.64156	0.977194	1.14903	0.700798	2.1872	0.268506	0.609489	0.858963	0.986786	0.262735
ihec.chipseq.ihec-chipseq-containerv1.1.4.IHECRE00000195.3.986cff92-5d42-4625-83db-98aad85f151e.fc.signal	4.09999	1.30582	0.305237	0.157703	0.0972926	0.605632	0.552709	0.125263	1.52378	2.35658	3.33222	4.53926	2.64685	5.14585	7.0263	7.62642	6.83737	8.00642	6.3031	6.64088	9.62146	7.97476	10.3788	7.70822	5.20652	11.8197	13.6722	9.3802	4.65617	3.01574	1.38169	1.03875	1.4181	1.23804	0.982696	0.823792	0.553114
ihec.chipseq.ihec-chipseq-containerv1.1.4.IHECRE00004610.2.ea8a1015-0f82-48f9-9c20-42da2550bfd3.fc.signal	4.25541	3.80812	0.673523	0.155985	0.111407	0.02599	0.230584	0.593822	0.71344	1.52915	2.46103	2.89617	3.26632	3.51076	2.6231	1.73806	1.32025	1.45112	1.95529	2.31006	2.4662	1.67043	3.92772	4.20092	3.48784	2.40594	2.51866	1.49044	1.58163	1.50385	1.69838	1.46584	1.59936	1.23789	0.996901	1.05653	0.155266
ihec.chipseq.ihec-chipseq-containerv1.1.4.IHECRE00003814.1.11a61f63-d38d-4a9b-820e-fb836fb9105a.fc.signal	3.95514	2.73943	1.29254	0.791022	0.87296	0.616266	0.655736	1.16739	1.49064	3.09181	3.5303	2.44769	2.32564	1.63365	1.77401	1.76786	2.00806	0.827154	1.29548	1.91697	0.731487	0.457899	0.893034	0.658938	0.847519	0.780522	1.32489	1.68956	0.75496	0.32888	1.41667	1.45538	0.674061	0.732936	0.89016	0.764172	0.456989
ihec.chipseq.ihec-chipseq-containerv1.1.4.IHECRE00001006.4.f30cfd28-f0bb-4e61-a8ad-120bd3fb3681.fc.signal	1.69863	1.94274	1.77259	1.08151	0.583005	0.506901	1.15831	2.09435	2.76782	3.79411	4.97789	3.93628	3.91729	2.99644	4.10445	5.52866	3.79026	2.37228	3.51007	1.77578	1.78184	0.775264	1.54883	1.95611	2.43456	2.67054	3.03283	1.91766	1.54181	1.12169	1.77981	1.59659	1.49864	1.36909	1.36658	1.31793	0.44186
ihec.chipseq.ihec-chipseq-containerv1.1.4.IHECRE00000303.2.6ad801c5-71a9-474a-9628-4aa448792462.fc.signal	3.98982	4.92869	1.46411	0.859046	1.63152	1.51001	1.04112	0.475355	1.83394	3.51583	7.16384	6.07199	2.40206	4.58105	4.75305	5.89724	0.86996	0.31889	1.92713	2.31927	1.88668	0.741553	0.401834	0.203862	0.712429	3.65429	3.39734	1.46805	0.431774	0	0.828017	0.871227	0.677762	3.33356	2.74061	1.78829	0.672823
ihec.chipseq.ihec-chipseq-containerv1.1.4.IHECRE00001020.4.c512952b-84f9-420c-aa6f-798ebaf5413d.fc.signal	2.43389	2.31824	1.09633	0.906303	0.681439	0.423192	0.368099	0.741807	1.33344	1.84015	3.74445	4.20896	4.82235	3.33919	2.39008	4.9021	3.82813	2.70147	4.02464	1.81595	2.67972	1.17672	1.80939	2.23435	2.20464	2.88279	3.53667	2.13849	1.64417	1.13957	2.17999	2.63407	1.39283	0.610499	1.09497	1.32215	0.483755
ihec.chipseq.ihec-chipseq-containerv1.1.4.IHECRE00001016.4.fc2ea977-cbc8-4d3a-ab74-ef1a08c9be39.fc.signal	2.20157	2.45544	1.44682	1.26351	0.910282	0.266674	1.10594	0.66682	1.64476	3.33962	3.56203	3.75505	2.39227	2.45055	4.59321	4.3759	3.61046	4.68158	4.73128	1.31508	2.56292	0.964577	1.56383	2.03351	1.90315	1.71654	2.90764	2.78173	2.35305	1.11458	2.94551	2.04641	1.69449	1.79371	1.14635	0.963212	0.368159
ihec.chipseq.ihec-chipseq-containerv1.1.4.IHECRE00003396.1.d3bf1929-bb76-4033-8d58-57bb7c239aaf.fc.signal	0.233399	2.49188	0.100022	0.5222	0.248981	0	0	0.374799	0	1.14877	1.48488	0.261609	0.0333405	1.47532	0.158368	0.72428	0	0.316735	1.55095	0.73036	1.0967	1.60035	2.12076	2.07545	0.675146	1.63906	0	0.339917	2.00633	0.640718	0.721122	1.83712	1.5507	1.17321	0.542505	0	0.433925
ihec.chipseq.ihec-chipseq-containerv1.1.4.IHECRE00003677.3.18735c01-9e7f-4bc3-8ba6-c4181a530efa.fc.signal	3.56482	3.67634	1.86696	1.38907	1.46312	0.666316	0.704772	1.08166	1.63765	1.67837	2.69717	2.38997	2.62906	3.4839	2.5295	2.18397	1.73735	1.02564	2.80086	2.38788	2.96436	0.998547	1.93852	1.95672	1.33465	0.636437	0.389788	0.271239	0.420172	0.313773	0.298944	0.386329	0.163309	0.265975	0.412586	0.259887	0.318943
ihec.chipseq.ihec-chipseq-containerv1.1.4.IHECRE00000236.3.81777bd7-a811-47be-9ebc-c73408291448.fc.signal	1.04802	0.884353	0.845881	0.545951	0.306782	0.15492	0.212124	0.391274	0.458123	1.28688	2.72695	3.37536	3.42133	2.62461	1.55264	1.10362	1.20396	1.35095	1.12068	0.706565	0.870284	0.870718	0.564113	0.744685	1.4703	1.69944	1.28532	0.865405	0.654067	0.391553	0.523519	0.662838	0.622849	0.462111	0.319794	0.248906	0.302703
ihec.chipseq.ihec-chipseq-containerv1.1.4.IHECRE00001378.1.8de637e5-a5d6-4185-adf0-6cd26a8c9528.fc.signal	8.09266	6.74721	2.79273	1.19902	0	0.522615	0.728016	1.3728	3.72916	8.46502	9.67719	3.71323	2.72073	5.39677	8.93418	7.78484	5.92488	7.66817	6.33253	5.65124	6.2602	2.91746	5.96927	9.12533	9.67281	10.8094	10.4637	8.26897	3.78771	2.55928	5.05394	4.91182	4.19923	4.53258	2.99963	3.42169	0.534483
ihec.chipseq.ihec-chipseq-containerv1.1.4.IHECRE00001019.4.3cb80d46-685f-499c-92a6-1e52fde53ed9.fc.signal	1.04673	1.5538	0.834283	0.961475	1.08235	0.404873	1.18357	2.79001	3.76602	3.7186	3.6299	2.60258	2.91412	2.33839	1.95545	2.73086	2.46299	1.20063	2.51493	2.52413	3.39576	0.695515	0.34317	1.83285	1.92549	1.58119	2.59659	2.87137	2.31757	0.57247	1.51834	2.46512	2.20383	1.09873	0.871477	0.79689	0.389365
ihec.chipseq.ihec-chipseq-containerv1.1.4.IHECRE00002058.1.68c7e067-2bf1-45f2-8e15-c75a696edb6c.fc.signal	3.61852	3.02814	1.66521	0.736474	0.227323	0.153943	0.0241332	0.292648	0.345563	3.35599	5.63401	3.43902	3.72838	2.78751	3.57862	4.18884	2.29174	2.87652	1.52427	2.46531	1.71851	1.21043	1.77207	1.93262	2.04144	2.43028	4.51965	4.13517	1.53606	0.73069	0.567993	0.778556	1.13075	1.26284	0.857201	0.752986	0.410072
ihec.chipseq.ihec-chipseq-containerv1.1.4.IHECRE00000250.2.49953b3d-9030-4a88-85fe-119abc3077c8.fc.signal	3.46648	2.76471	0.916922	1.08088	1.19847	1.04847	0.75019	0.507529	0.737221	0.709413	2.73139	1.75225	1.03547	2.26725	3.21116	3.08607	5.09761	5.16987	4.90033	1.40089	1.49462	2.24688	3.91028	5.25877	3.76024	4.48819	2.60066	1.89121	1.51563	1.11862	1.0633	1.03253	2.25118	0.808254	1.45309	1.53619	0.758152
ihec.chipseq.ihec-chipseq-containerv1.1.4.IHECRE00003683.3.52ed6dfc-f444-41dd-94ff-8e67dd11315f.fc.signal	6.84805	6.8291	1.68254	0.967501	0.431435	0	0	0.127276	0.241984	2.06767	3.26935	2.64432	2.316	1.58256	1.49102	1.49838	1.52891	1.66673	1.36788	1.49944	0.491898	0.254623	1.09538	0.730972	1.40405	0.661643	0.995516	0.528394	0.416275	1.04487	1.03924	0.751237	0.562929	0.243848	0.524698	0.161328	0.388262
ihec.chipseq.ihec-chipseq-containerv1.1.4.IHECRE00004713.2.e0c0800b-3b56-4a12-9e86-6c2b014acbe6.fc.signal	1.60151	1.31134	0.243774	0.03563	0.332209	0	0.567782	0.514862	0.407043	1.94746	2.21618	2.52724	2.87348	2.35542	2.42625	3.17433	1.56263	3.89433	2.59711	1.79552	2.47268	1.31187	2.81292	3.55655	1.66557	2.17466	1.28395	1.18268	2.49895	0.771806	1.0716	2.27813	0.909169	1.48435	1.03905	1.54466	0.402685
ihec.chipseq.ihec-chipseq-containerv1.1.4.IHECRE00000224.3.e5c74e2f-fdd7-452c-ab9b-6ee0ab9d0cdc.fc.signal	0.838656	1.424	1.16667	0.738747	0.335176	0.262758	0.804239	0.915403	1.74837	3.98123	3.97126	3.09184	3.30092	3.19117	3.02708	2.75035	2.05724	3.26974	2.48732	1.56887	1.96197	1.36899	1.46384	2.55368	2.84359	3.75068	3.43941	2.97256	1.57332	0.723449	1.08307	1.10009	0.51691	0.527238	0.694116	0.665844	0.327083
ihec.chipseq.ihec-chipseq-containerv1.1.4.IHECRE00001887.4.e03cd402-356e-42a8-a5d3-47467ef89fb6.fc.signal	1.05626	2.40215	3.10113	3.02322	2.48886	2.0196	4.74767	12.434	13.2803	14.4286	6.69847	6.25375	9.11193	6.22501	9.66342	17.3389	9.02003	7.16777	3.77198	2.09544	4.00275	3.48528	5.49872	3.79724	4.54845	21.0529	26.2963	20.1036	8.88365	4.05125	7.02385	6.47506	10.5546	16.0988	8.37476	4.76578	0.445274
ihec.chipseq.ihec-chipseq-containerv1.1.4.IHECRE00001955.3.20a7277a-189d-447e-b862-19ad112ed91b.fc.signal	3.21653	3.64276	3.01565	1.43322	0.670042	1.20564	1.59606	1.51825	1.92763	4.33023	5.28806	4.18143	3.67317	3.66639	4.70717	5.62711	4.21126	4.84375	4.1591	2.06092	1.86965	0.692808	1.51246	1.9822	1.80146	1.18215	1.49474	1.26959	0.892028	0.59191	0.837556	1.26386	1.20497	1.15065	0.585973	0.490564	0.346693
ihec.chipseq.ihec-chipseq-containerv1.1.4.IHECRE00000230.3.c59c5d40-3fa1-4268-aee6-d3649316b884.fc.signal	0.569684	0.6038	0.359873	0.16252	0.170879	0.167425	0.370895	0.544499	0.3806	1.11096	2.66063	3.4852	2.82153	1.69297	0.856346	0.81333	0.973459	1.02668	0.969927	0.902536	0.899349	0.88792	0.859511	1.42511	1.43062	1.29752	1.11948	0.960371	1.25672	1.21888	1.40115	1.12249	0.423167	0.326426	0.525244	0.640093	0.563758
ihec.chipseq.ihec-chipseq-containerv1.1.4.IHECRE00001958.3.15c43137-8b62-45aa-904f-5b9257a45d2c.fc.signal	4.42872	4.56853	2.96477	1.49153	0.928623	1.03624	1.41435	2.29687	3.41726	6.06124	6.49349	6.48136	5.29619	4.43926	4.10823	4.98404	3.56502	2.47946	2.87863	2.40869	2.47673	1.40998	2.31495	2.5245	1.63968	1.37149	1.35428	1.02669	0.900681	0.883153	0.807425	0.73593	0.56156	0.426834	0.510833	0.505505	0.238876
ihec.chipseq.ihec-chipseq-containerv1.1.4.IHECRE00001916.1.e7613ff6-6db0-405e-a3e1-4d00a7bd21ef.fc.signal	2.37134	6.10791	3.68977	1.76949	0.629522	0.737951	2.40088	1.52835	1.30132	5.7264	8.31055	3.42791	6.73941	3.29108	3.37133	3.8804	1.98731	2.01816	1.97319	0.823188	4.98743	2.94792	0.966171	2.03834	2.72499	1.40616	1.14973	2.41488	2.55771	1.12937	1.56055	1.40089	1.54935	1.90993	3.35864	2.01192	0.349481
ihec.chipseq.ihec-chipseq-containerv1.1.4.IHECRE00000240.3.d690d3e6-ed87-46ee-9d2a-0a5b66f16245.fc.signal	0.919531	1.44433	1.4287	0.916475	0.584014	0.550336	0.582593	0.834095	1.37383	2.58606	2.1189	1.5114	1.81343	1.82949	1.48132	2.0611	2.34352	1.75145	0.875223	0.732567	1.05089	1.3142	0.798624	0.522497	0.318635	0.857616	1.14622	0.528458	0.355785	0.480316	0.531573	0.433717	0.394427	0.51809	0.284787	0.2927	0.108136
ihec.chipseq.ihec-chipseq-containerv1.1.4.IHECRE00001921.1.6ac99a85-2fe0-4cc8-86a0-6bf7b17d53bb.fc.signal	4.26759	3.52093	3.11835	3.27422	1.72548	0.627076	0.678495	1.59262	2.77719	5.80158	8.48417	6.59654	3.87122	2.46055	2.05064	2.9981	2.01573	0.957822	1.47781	1.01818	0.535164	0.782282	0.621184	0.662608	0.884333	0.709631	0.903376	0.433538	0.146883	0.541175	1.08171	0.823866	0.574421	0.910065	0.728792	0.546937	0.232227
ihec.chipseq.ihec-chipseq-containerv1.1.4.IHECRE00001915.1.adee2f46-da34-4846-89ca-6d9625aefc9b.fc.signal	2.38835	2.09527	0.978881	0.477205	0.172239	0	0	0.0876713	0.418867	1.08117	2.76131	1.87298	1.70999	1.80058	1.92924	1.31849	0.714635	0.963785	1.32743	1.05339	1.67588	1.17565	1.39753	1.02581	1.3592	0.597295	0.192499	0.249255	0.374379	0.486934	0.434557	0.595532	0.85213	0.956258	0.414779	0.292367	0.230216
ihec.chipseq.ihec-chipseq-containerv1.1.4.IHECRE00003676.3.2bdb0d55-cf7c-42db-b5e9-1e7fc8464aa8.fc.signal	3.58842	3.06478	0.409841	0.449954	0.837914	0.458652	0.442209	0.585392	0.837951	0.667634	2.10162	2.52156	2.77797	3.71423	1.34192	1.3323	1.54364	1.66619	2.51344	3.2471	2.50343	1.32647	2.57559	1.99445	1.02432	0.989871	1.23472	1.52391	1.24993	0.971729	1.10426	1.285	0.61993	0.718572	0.668795	0.85464	0.370797
ihec.chipseq.ihec-chipseq-containerv1.1.4.IHECRE00003838.5.81062b7a-f969-4fb2-ad00-2580d77ec836.fc.signal	1.52415	1.85208	0.283163	0.182562	1.01481	0.0347772	0.0794828	0.567677	0.631009	1.26955	2.19367	1.22478	2.03962	2.89302	1.85332	1.47569	1.83221	1.58749	2.77501	1.87568	2.27813	0.81858	2.23646	3.8971	3.09921	1.95512	2.07691	0.996189	1.23347	1.78747	0.901809	0.26211	0	0.37885	1.01359	0.824492	0.386473
ihec.chipseq.ihec-chipseq-containerv1.1.4.IHECRE00001914.1.efe1ef25-e6b3-4cdb-b8c5-2c894fd1d880.fc.signal	6.01597	7.05526	2.92685	0.843813	1.34147	1.77224	1.61686	1.68769	1.90205	6.07599	12.1579	11.7428	5.71996	5.98481	4.15872	3.79162	2.56886	2.88874	3.65465	2.50591	4.3136	2.01417	2.28082	2.42727	1.95518	1.97679	1.75848	1.26673	1.84607	0.843779	1.47171	1.4348	1.55172	3.53249	3.26283	2.37951	0.280172
ihec.chipseq.ihec-chipseq-containerv1.1.4.IHECRE00003810.1.76180591-3bc4-4c81-ab95-3508a7e6f4b6.fc.signal	7.90914	3.96895	1.34295	0.739049	0.607224	0.418095	0.278497	0.986909	2.33941	6.97288	10.3304	8.85791	5.45001	5.16413	4.34642	2.56396	1.43528	1.43972	1.97006	1.8888	1.73147	1.95009	1.37692	1.29938	1.46557	1.3016	1.52614	0.791142	0.279969	0.499944	0.404757	0.822918	0.983934	0.88105	0.406253	0.695275	0.269939
ihec.chipseq.ihec-chipseq-containerv1.1.4.IHECRE00000864.3.bc3e1eea-ba58-4048-a6a7-fa645ef42e40.fc.signal	2.87451	3.25879	1.741	0.0837075	0	0	0	0.584092	0.383194	1.16069	8.63443	9.63141	5.45743	6.6776	4.44929	2.28788	4.91054	3.99548	2.99099	2.98727	2.73432	2.35483	2.41436	2.68958	1.58849	3.37413	2.61517	1.94256	0.813379	0.461321	3.02603	2.42546	4.13679	1.94191	0.77755	0.55805	0.0420168
ihec.chipseq.ihec-chipseq-containerv1.1.4.IHECRE00001236.5.d51198c1-7a73-4d86-97a2-4552cc10d322.fc.signal	1.29689	1.78013	1.05113	0.992032	1.56756	0.18497	1.10158	0.870678	2.27209	3.87138	5.29345	1.93766	2.12544	1.16689	1.50571	2.05789	1.15533	0.629098	2.03439	0.717897	2.40171	0.8474	1.01153	0.253894	1.19693	2.6933	2.28102	1.86762	1.87795	0.507603	0.82534	1.9598	1.23017	1.60251	1.06256	0.718055	0.374429
ihec.chipseq.ihec-chipseq-containerv1.1.4.IHECRE00001234.5.5cbe5650-3de6-4514-ab14-1c0f737014e5.fc.signal	1.1021	2.01637	0.752134	1.05115	0.960395	0.629355	0.657069	0.934251	1.51128	2.18239	3.5394	3.00604	4.00185	2.99694	2.50555	2.54688	3.4483	2.82446	3.65438	1.07177	3.52289	0.555813	0.897494	2.50181	2.60372	3.44065	3.76241	2.83384	2.7581	1.45703	1.8636	2.71024	2.2253	2.73914	1.86708	1.21009	0.581006
ihec.chipseq.ihec-chipseq-containerv1.1.4.IHECRE00001232.5.1e064882-e572-482d-b86a-86e4adf3de86.fc.signal	0.573102	1.28327	0.345035	0.178455	0.728467	0.419441	0.365658	0.548333	0.577637	1.40819	3.98212	2.80864	6.01574	3.29229	3.58829	5.15068	3.07181	2.75704	4.04144	1.79131	2.77045	0.519528	2.53602	2.19277	2.07761	2.10572	1.79437	1.917	1.57467	0.92639	1.41682	1.38238	1.30645	0.556059	1.17663	0.920942	0.437309
ihec.chipseq.ihec-chipseq-containerv1.1.4.IHECRE00000055.3.18017a46-582b-4ce3-bfb4-e75efa17aec2.fc.signal	6.27458	1.58223	0.260822	0	0	1.3699	0.042328	0	0	0.0265675	1.34823	2.21158	0.345354	2.11735	2.4044	2.8522	4.61892	5.09329	7.67553	9.67509	5.10067	3.32888	6.51924	5.52573	3.22775	9.77628	13.3162	7.92598	2.05978	3.0843	3.44029	5.3464	0.551253	0.987733	2.42672	1.02118	0.923077
ihec.chipseq.ihec-chipseq-containerv1.1.4.IHECRE00003832.2.6f165533-6331-40e2-865d-21b081721374.fc.signal	5.0695	4.48078	1.61391	0.299161	0.0360059	0.0360059	0.488612	1.24583	1.67491	2.85449	5.22594	3.57704	3.17626	4.40004	2.7064	2.4982	3.15705	2.56363	2.33991	2.10478	2.49363	0.480574	1.6956	2.7417	2.03609	1.60015	2.27745	2.77561	1.35002	1.91936	2.09551	1.52943	1.55946	1.48739	1.65087	1.79851	0.437653
ihec.chipseq.ihec-chipseq-containerv1.1.4.IHECRE00000283.2.f7e01a70-1428-4cfb-8ac8-7c88a324d087.fc.signal	10.4397	11.2849	6.37893	4.1343	1.80803	1.70999	2.17053	5.08045	12.6353	16.9972	13.6445	11.3949	6.19199	4.30659	4.67733	4.08956	4.05113	4.24622	2.38039	1.57067	1.08908	1.60334	1.53272	0.834173	0.664644	0.635244	0.868078	0.819564	0.715336	0.801671	0.851734	0.718493	0.297825	0.552344	0.886113	0.873164	0.663342
ihec.chipseq.ihec-chipseq-containerv1.1.4.IHECRE00001892.4.d37ba2fd-c103-41c2-a854-82a474c3bdc9.fc.signal	6.21298	4.66698	4.53933	2.4642	1.33923	1.12494	0.314379	0.903772	1.25419	2.85223	4.81634	3.32417	2.70867	4.92346	4.79332	3.81534	2.20379	2.67997	2.9177	2.37739	1.87309	0.933292	2.09253	1.66716	2.22929	4.20988	3.6422	2.55927	1.68856	1.34154	1.80467	1.78111	1.46717	3.01208	1.67006	1.3385	0.363017
ihec.chipseq.ihec-chipseq-containerv1.1.4.IHECRE00000953.7.9058c411-f9a4-4cfd-ba9b-a2ef43a20de8.fc.signal	1.95167	0.86244	0.358326	0.519118	0.576796	0.514309	1.00696	1.60411	3.06757	1.89383	2.63744	1.47684	0.144731	0.249902	0.395791	0.364032	1.06847	0.723731	3.77153	0.216996	0.949861	0.765436	0.760801	2.25056	4.06479	3.93215	4.52358	2.63456	3.27673	0.707447	3.25369	4.12048	2.20325	1.02411	1.60282	0.627343	0.603093
ihec.chipseq.ihec-chipseq-containerv1.1.4.IHECRE00000226.3.8a2cf769-e5bf-4eeb-86dc-fc2df72a9c44.fc.signal	1.15024	3.00355	3.09379	2.53466	1.4072	0.796949	0.734815	2.0449	4.61411	5.52398	4.57782	3.43905	2.32037	1.48292	1.84675	2.08248	1.36781	1.46455	1.29531	0.999778	0.925279	0.772462	0.690179	0.905283	1.05733	0.762383	0.680043	0.918953	0.916558	1.09879	0.942668	0.704626	1.15606	1.16059	0.811623	0.653242	0.231343
ihec.chipseq.ihec-chipseq-containerv1.1.4.IHECRE00004681.3.f99ccc6c-1833-4f7b-8eed-cf0ddf179253.fc.signal	2.48749	1.83682	0.730377	0.649372	0.816493	0.223808	0.206599	0.277774	0.0672655	0.82474	1.88097	1.93646	1.97086	1.46242	2.06289	3.24192	2.19465	2.59134	2.21505	2.07176	1.66184	1.02349	1.6905	1.38666	1.48528	1.93409	1.39717	1.43555	1.11053	0.683518	0.603647	0.681238	0.713223	0.59702	0.453436	0.781522	0.153846
ihec.chipseq.ihec-chipseq-containerv1.1.4.IHECRE00003816.1.c02216f5-387b-4ad0-b451-f30307b31d6f.fc.signal	8.94684	8.42913	4.99116	3.20983	2.14071	0.893731	1.04472	2.18255	4.43975	7.95641	11.4807	11.4897	7.98465	6.11147	6.07978	6.26628	4.88844	3.32141	3.0614	2.36105	2.20502	1.976	2.21967	1.91562	1.81198	3.32697	2.66913	1.69609	1.2297	0.691157	0.665068	0.97099	1.18996	1.48164	2.07376	2.13573	0.233618
ihec.chipseq.ihec-chipseq-containerv1.1.4.IHECRE00003401.1.b5568014-372c-40aa-9405-3d27c34b9363.fc.signal	0	0.170403	1.10448	0.880334	0.107264	0.913067	2.9897	1.3549	0.633235	2.38586	3.90256	0.848679	0	0	0	0.701594	0.89099	1.17285	0.428052	0.103067	0	0.279818	1.3947	1.2534	2.49216	1.398	0.788446	1.21923	2.46767	0.510347	2.09715	2.0227	2.2119	1.33817	1.47547	2.48399	0.248175
ihec.chipseq.ihec-chipseq-containerv1.1.4.IHECRE00003811.1.5a443ccb-e57e-49b1-b0d8-1190f415a4ba.fc.signal	4.88747	4.03519	2.46205	1.53018	0.678936	0.659908	0.844749	1.17417	4.48603	10.2996	12.7699	10.252	6.71958	4.7435	3.4161	2.91977	1.83116	1.60152	1.97813	2.76627	3.55881	3.00616	1.79179	1.00876	0.600525	0.958668	1.62488	1.31449	0.667287	1.49968	0.729969	0.767623	1.01393	0.904843	0.9204	1.33802	0.486486
ihec.chipseq.ihec-chipseq-containerv1.1.4.IHECRE00003826.4.829b60f6-fc9d-4134-bce9-259337c2a36b.fc.signal	5.3322	6.034	2.06326	1.63783	0.812799	0.336545	0.250619	1.04985	1.27757	2.23999	3.29846	2.74558	2.20136	2.04086	2.81443	2.2035	1.8544	2.05585	3.98589	3.45451	3.04989	1.47661	3.26978	4.44406	4.819	2.7286	1.9243	2.29687	1.27034	1.01115	0.573873	0.67024	1.21309	1.17201	1.81178	1.61129	0.103774
ihec.chipseq.ihec-chipseq-containerv1.1.4.IHECRE00001997.1.7a7e31ec-6ff6-498c-99aa-3347eef341d7.fc.signal	5.59889	6.91847	2.81914	1.0597	0.465178	0	0	0.107259	0.215857	1.34188	4.94924	4.6169	2.5287	3.60581	3.93789	3.29772	4.61276	3.69048	5.02702	3.45053	3.78298	3.22276	2.19454	3.8133	3.94117	2.3419	1.45716	1.14081	1.35211	0.558518	0.317741	0.443719	0.277058	0.403025	0.47236	0.491376	0.582524
ihec.chipseq.ihec-chipseq-containerv1.1.4.IHECRE00000318.2.630bb3ae-2002-42b3-97d8-83059d35c603.fc.signal	5.93744	6.51186	3.85985	0.778798	0.476119	0.012041	0.0662243	0.303793	0.557225	1.48457	4.13798	3.50392	1.89638	3.85109	7.64093	7.48744	4.44116	3.00463	7.30196	5.3326	6.96022	5.78384	8.98593	7.20466	1.39436	7.72846	14.3191	7.68471	5.78649	3.0703	1.06767	1.36326	1.26904	1.48135	1.78009	1.1671	0.903226
ihec.chipseq.ihec-chipseq-containerv1.1.4.IHECRE00000347.2.20341426-0dad-4fe2-a9b9-a8953cd0eff5.fc.signal	12.4048	9.39172	4.93148	1.83912	2.09226	0.879018	1.76245	6.18787	8.81099	25.5831	24.5157	12.7997	2.02265	6.18558	4.13269	2.33345	1.4126	1.01049	1.93869	1.23047	0.68535	0.217175	1.17328	1.73362	1.53883	2.77529	0.877434	0.88098	1.03101	0.740614	0.653047	0.183775	0.843351	0.651808	0.900929	1.67559	0.492424
ihec.chipseq.ihec-chipseq-containerv1.1.4.IHECRE00004603.3.33f77abf-b8ba-4cf9-9bf5-2a20b352f908.fc.signal	2.09382	3.29832	2.06469	1.3524	0.649447	0.157263	0.0504737	0.471949	0.409488	0.378468	0.952929	2.33651	2.32547	3.37666	1.33668	2.37723	1.5957	1.92841	4.67929	2.5791	6.14932	1.64074	3.92919	4.58701	4.52788	3.86156	4.50571	2.81029	2.58782	2.04237	1.26983	0.743909	0.365787	1.04085	2.69463	0.777286	0.294444
ihec.chipseq.ihec-chipseq-containerv1.1.4.IHECRE00000332.2.5497448a-601c-483d-a9cd-9eaf651148a5.fc.signal	12.4931	7.29063	3.31488	2.25629	1.59932	3.49153	3.63021	8.56811	18.2973	24.631	26.4286	13.1534	3.25704	4.7608	4.07326	4.01683	1.72457	1.41733	2.33556	1.59236	1.23558	1.09567	1.19074	0.434726	1.0046	0.897142	0.856743	1.35896	0.934504	0.64383	0.284034	1.21618	0.710813	0.861485	0.892206	0.933371	0.79925
ihec.chipseq.ihec-chipseq-containerv1.1.4.IHECRE00000339.2.c79ef9dc-bc24-469b-b3af-895d28f16479.fc.signal	1.98926	1.83153	0.615024	0.619094	0.724163	0.327458	1.22249	1.50332	2.35659	3.43045	3.68719	1.81566	0.413991	0.746917	0.820687	0.453557	0.832596	1.78263	2.50023	2.43689	1.79548	1.16035	0.621865	1.03043	1.29902	1.28691	0.819082	1.17399	0.758338	0.833325	0.364508	0	0.0880239	0.838539	2.15491	2.60589	0.468421
ihec.chipseq.ihec-chipseq-containerv1.1.4.IHECRE00001964.2.d1780581-c5b9-4ce5-a302-4e6523b46a10.fc.signal	1.91086	1.65078	1.50916	0.426832	0.932425	0.445887	0.329016	0.557676	1.34909	1.74291	4.33456	3.19941	2.8622	2.90255	1.64827	2.16608	0.772289	1.30499	1.73877	1.6663	1.0589	0.720287	1.27609	1.24493	0.635167	1.58538	2.58009	1.72892	2.0734	1.52462	0.809886	1.56937	2.13924	0.384911	1.36561	1.76259	0.251282
ihec.chipseq.ihec-chipseq-containerv1.1.4.IHECRE00003695.3.b45ed777-a5dc-4527-b410-7a0e01173bd4.fc.signal	4.12478	3.83275	1.05087	0.0366017	0	0	0.0346339	0.428988	0.635849	1.14294	2.92361	1.58064	1.07838	1.08861	1.34602	1.23504	1.01619	2.13639	3.21201	2.05219	1.3712	0.600584	1.06266	1.37139	0.367842	0.20945	0.125941	0.228269	0	0	0.103902	0.132238	0	0	0.0290851	0.219575	0.463768
ihec.chipseq.ihec-chipseq-containerv1.1.4.IHECRE00003689.3.80691124-aaea-4c56-9e41-73916520079d.fc.signal	1.2104	2.00885	1.01018	1.09478	1.12578	0.358609	1.23976	2.33317	4.77699	5.5688	5.25453	1.99605	2.98751	3.29041	1.56045	2.4156	1.44923	0.489623	1.61091	0.484779	0.971696	0.17041	0.315705	0.759098	1.70044	2.80784	2.23976	1.34667	1.0976	0.623025	1.32492	1.71104	1.47296	1.33621	1.45521	1.26275	0.488636
ihec.chipseq.ihec-chipseq-containerv1.1.4.IHECRE00000309.2.cdd4dbab-a7be-4e63-802a-52bf3df97547.fc.signal	8.89121	5.48609	3.45757	0.414908	0	4.19524	5.95864	7.41087	10.5573	19.1322	18.1526	16.2855	10.1309	7.87188	11.122	9.52003	9.33561	13.9342	13.5194	3.83793	2.90441	6.90374	14.718	27.4651	20.619	26.716	20.7112	7.01896	0.772199	4.06843	4.85218	3.23862	6.50035	4.70235	1.22172	1.72885	0.663636
ihec.chipseq.ihec-chipseq-containerv1.1.4.IHECRE00003842.2.75b7a040-8636-4619-af5d-92f89f5792fa.fc.signal	8.4576	6.69786	1.49892	0.531262	0.274788	0.145757	0.286928	1.65242	2.04367	3.09011	4.73448	4.73946	3.061	2.54532	3.48036	2.60637	1.93384	1.28173	1.95601	2.36674	2.53829	1.06049	2.30855	2.10836	1.15509	1.5889	0.97845	0.652933	0.518296	0.636374	0.536682	0.365585	0.942883	1.12759	1.81016	1.63367	0.688623
ihec.chipseq.ihec-chipseq-containerv1.1.4.IHECRE00002065.1.9b5b0cc0-4302-439e-a9d9-d779f62c822e.fc.signal	3.33458	1.65633	2.06005	0.703848	1.18825	0.216844	0	0.293325	0.10016	0.969605	6.49364	4.89255	3.19508	3.66737	3.8212	5.68358	3.10936	1.65651	2.49019	2.35068	3.25816	2.20395	2.99558	3.14862	1.31048	1.41537	1.78896	1.26295	0.896933	2.78718	1.32736	0.89445	0.392357	1.78909	1.38101	1.14044	0.492647
ihec.chipseq.ihec-chipseq-containerv1.1.4.IHECRE00004617.2.4f4a0497-3ec2-413a-b94e-d213b036987a.fc.signal	4.73689	4.02171	1.47284	0.565993	0.434218	0.510161	0.0690499	0.263286	0.674218	1.1076	2.04861	1.00678	0.498124	1.023	1.90143	1.57135	0.963176	1.67583	3.13553	2.39852	2.95072	0.850329	3.17952	3.64223	3.48081	1.70562	1.14624	0.90444	0.874515	0.630719	0.5038	0.517255	0.805211	0.822199	0.911378	0.511525	0.326203
ihec.chipseq.ihec-chipseq-containerv1.1.4.IHECRE00000184.3.3b461c31-8bd0-484a-b2da-6d1ab68c1acb.fc.signal	2.68768	2.06647	0.78761	0.535578	0.542141	0.30412	0.984223	0.744274	0.834401	0.623357	1.56639	5.15145	5.04606	5.13204	5.13713	6.37883	3.232	3.05805	1.37449	2.15354	3.27008	1.22952	1.27535	1.09281	0.821086	1.49559	0.675276	0	1.05747	0.868517	0.857575	1.24423	0.497717	0.242623	0.47669	0	0.696517
ihec.chipseq.ihec-chipseq-containerv1.1.4.IHECRE00001903.1.df6f0905-c0c8-425c-b0f1-0f9ff68f7793.fc.signal	3.49668	2.74843	0.886074	0.388502	0.480974	0.427887	0.729232	0.485542	1.09677	2.73116	4.54058	9.1161	10.3688	11.3439	12.8129	13.992	8.89071	7.72807	13.8556	12.146	12.7844	7.94399	7.35758	5.69292	3.54495	9.0201	11.2875	8.80836	5.58929	3.49488	3.20327	3.51558	2.14258	2.11069	1.90313	2.29288	0.470284
ihec.chipseq.ihec-chipseq-containerv1.1.4.IHECRE00000099.3.299b05eb-8cb0-4190-94cb-01cf599ffae0.fc.signal	3.27997	3.35011	2.84234	1.3967	0.0645116	0	0.120693	1.96127	1.17677	0.986128	2.98423	3.37084	1.93713	3.75731	4.83172	7.87791	2.51719	1.87752	2.68546	1.21137	3.03829	1.46643	0.500877	1.24918	0.422427	0	1.02582	0.873686	0	0	0.842361	0.944624	0.524987	0.249555	0.341405	0.390466	0.787293
ihec.chipseq.ihec-chipseq-containerv1.1.4.IHECRE00000949.6.c2f3aee8-0c03-4973-b136-7021565c707b.fc.signal	1.59325	6.6044	4.21751	0.955402	1.33304	0.7143	0	0.486857	0.195653	1.59236	4.95461	3.91273	0.809822	4.36767	6.47874	2.92086	2.64484	2.5333	6.45889	1.86533	1.74996	1.5078	2.35172	0.379271	2.13628	1.84177	2.35216	3.17387	1.4215	1.06009	0.709723	1.29207	2.01549	1.39054	1.58425	0.891854	0.369932
ihec.chipseq.ihec-chipseq-containerv1.1.4.IHECRE00001017.4.2612150c-f8fd-4d8b-a711-65def053c72d.fc.signal	2.36871	2.16957	0.944513	0.40506	0.273301	0.660263	1.52991	1.3809	2.59926	3.16048	3.85005	3.58668	3.70972	3.70429	3.98239	4.40008	2.7233	2.34957	4.3931	2.59052	4.04247	1.34185	1.80142	2.48138	3.60928	4.49874	4.25524	1.91311	1.77822	1.03385	1.696	2.17841	1.94912	0.994624	1.39672	1.61316	0.631285
ihec.chipseq.ihec-chipseq-containerv1.1.4.IHECRE00001375.1.07633b47-0baa-45e5-af12-2021de6fd993.fc.signal	11.2457	15.0017	8.24545	3.81362	2.52851	3.3277	5.73925	8.20648	13.0731	17.778	23.0004	14.7199	5.54711	5.99543	5.14678	4.9768	4.40175	3.8512	3.09102	1.6235	1.45085	1.06097	0.920692	1.80373	0.876962	0.833517	2.45333	1.87411	1.09994	0.879938	0.699177	0.451473	0.549081	1.08883	0.338377	0.367741	0.70437
ihec.chipseq.ihec-chipseq-containerv1.1.4.IHECRE00001935.1.0b0c5786-e084-4954-a96f-72d7a88b913e.fc.signal	6.41661	4.87722	1.54969	0.897419	0.117861	0	0.292408	0.644161	1.55588	2.78668	4.35019	5.25292	6.8062	7.52802	9.93466	13.6239	14.2562	12.3095	15.5746	19.0515	19.6267	10.3147	14.9066	6.63303	2.21942	9.27853	22.7092	18.0518	8.9149	4.48455	4.59074	2.87233	2.10722	1.38604	2.37438	1.71919	0.41701
ihec.chipseq.ihec-chipseq-containerv1.1.4.IHECRE00001851.4.627c47c9-d19a-4fba-9f0d-ed8820985d99.fc.signal	4.13468	4.05846	1.61021	0.730312	0.351083	0.117612	0.371003	0.403426	0.113621	0.394938	1.94626	2.53652	1.69686	2.80629	7.66175	9.80454	9.07006	7.44587	5.01425	3.08914	4.28166	4.38853	5.37694	5.44335	7.50265	6.75025	5.47687	5.36222	4.71056	4.45584	5.12898	4.09867	3.97569	4.24109	3.0088	2.09249	0.635632
ihec.chipseq.ihec-chipseq-containerv1.1.4.IHECRE00003678.3.df24c052-2a81-4f1a-b170-2f4fdc228ffe.fc.signal	2.67145	4.03201	1.65987	0.945745	1.02114	0.429717	0.608688	0.491536	0.36427	1.61625	1.20468	1.44794	1.56868	2.48135	1.43215	2.02091	1.51529	2.21023	1.91936	1.08466	2.31886	0.813881	1.3579	1.19399	1.08473	1.01866	0.868091	0.726517	1.1765	0.568336	0.279184	0.759766	0.527098	0.320482	0.30257	0.947108	0.535354
ihec.chipseq.ihec-chipseq-containerv1.1.4.IHECRE00004608.1.2b4cac07-82e4-4fde-addf-f528201b15bb.fc.signal	1.50889	2.19087	1.01771	0.839642	0.257973	0.238625	0.184451	0.545621	1.29643	1.20614	1.81247	1.68215	1.35966	1.22575	0.903119	1.18804	1.76597	1.30542	1.11322	0.748129	1.62153	0.759778	1.50461	1.34775	1.67502	1.11679	0.436451	0.701651	0.606282	0.358586	1.16692	0.988929	0.679395	1.14411	1.89771	0.596258	0.128814
ihec.chipseq.ihec-chipseq-containerv1.1.4.IHECRE00003680.3.604f0a28-681a-4e69-b09a-96c7d6e32ad9.fc.signal	2.78981	1.78164	0.601856	0.263676	0.218349	0.0523006	0.0970636	0.227137	0.332421	0.609579	1.6667	2.69175	2.08552	2.24599	2.11227	2.72937	2.10673	1.56944	1.53532	0.951622	1.24565	0.85433	1.18679	1.15945	1.02506	0.365955	0.299073	0.137432	0.547676	0.759179	0.294676	0.320865	0.404058	0.0948991	0.209022	0.288222	0.276263
ihec.chipseq.ihec-chipseq-containerv1.1.4.IHECRE00003821.3.a5c54e8d-c399-4c95-b6c6-525ed1d5f1b6.fc.signal	12.1967	14.7733	4.12804	1.83286	3.04983	1.31269	1.54447	2.11345	1.5617	2.40039	10.1257	7.47142	6.67875	5.86313	3.53813	2.89272	2.32448	2.74041	2.69053	1.63162	1.27363	0.308098	0.832773	0.816569	0.649029	0.500359	0.333234	0.423265	0.520336	0.714091	0.114803	0.352991	0.790562	1.43747	0.600309	0.2672	0.464968
ihec.chipseq.ihec-chipseq-containerv1.1.4.IHECRE00001004.4.f7653c1d-f81b-438a-acb2-1be8da95c8b2.fc.signal	0.0871458	0.353906	0.427181	0.368112	0.315318	0.200243	0.344975	0.531503	0.609464	0.888185	1.41713	1.67021	1.6297	1.16871	0.953542	1.37173	1.33779	0.751545	0.677919	0.194819	0.403826	0.128094	0.662533	1.10006	1.48723	2.16854	1.18856	1.05562	1.13336	0.720516	1.25048	1.59022	1.30127	1.1025	0.959349	1.21475	0.48913
ihec.chipseq.ihec-chipseq-containerv1.1.4.IHECRE00003716.2.bea5f21d-c715-4019-8eed-c69728473893.fc.signal	3.10039	2.96215	2.5439	1.97079	1.45402	2.21341	1.42179	2.37085	2.70133	3.26074	3.97723	3.61969	1.85617	1.55137	2.62566	3.19433	3.90359	6.10132	4.13413	2.3917	2.70569	2.15672	2.18541	1.83363	1.46741	1.78915	1.43862	1.92346	1.66577	0.58249	1.02897	1.43009	0.681272	0.36317	0.882638	0.771932	0.548362
ihec.chipseq.ihec-chipseq-containerv1.1.4.IHECRE00001518.1.0d3d987a-b70c-40f0-b32d-34538b3d8acb.fc.signal	5.06987	3.54827	1.98657	2.49116	2.68868	2.09311	2.29836	3.40591	5.62163	10.1772	10.5819	7.8865	3.73507	4.0052	3.43627	4.53448	3.58646	2.75859	2.96687	2.66319	3.34976	4.86392	6.74017	9.22922	10.0615	13.4611	10.8849	6.41902	5.41189	3.94613	2.59267	4.10299	3.43979	3.27104	2.53652	1.5039	0.486301
ihec.chipseq.ihec-chipseq-containerv1.1.4.IHECRE00000112.3.5e5dc2b5-6b90-475b-8a33-2a370a46ad3b.fc.signal	2.66769	3.76927	0.738976	0	0	0	0.588025	1.29261	2.28506	2.76047	4.06749	6.17294	2.48709	5.02583	7.50337	17.0193	18.8724	17.6343	10.3286	14.0641	9.86045	7.07107	5.76413	12.3258	5.26207	5.36424	5.9787	4.428	1.36603	2.42858	3.87878	3.29536	1.18924	2.701	0.702274	2.23112	0.524752
ihec.chipseq.ihec-chipseq-containerv1.1.4.IHECRE00000223.3.3bd7fa2e-4676-4775-9e3e-5e080ad64395.fc.signal	0.710592	1.15423	0.948895	0.815474	0.287587	0.20653	0.134951	0.375405	0.879055	1.36255	2.3502	4.51979	4.14464	3.11206	3.30544	4.73949	3.98055	3.28991	1.94294	1.0137	2.49459	1.88489	3.6762	4.0633	4.49701	4.75857	4.42453	3.78506	2.49581	2.14702	1.68767	2.74096	2.57443	1.65857	1.47971	1.45869	0.283708
ihec.chipseq.ihec-chipseq-containerv1.1.4.IHECRE00000992.7.80dcfe52-cdf2-4d0d-bc40-0c75abc04fc1.fc.signal	2.41644	1.77414	0.353567	0.105372	0.279094	0.144604	0.236284	0.34045	0.707393	0.921386	2.85328	1.48892	0.132433	1.3623	1.26496	1.296	1.27505	0.970347	1.01966	0.501562	1.26091	0.516893	0.929426	1.4373	1.89885	1.04806	1.25247	1.20213	0.982177	1.07991	1.05916	1.53853	0.656105	1.21395	0.93749	1.1309	0.151111
ihec.chipseq.ihec-chipseq-containerv1.1.4.IHECRE00001457.1.311a6e52-ddcf-4f01-82ae-00a17eac3a5f.fc.signal	1.64049	2.39194	2.20674	0.916821	0.143393	0	0	0.231234	0.248024	0.414902	3.97073	5.08335	2.33989	3.1153	6.64962	8.00265	6.35058	3.87186	6.51759	5.38811	8.47526	6.79382	5.82521	6.48846	3.28354	8.76517	9.57599	9.90432	9.06024	5.55858	5.01608	6.30663	2.28178	2.34809	4.23583	3.80778	0.345455
ihec.chipseq.ihec-chipseq-containerv1.1.4.IHECRE00000001.4.02b605e5-4373-4009-a925-f6e4537147f5.fc.signal	1.39355	0.936526	0.294947	0.265344	0.0950867	0.196811	0.264724	0.138435	0.0182352	0.225614	0.750179	1.03774	1.6141	2.05755	2.3771	2.07426	2.29878	1.95228	1.65661	1.948	2.26966	1.63744	2.03754	1.97837	1.43534	1.27234	0.975567	0.84226	0.455341	0.446736	0.646443	0.387201	0.592888	0.679814	0.478772	0.365895	0.186325
ihec.chipseq.ihec-chipseq-containerv1.1.4.IHECRE00001546.1.a150519d-0d11-4c76-b425-72b9ccc9b116.fc.signal	3.90707	3.64899	2.61867	2.04799	0.64851	0.96396	1.28452	0.835182	1.71419	4.55359	5.37054	5.95804	1.87348	3.09118	5.67098	5.47039	3.7757	4.58479	9.10257	12.4868	11.0219	7.51744	13.6833	11.6944	8.35521	13.168	15.0894	9.58495	4.62348	1.58034	1.85145	3.61072	2.30543	2.9333	3.98143	5.48221	0.616915
ihec.chipseq.ihec-chipseq-containerv1.1.4.IHECRE00000071.3.c58e2138-e12f-4d11-9ec1-2028a8fe702b.fc.signal	2.84843	1.69369	0.0486936	0	0	0	0	0	0	2.04001	2.68687	2.20518	1.13618	2.07752	3.32725	4.09417	6.05809	3.62388	5.27273	5.83086	6.40706	3.6559	3.51057	3.16693	1.01088	5.61012	4.29078	4.30767	2.50766	1.93704	1.70018	3.00263	1.37965	0.807502	0.94141	0.60867	0.673077
ihec.chipseq.ihec-chipseq-containerv1.1.4.IHECRE00001009.4.04db3171-85a1-4831-984b-2ac821411031.fc.signal	2.79653	1.61575	1.50915	1.4517	0.846016	0.841486	1.09281	1.23172	3.50741	4.2794	6.78829	6.43336	6.55513	4.06751	3.21988	5.03847	3.40207	2.09117	4.89898	1.48936	1.09759	0.418984	1.62242	2.29698	1.45909	3.23124	2.70389	2.82684	2.64284	1.00695	2.38325	2.5254	2.44081	1.5192	1.45204	1.11316	0.344311
ihec.chipseq.ihec-chipseq-containerv1.1.4.IHECRE00003400.1.1fd4d0f1-41c8-41b4-882d-bbcd98fbef74.fc.signal	1.25525	3.80452	2.68235	0.841923	0.862125	0.377676	0	0	0	0.429358	2.34264	1.0923	0.616208	0.403182	0.492992	0.250459	0.811287	1.53455	2.12324	1.17343	1.88336	1.72031	0.606335	0.349293	0.2694	0.315823	0.36291	0.66789	1.20459	1.49877	1.40336	1.53455	1.59926	0.609322	0.321375	0.670871	0.262697
ihec.chipseq.ihec-chipseq-containerv1.1.4.IHECRE00002063.1.03cd26f6-8245-4dba-a43d-b085dc5fbdba.fc.signal	3.77191	5.12664	3.9467	2.3697	1.48057	0.451548	0.392828	0.276794	0.0740905	1.57	5.84825	6.07856	4.00376	2.84236	3.06733	3.53569	3.35954	3.69604	3.90171	2.20334	2.33053	1.5317	2.22348	2.33053	3.01101	3.00579	2.9932	2.71499	1.23446	0.364868	0.735516	0.606718	1.24152	0.504679	0.543833	1.24781	0.676471
ihec.chipseq.ihec-chipseq-containerv1.1.4.IHECRE00001027.7.e86f32e5-bf0d-4add-be96-995ad738d215.fc.signal	0.62896	1.425	0.191445	0.162852	0.59832	0.475129	0.997958	0.932818	1.21272	3.5492	2.24974	1.21818	0.945724	1.28513	1.07444	1.61587	1.32775	0.970597	2.01987	0.506919	0.907845	0.32561	2.13187	2.39023	0.467694	0.611006	0.591916	0.876447	0.546041	0.539544	1.17505	0.487813	0.359238	0.0858205	0.313419	0.683829	0.2866
ihec.chipseq.ihec-chipseq-containerv1.1.4.IHECRE00003730.1.665ec701-8746-423d-9e1f-6b813507441b.fc.signal	0.778325	0.398304	0	0	0	0	0.568594	2.04536	0.465931	0.972513	2.27191	1.63838	0.409335	1.16917	1.11143	0.479783	0	2.36611	2.78119	1.42907	1.53287	1.34956	2.05664	1.63631	1.53027	0.637509	0	0.185733	1.67086	1.06527	1.8563	2.5587	2.47364	3.06271	0.211984	1.01156	0.247541
ihec.chipseq.ihec-chipseq-containerv1.1.4.IHECRE00004616.1.ed15f6f7-9fc7-4af5-9ab6-233a7899d0bb.fc.signal	4.05451	2.92322	0.804458	0.612825	0.247403	0.169158	0.0471801	0.24165	0.319924	1.45359	2.03367	1.43224	2.15557	2.37838	2.49619	2.39959	3.79213	3.01874	4.3457	3.12232	4.32729	1.44319	4.81755	2.36966	1.82185	3.00488	2.72426	2.52211	3.25746	2.29475	2.4226	1.88172	2.89673	3.41234	1.11667	0.700147	0.288828
ihec.chipseq.ihec-chipseq-containerv1.1.4.IHECRE00000277.2.2fe4325d-3c38-4ef0-86a6-43bac1d7b3f6.fc.signal	8.3723	7.84323	2.72197	0.57619	1.66449	1.30456	3.06777	3.15974	4.89052	7.44823	8.02762	7.47716	3.64313	5.9587	4.94004	3.48514	4.76083	4.89694	5.13328	6.36991	5.17345	4.45193	7.45132	12.3631	14.8956	13.6199	11.0567	7.40381	4.66179	2.9428	1.82982	3.6337	2.46699	2.52187	2.22831	1.60934	0.608696
ihec.chipseq.ihec-chipseq-containerv1.1.4.IHECRE00003803.1.fb97cdb0-391e-4e74-a4dc-d06dfb2e7cbb.fc.signal	0	0	0	0	0	0	0	0	0	1.93273	4.00866	1.58818	0.117461	1.01441	1.68136	2.7947	1.5269	3.92694	6.98066	3.05374	2.06819	1.99158	2.30307	3.25051	1.77674	3.18244	1.92682	1.93426	1.40265	0.0504316	0.598142	2.37397	3.32113	0.79408	0.564886	0	0.594646
ihec.chipseq.ihec-chipseq-containerv1.1.4.IHECRE00003819.1.f3c3e31b-1c64-4535-b45d-335af3db233f.fc.signal	6.03619	3.28357	2.01105	1.45934	1.03085	0.776699	0.504206	1.73959	4.4054	10.921	15.1792	16.6244	12.7079	6.59362	4.74706	3.87283	3.2711	2.30524	2.61505	2.23019	1.66865	0.967011	1.21173	1.52326	1.60302	1.32758	1.10888	0.600853	0.707553	1.21113	1.12839	1.09646	1.39263	0.932749	0.897828	1.24127	0.506944
ihec.chipseq.ihec-chipseq-containerv1.1.4.IHECRE00001893.4.bbfcde86-9029-4200-ba74-fe49f41c4cdf.fc.signal	2.31719	2.03161	1.09384	0.545459	0.563627	0.347201	0.424979	0.613973	0.723553	1.25334	1.79728	2.08426	2.58132	3.12745	4.57421	5.56054	5.85877	6.18393	4.539	2.27581	2.42357	1.55517	1.17606	1.70596	1.90495	1.50431	1.10338	1.68599	1.90887	1.89068	2.74838	3.21321	2.00253	1.18333	1.19907	0.822067	0.391732
ihec.chipseq.ihec-chipseq-containerv1.1.4.IHECRE00001961.2.26f0e8b3-e0d8-467c-92a7-4029668db296.fc.signal	4.4852	3.20088	1.12912	0.55508	0.128096	1.43957	1.62051	2.99802	1.59159	3.80959	5.74519	3.01853	0.842045	0.499806	1.11409	1.10374	2.25372	6.32816	7.70811	4.29998	2.2702	2.50145	1.43865	0.674637	0.656209	3.16502	0.880627	0.659485	0.509379	0.718086	1.05741	0.978268	0.603951	0.3766	1.05682	1.08414	0.385124
ihec.chipseq.ihec-chipseq-containerv1.1.4.IHECRE00001954.2.18576743-b1b7-40af-bbff-f6570943d6bc.fc.signal	4.39338	5.63075	3.85148	2.21845	1.11759	1.1919	1.76405	1.83293	3.41614	7.00264	8.82891	7.81827	6.88546	5.49702	5.15777	5.40935	4.59591	3.4009	3.22124	3.76634	2.8959	1.08075	2.21428	2.40737	2.50903	2.054	0.982943	1.28297	1.27231	1.5722	1.36958	1.31954	1.03451	0.753337	1.00042	0.878408	0.463608
ihec.chipseq.ihec-chipseq-containerv1.1.4.IHECRE00004614.1.c39e9a3f-4177-48c3-969d-01c9bdd4340c.fc.signal	4.88273	4.76466	1.32111	0.865136	0.525844	0.511661	0.41899	0.630988	0.919369	1.77545	4.05046	2.01537	1.32135	1.39675	1.28829	2.45945	1.17323	0.823228	1.92578	1.99255	1.66336	1.33112	3.83235	3.84169	3.17395	1.38385	0.789955	1.10883	0.910667	0.292536	0.873463	1.079	1.16418	1.12589	0.561587	0.547148	0.358416
ihec.chipseq.ihec-chipseq-containerv1.1.4.IHECRE00000243.3.2aa5c3df-0722-47d5-82d4-eb34ba16be25.fc.signal	0.798847	0.957357	0.736814	0.775479	0.504618	0.142559	0.138109	0.700179	0.728382	0.642267	0.669389	1.09592	0.969632	0.766043	0.650328	1.14979	1.46291	1.36469	0.772716	0.481497	0.512594	0.355581	0.455036	0.547497	1.01728	1.28551	0.861762	0.531121	0.55043	0.721683	0.45126	0.246766	0.438213	0.547708	0.501498	0.468099	0.328197
ihec.chipseq.ihec-chipseq-containerv1.1.4.IHECRE00000060.3.baca5345-ebfb-42c5-84f7-5edc7dd83347.fc.signal	1.86865	1.63244	0.809441	0.164668	0	0.238818	0.403276	0.778417	0.373832	1.44403	1.22787	0.653338	1.21004	2.79621	2.97007	3.04992	4.53856	3.67947	3.76416	4.21233	4.3382	5.42464	5.96728	2.78584	1.10865	2.89759	3.67045	3.08667	2.06259	1.29237	1.59298	1.33018	1.4467	0.596389	0.829325	0.944869	0.775439
ihec.chipseq.ihec-chipseq-containerv1.1.4.IHECRE00001005.4.eab1e3dc-c703-4c99-ae4e-8dc704d2f5d0.fc.signal	0.944241	1.80248	0.802844	0.72158	0.21332	0	0.05951	0.649545	1.72156	2.02066	3.1427	3.79638	3.94966	2.47573	3.07994	6.1877	4.51395	2.33977	3.36244	1.19539	1.90095	1.11215	1.78757	1.78855	2.01036	4.77248	3.76161	1.82706	1.17457	0.66388	1.5423	2.52474	2.30056	2.19734	1.17691	0.659138	0.526923
ihec.chipseq.ihec-chipseq-containerv1.1.4.IHECRE00000235.3.e77c3456-1902-4dba-839d-200d22c58cf3.fc.signal	1.36848	2.25548	1.51219	0.798279	0.408653	0.479321	0.823392	0.781974	1.43301	2.42269	2.69499	2.41371	2.199	1.79668	1.03189	0.802377	0.704016	1.19161	1.05916	0.419613	0.320555	0.510508	0.700107	1.39595	1.87318	1.44277	1.12966	0.678652	0.315953	0.374375	0.68425	0.813431	0.541607	0.482581	0.441163	0.459234	0.255125
ihec.chipseq.ihec-chipseq-containerv1.1.4.IHECRE00001952.2.afb78491-e0c2-4398-aa2a-4c98b0c4c5b7.fc.signal	2.27239	1.38365	1.27247	0.666636	1.02387	0.525364	0.335875	0.725136	0.60486	2.99652	5.55289	4.36192	4.91598	4.30136	3.1097	4.39031	4.28532	1.8252	1.98628	1.99772	1.37183	1.2107	1.52112	2.74417	0.841621	0.432043	1.69182	0.84261	0.909709	1.03652	1.60268	1.95928	1.56918	0.860629	0.884823	0.771198	0.358578
ihec.chipseq.ihec-chipseq-containerv1.1.4.IHECRE00002076.1.f14540c7-18af-47fc-8cad-c0291db319dc.fc.signal	1.52851	2.60537	1.79666	0.4502	0.089737	0.427582	0.581413	0.0703657	0.626267	5.15676	8.52905	6.14907	8.47467	3.27274	4.55379	4.54639	1.51991	5.07029	2.37775	2.70565	4.7556	2.358	3.08136	3.67743	1.48315	3.55563	6.07224	4.10395	1.53226	1.20664	1.99922	2.38489	0.659787	2.01272	1.8077	1.41977	0.393064
ihec.chipseq.ihec-chipseq-containerv1.1.4.IHECRE00001021.4.022f496a-4698-412d-9a82-a0a4b2e56c57.fc.signal	1.1984	1.41817	1.13348	0.877002	0.882598	0.657597	0.711837	0.994386	1.84802	1.64784	1.68296	1.53703	1.87959	2.4655	3.79851	7.11326	5.53006	4.00229	4.74507	1.9061	2.68937	1.70417	2.62593	2.76788	3.11914	3.60721	3.7354	2.86138	2.97414	1.07662	1.64441	1.45954	1.51743	1.36709	1.4716	0.905529	0.489343
ihec.chipseq.ihec-chipseq-containerv1.1.4.IHECRE00000014.2.7af9ccfe-90f7-4be1-af44-ca5e6dca2859.fc.signal	6.4301	4.29947	3.43652	3.09586	2.01968	3.10208	4.3644	5.81255	8.13975	7.76933	2.5243	3.88492	2.23758	2.57743	4.22696	5.15861	4.46748	0.966031	2.08418	0.779379	1.58464	2.81673	1.12785	1.91741	3.48541	4.67813	3.23921	0.973901	0.739437	1.34037	1.30945	1.28026	0.843827	0.988425	1.3704	2.42842	0.4
ihec.chipseq.ihec-chipseq-containerv1.1.4.IHECRE00001039.6.78755d78-d69c-44bc-a0ab-147f64c5fd5c.fc.signal	2.17934	4.20684	1.43058	0.98381	0.833442	0.706694	0.506948	0.0365228	0.455217	1.3468	1.14328	1.37476	0.607909	2.18021	1.62819	0.721762	1.09334	2.1592	2.90758	1.71864	1.11849	0.289627	1.0835	0.78209	1.39817	1.78418	0.511248	0.0580068	1.19645	1.74633	1.11912	0.545603	0.659429	1.27375	0.669283	0.170656	0.200456
ihec.chipseq.ihec-chipseq-containerv1.1.4.IHECRE00003690.3.3012eb3e-9d87-4c93-aaf5-58e99d8aaa84.fc.signal	3.95275	4.65122	1.25895	0.81288	0.821122	0.262885	0.172368	0.270731	0.599221	0.528944	2.11139	1.85616	0.966905	0.724267	1.10825	1.16594	1.47591	1.68452	1.55065	1.1245	1.15632	0.525251	0.670262	1.19257	1.50245	0.699217	0.0851259	0.0168648	0.106085	0.329071	0.352877	0.536798	0.537817	0.358813	0	0.05552	0.408163
ihec.chipseq.ihec-chipseq-containerv1.1.4.IHECRE00003692.4.370f0fb4-0bb1-4fa3-8e1d-75f06bf7b384.fc.signal	10.6611	16.4288	4.14734	1.42575	3.16578	0.902357	1.60116	2.25863	3.8274	4.51789	7.6235	3.29913	6.37069	4.81938	5.09859	3.36004	3.53126	2.19472	1.99028	1.10092	1.50105	0.286833	0.680774	0.722909	0.589353	0.546001	0.101335	0.271584	0.221714	0.450072	0.572282	0.542851	0.26895	0.121407	0	0.32854	0.362667
ihec.chipseq.ihec-chipseq-containerv1.1.4.IHECRE00000247.3.669b34b9-68b0-4255-96a0-ec2919c119df.fc.signal	0.93719	2.0395	1.79312	1.13755	0.546152	0.633697	0.928332	0.950528	1.5454	3.09056	3.74518	2.65051	1.76314	0.813057	0.282655	0.367069	0.435554	0.358279	0.396156	0.609903	0.444515	0.0834491	0.0671242	0.159293	0.265385	0.46332	0.534157	0.725192	0.265154	0.229521	0.310141	0.224604	0.424955	0.634074	0.737549	0.854955	0.487179
ihec.chipseq.ihec-chipseq-containerv1.1.4.IHECRE00004606.2.5946f083-9733-4b0e-bccd-bb3958898b16.fc.signal	3.28451	4.97314	2.07631	0.764513	0.335945	0.310511	0.886608	0.570104	0.784763	2.10192	2.10194	2.09589	3.02437	3.82061	2.63239	2.37882	2.53606	2.93068	5.0723	3.80727	4.17461	2.44899	5.9528	4.60409	3.95733	3.63052	4.50848	4.57014	2.99948	3.53787	1.27375	0.844964	0.252515	0.500025	1.25307	1.68673	0.380753
ihec.chipseq.ihec-chipseq-containerv1.1.4.IHECRE00001907.1.856e5189-b10a-47ac-b38e-4f26c4b023ef.fc.signal	4.579	2.84151	1.52984	0.436991	0.153911	0.483055	0.355783	0.339947	0.62578	1.71273	3.45017	5.18888	6.09145	6.63655	7.63297	11.4102	10.8495	11.6245	17.2156	12.5202	12.0359	8.39729	10.4895	9.42772	3.93143	9.60706	14.3005	9.96064	6.74846	2.95485	2.89473	2.76596	1.52995	1.41059	1.43623	1.74144	0.346685
ihec.chipseq.ihec-chipseq-containerv1.1.4.IHECRE00003846.4.4522a86a-2cba-459f-b690-5243a5081964.fc.signal	4.05479	3.55232	1.9473	1.17888	0.231237	0.383155	1.05843	1.31166	1.58258	2.61166	5.58823	3.60872	2.98122	3.75793	2.48197	3.72109	3.42233	3.36579	2.39012	2.54216	4.64057	1.13634	3.52198	6.07802	6.15289	5.20877	2.41724	1.55926	0.764841	1.27705	2.20327	2.45385	1.45347	1.24929	1.48936	1.00748	0.181818
ihec.chipseq.ihec-chipseq-containerv1.1.4.IHECRE00001015.4.b10cb337-bd81-4a63-af04-25443322673f.fc.signal	5.59128	3.62127	2.04492	1.0953	0.697651	0.747206	1.04287	1.48163	3.15694	5.0755	7.24708	5.90685	6.17435	4.10543	4.5479	5.55859	4.39033	4.34902	5.6642	3.1622	3.86369	1.70047	3.32882	5.22039	5.60802	6.66986	4.66241	3.83392	2.65429	1.21412	1.52282	2.34851	2.30055	2.2221	1.92687	1.69174	0.429712
ihec.chipseq.ihec-chipseq-containerv1.1.4.IHECRE00000225.3.a95e03a2-30ba-4d4b-a382-a7406068f4ff.fc.signal	0.901207	0.93977	0.78544	0.609123	0.203753	0.133638	0.242528	0.109621	0.212059	0.770494	1.40552	1.33626	2.12655	2.48674	2.75587	2.96981	1.84054	1.19398	1.26964	1.14627	1.58334	1.13117	0.980454	1.148	1.43123	1.39814	1.782	1.46152	0.715071	0.766053	0.670415	0.737672	0.693279	0.577329	0.350905	0.365076	0.259459
ihec.chipseq.ihec-chipseq-containerv1.1.4.IHECRE00003686.3.0646f25a-515d-4a28-9d49-c5b4db0fa40f.fc.signal	3.15051	4.93331	1.28337	0.74909	0.753753	0.0630052	0.0108043	0.494177	1.02008	2.01077	4.29725	2.3992	0.811569	0.693412	1.00463	0.783015	0.912738	1.83703	1.92893	0.574512	0.815439	0.667153	1.52815	2.38838	2.66994	1.29339	0.637821	0.318896	0.332019	0.294441	0.157495	0.0362715	0.0980101	0.0910645	0.0671408	0.11576	0.171898
ihec.chipseq.ihec-chipseq-containerv1.1.4.IHECRE00001852.4.272975fa-d097-445a-8194-d8db0cc814ad.fc.signal	2.07082	1.2241	0.651712	0.454854	0.179457	0.160465	0.333002	0.702339	0.477062	1.10199	2.44336	2.13694	2.18524	2.74805	1.93255	1.81667	1.76036	1.6509	1.45276	1.24646	1.23916	1.2281	1.2381	1.36598	0.606435	0.532509	0.801631	0.503624	0.518404	1.22635	0.879041	0.527764	0.49555	0.14327	0.149047	0.190628	0.329825
ihec.chipseq.ihec-chipseq-containerv1.1.4.IHECRE00000315.2.889e4a07-b630-426b-bca1-6fb4dfed482e.fc.signal	1.39233	1.41976	0.164247	0.223815	0.668186	0.409519	0.944757	0.69682	0.623032	0.864387	0.636451	0	0	0.271222	1.63391	1.95681	0.142069	1.26724	1.49827	4.8113	2.39597	0	0	1.20144	0.887844	0.906754	1.04617	0.0721775	1.67385	0.154984	0.910531	0	0.748505	0.491184	0.993794	0.884525	0.705556
ihec.chipseq.ihec-chipseq-containerv1.1.4.IHECRE00001003.4.e54919a6-4d68-4e57-b8cc-55cfdab84079.fc.signal	1.44644	2.1998	2.48249	2.61905	1.79672	0.501144	0.607773	2.00259	2.88492	3.74469	6.98699	5.23762	4.89563	3.63003	3.6261	4.90928	4.13791	3.96971	3.68479	0.996109	2.42517	1.06758	2.07203	1.66006	2.4535	4.28084	3.7547	2.67103	2.44317	0.983088	1.12493	1.88124	2.15347	2.00986	1.88244	0.9969	0.487179
ihec.chipseq.ihec-chipseq-containerv1.1.4.IHECRE00003691.3.860bedc9-692c-462c-94be-59ab1fd7c824.fc.signal	4.42931	6.15539	1.60267	0.516684	0.134355	0	0.0499925	0.823181	1.05203	1.7683	2.31581	1.67841	1.0731	1.11997	1.0536	0.762324	1.37619	2.48997	2.4954	1.70809	1.17629	0.470193	0.604868	0.925616	1.36641	0.626777	0.224185	0.314016	0.537424	0.66862	0.964326	0.35418	0.16329	0.20158	0.341355	0.410095	0.5
ihec.chipseq.ihec-chipseq-containerv1.1.4.IHECRE00000121.3.a3c721fe-088e-4da8-972b-3d6efe322bd3.fc.signal	6.5679	3.02854	0.40139	0	0	0	0	0.054735	1.59329	1.36222	1.45952	0.99738	1.26493	3.06189	6.00488	5.67116	7.82461	8.69542	4.85039	6.00962	9.68501	3.01587	6.74805	9.93633	5.5584	6.64475	9.26563	6.69981	2.69104	1.8725	1.97733	0.364402	0.437855	1.69635	2.25649	2.47951	0.836676
ihec.chipseq.ihec-chipseq-containerv1.1.4.IHECRE00000784.3.54e2d258-2a9b-4416-87fd-8933cfcab4dd.fc.signal	3.78872	5.46984	2.0969	0.323	0	0	0	0.144614	0.251738	1.77312	12.2354	11.3758	9.24565	5.56827	2.68364	4.0473	2.21707	2.82336	4.3614	1.73686	3.77966	1.78077	4.02136	2.18674	2.71975	2.27343	0.563544	1.99423	3.2676	1.98524	1.38418	2.00347	2.50163	1.68312	0.661273	0.617679	0.504587
ihec.chipseq.ihec-chipseq-containerv1.1.4.IHECRE00000126.3.d0bfbd94-1356-4f3e-90d5-3e35710ea347.fc.signal	5.66691	5.97638	1.97871	0.668403	0.594577	0.12005	1.27775	1.12677	1.5084	1.97745	3.64525	5.9586	2.25288	4.36963	6.01416	3.74317	3.61443	3.50293	4.41685	1.95284	2.15012	1.62784	1.16674	1.03045	1.17783	2.98163	2.49457	1.80564	1.42601	0.664822	0.0443587	0	0	0.360044	1.34721	1.13548	0.658683
ihec.chipseq.ihec-chipseq-containerv1.1.4.IHECRE00000330.2.160bb057-c970-4be7-ab27-69d39aa5b7cd.fc.signal	4.49223	4.64358	3.6145	1.66818	1.88495	2.01213	5.04325	4.18259	6.61183	9.84829	8.42564	7.21543	2.84572	4.30903	4.69657	4.21006	2.53767	3.3505	2.90019	5.51055	6.93802	5.09949	8.54777	16.2521	7.61458	15.6295	16.2044	11.036	6.99397	2.44113	4.11319	2.63482	2.94841	1.93274	2.66387	3.3658	0.585799
ihec.chipseq.ihec-chipseq-containerv1.1.4.IHECRE00001050.8.a3567476-0b5a-4504-b34f-067a636cef5f.fc.signal	2.48928	1.45194	0.348373	0.18176	1.10253	0.181952	2.81217	1.85674	1.18279	1.68192	2.6862	1.96262	0.421087	1.98341	2.19566	4.4677	2.66625	1.61817	2.15944	1.39677	2.30683	0.584362	0.506377	0.442141	0.588776	0.455208	0.569151	1.69534	0.557401	0.127244	0.77364	0.802108	0.482319	0.75104	0.439536	0.244334	0.722397
ihec.chipseq.ihec-chipseq-containerv1.1.4.IHECRE00001959.2.750a19c1-18ed-49f4-9a40-94442cc932b5.fc.signal	6.12895	7.28264	3.19314	0.798298	0.713209	1.55561	2.06846	1.48235	2.11152	1.8116	2.51236	3.18023	1.50821	3.80076	5.13116	5.86152	6.97666	6.39064	6.78278	5.48014	3.7612	1.76956	5.59346	3.64994	2.45199	3.16943	3.53802	1.29294	0.84644	1.40891	0.962242	0.411806	0.558201	0.804187	0.707305	0.745476	0.515517
ihec.chipseq.ihec-chipseq-containerv1.1.4.IHECRE00004618.1.fc53d730-659c-4cf2-980a-4c7a71c2d016.fc.signal	1.15108	2.83812	0.937885	0.666001	0.421007	0.263355	0.358503	0.300735	0.638849	1.39497	2.1112	1.499	1.66917	1.57549	0.548799	1.08878	2.01406	1.11368	0.675379	0.838489	0.955725	0.550498	1.56347	1.22033	1.51544	1.30242	0.666205	0.727977	1.07601	1.04158	1.96272	0.781319	0.504972	0.541289	1.03519	0.844123	0.0801105
ihec.chipseq.ihec-chipseq-containerv1.1.4.IHECRE00001957.2.1adc09a2-a510-4845-9331-a4c7f3104a2a.fc.signal	5.01008	4.95028	2.77256	1.36735	0.750838	0.554652	0.988919	1.90342	3.23195	6.20642	5.83006	5.85091	4.66527	3.93409	4.21566	4.92235	3.47935	2.7866	2.83457	3.3249	3.65003	2.34381	1.80109	2.03159	1.83862	1.27289	1.05284	1.47867	1.60699	1.14076	0.600334	1.01973	1.06722	1.12044	0.447317	0.695523	0.377483
ihec.chipseq.ihec-chipseq-containerv1.1.4.IHECRE00000972.6.ea2d9b95-5d31-4111-8903-1138eac02f8d.fc.signal	1.32962	2.43488	1.0597	0.723794	1.23511	0.47426	0.980356	1.07885	3.67371	6.08423	8.64334	6.44153	1.21237	2.50126	2.74183	1.60129	1.08667	1.58838	4.54901	2.32041	2.41233	3.06018	1.63659	0.801386	3.22746	8.53944	8.78809	10.756	6.30978	4.68269	3.50306	5.36473	2.49487	3.44602	1.56681	1.71501	0.45815
ihec.chipseq.ihec-chipseq-containerv1.1.4.IHECRE00004888.1.fa995553-a4c4-46af-820c-813f0732b09d.fc.signal	1.9323	2.04157	0.544856	1.35602	1.15955	2.99931	1.30173	3.98514	2.37553	3.17874	9.63921	4.21523	6.39368	4.28524	4.97587	5.77977	4.76756	1.26271	3.24522	3.27401	4.61785	1.27337	2.03042	4.13121	6.62777	4.04734	2.14743	3.02438	1.17108	1.29627	2.42502	2.01007	2.01631	2.49433	1.86708	1.34341	0.304179
ihec.chipseq.ihec-chipseq-containerv1.1.4.IHECRE00001906.1.dafab27e-9fa4-4e54-8b12-f34d3390d9ba.fc.signal	5.82505	3.32147	1.05339	0.588753	0.501884	0.122731	0.00455187	0.345027	0.811137	1.60635	4.11051	8.61852	7.15576	7.32404	8.93978	10.4635	10.9337	11.2725	14.2285	11.8759	14.0259	13.8354	12.7612	9.84122	4.85508	7.69985	12.2928	8.04512	5.72345	3.52851	2.0721	2.51418	1.93704	1.3443	1.49028	1.66947	0.360746
ihec.chipseq.ihec-chipseq-containerv1.1.4.IHECRE00000316.2.4860dab6-2e95-4bbd-9423-b2973a6129f5.fc.signal	4.48982	4.98625	3.67591	2.97278	1.27933	0.133501	2.758	2.66033	3.13248	3.56082	6.20988	7.83109	3.3696	3.42023	4.43323	8.88289	8.76567	5.61041	6.35145	6.13913	7.73163	8.92523	7.65428	11.6451	8.21353	16.6864	17.635	12.5696	7.76198	4.81675	1.77791	2.68106	1.77381	3.93971	2.9974	3.22309	0.348485
ihec.chipseq.ihec-chipseq-containerv1.1.4.IHECRE00003829.4.33447c54-51f2-4852-abc6-ea1c91194a13.fc.signal	6.17437	5.82618	1.75455	0.838704	1.38063	0.421448	0.87208	2.51857	2.59475	3.87539	4.83799	3.71452	4.97242	3.44511	1.73191	2.73457	2.73268	1.93717	2.62723	1.87349	3.08297	1.19896	3.31203	8.19597	8.82824	6.21692	2.41305	1.09333	1.07213	0.743296	0.78716	0.835672	1.06814	0.608492	1.68963	2.52647	0.221691
ihec.chipseq.ihec-chipseq-containerv1.1.4.IHECRE00003818.1.5f689ee3-a1ac-46cd-9df5-204fd2293fe3.fc.signal	0.882954	1.8438	0.977713	1.39809	1.1495	0.806227	0.973032	1.29045	0.134372	2.80504	8.00619	9.31488	4.27206	3.70161	5.82843	3.69174	5.58412	4.04592	2.50105	2.50851	5.53781	1.70589	1.34607	2.88096	2.62642	4.39014	5.90533	3.6325	5.08472	3.41342	2.58085	2.55395	1.77764	2.21589	2.77878	1.92057	0.377358
ihec.chipseq.ihec-chipseq-containerv1.1.4.IHECRE00001902.1.0214b245-4175-4c1b-a203-eb8edbfbdf0a.fc.signal	6.65107	4.00246	3.06625	1.59791	0.502054	1.84051	1.37539	1.38257	1.94684	5.76839	7.00011	8.53332	6.48583	3.00136	2.96531	3.35049	2.43838	2.80689	1.02146	1.74258	1.85691	1.54287	3.03031	4.55741	3.80268	1.88805	0.947781	0.811705	0.785112	1.73246	1.09826	0.602454	0.269836	0.258754	1.3032	1.11533	0.460227
ihec.chipseq.ihec-chipseq-containerv1.1.4.IHECRE00003804.1.19adda8d-7b9f-4fc8-9f3c-3606862bc9a2.fc.signal	4.25815	3.018	1.36459	0.744336	0.552531	0.365499	0.577211	0.246532	2.09079	6.96531	9.36144	7.0743	5.51036	4.45343	4.79291	4.64886	1.61293	1.53895	2.27377	2.10786	3.1872	2.62243	3.18061	3.18272	2.62538	3.30057	1.85032	1.12176	1.34408	0.799648	1.00837	1.22704	0.922575	1.49937	0.44349	0.185957	0.375796
ihec.chipseq.ihec-chipseq-containerv1.1.4.IHECRE00000943.7.af323a26-7686-421e-89db-fa2bad412a32.fc.signal	1.15786	2.53534	1.3899	1.01127	2.15355	0.852636	2.75939	4.56977	2.66669	2.28689	5.19881	3.03821	0.374029	2.10323	0.957154	2.83505	3.6123	3.45303	5.46291	2.67511	2.11445	0.952077	1.78084	2.65694	1.1701	1.48161	2.66338	2.01701	2.85814	1.06013	1.91812	1.23394	1.27457	1.30578	1.08329	0.869802	0.803468
ihec.chipseq.ihec-chipseq-containerv1.1.4.IHECRE00001013.4.dd6ee57f-cc2d-4ef9-a0a6-305ef4d04ad5.fc.signal	1.75247	2.5658	1.2256	0.309501	0.758825	0.729128	0.726187	0.573636	2.4134	3.23015	3.94214	4.34632	6.98022	5.47846	3.12504	4.03009	3.61663	2.86643	3.32168	1.76538	1.67004	0.308579	1.42873	2.40719	2.13293	3.16145	2.43929	1.96156	1.77695	1.44774	2.84465	2.8462	2.29001	1.94607	1.10457	1.17373	0.47619
ihec.chipseq.ihec-chipseq-containerv1.1.4.IHECRE00000242.3.8843da7d-cdf7-4888-a714-dd6f9ae96b22.fc.signal	0.218095	0.590913	0.511839	0.309407	0.189957	0.107909	0.113504	0.188709	0.417002	0.781258	1.17258	1.62971	2.16446	2.51614	2.3877	2.42423	1.73861	1.26489	0.89938	0.770538	1.10113	0.665178	1.02397	2.12162	2.03384	1.49215	1.29483	1.4103	1.09969	0.845177	1.06171	1.32466	1.06531	0.631752	0.530265	0.665964	0.175385
ihec.chipseq.ihec-chipseq-containerv1.1.4.IHECRE00001905.1.01db0809-91fa-4fb8-a9d7-60bc51bd2d7e.fc.signal	12.1339	11.6902	6.23695	2.6751	1.11395	1.00838	1.6969	5.24516	7.84212	16.8302	24.4192	19.8445	13.9616	9.13897	12.0949	14.4835	8.57917	10.5644	15.4971	20.2502	26.068	22.2498	18.1079	16.2243	9.08103	13.8839	21.6462	13.2982	7.00459	3.43229	2.40336	1.54129	1.05293	1.39537	1.28733	0.852226	1
ihec.chipseq.ihec-chipseq-containerv1.1.4.IHECRE00000310.2.85b669d2-4eb9-499e-8857-891f684c1a1f.fc.signal	3.67808	2.76415	0	0	1.16207	4.85136	3.67249	6.2278	12.1511	6.18207	4.69051	8.78892	8.01042	4.86264	1.15228	3.58384	8.17028	4.05848	4.81202	4.15186	8.46167	1.5231	0.899145	11.2869	14.2721	11.273	17.1949	15.6073	7.86525	5.40595	5.5938	3.80987	5.16831	8.41621	8.08005	9.22625	0.526316
ihec.chipseq.ihec-chipseq-containerv1.1.4.IHECRE00001891.4.89df7901-62b0-45af-9204-076797d91c40.fc.signal	2.45133	1.02882	0.277625	0.158523	0.905439	0.312035	0.859317	0	0	0.560893	1.66294	0.743309	0.317312	1.96624	3.3143	1.76163	2.99689	0.973349	4.49369	4.64099	0.688941	0.0186108	1.12926	1.64612	1.90778	2.14816	0.800545	0	0	0.824751	0.933146	0.3584	0	0.374422	0.784152	1.45557	0.358974
ihec.chipseq.ihec-chipseq-containerv1.1.4.IHECRE00003830.4.fb9c6ae6-03c8-4296-b2fc-7f376ddf8a74.fc.signal	6.33786	4.33594	2.30357	1.36714	0.940507	0.0407703	0.107072	0.899631	1.04685	2.17445	2.96835	3.67938	1.97888	2.39513	3.20599	3.35226	3.60151	2.48304	3.84877	4.00353	4.61963	1.24432	1.45744	3.10479	3.3757	2.47383	1.58502	0.783891	0.939347	0.82836	0.402905	0.529529	0.697394	0.622719	0.574803	0.719119	1
ihec.chipseq.ihec-chipseq-containerv1.1.4.IHECRE00001965.2.2738728e-c625-46ab-90a4-80a1e15e2e66.fc.signal	1.3663	2.63587	1.94467	1.13437	0.675283	0.287268	0.885166	0.358445	0.548801	1.60092	2.76721	3.22636	2.73285	2.50203	3.15639	3.21175	2.29304	2.4587	2.76599	1.03496	0.681401	0.559857	0.925699	1.45235	1.55284	2.00675	2.31262	1.01999	0.882995	0.697068	1.06375	1.31728	0.737818	0.535035	1.18629	0.544422	0.228311
ihec.chipseq.ihec-chipseq-containerv1.1.4.IHECRE00001007.4.930110af-b1d2-43fd-acc9-c2552f92c18b.fc.signal	2.15559	2.39551	0.887219	0.777732	0.714454	0.275031	0.606563	0.550236	0.978271	1.40646	2.70854	2.23175	4.18717	4.35258	2.76149	5.51367	5.18069	4.60186	4.14699	2.24678	4.52715	0.939485	1.30108	2.95812	2.95951	3.53097	2.70768	1.7071	0.986102	0.576265	2.41711	2.59672	1.75466	2.1836	1.5224	1.28599	0.859375
ihec.chipseq.ihec-chipseq-containerv1.1.4.IHECRE00003402.2.864e3441-10a9-434f-bc8b-9117f89777a3.fc.signal	0.0662544	2.02329	2.78395	1.26564	1.19019	0.313955	0	0	0	0	1.78262	2.69886	1.59456	1.22915	1.04025	0.781574	0	0.491705	1.49114	1.92926	1.54343	1.61184	1.99861	1.22903	1.27565	0.940751	0	0	0.50637	1.43302	1.10794	1.21652	0	0	0	1.36104	0.428184
ihec.chipseq.ihec-chipseq-containerv1.1.4.IHECRE00001011.4.1ac39a15-861c-4951-b231-e7623ea87433.fc.signal	1.27953	1.40982	0.683272	0.739219	0.805488	0.310496	0.512166	0.617147	1.76907	2.18465	3.28845	3.17577	3.24786	2.57988	2.35667	3.40109	2.76993	2.64989	2.94613	1.51597	1.79713	0.817376	1.3114	1.67236	2.08445	2.95918	2.16494	1.60212	0.961813	0.580541	1.48671	1.68047	1.56456	0.672947	0.401178	0.51172	0.594595
ihec.chipseq.ihec-chipseq-containerv1.1.4.IHECRE00003827.1.901da503-70cf-4026-b479-817005e87735.fc.signal	6.69056	4.58693	1.327	0.515597	0.415881	0.177429	0.132121	0.313288	0.451796	1.88381	4.90037	4.00575	3.35258	2.43745	3.0168	2.7111	2.27143	2.59963	2.50759	1.79236	1.70769	0.821084	1.1833	1.39632	0.86563	0.537965	0.411734	0.528558	0.568053	0.500634	0.525963	0.517873	0.528866	0.661477	0.861926	0.709102	0.553371
ihec.chipseq.ihec-chipseq-containerv1.1.4.IHECRE00000974.7.85f89b17-aeba-4a6e-bcd1-5f7463b1eb27.fc.signal	1.47472	1.50171	0.291448	0.508003	0.58103	0.161005	0.62123	1.20028	1.499	2.15147	3.40456	2.54537	0.319217	2.4254	1.79675	2.55182	1.40144	0.940669	1.82445	0.935193	1.62818	0.534297	2.32445	2.15028	1.42296	1.37961	2.70535	2.15043	1.87944	0.843512	1.39898	1.63029	1.24764	1.17653	0.909757	0.695494	0.775811
ihec.chipseq.ihec-chipseq-containerv1.1.4.IHECRE00000228.3.6dc10c5d-c31d-41e0-b93a-1f02c86942e4.fc.signal	0.790622	1.50492	1.32868	1.02632	0.222605	0.0336176	0.227818	1.0423	2.28664	2.95749	3.16175	3.1285	2.12622	1.29061	1.39117	1.89849	1.39013	1.41344	1.29687	0.947804	1.21668	1.03369	1.47412	1.72117	2.23629	3.01591	1.43179	1.71852	1.83623	1.51522	1.30094	0.833265	0.646574	1.10752	1.52717	1.85558	0.137037
ihec.chipseq.ihec-chipseq-containerv1.1.4.IHECRE00000964.7.10076c7e-f79e-4b00-a93b-8c94fb34535f.fc.signal	1.31684	4.37682	3.49038	2.51655	1.61092	1.18456	0.11358	0.307264	1.85959	6.64252	3.29056	2.48024	0.157658	0.712993	0.176669	5.17181	1.73215	1.72511	3.64405	1.25374	3.38535	0.685808	2.31936	3.75246	2.4367	3.75823	6.93407	4.57462	3.5666	3.496	1.56723	1.56667	1.17173	1.23431	2.45131	1.74413	0.555916
ihec.chipseq.ihec-chipseq-containerv1.1.4.IHECRE00004900.1.255a9279-9bfd-4bf8-bbb4-56dd958d45f6.fc.signal	1.43713	3.48201	3.5362	1.989	1.49707	0.780408	1.6929	1.2104	4.44254	6.39875	4.08795	3.82216	2.91909	1.72561	1.14557	2.65892	2.52109	1.38289	1.65962	0.899564	1.83434	1.43206	1.18186	1.48503	1.41171	1.84337	1.92518	1.93959	0.649339	1.5476	1.69065	1.48498	0.380847	1.14001	1.67025	1.44645	0.26087
ihec.chipseq.ihec-chipseq-containerv1.1.4.IHECRE00003847.4.6766be7e-7a8e-4df0-9a81-95d754bf6fc1.fc.signal	5.47997	2.57805	1.10876	1.24736	0.444421	0	0.273113	1.23071	1.63251	2.70011	6.05831	6.41836	3.95882	5.7994	4.05398	4.42067	4.22439	4.9174	5.65512	5.14679	6.97545	4.15112	6.90278	8.73518	6.76019	6.55442	3.86609	3.45936	2.78018	3.08472	3.52868	1.95898	2.15663	1.79836	3.08342	3.17947	0.196998
ihec.chipseq.ihec-chipseq-containerv1.1.4.IHECRE00003817.1.69d9ebdf-0f23-4c5e-8a37-c8d2e360479a.fc.signal	8.4291	5.75061	3.17005	2.07281	0.991583	1.08206	0.953056	1.2933	3.88445	10.0439	14.2472	14.4589	9.66483	6.2292	5.10721	4.62292	2.86766	2.7967	3.10893	2.98097	2.16219	1.54985	1.61704	2.75043	2.80588	1.62412	1.47938	1.34119	0.935346	0.608509	0.8145	0.453235	0.176569	0.431616	0.731762	0.704636	0.416185
ihec.chipseq.ihec-chipseq-containerv1.1.4.IHECRE00003836.3.99b27424-8cc1-4279-877c-81e486b3d19a.fc.signal	10.1695	9.24685	2.98157	1.28611	1.44019	0.17647	0.491479	1.62965	1.92186	2.91532	5.92552	3.66066	3.89154	3.01852	2.81383	2.12571	2.47381	1.65284	2.33221	1.5656	1.66513	0.470749	1.26075	0.610622	0.570473	0.882856	0.474362	0.335529	0.571598	0.790927	0.784171	0.642255	0.575663	0.113518	0.121268	0.112902	0.26828
ihec.chipseq.ihec-chipseq-containerv1.1.4.IHECRE00003685.2.08c7f8f1-8d33-4b78-a437-57675e0cb0f4.fc.signal	5.43181	6.6225	1.90856	0.46508	0.450946	0.128113	0.194939	0.102933	0.760513	1.58675	2.05656	1.65176	1.45983	1.01249	1.37005	1.63064	1.4962	0.876208	1.21836	1.14871	1.74928	0.574327	0.735886	0.899625	0.8095	0.356803	0.474452	0.220035	0.447206	0.22831	0.313076	0.633879	0.258494	0.401671	0.872376	0.755067	0.50358
ihec.chipseq.ihec-chipseq-containerv1.1.4.IHECRE00001025.7.b74fcffa-6769-49b3-a5e1-d1a14d1711c8.fc.signal	0.504447	1.01634	1.24732	1.05604	0.746133	0.328687	1.02195	0.775587	1.12619	1.71331	1.72645	1.22407	0.695832	1.46641	2.01687	2.61368	2.61125	2.36501	2.81577	0.903663	1.08125	1.15874	1.84623	2.3017	1.50962	2.16635	2.99727	1.624	1.19266	1.68957	1.18468	1.073	1.6564	1.46415	1.5849	0.666303	0.309756
ihec.chipseq.ihec-chipseq-containerv1.1.4.IHECRE00000233.3.58100d32-de3d-456a-a280-51cbf3f744ab.fc.signal	0.971666	1.76169	1.63199	1.13915	0.309847	0.0131221	0.171187	0.705893	1.67094	2.58968	3.34825	3.23283	1.65893	1.49337	1.03763	0.624034	0.875236	1.47979	1.3419	0.597379	0.385175	0.529981	0.96701	1.41007	1.88308	1.70426	1.34039	1.13251	0.536874	0.218705	0.458912	0.50428	0.515127	0.783542	0.864163	0.988369	0.289474
ihec.chipseq.ihec-chipseq-containerv1.1.4.IHECRE00000227.3.dec25b9b-6df6-4939-9e00-5325f2277db2.fc.signal	0.480882	0.383742	0.378068	0.356245	0.136986	0.0421825	0	0.00773053	0.0752814	0.211248	0.336106	0.683799	0.953651	1.41417	1.40713	1.5035	1.48859	1.30193	1.12719	0.758347	0.735237	0.338199	0.427833	0.722817	0.839424	0.418138	0.389518	0.498303	0.287149	0.208251	0.415886	0.204657	0.202672	0.189376	0.0923363	0.123462	0.403409
ihec.chipseq.ihec-chipseq-containerv1.1.4.IHECRE00001889.4.f8ce3430-b2fd-414a-9546-9bea993d3d31.fc.signal	2.61384	1.20298	0	0.182581	0.324264	0	0.160491	0.623652	0.389619	1.4275	5.01026	0.376934	0	0.0420803	1.53624	1.23508	0.683836	0	1.63005	1.18814	0.795785	0.845496	0.516001	1.3649	1.10299	0.0594337	1.62826	0.631885	1.03994	0.633595	2.01961	0.582066	0.478359	2.34298	1.24673	0.279559	0.151601
ihec.chipseq.ihec-chipseq-containerv1.1.4.IHECRE00001878.2.c83ba750-10c0-4b5c-a8d5-15d9d1070487.fc.signal	0.733721	0.992543	0	0	0.992131	0.375036	3.66648	0.815006	0	0.881892	0.0664704	0	0	0.356761	0.403377	0.600701	1.91431	0.16268	0.967126	0	0	0.31455	0.757378	0.769184	0.80681	0.617568	0.926566	0.525205	0.86882	1.11327	0.551448	0.614355	0.702966	1.97934	0.53848	0.945147	0.471154
ihec.chipseq.ihec-chipseq-containerv1.1.4.IHECRE00000942.6.a17b3eb5-1248-4c56-a9b9-a415748c2b58.fc.signal	0.341047	1.43119	0.945527	0.744593	0.785508	0.382897	1.42152	2.29383	3.18692	4.89356	6.4038	2.70189	0.214985	2.95211	2.03973	1.817	2.78931	1.19596	2.34727	1.12369	0.831539	0.638697	1.42233	1.20673	1.31112	2.39766	3.13043	1.60554	1.82055	1.56765	2.43066	2.5765	1.51924	1.66574	1.28414	1.82923	0.688623
ihec.chipseq.ihec-chipseq-containerv1.1.4.IHECRE00004884.1.83ea03d7-6e78-47ac-9ea3-4d33b074e7dd.fc.signal	1.94674	2.55804	1.67378	1.25442	0.449448	0.307058	1.30028	4.12357	4.57241	9.54641	6.10943	2.68067	3.46653	1.13974	1.35845	1.8836	1.27325	1.01791	0.76738	0.242544	2.79497	2.63707	1.72736	3.32861	1.76614	2.33225	2.14588	3.17343	1.40797	0.62211	1.95447	2.51246	0.706221	0.427951	1.38203	2.19168	0.170819
ihec.chipseq.ihec-chipseq-containerv1.1.4.IHECRE00003404.1.1fd6b31e-ead4-4fb6-96e7-e6c055ca09bb.fc.signal	2.36152	2.33106	1.00838	0.335105	0.702717	0.0353831	0	0.484898	0.389214	0.884214	3.52118	0.646241	0.743061	1.56206	0.91159	0.720477	1.16265	2.45991	1.30831	2.0769	0.960439	3.27701	1.53703	0.273039	0.617962	1.04159	1.32528	0.949962	0.636378	0.0040888	0	0.245533	0.361152	1.62272	1.21827	0.928841	0.476744
ihec.chipseq.ihec-chipseq-containerv1.1.4.IHECRE00003812.1.3eaee204-4355-40f7-82b3-c8709fa3a29d.fc.signal	3.57634	3.92175	1.71832	0.686295	0.254573	0.279937	1.39576	0.772937	0.919027	4.82731	9.56994	6.43458	7.28534	6.56021	5.68625	5.99331	7.41145	5.73139	5.17102	4.41507	8.49145	6.76778	7.42189	7.72777	7.96268	7.64721	7.73052	5.86101	5.12414	4.89171	2.81995	4.72361	4.07239	2.44763	3.88587	3.00384	0.641156
ihec.chipseq.ihec-chipseq-containerv1.1.4.IHECRE00001008.4.87ad0368-7e23-42e2-862b-00c0d1fef2ce.fc.signal	1.82457	1.17666	0.506681	0.351846	0.639749	0.322762	0.533706	0.975387	2.38858	2.67096	4.28214	3.54849	3.63843	4.17349	3.2001	5.17452	3.93311	2.81329	3.94472	1.62478	2.7872	1.42925	1.79571	1.98844	2.43515	2.70069	2.28586	2.7332	2.20367	1.30334	2.09792	1.58154	1.45951	1.77478	1.29895	1.25961	0.260064
ihec.chipseq.ihec-chipseq-containerv1.1.4.IHECRE00003696.3.49d57242-0349-4448-9479-911cd2c363c1.fc.signal	4.18974	4.41432	1.67841	0.53382	0.278962	0.287248	0.147472	0.211628	0.669102	0.680539	1.88669	2.97058	1.711	2.3948	2.53391	1.03034	1.77706	2.36141	2.25338	2.05777	2.2495	0.659668	1.84389	1.77314	1.16124	1.10548	0.321792	0.302397	0.462147	0.115836	0.0056836	0.245791	0.133082	0	0	0.0313785	0.5
ihec.chipseq.ihec-chipseq-containerv1.1.4.IHECRE00000237.3.279b9afd-b79a-4c0b-b848-c635b99df0f3.fc.signal	0.732946	1.20481	0.8769	0.903539	0.879196	1.09158	2.43201	3.05453	3.16175	3.10111	2.81646	2.37598	1.72758	1.24951	1.1044	1.37127	1.30509	1.39683	1.74626	1.00832	0.960629	0.919265	1.66235	2.5625	2.11754	1.43885	1.7874	1.6212	1.16364	1.22811	1.27012	0.921201	0.830329	0.988914	0.875377	0.822565	0.208288
ihec.chipseq.ihec-chipseq-containerv1.1.4.IHECRE00001012.4.ceb637d9-2ce3-4213-9dcd-4173dd734e28.fc.signal	0.704999	0.748096	0.180918	0.0713186	0.115546	0.11143	0.561641	1.0102	2.01909	1.42462	1.87834	2.90792	5.47047	2.1086	2.07586	4.23813	3.61116	1.74242	2.25904	1.01479	1.17353	0.488634	0.548493	0.67435	1.21906	2.55748	2.16191	1.95248	1.93596	0.378576	2.28967	1.51797	0.935826	1.41477	2.11076	1.42874	0.497521
ihec.chipseq.ihec-chipseq-containerv1.1.4.IHECRE00001956.2.98baf052-40a0-482d-b546-3f729875aa39.fc.signal	4.69267	5.49531	2.08207	1.19558	0.894483	0.937454	2.45064	0.731106	1.16854	3.65219	8.91986	5.72238	2.97459	5.05787	8.1078	10.8579	6.36335	4.50849	4.28244	3.43822	3.70458	3.18997	5.02341	2.92402	5.16961	3.99789	2.90941	1.98046	1.6302	1.30318	2.9977	3.4428	1.51722	1.2981	1.11585	1.34392	0.250206
ihec.chipseq.ihec-chipseq-containerv1.1.4.IHECRE00003398.1.428318a7-43f4-48e5-9009-6a279ba6c4eb.fc.signal	1.1494	2.86494	1.09365	2.4492	1.33524	0.200997	0	0	0	0	0.727137	1.24171	0	0.878704	0	0.76728	1.47058	3.13181	2.07824	0.222656	1.41121	1.07748	1.46822	1.97766	2.42231	0.728979	2.68872	1.70636	1.76162	0.283723	0	0	0.695077	2.6741	3.0919	2.34166	0.382812
ihec.chipseq.ihec-chipseq-containerv1.1.4.IHECRE00001901.1.16fe48e6-bb3e-487a-8565-bd4680bfb7cf.fc.signal	5.80791	4.43248	2.53156	1.24326	0.625755	0.474504	0.814077	1.50598	3.59429	6.92385	6.344	6.68889	4.47349	2.67957	2.64188	2.50871	1.41866	1.71707	2.16434	2.85486	2.61467	2.1439	2.71007	2.22787	2.32542	2.37416	1.64367	1.48173	0.939981	0.746485	0.613052	1.03106	0.876618	0.584213	0.519389	0.467914	0.56044
ihec.chipseq.ihec-chipseq-containerv1.1.4.IHECRE00000775.1.0fb1e686-4f1c-4706-b5f2-84ac84a9ffd9.fc.signal	3.24065	5.68192	1.98011	0.0965349	0	0	0	0	0	0.0748968	2.65536	3.38559	0.562912	0.876084	1.14132	1.16639	1.88417	3.36305	2.89057	4.53656	3.08672	1.55606	2.08275	1.22566	1.505	0.493863	0	0	0.0269156	0.511434	0.692792	0.102987	0	0.54066	0.545365	0.35114	0.218182
ihec.chipseq.ihec-chipseq-containerv1.1.4.IHECRE00004905.1.1fb16ad5-9469-4e3d-8b91-c2d692d318b3.fc.signal	2.47352	1.62173	0	0.072179	0.72179	0.620739	0.72179	0.450899	0.733159	3.81495	7.11163	2.8248	1.5351	2.73337	3.02691	3.15541	1.82755	2.78568	1.36066	1.08901	2.1096	0.661886	0.797003	0.542505	1.31703	2.84484	3.47964	2.44449	1.34743	0.917261	0.867929	0.721209	0.828308	1.33703	2.81106	2.88739	0.264865
ihec.chipseq.ihec-chipseq-containerv1.1.4.IHECRE00004615.1.dc1c3cb6-a39e-4f93-b860-65238212598d.fc.signal	3.05653	2.60865	0.943819	0.456949	0.514888	0.194286	0.110394	0.532043	0.517326	1.17237	2.09761	1.18497	0.793673	0.871061	0.901057	1.35004	0.830617	0.818926	1.2877	0.933936	0.767351	0.12723	0.847419	0.76747	1.21032	1.03575	0.870832	0.786073	0.425933	0.0512208	0.828468	0.89501	1.09799	1.0933	1.54007	1.45094	0.111905
ihec.chipseq.ihec-chipseq-containerv1.1.4.IHECRE00001235.5.9288c3da-b959-4677-8b20-db92036ed803.fc.signal	0.431946	1.42019	0.653323	0.357193	0.521172	0.0774901	0.652193	0.676651	1.69763	3.16476	5.5319	2.37523	2.67037	1.81771	1.3089	1.96155	1.93707	1.13985	1.5451	0.58905	1.25366	0.35715	1.13525	1.35895	1.60181	2.06723	2.76346	1.21269	0.526903	0.34925	0.966735	1.51421	0.493561	0.45046	0.446701	0.876214	0.349057
ihec.chipseq.ihec-chipseq-containerv1.1.4.IHECRE00000221.3.124af268-a818-4305-aa8a-49d899ed859c.fc.signal	0.283474	0.536899	0.907577	1.224	1.12495	1.45704	1.6266	3.15281	2.96718	2.49444	1.47351	1.32941	1.53196	0.992385	0.949463	1.07446	0.310398	0.171763	0.533253	0.917476	0.977595	1.45559	0.52406	1.07663	1.32381	1.74247	1.34965	1.15615	0.235252	0.619337	0.515353	0	0.412056	0.836157	0.569047	0.461365	0.429598
ihec.chipseq.ihec-chipseq-containerv1.1.4.IHECRE00003808.1.260e3e1c-de41-442c-b2e6-f3725a4bad2c.fc.signal	2.84456	1.77894	0.630525	0.620281	0.43034	0.545157	0.578395	0.772086	2.00726	4.16915	5.23688	7.4173	5.89771	4.32367	5.06557	3.11932	1.47514	1.13202	1.67459	2.90313	2.24271	1.49358	2.96056	4.01545	2.69889	1.57056	1.10832	1.01362	0.731318	0.744151	0.698745	0.759798	0.668911	0.567653	0.788965	0.547621	0.354717
ihec.chipseq.ihec-chipseq-containerv1.1.4.IHECRE00003806.1.c4b2329a-6de9-492b-b3ba-0bb940a27937.fc.signal	9.72353	9.87651	5.21153	3.59449	1.89928	1.19388	2.58719	3.3391	8.26591	13.5652	18.0976	13.4636	10.4243	10.2478	10.36	12.9995	15.9403	16.8818	17.325	12.5307	16.755	16.3714	14.322	14.9064	12.9572	15.0069	21.5526	22.3252	12.4592	6.28775	3.66743	2.51098	1.21974	1.43466	1.74665	1.87971	0
ihec.chipseq.ihec-chipseq-containerv1.1.4.IHECRE00004602.2.39c1560e-774f-4bff-84aa-a2713d387a09.fc.signal	5.33524	4.28729	3.03749	1.6577	0.773219	0.0733172	0.124771	0.421986	0.861972	1.37145	3.68592	3.73997	2.66936	3.06948	1.90136	2.54733	1.89377	1.55669	3.57657	3.58043	2.51903	0.762908	1.83717	3.64082	3.25125	1.68038	1.0334	0.432974	0.723021	0.999632	1.35346	0.366614	0.460555	0.533932	0.73944	0.75909	0
ihec.chipseq.ihec-chipseq-containerv1.1.4.IHECRE00003813.1.9e057db0-12a8-4506-8d1c-dcb4b250c1de.fc.signal	4.98085	3.02326	2.2065	0.925878	0.510945	0.404832	0.661666	0.792557	1.77762	4.16617	7.26057	7.59438	4.45246	4.05467	3.12371	1.5023	1.57166	1.90324	1.85156	3.1408	3.16636	3.24838	4.31438	3.66478	1.78198	1.13481	1.31816	0.914403	0.952607	1.06282	0.608475	1.81075	1.47188	0.436708	0.362141	0.314084	0.234286
ihec.chipseq.ihec-chipseq-containerv1.1.4.IHECRE00001900.1.2fed605f-5556-495f-a3dc-996f1c618e91.fc.signal	3.43441	2.16377	1.64885	0.967648	0.544942	0.259321	0.622276	0.730306	1.29223	4.22443	5.25668	4.05111	3.07213	2.40545	2.26879	1.54706	1.04179	1.43048	1.14778	1.07669	1.03193	0.955453	1.78394	1.85062	1.76553	1.54128	0.676784	0.701108	0.537214	0.526151	0.501241	0.379789	0.415741	0.201493	0.465143	0.609175	0.155556
ihec.chipseq.ihec-chipseq-containerv1.1.4.IHECRE00000969.7.0baab4a8-a829-4c43-b8f6-5a3994be9e01.fc.signal	5.56486	6.1312	1.17458	0.577142	0.338468	0.581065	0.897785	3.38254	3.03112	11.0251	11.8275	5.58566	1.72963	5.58846	2.70475	4.02609	1.95877	4.12016	5.73625	2.18425	3.48964	1.76299	0.36609	0.87165	2.89167	1.54255	0.857785	1.51515	0.854493	0.0477551	2.84555	1.3509	0.208297	1.57711	0.946935	1.01257	0.418033
ihec.chipseq.ihec-chipseq-containerv1.1.4.IHECRE00001022.4.3ac2b187-51fd-4412-820f-81fb8b5a3122.fc.signal	1.95718	1.53202	0.894169	0.956322	0.544662	0.221191	0.630566	0.831834	2.72685	2.04303	2.87713	4.07335	3.99148	3.88165	3.11869	4.81651	4.29422	2.3994	3.41936	2.19877	2.88094	1.52916	2.74505	2.70699	3.8627	2.85205	4.15692	4.09848	3.18085	2.6848	5.25267	5.46188	4.53906	2.42572	1.77381	0.644915	0.512821
ihec.chipseq.ihec-chipseq-containerv1.1.4.IHECRE00004664.3.f02f78f0-4a04-4485-8f18-d6274e109965.fc.signal	1.31983	1.24739	0.763121	1.31818	1.62435	1.29651	1.89074	1.51962	1.32683	1.88985	2.99537	2.97367	2.73393	2.05389	1.27557	1.20072	0.982254	1.15522	1.44074	1.84347	1.29839	0.794149	1.95209	1.70734	1.18557	1.31544	1.39248	2.52337	1.75806	0.676796	0.588152	0.846377	0.531858	0.974093	0.565162	0.452198	0.352381
ihec.chipseq.ihec-chipseq-containerv1.1.4.IHECRE00001888.4.4c779d5c-81a6-4492-a2ab-32ef5f8f70d0.fc.signal	4.08847	3.86343	3.13974	1.68267	0.779155	0.277106	0.321867	0.0242964	0.430635	0.824573	0.735158	1.17422	1.59774	2.1448	3.83445	4.89308	4.47577	3.7975	4.99233	3.60847	2.18844	1.24233	2.31814	1.50069	1.95267	2.12808	3.22587	2.56953	0.780369	0.454721	0.48945	0.325653	0.466678	0.154803	0.30773	0.49468	0.360276
ihec.chipseq.ihec-chipseq-containerv1.1.4.IHECRE00001913.1.5545bcc7-1d10-4b9f-b8ab-ad8d845f8fcc.fc.signal	6.88819	6.23949	2.39202	2.0877	0.75251	0.082579	0.953016	0.978944	0.618049	1.03088	7.62499	6.56908	3.89706	4.39244	3.89943	3.50698	3.37546	2.32833	2.91243	1.59565	2.89496	1.50928	1.68822	0.351505	0.242969	1.41776	3.04546	1.08642	0.993132	0.762076	0.727967	1.36615	0.473013	2.08611	1.91534	0.938345	0.252101
ihec.chipseq.ihec-chipseq-containerv1.1.4.IHECRE00003679.3.b6f7e119-ff00-43c1-b8c9-a6de8420c8f5.fc.signal	3.03157	2.19286	1.48574	1.14974	0.397601	0.238139	0.147122	0.0519237	0.368408	1.11324	2.52181	2.51097	3.61972	2.83122	1.65701	1.6692	1.4386	1.57152	2.61777	1.96686	2.22196	0.684801	2.20299	2.19788	0.910573	1.199	0.846189	0.69305	0.989825	0.506776	0.358238	0.474723	0.72597	0.396374	0.0543213	0.092674	0.31738
ihec.chipseq.ihec-chipseq-containerv1.1.4.IHECRE00004609.2.33d21ea8-28ff-4f08-83bc-ecd68e8e31f9.fc.signal	2.32691	5.27497	1.16618	0.539664	0.190856	0.15153	0.406005	0.390977	0.675638	1.12798	2.80541	2.87019	3.72051	3.75055	1.37271	2.60828	1.79566	1.41633	2.21619	1.79646	1.83285	0.818156	3.71711	3.86507	3.61376	2.37171	2.43992	2.13794	0.883835	0.89894	1.30727	2.17959	2.24319	2.15159	0.671302	0.614781	0.234914
ihec.chipseq.ihec-chipseq-containerv1.1.4.IHECRE00003715.2.f452847b-856b-4b4d-bec4-906e8d705518.fc.signal	0.194203	1.58117	2.08928	4.00923	2.46279	1.22169	3.06359	1.50339	7.2257	4.38809	3.68259	4.53978	1.97716	2.6588	3.63013	4.57923	4.78935	3.19741	5.42287	3.71939	2.30387	0.801494	3.71622	2.7599	2.2665	1.68476	1.13326	0.636406	1.08244	1.36942	1.28384	1.74384	0.694662	1.69903	1.5511	2.33445	0.552482
ihec.chipseq.ihec-chipseq-containerv1.1.4.IHECRE00001014.4.d88042e4-1601-46b6-a41f-552182f8a102.fc.signal	1.29802	1.25725	0.945234	0.618567	0.60759	0.416898	0.497091	0.930912	1.68042	1.81095	2.61901	2.60793	2.19613	2.54308	2.22355	3.12906	2.43675	1.48894	1.61015	1.11397	1.91864	0.677357	1.16335	1.77031	1.6728	1.68477	2.18802	1.51165	1.43246	1.16526	0.978142	1.11006	1.23557	1.48052	1.22363	1.54299	0.44
ihec.chipseq.ihec-chipseq-containerv1.1.4.IHECRE00003822.3.476846c8-9a98-404a-a2ae-8e077ecdcc70.fc.signal	6.12225	5.1695	2.14315	1.05446	0.79424	0.43551	0.191067	0.908846	1.63405	2.04662	3.53007	3.4639	2.71643	3.04683	2.74103	2.93449	2.66444	1.97388	1.92237	0.837937	1.6246	1.21304	0.695901	0.701197	0.841989	0.421739	0.813665	0.461201	0.387606	0.282244	0.852981	1.13637	1.00405	0.433512	0.218073	0.493757	0.396588
ihec.chipseq.ihec-chipseq-containerv1.1.4.IHECRE00003824.4.0d9403d3-7c49-45ef-b733-64b963da6a93.fc.signal	6.90926	5.58547	1.53624	0.275052	1.09051	0.0407482	0.363015	1.29409	2.34585	2.98431	3.81928	2.74209	2.71753	2.98033	3.28109	3.60874	2.95897	4.1212	2.699	3.59059	4.13895	2.62431	5.51327	8.36395	8.49155	5.0163	2.46762	0.951228	0.869839	0.587979	0.917099	0.484989	1.26109	0.704301	0.589921	0.714119	0.292683
ihec.chipseq.ihec-chipseq-containerv1.1.4.IHECRE00000229.3.d50d886e-de20-4390-91ea-79449d21afd2.fc.signal	0.902476	1.15356	1.33463	1.36424	1.06818	0.34798	0.628646	1.0333	1.70812	1.8732	2.34287	2.1454	1.22291	1.62898	1.71438	1.82141	1.00918	0.355909	0.522127	0.409602	0.677314	0.481625	0.631231	1.06852	0.989837	1.1314	1.05389	0.631675	0.384272	0.489642	0.724309	1.08425	1.03404	0.6862	1.02528	1.93114	0.275362
ihec.chipseq.ihec-chipseq-containerv1.1.4.IHECRE00000013.3.c56fb850-5356-4ade-95b8-b00dc069d5ee.fc.signal	6.40465	7.01388	2.33585	0	0	0	0	0	0.617773	1.15829	1.61515	2.99861	1.7567	5.00194	7.81217	9.17598	7.03025	5.54035	9.23533	6.26019	6.05922	9.376	8.17078	6.74737	7.47886	8.98677	9.11366	6.93862	8.83995	8.42334	3.16517	3.59547	2.83774	6.84018	2.4016	0.81493	0.705882
ihec.chipseq.ihec-chipseq-containerv1.1.4.IHECRE00000348.2.8ffe2ec7-cebe-4b75-9981-ce6939da93e1.fc.signal	2.38237	2.41789	1.75126	0.621158	0.887153	1.79615	1.09245	0.382646	1.26605	0.181529	0.971699	2.0282	0.512767	1.92463	2.53922	1.23627	0.334413	1.03295	1.14958	1.56052	0.142583	0.712923	1.63358	0.549888	2.09847	3.62772	4.63703	1.79834	1.14812	1.02548	0.146971	0	0	1.86347	0.822933	0.797925	0.799127
ihec.chipseq.ihec-chipseq-containerv1.1.4.IHECRE00004728.1.eff029f0-bac1-4b6d-a8ef-a052fc08bb40.fc.signal	3.66171	3.4995	0.903761	0.451264	0.106175	0.223811	0.334915	0.371195	0.519807	1.09967	2.1425	2.65886	2.34593	2.64877	2.01651	2.26324	1.32011	1.72074	2.29399	1.1559	1.01146	0.435381	2.46534	1.53565	2.16336	1.46544	0.263635	0.730228	0.456028	0.652697	1.13545	0.725582	0.697032	1.27696	0.427713	0.206898	0.302682
ihec.chipseq.ihec-chipseq-containerv1.1.4.IHECRE00003684.3.6340c768-b60c-43ff-84dd-c55bbe817516.fc.signal	4.09555	5.1749	0.971234	0.328426	0.481998	0.0393163	0.0265157	0.158829	0.939433	2.46296	4.10827	4.20431	3.72873	3.5449	3.1187	4.06896	3.80578	5.10485	6.91095	4.99084	2.52334	0.770083	2.73187	2.76509	1.81233	1.50512	1.0499	1.08005	0.804621	0.697792	0.679506	1.2246	0.433486	0.321348	0.926423	0.394419	0.542185
ihec.chipseq.ihec-chipseq-containerv1.1.4.IHECRE00004604.3.2060b949-a0ba-4eb6-9071-42320bc08233.fc.signal	2.03211	1.57587	0.59136	0.8869	0.261119	0	0	0.442299	0.655268	0.816754	0.876651	0.702468	0.930161	1.94249	1.89666	1.32885	0.704437	0.983038	1.22946	0.16779	0.234567	0.623283	1.07904	2.02235	1.7873	2.11678	0.668976	1.16553	0.788587	0.590633	0.838259	0.502944	0.868602	0.953571	1.15997	1.42036	0.426829
ihec.chipseq.ihec-chipseq-containerv1.1.4.IHECRE00001508.1.3ff79a1c-fa56-40ee-8e45-af67644a868b.fc.signal	2.00052	3.54645	0.978129	1.15984	2.38607	1.47191	0.936438	1.4056	1.12271	1.76879	1.56333	2.02487	1.73841	0.476297	1.30492	0.632009	0.308159	1.09821	2.47675	2.00728	2.23902	2.83245	3.17079	4.45222	3.99559	5.3183	2.17101	1.80228	1.541	2.519	0.742543	0.711211	0.178623	0.919866	2.9755	2.45603	0.529032
ihec.chipseq.ihec-chipseq-containerv1.1.4.IHECRE00003675.3.ba41b0a8-afb1-412a-b955-efd4cd4011d5.fc.signal	3.33438	1.8396	1.99514	1.09586	0.322887	0.205639	0.16682	0.330464	0.235318	0.548209	1.95215	2.49977	2.50671	2.1793	1.80693	1.67968	1.41215	2.26959	2.28028	2.08845	3.25753	0.777751	2.15743	1.14314	1.30671	1.05988	0.541978	0.175556	0.607866	0.536028	0.299507	0.580558	0.629235	0.480229	1.01301	0.41326	0.297968
ihec.chipseq.ihec-chipseq-containerv1.1.4.IHECRE00000238.3.b9dbaad9-2938-4b18-847c-4c3a725caa30.fc.signal	0.666701	0.91121	0.649686	0.359874	0.209506	0.106637	0.237819	0.424448	0.319082	0.744197	0.818132	0.654581	0.785772	0.821058	1.0492	0.834972	0.455737	0.456912	0.400205	0.388102	0.553805	0.354804	0.350884	0.544137	0.613457	0.539762	0.422669	0.350553	0.159502	0.140057	0.128056	0.0720215	0.101946	0.0852113	0.0283441	0.0596993	0.267413
ihec.chipseq.ihec-chipseq-containerv1.1.4.IHECRE00000980.8.68531edc-00be-43f4-8cc7-5aba8c5c337a.fc.signal	0.74971	2.28934	1.69322	1.1731	0.498358	0.525737	0.896511	1.68803	2.53375	3.06651	1.92608	1.45633	0.17494	0.947139	1.01445	1.4402	1.17914	1.32849	0.748933	0.150302	1.31779	0.608331	1.64845	2.01495	1.46795	1.75331	1.27508	0.781366	1.65203	0.824559	1.06614	1.59385	1.45409	1.99297	1.35679	0.933487	0.2249
ihec.chipseq.ihec-chipseq-containerv1.1.4.IHECRE00000234.3.28974330-5516-4453-9680-5e36e5a6f76f.fc.signal	0.950607	1.89724	1.35712	0.739678	0.233704	0.0950861	0.156449	0.415752	0.301213	0.989992	1.90268	1.61583	1.49658	1.23379	0.895341	0.537065	0.338439	0.332086	0.171667	0.249305	0.46608	0.333359	0.256017	0.262567	0.193409	0.411878	0.479378	0.360445	0.167582	0.185662	0.381023	0.373728	0.296611	0.152666	0.159111	0.183303	0.347107
ihec.chipseq.ihec-chipseq-containerv1.1.4.IHECRE00001044.7.98dee4c6-4d34-480a-a6be-9b7ab769fa23.fc.signal	16.2729	9.60392	4.04185	1.99907	1.64951	3.14241	2.32315	4.5589	6.65628	12.6048	15.8058	8.09483	2.85842	5.46194	4.5334	1.70777	1.00134	3.13918	5.59457	3.48108	2.13743	1.56641	4.67524	4.16038	4.82568	3.17734	2.17268	0.856677	1.41451	1.16118	1.45834	2.82931	3.09462	4.18351	3.46728	2.58621	0.461717
ihec.chipseq.ihec-chipseq-containerv1.1.4.IHECRE00000222.3.66a40f9f-6ca2-4937-819f-50fcd48c0ff1.fc.signal	1.05915	1.22383	1.06467	0.947875	0.458949	0.189299	0.476139	1.22284	1.88429	3.0518	2.88495	2.10811	1.51518	1.70373	2.36739	2.00679	0.872839	0.832252	0.795085	0.788009	0.521567	0.553483	0.607544	0.829551	1.00241	1.66567	1.30146	0.541303	0.714223	0.467737	0.425065	0.466333	0.256309	0.447827	0.403604	0.561804	0.432911
ihec.chipseq.ihec-chipseq-containerv1.1.4.IHECRE00001936.1.93858f63-89ca-4fc1-b09c-156027aebe3c.fc.signal	5.4323	2.98165	0.794411	0.266943	0.0537344	0.313098	0.128273	0.414365	0.668237	0.851225	3.02293	6.24468	4.24376	4.27568	4.55181	4.65732	2.87674	3.71492	5.02869	8.33423	8.08157	3.79517	6.39671	2.34253	2.72597	4.48247	6.32255	5.99314	3.08162	1.88712	0.72981	0.95601	0.942165	0.684958	0.948639	1.18435	0.384906
ihec.chipseq.ihec-chipseq-containerv1.1.4.IHECRE00001488.1.ed526ba9-6db4-41ed-9033-78c197f98a7a.fc.signal	3.96116	2.55674	2.25708	2.4602	0.820092	0.87796	0.463169	2.06188	1.91663	3.72264	9.43623	5.52986	1.13608	3.19004	3.93486	2.55053	1.68533	0.895348	0.507504	0	0	0.0865153	0.851386	2.32695	0.617084	1.12416	1.38448	0.621288	1.00531	0.724681	0.841716	0.974332	1.39193	2.0991	2.41508	2.82131	0.463636
ihec.chipseq.ihec-chipseq-containerv1.1.4.IHECRE00001904.1.157e52bc-84ef-4d37-b10e-cb4efc6ff94d.fc.signal	5.20387	3.35589	1.13056	0.447644	0.126183	0.202835	0.340513	1.16088	2.32962	4.1855	6.66453	10.803	9.44166	7.858	12.536	11.7891	12.98	10.1137	12.8558	12.4721	15.1088	13.3285	15.4953	11.3549	4.33473	9.01614	13.1981	9.39193	5.75189	3.94084	2.99769	1.30982	0.992826	1.23695	1.50368	0.330556	0.491082
ihec.chipseq.ihec-chipseq-containerv1.1.4.IHECRE00000231.3.56cd85a8-5ca2-4de0-a140-ece4da1de9d3.fc.signal	0.950506	2.5042	1.80424	0.964119	0.266507	0.15284	0.464369	1.1108	2.06957	2.79404	3.96417	6.5465	4.32665	2.8688	2.28112	3.54106	3.05024	2.57658	2.29337	1.41156	1.98562	0.813261	1.36393	2.02543	2.42912	3.22565	2.12618	1.48429	1.41269	1.01228	0.879524	1.38868	0.952088	1.23076	0.877541	0.704364	0.232258
ihec.chipseq.ihec-chipseq-containerv1.1.4.IHECRE00003825.5.a2132ec8-5019-4f71-b6df-20615bc02f27.fc.signal	3.10661	2.62038	1.14856	1.82116	1.56636	0.304236	0.413456	0.730752	0.871989	1.64793	3.23619	1.8503	1.23313	2.13784	1.66782	0.727547	0.940229	0.815817	1.72657	2.24526	3.70586	2.05034	3.73721	4.75225	3.46178	2.40705	1.47945	0.648458	0.801875	1.69937	1.67867	0.962869	1.03043	1.29714	2.19647	1.6761	0.259887
