	chr4:40932577-40932726	chr4:40932727-40932876	chr4:40932877-40933026	chr4:40933027-40933176	chr4:40933177-40933326	chr4:40933327-40933476	chr4:40933477-40933626	chr4:40933627-40933776	chr4:40933777-40933926	chr4:40933927-40934076	chr4:40934077-40934226	chr4:40934227-40934376	chr4:40934377-40934526	chr4:40934527-40934676	chr4:40934677-40934826	chr4:40934827-40934976	chr4:40934977-40935126	chr4:40935127-40935276	chr4:40935277-40935426	chr4:40935427-40935576	chr4:40935577-40935726	chr4:40935727-40935876	chr4:40935877-40936026	chr4:40936027-40936176	chr4:40936177-40936326	chr4:40936327-40936476	chr4:40936477-40936626	chr4:40936627-40936776	chr4:40936777-40936926	chr4:40936927-40937076	chr4:40937077-40937226	chr4:40937227-40937376	chr4:40937377-40937526	chr4:40937527-40937639	Expression
ihec.chipseq.ihec-chipseq-containerv1.1.4.IHECRE00001002.4.bc6e7c42-efcb-4227-9b35-b730ed21b81f.fc.signal	2.17836	1.19648	1.2659	1.67721	1.59576	2.05469	1.59401	2.18226	1.31748	3.05924	5.39237	1.82805	2.05625	2.97398	4.26313	4.4679	1.42593	1.09905	1.46787	1.2335	0.667327	0.484769	0.733936	0.0875801	1.26816	1.95835	3.36826	1.2298	1.17923	0.477366	0	0	0	0	0.430282
ihec.chipseq.ihec-chipseq-containerv1.1.4.IHECRE00001854.4.91c7adb9-9182-4f05-b5fa-c053c0a1b0ec.fc.signal	0.0517286	0.259493	0.299521	0.0770521	0.625091	0.256883	0.4744	0.546045	0.152376	0.455867	0.741164	0.540061	0.660069	0.515697	0.678567	0.854143	0.850433	0.138837	0.130867	0.235512	0.583801	0.595271	1.26478	1.35518	1.11364	0.93838	0.507244	0.745008	0.829021	0.453159	0.862084	0.665585	0.881856	1.63685	0.811903
ihec.chipseq.ihec-chipseq-containerv1.1.4.IHECRE00003693.3.61ce3aed-9b5d-4553-b99d-12b70cc1e329.fc.signal	6.1719	4.18374	3.70902	3.97604	2.24051	1.63919	1.54845	1.61028	1.70293	1.68998	1.90427	1.23236	2.0808	1.91511	1.56201	1.53197	3.92807	3.51853	3.79376	5.1088	5.87353	7.63477	9.79983	7.1944	5.6787	2.48496	1.17292	1.65676	2.77019	2.977	3.29719	6.50723	11.7051	9.91026	0.855007
ihec.chipseq.ihec-chipseq-containerv1.1.4.IHECRE00003682.3.262baf8f-18ec-4df6-b43b-235702f654d5.fc.signal	2.95404	0.665072	1.05572	1.61578	2.4262	1.91581	2.25869	5.11992	6.09705	5.55136	6.41675	6.20798	3.93805	3.86843	4.57213	4.33472	4.64249	4.86456	4.98633	4.38061	3.3396	2.36465	4.11972	2.31622	0.813692	0.690759	0.889201	1.02438	0.904338	1.35037	1.92359	1.35942	0.561455	0.791301	0.0932811
ihec.chipseq.ihec-chipseq-containerv1.1.4.IHECRE00000987.6.5cfbaa8b-8208-4e04-b7a6-61e4e70766cd.fc.signal	1.03251	0.900651	1.01197	0.513102	1.5059	2.06495	1.95315	0.907595	2.34064	4.47742	3.38127	2.37782	0.83229	1.14074	0.609893	0.182436	0.843115	0.527545	1.04814	0.636836	0.17968	0.57382	1.54715	1.30774	1.66047	0.261561	0.138979	0.896447	0.0992074	0.38002	0.816633	0.569136	0.548419	0.684239	0.620945
ihec.chipseq.ihec-chipseq-containerv1.1.4.IHECRE00004635.3.eb7c4ac6-0e90-4c4c-9088-810681c2c896.fc.signal	0.802976	1.25649	0.797737	0.2396	0.547882	0.621564	0.79055	0.482659	0.996265	1.13282	1.22789	0.962528	1.58225	2.13688	1.84925	1.47968	1.65184	1.66728	1.6526	1.84211	1.43432	2.27158	1.18696	0.715324	0.942424	0.744526	0.536352	0.58464	1.05443	0.55697	0.957472	0.846286	1.24399	0.938608	0.760679
ihec.chipseq.ihec-chipseq-containerv1.1.4.IHECRE00003694.3.791a1a19-8cb6-4f2d-b5f0-f97ea2658756.fc.signal	7.39486	5.83843	4.274	5.96956	3.73671	2.63664	2.08518	1.83412	1.54785	1.01765	1.05808	1.61539	1.49812	1.89366	0.848192	1.17197	2.57708	2.31516	4.15562	5.69813	6.05941	5.95532	8.82818	6.50786	5.04955	2.40823	2.5172	2.3178	2.42702	2.8662	4.33441	8.38222	12.1973	8.97649	0.746704
ihec.chipseq.ihec-chipseq-containerv1.1.4.IHECRE00001233.5.4d6f1353-0c69-4685-862a-70e4ba9d694d.fc.signal	0.889303	0.645934	1.30664	0.791715	0.560242	1.14667	1.34441	0.919193	1.68708	1.13187	1.23377	0.419224	0.10135	0.290849	0.5835	0.603288	0.373267	0.356973	1.00715	0.236129	0.373702	0.200868	0.309018	0.0132841	0.291197	0.716352	0.289675	0.219617	0.0642649	0	0	0.0431112	0.430316	0.416933	0.208633
ihec.chipseq.ihec-chipseq-containerv1.1.4.IHECRE00001966.2.a5362628-573c-4f29-aabc-203a1f7daa08.fc.signal	1.01126	0.803245	0	0.460277	0.517158	0.966679	1.0327	1.26282	0.541993	0.631449	0.313458	0.481647	0.276956	0	0.0524512	0.126072	0	0.0632867	0.217501	0	0	0.153513	0.548248	0.488326	0.0577247	0.0923925	0.237365	0.0597429	0.15293	0.288664	1.04919	0.285641	0	0.12339	0.951632
ihec.chipseq.ihec-chipseq-containerv1.1.4.IHECRE00001471.1.0c91e2e5-1304-4ccf-8240-a439ef5e19fb.fc.signal	0	0	0	0	0.443493	1.25466	0.633193	0.665324	0.961612	0.326904	0.368938	0.72529	0.0948785	0.112625	0.574641	0.559846	0.228301	0.0340112	0	0.313536	0.48936	0.28693	0.0679477	0	0	0	0.0423738	0.258308	0.320299	0.240326	0.114074	0.585282	0.220696	0	0.207965
ihec.chipseq.ihec-chipseq-containerv1.1.4.IHECRE00003828.3.fa27d843-786a-4e79-8835-42abca97de87.fc.signal	0.490039	0.341439	0.164239	0.353032	0.335622	0.135879	0.195982	0.223784	0.230271	0.275494	0.367106	0.883927	0.392796	0.304995	1.07112	0.679702	0.647143	0.741087	0.855801	0.260713	0.125134	0.475896	0.687528	0.775587	0.129143	0.0659992	0.244035	0.531898	0.38809	1.08697	1.18226	1.17143	1.53528	0.341395	0.0158416
ihec.chipseq.ihec-chipseq-containerv1.1.4.IHECRE00004607.2.69656c3b-1dfd-41af-af20-57e8f19233a1.fc.signal	2.14514	1.01825	1.29388	1.20158	0.874169	1.56028	0.438686	1.26091	0.589164	1.24498	0.965854	1.42861	2.53179	1.7104	0.899798	1.05934	1.17869	2.22723	2.7572	4.22769	3.74369	2.44232	3.79822	3.05002	1.40713	1.01869	1.61232	0.786922	0.963485	1.24387	1.07758	2.2801	4.98764	5.48753	0.765104
ihec.chipseq.ihec-chipseq-containerv1.1.4.IHECRE00001010.4.77bd98ba-d8dd-4231-a3ba-bd69ef2d4205.fc.signal	0.707186	0.347311	0.0614273	0.0771841	0.133365	0.339835	0.363692	0.195661	0.42329	0.659825	0.147281	0.0945409	0.952514	1.40499	0.891492	0.485052	0.476905	0.169746	0.215203	0.429052	0.179394	0.235572	0.374069	0.0878319	0.304093	0.0989297	0.327417	0.293516	0.573285	0.314631	0	0	0.0750567	0.297844	0.409091
ihec.chipseq.ihec-chipseq-containerv1.1.4.IHECRE00004605.1.5720ead7-dd43-4b40-b17e-b9f7cda69ec0.fc.signal	0.647486	0.769116	1.6089	1.81415	2.77175	2.09589	0.774183	1.21142	1.46623	1.47366	1.69878	0.51516	0.434424	0.600635	0.399515	0.905858	0.359412	0.178345	0.631981	0.771627	0.51646	0.0832524	0.734892	1.02497	0.851799	0.475416	0.481197	0.568804	0.596935	0.543286	0.794802	0.220358	0.747387	0.662373	0.981516
ihec.chipseq.ihec-chipseq-containerv1.1.4.IHECRE00004647.3.45100e0d-f7b5-4c54-a935-54545fef7dd3.fc.signal	0.483464	0.441559	0.764823	0.866467	0.895018	1.34512	0.757737	0.927586	0.680669	0.611135	0.775655	0.47325	0.346026	0.386003	0.43544	0.505886	0.404759	0.860046	0.781825	0.346982	0.442823	0.744712	0.514463	0.890569	1.17259	1.10326	0.645209	0.462192	0.368644	0.435234	0.440806	0.93659	0.515982	0.802214	0.795717
ihec.chipseq.ihec-chipseq-containerv1.1.4.IHECRE00000957.7.f00a0f4a-5f50-4465-bbfb-8153fd1dc895.fc.signal	1.05599	0.346244	0.283546	0.419336	0.441799	0.616068	1.41247	1.95122	2.90065	2.33979	2.60848	0.149125	0.420997	0.602806	0.940213	0.796266	0.498753	0.109201	0.504029	0.461681	0.19454	0	0.134302	0.2124	0.1582	0.137761	0.98936	1.04563	0.497598	0.472574	0	0	0	0	0.615385
ihec.chipseq.ihec-chipseq-containerv1.1.4.IHECRE00000983.7.61f2a6e9-d3c5-47bf-9c61-e6f61f7fd807.fc.signal	0	0.31181	0.214401	0.548428	0.965561	1.13949	0.838989	0.87127	0.913232	1.27249	0.718314	0.650208	1.10108	0.919914	0.602684	0.149592	0	0	0	0	0	0	0	0	0	0	0	0.0836239	1.16887	0.609684	0.285138	0.0828322	2.45249	1.34431	0.5
ihec.chipseq.ihec-chipseq-containerv1.1.4.IHECRE00004610.2.ea8a1015-0f82-48f9-9c20-42da2550bfd3.fc.signal	1.20017	1.78885	2.72944	2.97449	3.04245	2.2002	0.865106	0.65917	0.532307	0.248481	0.195198	0.119755	0.117892	0.563928	0.637434	0.693023	0.277787	0.264998	0.310665	0.399855	0.37405	0.271828	0.392865	0.130095	0.239447	0.328514	0.255085	0.417325	0.797697	0.715663	0.375528	0.36975	0.62742	0.575211	0.936957
ihec.chipseq.ihec-chipseq-containerv1.1.4.IHECRE00003814.1.11a61f63-d38d-4a9b-820e-fb836fb9105a.fc.signal	0.52205	0.351921	0.160954	0.774887	0.810551	0.768282	0.764258	0.698484	0.357542	0.680701	0.336126	1.12733	0.691991	0.480792	0.87006	0.746732	0.679755	0.54881	0.999312	0.693771	0.288949	0.598321	0.464133	0.743311	0.468912	0.50039	1.09475	1.21098	0.692046	0.744717	0.916211	1.1721	0.796329	0.459154	0.529279
ihec.chipseq.ihec-chipseq-containerv1.1.4.IHECRE00001006.4.f30cfd28-f0bb-4e61-a8ad-120bd3fb3681.fc.signal	0.985393	0.9976	1.38937	1.20077	1.00994	0.929458	0.938129	0.602321	0.283505	0.724011	0.791508	0.21303	0.239294	0.692636	0.791757	0.593585	0.281276	0.474718	0.389334	0.650559	0.666283	0.588758	0.624401	0.437751	0.723636	0.682211	0.877816	0.234826	0.126716	0.177797	0.577401	0.762644	1.27752	1.80217	0.12963
ihec.chipseq.ihec-chipseq-containerv1.1.4.IHECRE00000303.2.6ad801c5-71a9-474a-9628-4aa448792462.fc.signal	1.62763	2.08727	0.616635	0.695641	2.54707	7.00441	13.3497	7.47541	2.23842	4.95737	9.41401	10.0546	4.24035	3.5752	3.36032	2.19105	1.17506	0.616791	1.4738	1.71954	0.53898	0	0	0.0194117	0.886689	0.665183	1.165	1.19805	1.15863	2.20451	2.30449	4.63612	3.8332	3.52596	0.769556
ihec.chipseq.ihec-chipseq-containerv1.1.4.IHECRE00001020.4.c512952b-84f9-420c-aa6f-798ebaf5413d.fc.signal	0.87746	0.60446	0.443781	0.834792	0.34265	0.431538	0.656814	0.519857	0.247124	1.08703	0.738835	0.362119	0.975294	0.535209	1.27409	0.40985	0.318021	0.349907	0.589862	0.677062	0.487803	0.356236	0.390821	0.298161	0.648487	0.773946	0.372805	0.245238	0.325798	0.649456	0.219948	0.163593	0.338555	0.828228	0.139303
ihec.chipseq.ihec-chipseq-containerv1.1.4.IHECRE00003396.1.d3bf1929-bb76-4033-8d58-57bb7c239aaf.fc.signal	0.322206	0.27957	0.402512	0.0354713	1.90553	0	0.746226	0.74934	0.514831	1.37053	0.422319	0.175882	0.341098	0.673721	0.391481	1.011	0.108317	0.280516	0.725633	1.25595	0.22909	1.28801	0.504168	0.595676	0.817068	0.768826	1.36175	0.676219	2.15358	1.4947	0.767649	0.641037	0	0.358159	0.420712
ihec.chipseq.ihec-chipseq-containerv1.1.4.IHECRE00003677.3.18735c01-9e7f-4bc3-8ba6-c4181a530efa.fc.signal	3.10242	1.20591	1.86894	1.8352	1.42438	1.7216	2.64994	2.49126	3.3149	5.73908	7.39778	5.47033	4.31468	3.34533	2.4667	3.3651	3.92728	2.95496	2.65713	2.98462	3.11098	2.59189	3.24744	2.01289	0.81866	1.08685	0.831711	0.541661	0.883368	0.858411	1.10107	2.19323	2.48629	1.59704	0.0757576
ihec.chipseq.ihec-chipseq-containerv1.1.4.IHECRE00000236.3.81777bd7-a811-47be-9ebc-c73408291448.fc.signal	2.84184	3.3385	2.33172	1.44176	1.46506	1.41843	1.19895	0.857585	1.13638	1.87625	1.92716	0.710786	0.53959	1.11223	2.09897	1.58592	0.162348	0	0.0794331	0.280446	0.253038	0.0503868	0.0036618	0.51473	1.8653	2.09401	1.17184	0.345398	0	0	0	0.158188	0.381247	0.241497	0.709921
ihec.chipseq.ihec-chipseq-containerv1.1.4.IHECRE00001019.4.3cb80d46-685f-499c-92a6-1e52fde53ed9.fc.signal	1.16659	1.28465	0.565363	1.2166	1.03075	0.752995	1.70077	1.26041	1.12715	1.18541	0.864213	0.809721	0.989829	0.341731	0.465338	0.532779	0.771509	0.158639	0.98272	0.331755	0.568726	0.431451	0.406072	0	0	0.440466	1.22032	0.569649	0.349026	0.151489	0.256031	0.682349	0.241659	0.378889	0.0809524
ihec.chipseq.ihec-chipseq-containerv1.1.4.IHECRE00002058.1.68c7e067-2bf1-45f2-8e15-c75a696edb6c.fc.signal	3.14038	4.03233	4.69691	5.27115	5.82083	4.76402	4.87846	6.88805	3.39529	4.55505	7.77886	5.39263	1.41313	5.97291	6.37823	4.43856	4.06649	2.21333	2.88123	4.31459	2.48246	4.98661	6.32454	4.30852	3.35502	3.80547	2.169	1.43721	1.31007	2.30775	2.5192	2.94611	2.60306	2.53058	0.661111
ihec.chipseq.ihec-chipseq-containerv1.1.4.IHECRE00000174.3.cee73cdb-e806-4f6a-ad30-ab01efc5dd22.fc.signal	0	0	0	0.328189	1.21052	1.03731	0	0.718563	0.534102	0.319362	0.40734	0.0804608	0.446317	0.447719	0.678478	0.676675	0.595163	0.944777	1.10009	1.32426	0.231281	0.0380209	0.429295	0.478914	0.100578	0	0.218316	1.04971	0.519432	0.333733	0.322266	0.326251	0	0.405804	0
ihec.chipseq.ihec-chipseq-containerv1.1.4.IHECRE00000250.2.49953b3d-9030-4a88-85fe-119abc3077c8.fc.signal	0.417433	0.311591	0.727469	0.726105	0.511585	0.286467	0.613141	0.998438	0.906764	1.02066	1.54115	0.724262	0.307482	0.898399	0.896551	0.429782	0.983626	0.815027	0.407292	0.48838	0.757616	0.695215	0.288734	0.122588	0.22476	0.21142	0.745967	1.06141	0.90767	0.872472	1.89123	1.01696	1.79598	1.49854	0.837047
ihec.chipseq.ihec-chipseq-containerv1.1.4.IHECRE00003683.3.52ed6dfc-f444-41dd-94ff-8e67dd11315f.fc.signal	4.63767	4.06254	3.93122	1.75561	1.63033	1.5119	0.805539	0.242555	1.21222	0.992481	2.26024	1.59519	0.999891	0.947249	0.238144	0.914704	1.07141	1.57228	1.536	2.67047	4.05199	4.70362	7.23194	5.72288	3.56235	1.23027	1.73559	1.2869	1.56899	2.40094	6.04588	9.56871	12.2394	9.7077	0.666384
ihec.chipseq.ihec-chipseq-containerv1.1.4.IHECRE00004713.2.e0c0800b-3b56-4a12-9e86-6c2b014acbe6.fc.signal	1.00191	2.18579	1.21719	1.13367	1.60551	2.02249	2.13486	0.588465	1.33628	1.04644	1.2988	0.78303	0.821482	0.385943	0.946264	1.02792	1.33219	1.03442	0.664669	0.798612	0.703463	0.0593813	0.508448	1.1392	0.0803037	0.803624	0.745225	0.778075	0.0409888	0.578809	0.528104	0.660727	1.15111	0.88387	0.595376
ihec.chipseq.ihec-chipseq-containerv1.1.4.IHECRE00000224.3.e5c74e2f-fdd7-452c-ab9b-6ee0ab9d0cdc.fc.signal	1.26184	0.93069	0.620007	0.938263	1.08926	0.902258	1.16397	1.13385	1.52867	1.54463	0.574163	0.024818	0.498696	1.11082	0.730342	0.41771	0.53842	0.267753	0.190082	1.15171	1.2006	0.340702	0.0378261	0.0031622	0.409972	0.969762	1.23804	0.427068	0	0	0	0	0	0	0.783193
ihec.chipseq.ihec-chipseq-containerv1.1.4.IHECRE00002067.1.d2972a82-a806-4e56-afab-8a78ae137176.fc.signal	4.4123	2.05909	3.49459	5.33893	7.72332	10.0901	9.78496	7.29317	5.46881	5.87607	4.52183	3.14083	1.95664	3.90724	5.64337	8.06862	4.75974	2.8503	3.98742	4.12908	1.48923	2.22539	3.79506	1.33574	2.34773	1.36256	1.06463	1.33023	1.54364	1.74844	1.48481	1.78002	1.47232	2.80161	0.783432
ihec.chipseq.ihec-chipseq-containerv1.1.4.IHECRE00001955.3.20a7277a-189d-447e-b862-19ad112ed91b.fc.signal	4.4139	3.82154	5.1981	5.41674	5.68888	5.64748	6.26998	4.06784	2.5738	2.22248	2.13522	1.31015	1.16876	1.66176	1.92039	1.10008	0.555857	0.341398	0.273329	0.09582	0.231451	0.299991	0.11928	0.274307	0.88593	0.934772	0.848307	0.686893	0.906554	0.56304	0.320122	0.634221	0.790157	0.693361	0.848624
ihec.chipseq.ihec-chipseq-containerv1.1.4.IHECRE00000230.3.c59c5d40-3fa1-4268-aee6-d3649316b884.fc.signal	2.61016	3.71126	3.59551	2.15927	1.95438	1.24948	1.02904	1.20417	1.09882	1.49923	1.53367	0.647338	0.433541	1.44181	3.35185	2.97997	0.885742	0.0481483	0.276553	1.47723	1.23351	0.111362	0	0.15322	0.861764	1.22588	0.823897	0.869425	1.49379	0.637303	0.0610321	0	0	0	0.659574
ihec.chipseq.ihec-chipseq-containerv1.1.4.IHECRE00001958.3.15c43137-8b62-45aa-904f-5b9257a45d2c.fc.signal	4.39474	5.6874	5.99972	6.06287	5.36702	4.58983	3.8059	4.55759	3.13448	2.25929	1.85057	1.57908	1.23459	1.30432	1.63894	1.91259	1.35779	0.885609	0.771003	0.627464	0.43559	0.302877	0.507417	0.520951	0.371826	0.518055	0.507806	0.573335	0.411626	0.389661	0.531917	0.640332	0.56823	0.258182	0.717143
ihec.chipseq.ihec-chipseq-containerv1.1.4.IHECRE00004643.3.b52bc708-220e-4d24-be07-a57b59ce9422.fc.signal	1.08443	0.631348	0.638303	0.363988	0.339779	0.539613	0.900884	0.409187	0.858732	0.867983	1.14036	1.25661	0.515151	0.816345	1.58578	1.35566	0.459548	0.287763	0.674367	0.934149	0.828501	1.06268	0.905538	0.630098	0.578979	0.786156	0.574894	0.623252	0.749233	1.42526	0.662807	1.54764	1.44156	0.713257	0.44226
ihec.chipseq.ihec-chipseq-containerv1.1.4.IHECRE00000240.3.d690d3e6-ed87-46ee-9d2a-0a5b66f16245.fc.signal	1.05098	1.11082	1.58323	1.70562	1.4666	1.65358	1.39686	1.42724	1.7604	3.47286	4.03418	4.21418	2.31206	2.8382	3.21426	2.39854	1.3179	1.8782	2.87779	1.27729	0.721593	0.280793	0	0.143812	0.483846	0.478924	0.237189	0.358906	0.0734823	0	0	0	0.0449067	0.338944	0.428196
ihec.chipseq.ihec-chipseq-containerv1.1.4.IHECRE00003676.3.2bdb0d55-cf7c-42db-b5e9-1e7fc8464aa8.fc.signal	3.00903	1.92389	2.07134	1.74449	3.23958	2.50314	3.40464	3.04656	5.42164	4.84022	6.34027	5.26609	2.70477	3.06395	3.87698	4.36789	2.63597	2.15201	2.14427	1.60029	2.23024	1.4847	2.01258	1.53647	0.822895	1.45552	1.26354	1.00499	2.63347	3.22747	2.50663	2.65173	2.19789	1.99076	0.0888889
ihec.chipseq.ihec-chipseq-containerv1.1.4.IHECRE00003810.1.76180591-3bc4-4c81-ab95-3508a7e6f4b6.fc.signal	0.659039	0.588643	0.224036	0.373747	0.672896	0.537543	0.313015	0.367419	0.682244	0.660996	0.457197	0.494884	0.403162	0.411224	0.260014	0.156619	0.300287	0.55414	0.630947	0.414795	0.196722	0.169016	0.261373	0.201037	0.283131	0.178758	0.138465	0.27925	0.317855	0.474185	0.743043	0.680818	0.485899	0.368396	0.661191
ihec.chipseq.ihec-chipseq-containerv1.1.4.IHECRE00000864.3.bc3e1eea-ba58-4048-a6a7-fa645ef42e40.fc.signal	2.96126	0.473404	0	0.678005	1.61257	0.914265	4.5889	0.643455	1.63034	3.90477	3.94689	1.52248	1.53053	0.172485	1.36776	1.15995	1.86118	0.267442	0	0.356091	1.31893	1.21801	3.69023	1.69195	0.78328	0.583924	0.263173	0.503886	0.571519	0.192575	1.04731	1.34368	1.10069	0.359085	0.601108
ihec.chipseq.ihec-chipseq-containerv1.1.4.IHECRE00001236.5.d51198c1-7a73-4d86-97a2-4552cc10d322.fc.signal	1.40102	0.886984	1.3347	1.09663	1.03625	1.8642	1.64626	1.30328	1.26431	1.27263	1.23188	0.348713	0.353748	0.468336	0.628528	0.818693	0.0413945	0.196706	0.526276	0.843733	0.401222	0.109507	0.380246	0.163488	0.233469	0.638125	1.36051	0.137573	0.586827	0.443004	0	0.00726647	0.492152	1.07394	0.870722
ihec.chipseq.ihec-chipseq-containerv1.1.4.IHECRE00001234.5.5cbe5650-3de6-4514-ab14-1c0f737014e5.fc.signal	0.70609	0.33138	1.01047	0.91507	0.524628	1.07648	1.76473	1.82546	1.54938	0.448792	0.667894	0.709258	0.232339	0.363732	0.942998	0.889934	0.169654	0	0	0.184955	0.147731	0.260483	0.75646	0.175214	0	0.213568	0.375481	0	0.0542482	0.265167	0	0	0.160829	0.183905	0.373626
ihec.chipseq.ihec-chipseq-containerv1.1.4.IHECRE00001232.5.1e064882-e572-482d-b86a-86e4adf3de86.fc.signal	0	0	0.114722	0.457425	0.615324	0.960626	0.931904	0.615762	0.732938	0.293776	0.535748	0.235149	0.405235	0.119651	0.501118	1.18903	0.904723	0.46474	0.462131	0.271368	0.470942	0.209232	0.133338	0.378755	0.572348	0.532863	0.756949	0.290908	0	0.302227	0.0165589	0	0.441182	1.32001	0.742547
ihec.chipseq.ihec-chipseq-containerv1.1.4.IHECRE00000283.2.f7e01a70-1428-4cfb-8ac8-7c88a324d087.fc.signal	0.75816	0.38428	0.0406872	0	0	0.342338	0.703016	0.487601	0.201811	0	0	0	0	0	0	0	0.103684	0.219161	0.284197	0.557767	0.412709	0.297004	0.360025	0.00687067	0.49112	0.743386	0.52751	0.744314	0.740888	0.392705	0.0060836	0.13804	0.490326	0.508367	0.134146
ihec.chipseq.ihec-chipseq-containerv1.1.4.IHECRE00001892.4.d37ba2fd-c103-41c2-a854-82a474c3bdc9.fc.signal	0.789312	0.735761	0	0	0.280027	1.34012	1.31392	1.35599	0.659427	0.29899	0.775171	0.454007	0.766532	1.10694	0.237914	0.740998	0.792297	0.421743	0.609321	0.337937	0.939747	0.56234	0.2199	0.70791	0.518729	0.512124	0.848892	0.579148	0.385087	0.786965	2.28095	2.16142	0.846088	0.940869	0.0140351
ihec.chipseq.ihec-chipseq-containerv1.1.4.IHECRE00004681.3.f99ccc6c-1833-4f7b-8eed-cf0ddf179253.fc.signal	1.31487	1.32755	1.12002	0.794009	1.78676	1.64804	0.713728	0.422913	0.664348	1.01204	0.749891	0.364606	0.780887	0.801885	0.619787	0.519509	0.492164	0.863618	0.444361	0.83608	0.864046	0.803217	0.928574	0.37793	0.659623	0.755943	0.6691	0.772452	0.897863	1.07823	0.556263	1.08749	1.15626	1.31272	0.984211
ihec.chipseq.ihec-chipseq-containerv1.1.4.IHECRE00003401.1.b5568014-372c-40aa-9405-3d27c34b9363.fc.signal	0.187169	0.306521	0.40756	0.875086	0.547493	0.706128	1.27393	0.761643	0.0028042	0	0	0.609958	0.868694	0.866647	2.29709	1.72867	1.47038	0.665734	0.845958	0.637343	0.309878	0.769362	0.279692	0.60996	0	0.467155	0.181328	0.495591	1.64351	1.39796	0.593355	0.427215	1.21729	0.472782	0.168224
ihec.chipseq.ihec-chipseq-containerv1.1.4.IHECRE00003811.1.5a443ccb-e57e-49b1-b0d8-1190f415a4ba.fc.signal	0.0980999	0.143089	0.20194	0.949543	0.350646	0.394188	0.291564	0.318176	0.435763	0.420174	0.357768	0.210609	0.12419	0.396132	0.255355	0.472497	0.960031	0.492983	0.483558	0.355558	0.327244	0.204576	0.171531	0.129363	0.614002	0.269401	0.15789	0.475488	0.891631	0.894799	0.608452	0.358729	0.549171	0.646067	0.591304
ihec.chipseq.ihec-chipseq-containerv1.1.4.IHECRE00001997.1.7a7e31ec-6ff6-498c-99aa-3347eef341d7.fc.signal	6.30774	2.37679	2.89583	5.59418	6.52307	6.64755	7.41391	6.93016	4.74969	8.46287	11.6469	7.35267	5.01421	4.37597	3.68985	4.19762	3.17681	3.38324	3.61071	4.8141	3.46274	5.38023	7.51446	4.25073	3.78353	2.71911	1.77571	0.851192	1.83052	2.08454	2.69266	2.77939	3.34209	1.45751	0.617021
ihec.chipseq.ihec-chipseq-containerv1.1.4.IHECRE00000318.2.630bb3ae-2002-42b3-97d8-83059d35c603.fc.signal	0.6539	0.274799	0.310155	0.0698378	0.396514	0.731905	0.789082	0.479616	0.939333	1.12155	0.0448565	0.424991	0.607801	0.631309	0.896104	0.250554	0	0.0386513	0.454487	0.754447	0.219555	0	0	0.174259	0.202126	0	0.193544	0.162875	0	0	0	0.472689	0.588056	0.259572	0
ihec.chipseq.ihec-chipseq-containerv1.1.4.IHECRE00004603.3.33f77abf-b8ba-4cf9-9bf5-2a20b352f908.fc.signal	0.682976	0.202405	0	0.133639	0.16581	0.429454	0.345114	0.324133	1.22207	1.17979	0.783246	0.37867	0	0	0.197436	1.17337	1.40027	0.397746	0.0774035	0.130014	0.274636	0	0	0	0.617642	1.1396	0.519392	0.179461	0.221857	0.747971	1.23136	3.53272	6.15455	4.16717	0.9599
ihec.chipseq.ihec-chipseq-containerv1.1.4.IHECRE00000332.2.5497448a-601c-483d-a9cd-9eaf651148a5.fc.signal	0	0	0	0.0323943	0.49593	0.366682	0.353845	0.0946909	0.107871	0.159106	0.416612	0.32687	0.257306	0.304936	0.707691	0.136878	0	0	0.22315	0.619223	0.145215	0.239939	0	0	0.511371	1.15178	0.436844	0.221979	0.0961434	0	0	0.456115	0.919062	0.870645	0.0290698
ihec.chipseq.ihec-chipseq-containerv1.1.4.IHECRE00001964.2.d1780581-c5b9-4ce5-a302-4e6523b46a10.fc.signal	1.94299	2.91585	2.66887	4.59595	4.09996	5.04424	4.15512	2.52014	2.16637	1.49346	1.36714	1.26829	0.63014	0.613206	1.55032	1.36635	0.290194	0.118578	0.226515	0.735025	0.39813	0.239248	0.421863	0.696041	0.38264	0.161319	0.191847	0.73378	0.491194	0.079368	0.209779	0.0689286	0.10712	0.279173	0.517138
ihec.chipseq.ihec-chipseq-containerv1.1.4.IHECRE00003695.3.b45ed777-a5dc-4527-b410-7a0e01173bd4.fc.signal	7.35765	6.38318	4.527	4.01851	2.43165	1.57748	1.02642	1.55382	1.92941	1.61209	1.75302	2.63709	1.94944	1.64513	0.875558	1.05451	2.60942	2.94171	3.29173	6.38264	6.01569	5.51008	8.84434	5.63057	3.66649	2.26553	1.53359	1.9074	2.57753	4.14461	6.52856	11.3251	10.5343	10.3927	0.796161
ihec.chipseq.ihec-chipseq-containerv1.1.4.IHECRE00001973.1.fa7392b1-17c1-4691-ba8f-d211a0f93db5.fc.signal	2.54081	1.89441	3.24109	4.54021	4.98164	4.43001	3.62012	5.81232	3.48468	2.97388	3.88149	3.10416	1.91829	2.11319	3.60142	4.47818	2.88269	2.26205	2.54699	1.88513	0.952545	0.728975	1.41256	1.50582	1.38141	1.58113	1.54072	0.514284	1.98476	2.04339	1.96612	1.57266	0.701761	1.11754	0.674074
ihec.chipseq.ihec-chipseq-containerv1.1.4.IHECRE00001875.2.4efcbd34-6776-4151-9daa-172de065fff5.fc.signal	0.241534	0.419509	0	0.0491687	1.13203	1.49206	1.60288	1.65507	0.265313	0.0494095	1.02973	0.998534	0.858183	1.26285	0.773263	2.01018	0.702971	1.09441	0.572479	0.793949	1.4558	1.0475	1.04809	0.815858	0.98356	0.921513	0.850826	0.260804	0.823909	0.287129	0.370879	1.53993	1.93134	0.253819	0.514045
ihec.chipseq.ihec-chipseq-containerv1.1.4.IHECRE00002065.1.9b5b0cc0-4302-439e-a9d9-d779f62c822e.fc.signal	3.20622	2.67072	2.39423	2.50404	3.92829	8.20596	9.77697	6.64291	4.86078	6.66555	6.60594	4.84786	5.21238	3.71818	2.94842	3.17926	2.62649	1.15343	3.54987	2.49691	2.86279	3.7711	4.33988	4.04689	1.78533	0.980829	2.30883	0.286184	0.319895	2.79354	1.60262	1.97091	1.43768	0.533265	0.599388
ihec.chipseq.ihec-chipseq-containerv1.1.4.IHECRE00001990.1.baa2a3ca-0f47-4bf7-901e-dd73f7a290b4.fc.signal	2.7967	1.9975	3.00607	4.29256	6.27125	8.07572	9.26346	6.64008	5.14693	4.27775	3.8959	4.67484	4.07434	4.28564	4.64921	8.38617	4.4761	1.79655	4.67857	4.05307	2.50308	1.8897	2.53018	3.84905	4.4615	3.69403	1.78274	1.73073	1.37951	0.905703	0.998875	1.41638	1.8316	1.64593	0.71564
ihec.chipseq.ihec-chipseq-containerv1.1.4.IHECRE00004617.2.4f4a0497-3ec2-413a-b94e-d213b036987a.fc.signal	0.883594	0.463573	0.848622	0.482545	0.49585	0.854276	0.81581	0.972	0.827036	0.529604	0.583105	0.670583	0.681587	0.251927	1.13445	2.37984	1.4401	2.70007	4.3459	5.29007	3.50099	3.05779	3.30372	2.09359	1.65577	0.54843	0.375418	0.924754	1.79737	1.09923	2.54111	3.88374	5.40239	5.648	0.80167
ihec.chipseq.ihec-chipseq-containerv1.1.4.IHECRE00000184.3.3b461c31-8bd0-484a-b2da-6d1ab68c1acb.fc.signal	2.65552	0.759359	0.943023	0.794355	1.87861	3.89091	5.03867	8.80881	1.94372	3.20138	6.71722	5.26172	2.02003	1.00697	1.02764	0.212655	1.10018	0.716729	0.122965	1.14563	1.36407	0.852519	0.236711	0	0.323613	0.581111	0.974183	0.783018	0.393756	0.295277	0.0026254	2.2757	3.68814	2.44563	0.870229
ihec.chipseq.ihec-chipseq-containerv1.1.4.IHECRE00000099.3.299b05eb-8cb0-4190-94cb-01cf599ffae0.fc.signal	1.61531	0.490414	0	0	0.0374848	2.3043	6.70199	3.15518	2.20862	4.4137	2.82956	2.81887	2.03402	0.893619	0.323298	0.377465	0.513065	0.345689	1.32604	0	0.334898	1.55153	0.961798	2.22345	0.52465	1.20819	0.497739	0.459185	1.46454	0.60843	3.02827	3.2139	2.34888	6.14253	0.892365
ihec.chipseq.ihec-chipseq-containerv1.1.4.IHECRE00000949.6.c2f3aee8-0c03-4973-b136-7021565c707b.fc.signal	1.76912	0.67147	0.0708953	0.992657	1.4105	1.5031	2.75029	3.04162	2.05087	3.67849	2.32422	0.296579	0.740975	0.823377	0.656156	0.278134	0.814256	0.860069	0.160812	0	0.0279824	1.31218	0.68695	0.0435572	0	0	0	0	0.0643613	0.15901	0.367125	0.433468	0.894359	0	0.645833
ihec.chipseq.ihec-chipseq-containerv1.1.4.IHECRE00001017.4.2612150c-f8fd-4d8b-a711-65def053c72d.fc.signal	1.15422	0.975214	0.622056	0.431829	0.506485	0.694041	1.20233	1.03888	0.688443	0.792082	1.16644	0.634487	0.761096	0.711441	0.808317	0.839589	0.278825	0.253049	0.306466	0.482094	0.14609	0.190771	0.495856	0.45891	0.33022	0.264411	0.511013	0.387813	0.3961	0.169565	0.309581	0.340273	0.540734	0.563275	0.194444
ihec.chipseq.ihec-chipseq-containerv1.1.4.IHECRE00001375.1.07633b47-0baa-45e5-af12-2021de6fd993.fc.signal	0.29954	0.0480823	0	0.031084	0.398074	0.402676	0.56187	0.417737	0.0313888	0	0	0	0.271673	0.692192	0.129297	0.359137	0	0	0.192553	0.612985	0.777701	0.858458	0.303979	0.384153	0.281622	0.285593	0	0	0	0.1109	0.17208	0.209799	0.0443539	0.39491	0.133127
ihec.chipseq.ihec-chipseq-containerv1.1.4.IHECRE00001851.4.627c47c9-d19a-4fba-9f0d-ed8820985d99.fc.signal	0.502586	0.0985547	0.147832	0.46564	0.596182	0.379415	0.278417	0.591256	0.206965	0.438546	0.635591	0.741504	0.916449	0.819223	0.436576	0.669493	0.0862353	0.53141	0.420729	0	0	0.354394	0.582145	1.03072	0.383793	0.699673	0.889361	0	0.396192	0.874083	0.45929	0.294393	0.34391	0.32593	0.799087
ihec.chipseq.ihec-chipseq-containerv1.1.4.IHECRE00003678.3.df24c052-2a81-4f1a-b170-2f4fdc228ffe.fc.signal	3.84086	2.0644	2.13594	1.92606	3.36152	2.85266	2.04749	3.29121	3.10986	4.15738	5.4175	3.97841	3.99839	3.26553	2.74437	5.28828	2.77935	1.73205	2.67659	2.07033	2.68864	2.27391	4.17529	2.09415	2.12866	3.09831	2.37488	1.31648	1.58537	2.92817	1.51814	1.7781	2.66619	1.12059	0.142327
ihec.chipseq.ihec-chipseq-containerv1.1.4.IHECRE00004608.1.2b4cac07-82e4-4fde-addf-f528201b15bb.fc.signal	0.455847	0.0700141	0.615863	0.810582	1.06993	2.0216	3.23043	2.74263	2.20014	3.62688	3.3627	1.45213	2.18597	1.68486	1.26558	0.662688	0.589488	0.735522	0.550667	0.756476	0.958209	0.392869	0.458965	0.313893	0.490258	0.658554	0.710427	0.70282	0.704868	1.55671	1.94708	1.36853	1.40457	1.31963	0.91582
ihec.chipseq.ihec-chipseq-containerv1.1.4.IHECRE00000665.1.78440a22-2eaa-45a0-b153-69564ce42bd4.fc.signal	0.875024	0.503695	1.14553	1.60928	1.37125	1.08584	0.545836	0.401178	0.714273	0.756175	0.835389	0.603608	0.454611	0.351462	0.698409	1.18955	1.12677	0.542129	0.233657	0.267512	0.456191	1.28765	0.399751	0.106736	0.258477	0.309314	0.191516	0.326616	0.664802	0.469868	0.81576	1.67553	1.21421	0.673354	0.948229
ihec.chipseq.ihec-chipseq-containerv1.1.4.IHECRE00003680.3.604f0a28-681a-4e69-b09a-96c7d6e32ad9.fc.signal	2.59469	1.21319	1.63696	0.847564	1.50906	2.45029	2.75591	2.87434	2.41698	4.4428	7.86952	7.50811	5.44183	4.95552	4.51516	3.81733	4.04143	2.89732	4.03059	3.94729	2.78426	2.12709	4.07395	3.19914	0.738769	0.273733	0.362993	0.153021	0.23718	0.414002	1.62807	2.35237	1.2523	0.631938	0.22276
ihec.chipseq.ihec-chipseq-containerv1.1.4.IHECRE00003821.3.a5c54e8d-c399-4c95-b6c6-525ed1d5f1b6.fc.signal	0.0948367	0.214636	0.0820888	0.0867779	0.123082	0.0833807	0.19738	0.0649877	0.150703	0.302903	0.152665	0.561527	0.0512964	0	0.0114276	0.148449	0.0216032	0	0	0.128638	0.0907702	0	0.464641	0.267192	0	0.21314	0.264162	0	0.0675659	0.19632	0.811361	0.822398	1.39936	1.34997	0
ihec.chipseq.ihec-chipseq-containerv1.1.4.IHECRE00000279.2.bbb3ffa6-51c0-4409-8f26-8c7dd99f4e83.fc.signal	0.596136	0.407169	0.0402232	0.326937	0.0506713	0.266501	0.573734	0.293888	0.131431	0.366482	0.315534	0	0.0553293	0.427511	0.745903	0.852655	0.365583	0.443068	0	0.492395	0.0099132	0.290435	0.485224	0.0553293	0	0.0093188	0.464613	0	0.204119	0.281542	0	0.174368	0.449086	0.113806	0.333333
ihec.chipseq.ihec-chipseq-containerv1.1.4.IHECRE00001963.2.142b6389-99b2-4c91-9b9d-3ef0423dd139.fc.signal	1.55973	1.28926	1.30473	0.889414	1.97197	2.57363	3.9217	3.93524	1.79853	0.863574	0.475222	0.33649	0.391192	0.298796	1.11309	1.4751	0.800331	0.479211	0.48824	0.548996	0.344935	0.0934816	0.1873	0	0.0464791	0.341205	0.606813	0.9938	0.654442	0.44072	0.213854	0.128402	0.249245	0.252818	0.30363
ihec.chipseq.ihec-chipseq-containerv1.1.4.IHECRE00003716.2.bea5f21d-c715-4019-8eed-c69728473893.fc.signal	0.144123	0.3381	0.0665316	0.260404	1.3233	1.1332	0.974569	0.957781	1.36471	0.633532	0.424309	0.398228	0.78714	0.683182	1.30539	1.16593	0.687568	1.15985	1.07974	1.17209	0.221696	0.196329	0.378054	0.212289	0.0596987	0.00906533	0.321848	0.549627	0.621791	0.725961	0.570201	0.507132	0.791518	0.702112	1
ihec.chipseq.ihec-chipseq-containerv1.1.4.IHECRE00000223.3.3bd7fa2e-4676-4775-9e3e-5e080ad64395.fc.signal	0	0.43716	0.499764	0.522544	0.570971	0.359192	0.459479	0.584002	0.317484	0.232264	0.164165	0	0	0.199238	0.538644	0.948138	0.386958	0	0	0	0	0	0	0.0801905	0.448126	0.395209	0.481578	0.134482	0.312902	0.431937	0	0	0	0	0.691011
ihec.chipseq.ihec-chipseq-containerv1.1.4.IHECRE00000992.7.80dcfe52-cdf2-4d0d-bc40-0c75abc04fc1.fc.signal	1.51699	1.05417	0.449191	0.515172	1.75678	2.21797	1.7296	1.40492	1.65029	2.62007	3.26073	1.17599	2.09756	4.415	3.66963	2.18963	1.31154	0.570367	1.91103	2.0751	1.2318	0.755847	1.26395	0.310948	0.124907	0.615272	1.04437	0.826346	1.48266	0.989234	0.0819704	0.346687	0.463107	0.377618	0.120219
ihec.chipseq.ihec-chipseq-containerv1.1.4.IHECRE00001457.1.311a6e52-ddcf-4f01-82ae-00a17eac3a5f.fc.signal	0.261642	0.546848	0.486979	0.321111	0	0.407923	0.893971	0.429883	1.16723	0.649655	0.215443	0.194704	0.0213741	0.507916	0.434864	0.0502367	0	0.213689	0.0617783	0.481537	0.547333	0.592758	0.2619	0.0376595	0.903031	0.518345	0	0	0	0.0293663	0.211467	0.0164311	0.656776	0.810591	0.0299401
ihec.chipseq.ihec-chipseq-containerv1.1.4.IHECRE00000001.4.02b605e5-4373-4009-a925-f6e4537147f5.fc.signal	1.2246	2.22427	3.01271	2.86498	2.18854	1.62447	1.02827	0.912515	1.09275	1.40046	1.83071	1.6786	1.21903	1.4835	2.54705	2.81714	2.24296	1.27418	0.995593	0.548732	0.987725	0.627302	0.743322	0.341405	0.392974	0.0381798	0.414376	1.45948	2.29526	1.86252	0.760831	1.03803	1.23034	1.04939	0.600459
ihec.chipseq.ihec-chipseq-containerv1.1.4.IHECRE00000008.3.d0e9d2b8-31ed-4f18-8f4f-ade1dc88724d.fc.signal	0.366153	0	0.672589	1.48595	0.664655	0.844646	1.82665	2.62608	1.14439	0.965724	1.07843	0	0	0	0	0	0	0	0.424159	0.508475	0	0	0	0	0	0.359757	0.735155	0.260273	0.737917	0.02389	0	1.06286	1.05708	0.482044	0.0177515
ihec.chipseq.ihec-chipseq-containerv1.1.4.IHECRE00001009.4.04db3171-85a1-4831-984b-2ac821411031.fc.signal	0.69455	0.527641	0.392192	0.149727	0.845215	1.17491	1.27206	0.641431	0.688566	1.27649	0.946021	0.486705	0.485662	0.7394	0.760681	0.717047	0.145247	0.235939	0.164344	0.0385569	0.26826	0.147093	0.0140973	0.18442	0.302449	0.162229	0.314616	0.604494	0.652672	0.222634	0.0403705	0.132347	1.04334	0.339929	0.251613
ihec.chipseq.ihec-chipseq-containerv1.1.4.IHECRE00003400.1.1fd4d0f1-41c8-41b4-882d-bbcd98fbef74.fc.signal	0.234972	0.397074	0.466458	0.0914597	0.796866	1.27052	2.30733	0.672512	0	0	0.609953	0.605751	0.0137312	0.188284	0.203981	0.19524	0.141603	0.688987	0.911829	0.610773	0.689497	0.956257	1.34618	0.796891	1.17541	0.146646	0.340135	1.35136	0.363488	0.0038618	0.522384	0.844626	0.362052	0	0.359684
ihec.chipseq.ihec-chipseq-containerv1.1.4.IHECRE00002063.1.03cd26f6-8245-4dba-a43d-b085dc5fbdba.fc.signal	3.3735	2.97322	3.49004	2.90922	3.28775	6.89223	9.43032	8.57562	6.36112	6.79732	8.30816	4.37808	5.9205	4.98337	5.49569	4.1004	1.99612	2.30654	3.53436	6.25629	4.52129	3.89458	5.03327	3.35823	4.06993	3.54673	0.96166	1.14507	1.36298	1.57549	2.05868	1.33716	0.950199	1.62064	0.674884
ihec.chipseq.ihec-chipseq-containerv1.1.4.IHECRE00002086.1.469e2b5a-9cc0-4ba2-a1af-32ae688b6e56.fc.signal	2.10707	1.29894	2.00711	3.05075	3.74412	5.51206	4.59271	4.97366	3.85893	5.29896	5.0352	2.57955	3.1916	3.72278	5.58336	3.95151	3.00175	2.7091	3.78253	3.44779	2.83225	2.11669	1.03553	1.22872	1.28697	1.32383	1.87435	1.16053	0.845726	1.22088	1.37122	0.808591	0.846044	1.26517	0.868421
ihec.chipseq.ihec-chipseq-containerv1.1.4.IHECRE00001027.7.e86f32e5-bf0d-4add-be96-995ad738d215.fc.signal	0.413924	0	0	0.161764	1.37582	0.57522	0.59608	1.33198	2.03441	2.00827	2.52573	1.1628	1.26058	1.62784	2.81577	1.70896	1.33859	0.653305	1.61674	1.30222	0.331443	0.310814	0.230424	0	0	0.0549914	1.32026	0.476566	0.818938	1.89842	0.694762	0.194157	0.118107	0.719393	0.411141
ihec.chipseq.ihec-chipseq-containerv1.1.4.IHECRE00003730.1.665ec701-8746-423d-9e1f-6b813507441b.fc.signal	1.5372	1.05676	0.117856	0	0	0	0	0.672292	0.958022	0.0114924	0.402434	0.575541	0	0	0	0.471969	2.24281	2.1661	0.0826136	0.454622	1.78378	2.0088	1.20775	2.04403	1.37926	0.891415	0.399477	1.9313	2.88699	0.390151	1.11372	0.645233	0.499354	0.780219	0.267003
ihec.chipseq.ihec-chipseq-containerv1.1.4.IHECRE00004616.1.ed15f6f7-9fc7-4af5-9ab6-233a7899d0bb.fc.signal	0.736798	0.445771	0.348335	0.64452	0.596764	0.47118	0.111114	0.588111	1.09694	0.76632	0.512105	0.752108	0.545827	0.529871	0.397296	0.504658	0.806334	0.639162	0.795476	1.06151	0.9316	0.528977	0.615253	0.648503	0.750205	0.549114	0.653698	0.247489	0.650359	0.890854	1.57552	2.48175	4.18585	3.36554	0.768212
ihec.chipseq.ihec-chipseq-containerv1.1.4.IHECRE00003803.1.fb97cdb0-391e-4e74-a4dc-d06dfb2e7cbb.fc.signal	0	0	0	0.0764977	1.04032	1.47532	0.915551	1.88308	3.88783	0	0	0	0	0.169015	1.47181	1.90872	1.084	0	0	2.18313	1.51589	0.741533	1.79197	0.942405	0	1.11339	0.894243	0.425697	0.207021	0	0	1.26631	0.464122	0	0.51567
ihec.chipseq.ihec-chipseq-containerv1.1.4.IHECRE00003819.1.f3c3e31b-1c64-4535-b45d-335af3db233f.fc.signal	0.186859	0.273401	0.241729	0.0189127	0.369754	0.457439	0.218174	0.125438	0.491363	0.423232	0.255913	0.761316	1.14788	0.598791	0.349932	0.380088	0.16501	0.183275	0.548148	0.314529	0.00945953	0.0555519	0.304281	0.152693	0.261413	0.392579	0.268146	0.183983	0.166091	0.473459	0.575699	0.195129	0.150794	0.245323	0.531792
ihec.chipseq.ihec-chipseq-containerv1.1.4.IHECRE00001893.4.bbfcde86-9029-4200-ba74-fe49f41c4cdf.fc.signal	0.174123	0.254098	0.195014	0.134451	0.173028	0.407545	0.399718	0.130817	0	0.369803	0.706098	0.422381	0.0508732	0	0	0	0	0	0	0	0	0	0	0	0	0.0133239	0.18169	0.18169	0.15262	0.425155	0.518422	0.444535	0.308304	0.257669	0.577068
ihec.chipseq.ihec-chipseq-containerv1.1.4.IHECRE00001961.2.26f0e8b3-e0d8-467c-92a7-4029668db296.fc.signal	0	0	0	0	0	0	0.739665	0.663257	0.36436	0.809563	0.197753	0	0	0	0	0	1.43413	1.33033	0.545072	0.983902	1.14308	0.081695	0	0	0	0	0	0	0	0	0	0	0.59599	1.17687	0.933526
ihec.chipseq.ihec-chipseq-containerv1.1.4.IHECRE00001954.2.18576743-b1b7-40af-bbff-f6570943d6bc.fc.signal	4.9965	4.07272	4.95036	5.73901	7.16373	6.64079	5.27625	3.93637	2.40388	1.48626	1.0638	0.680481	0.794408	0.418317	0.329796	0.469323	0.45077	0.348517	0.402512	0.278284	0.210182	0.213847	0.103866	0.153267	0.383237	0.467598	0.263381	0.264475	0.477313	0.436047	0.47829	0.891936	0.681538	0.481847	0.677497
ihec.chipseq.ihec-chipseq-containerv1.1.4.IHECRE00004614.1.c39e9a3f-4177-48c3-969d-01c9bdd4340c.fc.signal	1.72782	0.93243	1.5715	1.05737	1.06859	0.93084	0.819112	0.194687	0.895123	0.607504	1.13708	0.900541	1.37367	1.27293	0.808472	1.38219	0.849082	2.96008	4.44401	4.86424	3.92629	3.17087	3.98007	2.19088	1.37987	0.907647	0.755067	0.961159	0.764947	1.3486	1.67433	2.83565	8.84609	11.3663	0.745614
ihec.chipseq.ihec-chipseq-containerv1.1.4.IHECRE00000243.3.2aa5c3df-0722-47d5-82d4-eb34ba16be25.fc.signal	0.692021	0.591808	0.644468	0.755367	0.914306	1.55452	1.47769	1.31352	1.17397	1.58037	1.15866	0.929315	1.13229	1.98996	2.04718	1.95515	1.74867	1.28105	1.42031	2.14419	1.77356	0.81588	0.171658	0	0.795976	2.19643	1.91783	0.430369	0.59951	0.753673	0.171638	0	0	0	0.270035
ihec.chipseq.ihec-chipseq-containerv1.1.4.IHECRE00000060.3.baca5345-ebfb-42c5-84f7-5edc7dd83347.fc.signal	1.59926	0.220738	0	0.569364	0.816328	0.002191	0.0916107	0.556843	0.878776	0.984848	0.750956	1.47722	2.86021	1.20964	1.14971	1.0241	0.611792	0.0639747	0.370638	0.0658577	0.0715616	0.838879	1.79715	0.947664	0.825974	0.497428	0.306715	0.383408	1.03122	0.0912609	0.0633333	0.267329	0.407508	0.46743	0
ihec.chipseq.ihec-chipseq-containerv1.1.4.IHECRE00001005.4.eab1e3dc-c703-4c99-ae4e-8dc704d2f5d0.fc.signal	1.02169	0.956002	0.479913	0.624748	0.733874	0.851684	0.388186	0.749756	0.83201	0.897896	1.48191	1.18841	0.238766	0.164913	0.698555	0.735869	1.34417	0.41081	0.414674	0.401626	0.0889038	0.240791	0.465679	0.408193	0.645447	0.801244	0.432582	0.488424	0.598213	0.291486	0.344891	0.820279	0.671061	0.328598	0.178571
ihec.chipseq.ihec-chipseq-containerv1.1.4.IHECRE00000235.3.e77c3456-1902-4dba-839d-200d22c58cf3.fc.signal	0.46351	2.45073	3.78645	3.15624	3.13564	2.3756	1.89548	1.12829	1.42797	2.36159	1.10833	0.215707	0.0271575	0.19819	1.984	3.66636	1.22456	0.123805	0.262841	0.207495	0	0	0.193517	0.769277	2.52818	2.0337	2.55016	1.66259	0.343363	0.0254846	0	0	0	0	0.773676
ihec.chipseq.ihec-chipseq-containerv1.1.4.IHECRE00001952.2.afb78491-e0c2-4398-aa2a-4c98b0c4c5b7.fc.signal	2.20035	3.53241	3.01815	2.75434	3.56877	2.52234	1.87634	3.56957	2.46566	3.40474	2.37937	1.36725	1.15402	0.398231	0.584227	1.07967	0.86702	0.429113	0.557231	1.15335	0.618754	0.318007	0.231573	0.521538	0.402099	0.284454	0.397124	0.909481	0.746776	0.226471	0.209946	0.200895	0.187923	0.234028	0.644403
ihec.chipseq.ihec-chipseq-containerv1.1.4.IHECRE00002076.1.f14540c7-18af-47fc-8cad-c0291db319dc.fc.signal	0.896743	1.66294	1.74696	3.27629	5.28152	5.62266	4.59148	2.87117	4.46575	4.78145	6.81352	5.80104	4.7726	2.77871	1.69564	4.47149	3.00818	0.87783	2.94605	2.76981	2.44458	2.49561	2.47305	2.36763	2.64661	2.05487	1.44466	0.384475	1.70707	0.46668	0.737708	1.49905	2.34843	2.21107	0.815603
ihec.chipseq.ihec-chipseq-containerv1.1.4.IHECRE00001021.4.022f496a-4698-412d-9a82-a0a4b2e56c57.fc.signal	0.316522	0.487862	0.482162	0.127692	0.233898	0.293226	0.329474	0.472629	0.74289	0.780242	0.536628	0.502672	0.442617	0.344135	0.516776	0.98017	0.58953	0.669217	1.01107	0.502376	0.714877	0.0798095	0	0.00557427	0.27024	0.458894	0.291553	0.240529	0.391596	0.241644	0.0557016	0.0969893	0.412051	0.0370634	0.551084
ihec.chipseq.ihec-chipseq-containerv1.1.4.IHECRE00004655.3.50a67581-2a50-4c48-8845-557b0ff0fd01.fc.signal	1.18529	1.15203	1.97473	2.26616	1.90711	1.83447	1.002	1.51635	2.28729	2.16697	1.7069	2.5465	1.90262	0.406706	0.782368	1.04124	1.14967	0.736315	0.745259	0.655798	0.246939	0.791639	2.66378	2.74816	1.44708	1.26941	0.481437	0.565215	1.27188	1.3523	1.21083	1.17248	0.761704	1.07435	0.334764
ihec.chipseq.ihec-chipseq-containerv1.1.4.IHECRE00001039.6.78755d78-d69c-44bc-a0ab-147f64c5fd5c.fc.signal	1.24247	1.39389	0.651802	0.893976	0.431438	0.410948	0.676619	0.993163	0.679234	0.701143	0.709062	1.67569	3.12312	4.93796	3.77188	2.53434	4.03453	3.17636	2.62675	3.1765	2.47354	1.18033	0.749254	0.892855	0.831575	0.143973	0.802694	0.73895	0.475779	0.307486	0.474307	0.266099	0.136259	0.224203	0.505855
ihec.chipseq.ihec-chipseq-containerv1.1.4.IHECRE00003690.3.3012eb3e-9d87-4c93-aaf5-58e99d8aaa84.fc.signal	6.86094	5.94285	6.18996	5.29923	2.55232	1.74002	1.0912	0.814525	1.61055	2.05665	1.82479	0.946268	1.00059	0.744554	0.902786	0.7784	0.944872	1.98391	2.69097	3.13721	3.29215	5.31191	9.65495	6.07937	5.02037	3.99492	3.10326	2.3633	2.98475	3.52664	4.29118	8.06508	11.5119	10.8517	0.669375
ihec.chipseq.ihec-chipseq-containerv1.1.4.IHECRE00003692.4.370f0fb4-0bb1-4fa3-8e1d-75f06bf7b384.fc.signal	0	0	0	0.225615	0.0213011	0	0	0	0	0.0244347	0.115359	0.486114	0.0549255	0	0.477797	0.584903	0.244079	0	0	0.129071	0.195735	0.269811	0	0	0.279228	0.310163	0.247924	0.347744	0.52289	0.520338	1.20634	0.501727	1.0508	0.715354	0.0296053
ihec.chipseq.ihec-chipseq-containerv1.1.4.IHECRE00004606.2.5946f083-9733-4b0e-bccd-bb3958898b16.fc.signal	0.9922	0.423782	0.387941	0.381852	0.0471041	0.21271	0.205639	0.218233	1.28176	0.743235	1.63208	0.780831	0.97315	0.195324	0.393838	0.654403	0.626737	0.9185	1.9319	0.847836	0.668551	0.631966	0.837891	0.260963	0.692944	0.794893	0.638327	0.288087	0.472943	1.36099	1.85104	3.47494	6.33113	4.23262	0.784274
ihec.chipseq.ihec-chipseq-containerv1.1.4.IHECRE00000059.3.9f15cdcc-7468-4a84-87ee-af65c5fba810.fc.signal	0	0	0.429365	0.980969	0.83095	0.499318	2.65938	3.97461	1.197	0.221188	0.97583	0.227694	0	0	1.08435	2.07628	0.427549	0.194493	0.657926	0.725781	1.34074	0.201672	1.4962	0.904253	0.244963	0.786159	0.0963957	0.879782	0.149514	0.125884	0.758601	0.754642	1.86699	2.08107	0
ihec.chipseq.ihec-chipseq-containerv1.1.4.IHECRE00001907.1.856e5189-b10a-47ac-b38e-4f26c4b023ef.fc.signal	0.553912	0.162106	0.302716	0.0203923	0.496147	0.514615	0.275598	0.0985845	0.297637	0.510795	0.522884	0.445639	0.314058	0.636171	0.393031	0.726622	0.787609	1.17537	0.509274	0	0	0.532919	0.425069	0.911379	0.0492071	0	0.562131	0.62212	0.941026	0.256732	0.570985	0.28644	0.401759	0.821198	0.394495
ihec.chipseq.ihec-chipseq-containerv1.1.4.IHECRE00001015.4.b10cb337-bd81-4a63-af04-25443322673f.fc.signal	0.41162	0.550696	1.10776	0.903345	1.80207	1.41952	0.829303	1.00401	1.61547	0.56498	0.693935	0.434487	0.309176	0.151971	0.530552	0.881246	0.694747	0.493813	0.940755	0.82351	0.714216	0.570665	0.814345	0.75095	0.507351	0.427441	0.639986	0.272383	0.329764	0.493761	0.559729	0.307663	1.25767	1.05464	0.48895
ihec.chipseq.ihec-chipseq-containerv1.1.4.IHECRE00000225.3.a95e03a2-30ba-4d4b-a382-a7406068f4ff.fc.signal	0.686994	1.35137	0.929116	0.775702	1.70169	2.05223	2.28221	1.70478	0.959433	1.04367	0.863028	0.370992	0.286631	0	0.265405	1.32884	1.33689	0.464572	0.233298	1.47786	1.29706	0.79037	0.856396	0.200813	0.578525	0.511414	0.317016	0.234408	0	0.0984808	0.330072	0.234456	0.002634	0	0.844037
ihec.chipseq.ihec-chipseq-containerv1.1.4.IHECRE00003686.3.0646f25a-515d-4a28-9d49-c5b4db0fa40f.fc.signal	1.57674	1.61673	2.53147	3.09026	1.94516	1.48028	0.59073	0.94132	1.30655	1.66446	1.17097	1.17019	1.90203	1.74901	0.917224	1.0935	0.994569	0.376029	0.703162	0.696355	1.64348	3.01386	6.36953	4.8455	3.30111	1.32355	1.10963	1.20308	0.958295	2.50292	3.96814	7.61534	14.4806	11.6423	0.830587
ihec.chipseq.ihec-chipseq-containerv1.1.4.IHECRE00001852.4.272975fa-d097-445a-8194-d8db0cc814ad.fc.signal	0.506715	0.202472	0.467778	0.446456	0.935596	0.945942	0.978983	0.945855	1.15038	1.05782	1.00743	0.6698	0.555672	0.543818	0.212531	0.280417	0.621774	1.12756	1.15096	1.37575	1.2694	1.10028	0.961157	0.928613	0.70491	0.24567	0.291358	0.155648	0.482912	0.725001	0.811692	0.838377	1.29721	1.34991	0.889228
ihec.chipseq.ihec-chipseq-containerv1.1.4.IHECRE00001003.4.e54919a6-4d68-4e57-b8cc-55cfdab84079.fc.signal	1.57476	0.403525	0.647519	0.507896	0.653974	1.08472	0.833911	1.63871	0.75474	0.781453	0.805821	0.117835	0.280917	0.473142	0.402448	0.454877	0.24117	0.754396	0.925808	0.154932	0.0436347	0.524215	0.657338	0.207747	0.0342759	0.466083	0.206934	0.492471	0.766183	0.72908	0.636293	0.128429	0.729625	1.05961	0.234043
ihec.chipseq.ihec-chipseq-containerv1.1.4.IHECRE00003691.3.860bedc9-692c-462c-94be-59ab1fd7c824.fc.signal	4.38991	3.16134	4.28336	4.33008	2.22367	1.45196	1.11343	1.88182	1.36775	0.721791	0.975868	1.10738	0.796403	0.819763	1.67535	1.47476	1.14584	1.38399	2.87817	2.61263	3.39288	5.33686	8.32636	6.26966	5.89611	3.89586	3.182	2.40797	2.54465	3.59045	5.4853	7.13485	10.7345	10.5804	0.728689
ihec.chipseq.ihec-chipseq-containerv1.1.4.IHECRE00000784.3.54e2d258-2a9b-4416-87fd-8933cfcab4dd.fc.signal	0.214244	0.830295	1.21489	0.635651	1.61005	3.78635	5.45521	5.86012	4.51175	3.05329	2.831	1.06472	0.612891	1.54148	1.06057	1.58934	0.561619	0.169164	0.433611	1.46723	0.83537	0.374681	0.353387	0.0490671	0.743039	0.733038	0.56333	0.130496	0.396538	0.659568	0.758373	1.55851	1.5706	0.609331	0.674312
ihec.chipseq.ihec-chipseq-containerv1.1.4.IHECRE00000126.3.d0bfbd94-1356-4f3e-90d5-3e35710ea347.fc.signal	1.01821	1.09826	0.92706	2.51171	4.24532	7.29179	8.85036	12.1304	10.145	9.39808	14.0782	5.25969	2.32393	3.04181	2.14953	1.07818	1.71427	1.34632	0.649824	0.991737	0.688174	0.8166	0.130161	0.490178	0.63517	0.0675151	0.528178	0.757361	1.4884	0.973932	1.34721	2.64524	2.75377	3.69356	0.839831
ihec.chipseq.ihec-chipseq-containerv1.1.4.IHECRE00001050.8.a3567476-0b5a-4504-b34f-067a636cef5f.fc.signal	2.36666	2.57967	1.14124	1.68278	2.00166	2.93789	3.69546	3.42471	2.05208	4.52059	2.35463	2.35945	3.03539	3.42892	2.77467	2.70284	3.41476	3.18304	3.30568	4.32554	2.23746	2.28155	1.70369	2.06077	1.42562	1.22704	1.97341	0.321783	0.496801	0.426034	0	0.51045	0.174758	0.250559	0.584444
ihec.chipseq.ihec-chipseq-containerv1.1.4.IHECRE00003837.4.8eb534c9-67c4-4b07-9857-b5e3ae6f9ea5.fc.signal	0.217449	0.128543	0.0867514	0	0.0693031	0.528784	0.232274	0.19203	0.239664	0.0514797	0.244584	0.42086	0.234659	0.0428476	0.408099	0.455485	0.434892	0.914039	1.86621	0.423783	0.699054	0.842693	1.12594	0.708033	0.52167	0.0657448	0.057784	0.1984	0.596223	0.461149	0.601085	1.62107	0.323895	1.67982	0
ihec.chipseq.ihec-chipseq-containerv1.1.4.IHECRE00001959.2.750a19c1-18ed-49f4-9a40-94442cc932b5.fc.signal	0.785544	0.330141	0	0.226541	0.664684	0.993193	0.27064	0	0.175991	0.122246	0.0809672	0.408476	0.532952	1.154	0.684152	1.08753	0.940374	1.19599	1.11175	0.866667	0.717083	0.461782	0.232388	0	0.30755	0.284044	0.174326	0	0.106451	0.619349	0.538312	0.208536	0.479615	0.443678	0.840816
ihec.chipseq.ihec-chipseq-containerv1.1.4.IHECRE00004618.1.fc53d730-659c-4cf2-980a-4c7a71c2d016.fc.signal	0.99605	0.334716	1.11543	1.37786	1.33314	1.84837	2.32346	2.71448	2.78655	2.02154	1.41938	1.26174	1.54717	1.83227	1.16721	2.37172	1.11623	0.583629	0.924292	0.609115	0.646495	0.656089	1.5465	1.36013	1.08363	0.882189	0.672464	0.575898	0.980105	0.69953	1.16725	0.740758	1.35373	2.22343	0.89604
ihec.chipseq.ihec-chipseq-containerv1.1.4.IHECRE00001957.2.1adc09a2-a510-4845-9331-a4c7f3104a2a.fc.signal	3.5831	2.553	4.35872	6.23117	5.54414	5.3914	5.59986	5.21011	4.13057	2.49793	2.35161	1.17428	1.04011	1.03172	0.905657	0.508775	0.527393	0.314434	0.456684	0.72647	0.348689	0.302104	0.261186	0.184772	0.256057	0.856682	0.610219	0.611369	0.44098	0.521739	0.382533	0.314513	0.306789	0.318072	0.680952
ihec.chipseq.ihec-chipseq-containerv1.1.4.IHECRE00004703.3.f8d5b534-d184-4b56-88c0-e111f8b265ef.fc.signal	0.960102	0.814018	0.263258	1.06544	1.50227	1.19362	0.557796	0.922976	1.20498	0.297164	0.641262	0.883945	0.385382	0.721731	0.995358	0.752997	0.752824	0.637643	0.571861	0.897238	1.32162	0.946523	0.743459	0.280283	0.831856	0.941867	1.22848	0.62511	0.591668	0.866223	0.383002	0.636254	0.994344	1.04077	0.631436
ihec.chipseq.ihec-chipseq-containerv1.1.4.IHECRE00000972.6.ea2d9b95-5d31-4111-8903-1138eac02f8d.fc.signal	0.182117	0.994012	0.72468	0	0.191666	3.40188	4.70243	2.59802	1.29498	1.82761	2.994	0.217724	0.176586	0.79489	2.48555	1.26304	0.359204	0.150189	0.725432	0.897449	0.351628	0.416762	0.188059	0	0.439103	0.459044	0	0.0800054	0.864625	0.245444	0	0	0	0	0.544643
ihec.chipseq.ihec-chipseq-containerv1.1.4.IHECRE00004888.1.fa995553-a4c4-46af-820c-813f0732b09d.fc.signal	0.22703	0.212839	0.504331	0.92868	1.38981	3.22721	2.27993	3.03806	0.817367	0.100936	0.367693	0.130809	0.733444	0.746311	0.38784	0.838801	0.90022	0.21518	0.943194	0.308587	0.222891	0.158616	1.60873	0.31495	0.283025	0.512012	1.4846	1.22609	0.645602	0	0	0	1.03529	0.198275	0.936353
ihec.chipseq.ihec-chipseq-containerv1.1.4.IHECRE00001906.1.dafab27e-9fa4-4e54-8b12-f34d3390d9ba.fc.signal	0.363754	0.192349	0	0.0213223	0.265311	0.506305	0.781457	0.507598	0.441531	0.581587	0.344287	0.238796	0.166867	0.0380863	0.248397	0.265155	0.191745	0.120684	0.465485	0.296873	0.0782227	0.252133	0.491441	0.24952	0.295236	0.21183	0.15002	0.136605	0	0.453606	0.841949	0.593476	0.258104	0.210374	0.3
ihec.chipseq.ihec-chipseq-containerv1.1.4.IHECRE00003818.1.5f689ee3-a1ac-46cd-9df5-204fd2293fe3.fc.signal	1.13725	0.0934618	0	0.402476	1.17814	0.363512	0.914294	1.25798	0.570357	1.12716	2.24965	2.94177	0.296692	0.711675	0.802529	0.365596	0.484694	0	0	0.0871236	0.531644	0.328839	0.351252	0.0151573	0.727477	1.11831	1.23165	0.506004	0.308667	0.241139	1.00301	0.483697	0.177971	0.535134	0.451923
ihec.chipseq.ihec-chipseq-containerv1.1.4.IHECRE00001902.1.0214b245-4175-4c1b-a203-eb8edbfbdf0a.fc.signal	1.03389	0.708169	0.0180253	0.348701	0.944423	1.00762	1.28704	1.71435	0.994785	1.21498	1.19569	0.410754	0.293996	0.539357	0.908526	0.832322	0.351535	0.481076	0.658554	0.360928	0.361373	0.284527	0.288473	0.067903	0.347283	0.735964	0.844329	0.0395221	0	0.333095	0.872301	0.762008	1.00297	0.144181	0.548913
ihec.chipseq.ihec-chipseq-containerv1.1.4.IHECRE00003804.1.19adda8d-7b9f-4fc8-9f3c-3606862bc9a2.fc.signal	0.856673	0.23712	0	0.304895	0.551271	0.719569	0.611625	0.406138	0.374245	0.304107	0.451166	0.372948	0.38001	0.614524	0.756011	0.52156	0.867279	0.351722	0.698604	0.344776	0.189015	0.147832	0.28938	0.673347	0.476509	0.424749	0.637169	0.561687	0.756586	0.644273	0.476729	0.620231	0.571303	0.80964	0.574194
ihec.chipseq.ihec-chipseq-containerv1.1.4.IHECRE00000943.7.af323a26-7686-421e-89db-fa2bad412a32.fc.signal	0.296633	0.639587	0.500505	0.0835807	0.666375	1.68652	4.52638	5.33739	2.45663	1.77866	3.02172	0.25363	0.350112	0.740643	1.2943	0.875977	0.191404	0.598856	0.532129	1.16954	0.306742	0.162672	0.526398	0.283519	0.371193	0.935371	0.484823	0.267943	0.48982	0.173237	0.320929	0.547809	0.120627	0.224907	0.906052
ihec.chipseq.ihec-chipseq-containerv1.1.4.IHECRE00001013.4.dd6ee57f-cc2d-4ef9-a0a6-305ef4d04ad5.fc.signal	2.03678	1.48233	0.874803	0.631826	0.747883	0.672075	0.727416	0.854006	1.06731	0.929275	1.21378	0.310593	0.612092	0.55224	0.435906	0.673979	1.04477	0.760832	0.472824	0.238243	0.35313	0.347921	0.194133	0.582791	0.287122	0.480896	0.958698	0.32884	0.102177	0.00844293	0.524587	0.758993	1.06402	0.747297	0.415842
ihec.chipseq.ihec-chipseq-containerv1.1.4.IHECRE00000242.3.8843da7d-cdf7-4888-a714-dd6f9ae96b22.fc.signal	0.011161	2.22165	4.25748	2.85843	2.16587	1.16857	0.470793	0.524813	0.989575	0.802516	0.285718	0.00117227	0	0	0.441477	0.726734	0.122645	0	0	0	0	0	0	0.135555	0.660916	1.67679	1.5942	0.450504	0	0	0	0	0	0	0.847393
ihec.chipseq.ihec-chipseq-containerv1.1.4.IHECRE00003809.1.9f48ab03-6b70-4ab5-96be-1fd0eefa6fd2.fc.signal	0.844418	0.464467	0.567317	0.375972	0.255626	0.218583	0.0736927	0.461252	1.03714	0.275616	0.0283571	0.0338089	0.187827	0.131684	0.135846	0.349786	0.50864	0.411008	0.312422	0.287967	0.412526	0.299029	0.247207	0.440102	0.563395	0.558326	0.446507	0.237528	0.165156	0.220538	0.231167	0.249885	0.226774	0.268731	0.666667
ihec.chipseq.ihec-chipseq-containerv1.1.4.IHECRE00002005.1.e7d5be35-9222-4141-b673-2ac53d316b10.fc.signal	2.44071	3.51219	2.39982	4.60534	8.42054	8.18213	9.97055	5.92566	3.66813	6.56094	7.96065	7.39666	7.68701	5.79303	5.2823	4.59388	5.27322	4.19744	2.07103	4.78639	3.1856	3.10934	5.0823	2.57234	1.69353	1.44579	1.41556	1.04924	1.6566	2.13968	1.2723	2.25989	2.84206	1.54542	0.550898
ihec.chipseq.ihec-chipseq-containerv1.1.4.IHECRE00001891.4.89df7901-62b0-45af-9204-076797d91c40.fc.signal	2.17452	0.454716	0.220515	0	0.8226	1.32416	2.86832	2.62685	2.05173	3.36889	2.77033	0.308472	1.15624	1.29685	1.25856	1.55889	0.0893321	1.24214	1.16178	0.724918	0.109513	0.13814	0.49942	0	0	0.120974	0.623054	0	0.22964	0.35108	0	0	1.17924	0.736068	0.659659
ihec.chipseq.ihec-chipseq-containerv1.1.4.IHECRE00001965.2.2738728e-c625-46ab-90a4-80a1e15e2e66.fc.signal	3.09756	2.5641	3.02275	3.54059	2.71855	5.10326	4.00621	3.44441	1.66344	2.15094	2.64182	1.69302	1.45296	1.13761	1.69779	1.04695	0.662321	0.362971	0.703327	0.325277	0.354439	0.399536	0.20198	0.32304	0.349613	0.282469	0.647674	0.607993	0.355807	0.601697	0.330163	0.51175	0.540254	0.290106	0.615127
ihec.chipseq.ihec-chipseq-containerv1.1.4.IHECRE00001007.4.930110af-b1d2-43fd-acc9-c2552f92c18b.fc.signal	0.75164	0.784992	1.34725	0.743653	0.889495	0.763438	1.32009	1.33654	1.13611	0.695061	1.3357	0.801871	0.674989	1.01381	0.571945	1.00466	1.22514	0.291496	0.213314	0.836329	0.828724	0.0092932	0.58661	0.445304	0.281292	0.664439	1.09233	0.469203	0.311891	0.496427	0.578317	0.335631	0.521262	0.615618	0.342857
ihec.chipseq.ihec-chipseq-containerv1.1.4.IHECRE00003402.2.864e3441-10a9-434f-bc8b-9117f89777a3.fc.signal	0	0	0	0	0	0	0.594208	1.08272	0.612283	0	0	0	0	0	0.0382248	1.56012	1.35583	0.803234	1.25864	1.3584	2.28517	0.808392	0	2.97625	1.40628	0.81989	2.33893	1.10001	0.820885	0	0	0.890828	2.41609	0.54037	0.310541
ihec.chipseq.ihec-chipseq-containerv1.1.4.IHECRE00001011.4.1ac39a15-861c-4951-b231-e7623ea87433.fc.signal	1.13035	0.61594	0.447099	0.456039	0.386651	0.259772	0.156469	0.423794	0.493207	0.631894	0.931983	0.386235	0.312961	0.853144	1.14698	0.632387	0.16542	0.190658	0.272948	0.539438	0.37172	0.0061736	0	0.0202205	0.298529	0.498179	0.327834	0.0222912	0.415079	0.442978	0.034061	0	0	0	0.210843
ihec.chipseq.ihec-chipseq-containerv1.1.4.IHECRE00001962.2.a87b3aa3-3079-47ca-a7bd-cbacd583588f.fc.signal	1.95414	1.14829	1.37709	1.57314	2.65009	2.77901	2.27924	2.11639	1.77332	1.33454	0.740258	0.545951	0.470075	0.425112	0.623922	0.519589	0.384082	0.324629	0.413514	0.588885	0.798685	0.595237	0.0752409	0.171163	0.162939	0.154575	0.658716	0.629006	0.812982	0.965875	0.545097	0.596625	0.378497	0.279226	0.0965795
ihec.chipseq.ihec-chipseq-containerv1.1.4.IHECRE00000974.7.85f89b17-aeba-4a6e-bcd1-5f7463b1eb27.fc.signal	1.64706	1.11534	0.499614	0.438157	1.91349	2.10781	1.17081	1.8565	0.431556	0.568227	0.768469	0.35924	0.584258	0.628868	0.630647	0.962832	1.00233	0.269357	0.725432	0.428589	0.398574	0	0.216311	0	0.163476	0.206195	0.728317	0.0693391	0.311458	0.352188	0.153236	0	0.19326	0.0493788	0.841865
ihec.chipseq.ihec-chipseq-containerv1.1.4.IHECRE00000228.3.6dc10c5d-c31d-41e0-b93a-1f02c86942e4.fc.signal	0.0404507	1.42146	1.81117	1.24848	2.33842	3.14145	3.33092	3.4372	4.00972	4.03017	1.2248	0.0495445	0	0	0	0	0	0	0	0	0	0	0	0.108163	0.900966	1.21788	1.28534	0.632994	0	0	0	0	0	0	0.955832
ihec.chipseq.ihec-chipseq-containerv1.1.4.IHECRE00000964.7.10076c7e-f79e-4b00-a93b-8c94fb34535f.fc.signal	0.383354	0.578251	0	0.716927	0.850702	1.20683	2.25664	2.77039	1.07857	3.35945	7.95828	0.260893	0.658635	1.42334	0.344719	1.0114	0.0958384	0	0.193034	0.837138	0	0	0	0	0.382017	0.476411	0.839344	0	0.135771	0.767589	0	0	0	0	0.527675
ihec.chipseq.ihec-chipseq-containerv1.1.4.IHECRE00004900.1.255a9279-9bfd-4bf8-bbb4-56dd958d45f6.fc.signal	1.1962	1.11922	1.63625	1.63991	1.05595	3.12706	3.3315	2.90506	2.21867	0.997354	0.975511	0.831783	1.23463	2.22861	1.4471	1.03648	1.06301	1.5998	0.774888	0.484596	0.914386	0.619663	0.818164	0.736367	1.09352	1.22009	0.442914	0.115737	0.116475	0.534236	0.270021	0.594904	0.247163	0	0.782016
ihec.chipseq.ihec-chipseq-containerv1.1.4.IHECRE00003817.1.69d9ebdf-0f23-4c5e-8a37-c8d2e360479a.fc.signal	0.235907	0.286789	0.0458525	0.653765	0.663842	0.140374	0.309134	0.512857	0.469846	0.329772	0.253461	0.240548	0.038028	0	0.115639	0.194922	0.148791	0.129629	0.120505	0.0667627	0.130188	0.036472	0.0848823	0.0861522	0.345402	0.355765	0.145922	0.233451	0.221517	0.43064	0.659205	0.518426	0.499373	0.463912	0.600823
ihec.chipseq.ihec-chipseq-containerv1.1.4.IHECRE00003836.3.99b27424-8cc1-4279-877c-81e486b3d19a.fc.signal	0.212865	0.0686787	0.232623	0.0745071	0.325277	0.603646	0.376735	0.210062	0.463984	1.03088	0.923779	0.566401	0.311571	0.381235	0.23152	0.191556	0.15765	0.454144	0.560586	0.682158	0.569817	0.470757	0.366343	0.116675	0.184288	0.271812	0.697774	0.471627	0.531964	1.20362	1.54521	1.85095	2.38921	1.53889	0.12766
ihec.chipseq.ihec-chipseq-containerv1.1.4.IHECRE00003685.2.08c7f8f1-8d33-4b78-a437-57675e0cb0f4.fc.signal	4.4259	4.71924	4.71534	3.68511	2.84764	1.78567	0.887806	1.82591	1.47219	2.31898	1.74929	1.16032	1.49233	0.794171	1.61774	1.68433	1.14314	2.11868	2.02402	2.21656	3.53686	5.38578	8.04903	6.87562	3.99005	1.63319	2.0318	1.58675	1.39094	2.60766	5.76493	11.32	12.382	9.23324	0.648268
ihec.chipseq.ihec-chipseq-containerv1.1.4.IHECRE00001025.7.b74fcffa-6769-49b3-a5e1-d1a14d1711c8.fc.signal	0.871183	1.6915	0.326047	0.779672	0.498577	0.494146	0.604316	0.623038	0.589557	0.692139	0.52068	0.453755	0.693629	1.04619	0.333901	0.583995	0.331799	0.210093	0.501393	0.733652	0.530567	0.379722	0.178282	0.00369307	0.681794	1.14278	0.68809	0.84229	1.44949	1.19529	0.371868	0.0308731	0.394362	0.197178	0.526316
ihec.chipseq.ihec-chipseq-containerv1.1.4.IHECRE00000233.3.58100d32-de3d-456a-a280-51cbf3f744ab.fc.signal	0.709093	2.31236	3.17932	1.69302	0.839167	0.564437	0.778478	0.744461	0.816658	1.57004	1.84995	0.442567	0.0214765	0.16923	1.54788	2.09004	0.466173	0.018388	0	0	0	0	0.014107	0.554456	2.94582	3.97299	2.72564	0.82752	0.00521133	0	0	0	0	0	0.784073
ihec.chipseq.ihec-chipseq-containerv1.1.4.IHECRE00001335.1.46c364bd-3681-415b-98c9-6847142e383a.fc.signal	0.522022	0.475599	0.375059	0.21749	0.43691	0.595164	0.776204	0.834358	0.544732	1.5125	1.11465	0.954494	0.436027	0	0.410204	0.177277	0	0	0	0	0	0	0	0	0.0913016	0.441061	0.449029	1.06972	1.11533	1.19316	0.72275	0.757624	0.733502	0.5349	0.759928
ihec.chipseq.ihec-chipseq-containerv1.1.4.IHECRE00000227.3.dec25b9b-6df6-4939-9e00-5325f2277db2.fc.signal	0.180445	0.259481	0.588107	0.960569	1.28942	1.14991	1.25648	1.03747	0.659994	1.08532	0.957327	0.151058	0.468076	1.29916	2.26252	1.02616	0.44294	0.363367	0.514601	1.00938	0.82574	0.532094	0.871344	0.805417	0.22184	0.892251	0.487106	0.024113	0.414744	0.58675	0.844026	0.493513	0.0546561	0.495069	0.818706
ihec.chipseq.ihec-chipseq-containerv1.1.4.IHECRE00001889.4.f8ce3430-b2fd-414a-9546-9bea993d3d31.fc.signal	3.33688	2.86203	0.948907	0	2.15459	2.80273	1.38873	1.45205	2.66032	6.49986	3.93391	5.60329	5.77869	4.6178	3.01844	3.77932	3.66077	2.60846	2.35439	2.00841	2.52183	2.46573	2.25003	2.11446	1.72628	0.877888	1.6315	0.865739	0.0465957	0.578111	0	0.209213	0.300862	0.357362	0.797619
ihec.chipseq.ihec-chipseq-containerv1.1.4.IHECRE00000084.3.bbe0fcdd-1f38-4b05-9389-41cc4d505f6b.fc.signal	0	0	0	0	0.720987	1.23078	2.082	0.623535	0	0.077828	0.705144	0.4392	0.66984	0.138572	0	0	0	0	0	0	0	0	0	0	0	0	0	0.324745	0.417757	0.611984	0.668806	0.410203	1.46896	0.906799	0.0266667
ihec.chipseq.ihec-chipseq-containerv1.1.4.IHECRE00001878.2.c83ba750-10c0-4b5c-a8d5-15d9d1070487.fc.signal	0.924726	1.65413	0.0802132	0	0.328317	0.458253	1.84275	1.74519	1.07758	0.995866	1.11133	0	0.815271	0.495596	0.329729	0	0.687408	1.09175	0	0	0.183294	1.63627	1.91306	0	0	0.360695	0.623888	0	0	0.461082	0.231539	2.06258	1.31002	0.996565	0.509615
ihec.chipseq.ihec-chipseq-containerv1.1.4.IHECRE00000942.6.a17b3eb5-1248-4c56-a9b9-a415748c2b58.fc.signal	1.54176	0.0509028	0.223585	0.429358	0.228816	2.02596	2.93269	2.74775	1.00658	1.30552	0.729166	0	0.111217	0.309105	0.460262	2.50334	0.905876	0	0	0.558104	1.0383	0	0.4779	0.530375	0.372794	0.113399	1.76438	0.162393	0.467609	0.05822	0	0	0	0	0.708738
ihec.chipseq.ihec-chipseq-containerv1.1.4.IHECRE00004884.1.83ea03d7-6e78-47ac-9ea3-4d33b074e7dd.fc.signal	1.65078	0.486004	1.35475	2.91359	2.50523	3.08741	2.34093	1.94914	2.58042	1.29776	1.91505	0.865109	0.691864	1.60453	1.63224	0.996085	0.761693	0.314023	0	0.196515	0.322757	0.017546	0.975677	0.129845	0.178837	0.569272	0.895213	0.690883	0.320789	0	0.179532	0.644411	0.744122	0.975022	0.765876
ihec.chipseq.ihec-chipseq-containerv1.1.4.IHECRE00003404.1.1fd6b31e-ead4-4fb6-96e7-e6c055ca09bb.fc.signal	1.5312	0.645244	0.397572	0.665045	1.79924	0.447662	0.442256	0.0418962	1.83714	2.00266	1.15693	0	0.330957	0.392204	0.65055	0.397701	0.37717	0	0.568329	0.525241	0.00324507	0.0677584	0.829074	0.348033	1.10182	0.726127	0.867655	1.06415	0.589866	0.492638	2.09946	1.1549	1.18214	1.71361	0.0973684
ihec.chipseq.ihec-chipseq-containerv1.1.4.IHECRE00003812.1.3eaee204-4355-40f7-82b3-c8709fa3a29d.fc.signal	0.987847	0.487977	0.208675	0.501911	0.326371	1.0899	0.661199	0.480989	0.522588	0.711628	0.715209	0.509795	0.0776553	0.280693	0.0654191	0	0.00940007	0.576119	0.769313	0.359571	0.492995	0.0714435	0.035743	0.431694	0.128918	0.494097	0.665189	0.613812	0.813203	0.158701	0.330171	0.200457	0.724325	0.759502	0.66055
ihec.chipseq.ihec-chipseq-containerv1.1.4.IHECRE00001008.4.87ad0368-7e23-42e2-862b-00c0d1fef2ce.fc.signal	0.591504	0.379766	0.602963	0.878252	1.22388	0.91341	1.26034	1.73962	0.557422	0.652326	0.459822	0.319605	0.32115	0.827287	0.716958	0.877458	0.628097	0.397708	0.644192	0.851381	1.08095	0.541592	0.78605	0.163245	0.653966	0.866008	1.014	0.666093	0.148244	0.344446	0.140757	0.191538	0.510093	0.590512	0.754017
ihec.chipseq.ihec-chipseq-containerv1.1.4.IHECRE00003696.3.49d57242-0349-4448-9479-911cd2c363c1.fc.signal	4.55239	5.09365	4.17055	3.30579	1.31945	0.834354	0.63642	1.44915	2.56731	1.63253	1.8936	2.10653	2.54167	1.75409	2.08829	3.2169	2.53779	3.44534	6.40173	5.983	7.04766	5.33742	5.4936	7.046	3.54189	1.82722	2.2661	2.25426	3.63671	3.43472	6.02508	6.41436	8.00107	7.93751	0.871795
ihec.chipseq.ihec-chipseq-containerv1.1.4.IHECRE00001012.4.ceb637d9-2ce3-4213-9dcd-4173dd734e28.fc.signal	0.114406	0.156938	0.37835	0.627315	0.910488	0.703501	0.492786	1.81516	0.394935	0.132834	0.243889	1.30265	0.201169	0	0.181398	0.671331	0	0.710274	0.833022	0.251726	0.184623	0.0994644	0.627746	0.24985	0.0518267	0.351393	0.928332	0.516448	0.168615	0.35111	0	0	0	0.141953	0.501916
ihec.chipseq.ihec-chipseq-containerv1.1.4.IHECRE00001956.2.98baf052-40a0-482d-b546-3f729875aa39.fc.signal	0.486065	0.557212	0.594626	1.43343	0.829646	0.86594	2.0236	2.35381	1.28646	1.60915	1.64951	0.689447	0.153183	0	0.103705	0.260488	0	0.0472863	0.401146	0.0746618	0.014942	0.183209	0.183533	0.067262	0.172676	0.129729	0.341285	0.138684	0.161396	0.173551	0.126521	0.565973	0.59855	0.748186	0.927489
ihec.chipseq.ihec-chipseq-containerv1.1.4.IHECRE00003398.1.428318a7-43f4-48e5-9009-6a279ba6c4eb.fc.signal	2.13362	1.49385	0.167491	0	0.584405	2.7139	1.69824	0.786361	0.55085	0.060929	1.23658	0.0139587	0.473692	1.68267	2.25829	0.313696	1.56608	0.446266	0.876211	0.143192	1.39078	0.67129	1.3402	2.02248	0.543165	0.778322	0.225884	0.622055	0.940009	1.21482	1.24305	2.72475	0.738653	1.01233	0.155689
ihec.chipseq.ihec-chipseq-containerv1.1.4.IHECRE00001901.1.16fe48e6-bb3e-487a-8565-bd4680bfb7cf.fc.signal	0.592779	0.422012	0.353327	0.459471	0.416648	0.570059	0.664663	0.325267	0.390966	0.408646	0.322493	0.345811	0.453761	0.518672	0.536318	0.41703	0.196846	0.293932	0.577669	0.13735	0.205614	0.534605	0.485563	0.400393	0.442273	0.443579	0.433557	0.327571	0.228582	0.166381	0.459984	0.50276	0.516022	0.542757	0.435606
ihec.chipseq.ihec-chipseq-containerv1.1.4.IHECRE00000775.1.0fb1e686-4f1c-4706-b5f2-84ac84a9ffd9.fc.signal	1.10683	1.051	0.434651	0.210638	2.10882	0.777092	0.35698	0.861316	1.39095	3.10585	2.81817	1.57817	1.31446	1.6545	1.82014	1.24641	0.430073	0.335691	0.455418	0.445443	0.781451	0.989387	1.26597	1.04519	0.714305	0.632511	0.1912	1.42445	1.367	1.06456	1.03809	2.38031	2.75705	2.83755	0.739865
ihec.chipseq.ihec-chipseq-containerv1.1.4.IHECRE00004615.1.dc1c3cb6-a39e-4f93-b860-65238212598d.fc.signal	1.10004	0.385863	0.597031	0.589438	1.17481	0.97613	1.03631	0.926055	2.39772	1.83025	1.05504	1.08945	0.572471	0.535974	0.438029	0.490063	0.780164	0.567643	0.877917	1.1429	1.29852	0.465822	1.19021	1.0105	0.602878	1.0699	1.73544	1.07673	1.6573	1.18296	0.80106	0.418189	1.15268	1.3952	0.902669
ihec.chipseq.ihec-chipseq-containerv1.1.4.IHECRE00001235.5.9288c3da-b959-4677-8b20-db92036ed803.fc.signal	2.55212	1.86573	3.37704	3.6156	2.25898	1.8686	2.58984	1.56232	0.303641	1.25037	1.9158	1.01454	1.20558	2.03287	1.62818	2.29458	0.851307	0.940309	0.777787	0.981487	0.479955	1.08815	1.83023	0.438056	1.05718	1.86079	1.2959	0.813963	0.912357	0.214816	0.0285091	0.236545	0.346657	0.363788	0.721318
ihec.chipseq.ihec-chipseq-containerv1.1.4.IHECRE00000177.3.0538648e-28a0-4873-a813-aa0eabeee27b.fc.signal	0	1.21964	0.0484004	0	0	0	0.473954	0.301158	0	0	0	0.742219	0.287713	0.984703	0.630352	1.30412	0.724024	0	0	0	0	0.883309	0.790559	0.123689	0.702604	0	1.73367	0.155957	0	0.336113	1.19863	0.892678	0	0	0
ihec.chipseq.ihec-chipseq-containerv1.1.4.IHECRE00000221.3.124af268-a818-4305-aa8a-49d899ed859c.fc.signal	0	0	0.220436	0.350685	0.0301357	0.107779	0.635741	0.487669	0.131059	0	0	0	0.0051734	1.09889	1.19864	0.0852085	0	0	0.614335	1.64631	0.208494	0	0	0.203193	1.3891	0.988457	0	0	0	0	0	0	0	0	0.590504
ihec.chipseq.ihec-chipseq-containerv1.1.4.IHECRE00003808.1.260e3e1c-de41-442c-b2e6-f3725a4bad2c.fc.signal	0.681881	0.438605	0.214715	0.0816705	0.422699	0.53484	0.538454	0.73256	0.839272	0.761607	0.500428	0.180205	0.436189	0.277014	0.352815	0.858333	0.766477	0.270934	0.425355	0.502764	0.599996	0.790584	0.9113	0.560145	0.287587	0.600628	0.532674	0.380759	0.367254	0.350963	0.551512	0.77641	0.887803	1.06812	0.558872
ihec.chipseq.ihec-chipseq-containerv1.1.4.IHECRE00003813.1.9e057db0-12a8-4506-8d1c-dcb4b250c1de.fc.signal	0.419313	0.0712911	0	0	0.285997	0.51428	0.271517	0.153625	0.329787	0.440201	0.429228	0.318814	0.23403	0.511185	0.393966	0.286082	0.175977	0.228451	0.352412	0.251009	0.216256	0.457706	0.543191	0.289615	0.588837	0.538262	0.274056	0.666024	0.676495	0.515231	0.542874	0.559812	0.639963	0.323096	0.532468
ihec.chipseq.ihec-chipseq-containerv1.1.4.IHECRE00001900.1.2fed605f-5556-495f-a3dc-996f1c618e91.fc.signal	0.958764	0.388681	0.0834627	0.208337	0.48602	0.775896	0.541031	0.39572	0.588028	0.761552	0.580476	0.122533	0.458808	0.904767	0.633917	0.540378	0.373221	0.724184	0.694405	0.147826	0.31335	0.472348	0.275544	0.534798	0.596969	0.443493	0.533642	0.658447	0.59118	0.53603	0.648788	0.627488	0.46504	0.586003	0.543046
ihec.chipseq.ihec-chipseq-containerv1.1.4.IHECRE00000969.7.0baab4a8-a829-4c43-b8f6-5a3994be9e01.fc.signal	2.96829	0.104144	0	0.0371962	1.40831	0.430728	0.136159	0.147536	1.05429	1.26711	1.04086	0.96628	0.904964	0.989389	0.133073	0	0	0	0	0.409476	0.372711	0	0	0	0	1.37156	1.68486	0	0	0	0	0	0.19768	0.418024	0.951456
ihec.chipseq.ihec-chipseq-containerv1.1.4.IHECRE00001022.4.3ac2b187-51fd-4412-820f-81fb8b5a3122.fc.signal	0.647204	0.35372	0.381949	0.501732	0.309436	0.604429	0.919105	0.283238	0.354888	0.966816	0.586657	0.1543	0.340491	0.603266	1.44263	1.43246	0.0686212	0.645249	0.855378	0.350132	0.732699	0.226912	0.19335	0.564767	0.799783	0.912894	1.04799	1.13326	0.706633	0.0515541	0.0629799	0.512264	0.66042	0.516116	0.701149
ihec.chipseq.ihec-chipseq-containerv1.1.4.IHECRE00004664.3.f02f78f0-4a04-4485-8f18-d6274e109965.fc.signal	1.18463	0.463092	0.367092	0.670479	0.405157	1.22676	1.68992	1.99761	2.45361	1.67828	1.61263	1.28552	0.673553	0.39205	0.702423	0.382998	0.203521	0.281667	1.26293	1.42313	1.36736	1.25141	1.02926	1.30709	0.984392	0.653195	0.803118	0.486595	0.974719	0.984162	0.926943	1.42956	1.97172	1.10882	0.737892
ihec.chipseq.ihec-chipseq-containerv1.1.4.IHECRE00001888.4.4c779d5c-81a6-4492-a2ab-32ef5f8f70d0.fc.signal	0.906902	0.715676	0.141713	1.2284	1.80733	2.71274	3.60463	2.36823	0.586932	0.476556	0.893636	0.947706	1.00552	0.69584	0.342929	0.294774	0.650489	0.337779	0.453004	0.699578	0.298711	0	0.557822	0.378588	0	0	0.105918	0.556138	1.03496	0.916784	0.0814772	0	0	0	0.951565
ihec.chipseq.ihec-chipseq-containerv1.1.4.IHECRE00003679.3.b6f7e119-ff00-43c1-b8c9-a6de8420c8f5.fc.signal	4.11921	2.00258	1.92363	3.05584	1.93869	1.43586	3.16705	3.84888	2.99746	2.9614	3.57531	4.33977	4.27948	4.33984	2.72193	3.13784	3.41147	2.54506	2.26061	2.46007	2.68947	3.48496	5.43747	2.66868	1.35081	0.441226	0.548219	0.672353	0.839127	0.920032	1.71745	2.07077	2.40002	1.82437	0.118302
ihec.chipseq.ihec-chipseq-containerv1.1.4.IHECRE00004609.2.33d21ea8-28ff-4f08-83bc-ecd68e8e31f9.fc.signal	1.29346	1.39776	2.28649	3.78503	2.89225	1.89994	0.340175	0.22697	0.441506	0.427235	1.14206	0.496272	0.912002	0.382643	0.605595	0.814613	0.120792	0.262213	0.377956	1.09389	0.415403	0.0152629	0.572207	0.358408	0.110466	0.374463	0.122727	0.333641	0.390664	0.0191416	0.460115	1.07417	1.70005	1.02143	0.80798
ihec.chipseq.ihec-chipseq-containerv1.1.4.IHECRE00003715.2.f452847b-856b-4b4d-bec4-906e8d705518.fc.signal	1.59702	0.528586	0.279378	0	1.32726	0.382367	1.79522	0.431742	0.343823	0.684155	0.0627572	0.517025	0.461294	0.554212	0.604575	0.719154	0.188695	0	0.251115	0.268929	1.17335	0.450773	0.805489	0.29251	0.886818	1.69328	1.55228	1.50134	1.37154	0.497794	0	0.682489	0.333085	0.547107	1
ihec.chipseq.ihec-chipseq-containerv1.1.4.IHECRE00000013.3.c56fb850-5356-4ade-95b8-b00dc069d5ee.fc.signal	0.596599	0	0	0	0.500422	1.75783	1.63781	2.19846	0.29592	0.830541	0.027445	0	0	0	0	0	0	0	0	0.353172	0.553518	0	0.340185	0.622441	0	0	0.459194	0.55748	0	0	0	0.0242205	1.92089	2.75214	0
ihec.chipseq.ihec-chipseq-containerv1.1.4.IHECRE00004728.1.eff029f0-bac1-4b6d-a8ef-a052fc08bb40.fc.signal	0.700753	0.560397	0.797305	0.664706	1.38617	1.01682	1.55695	3.11963	3.31562	3.82008	2.10313	0.961653	1.04372	1.56595	0.754448	0.826459	0.950412	0.637473	0.713506	1.05464	0.755968	0.411729	0.57057	0.817623	1.44498	0.95627	0.715433	0.218938	0.388123	0.327307	1.40231	2.77346	1.76234	1.37889	0.939799
ihec.chipseq.ihec-chipseq-containerv1.1.4.IHECRE00000709.3.d00e3808-9f0e-482a-82e8-0b81806ce822.fc.signal	0.773201	0.756592	0.919696	1.22289	0.658849	1.39148	1.56189	1.47312	1.70826	0.682322	0.892541	0.987229	0.881085	0.619263	0.543436	1.16324	0.900313	1.25455	1.08203	0.343488	0.407379	0.463447	0.997784	1.00236	1.0915	1.14161	0.697017	0.437516	0.679037	0.988138	0.708715	0.961338	1.17446	0.992	0.587278
ihec.chipseq.ihec-chipseq-containerv1.1.4.IHECRE00003684.3.6340c768-b60c-43ff-84dd-c55bbe817516.fc.signal	3.41138	3.14524	3.08305	3.82475	1.8336	1.05276	0.997107	1.0042	1.16792	0.870665	0.867926	0.748098	1.16382	0.947116	0.461325	0.608069	0.372753	0.759768	0.784409	1.29238	1.72827	1.40114	2.21602	2.81417	1.75964	1.66505	0.474441	0.290799	0.802088	1.5438	2.9989	5.81854	9.34606	8.51407	0.903987
ihec.chipseq.ihec-chipseq-containerv1.1.4.IHECRE00004604.3.2060b949-a0ba-4eb6-9071-42320bc08233.fc.signal	1.35473	0.534366	0.531886	0.882993	0.73693	0.779307	1.26979	1.29276	1.60484	1.59923	1.67871	2.04525	1.27082	0.79493	0.691373	0.73537	0.0529684	0.350823	1.15582	0.2161	0.451828	0.826766	0.993729	0.427567	0.643104	0.839699	0.34117	0.801911	1.26458	1.18549	0.997868	1.1081	0.641511	0.623689	0.863582
ihec.chipseq.ihec-chipseq-containerv1.1.4.IHECRE00003675.3.ba41b0a8-afb1-412a-b955-efd4cd4011d5.fc.signal	2.44426	1.50354	1.19769	1.02055	1.70779	2.18538	2.47336	2.52277	2.57061	2.93151	3.12362	2.06335	3.07023	3.9636	4.75711	3.81762	3.68299	3.01651	2.60949	2.97829	2.02536	1.3624	1.93362	2.11326	2.08249	1.51471	0.425421	0.577388	0.791037	0.774171	1.1513	1.60099	1.84183	1.71609	0.0706447
ihec.chipseq.ihec-chipseq-containerv1.1.4.IHECRE00000238.3.b9dbaad9-2938-4b18-847c-4c3a725caa30.fc.signal	3.06052	1.54507	1.83242	1.78692	1.41754	0.904533	0.758325	0.961109	1.07117	1.71825	2.61449	2.81716	4.82269	5.69568	7.05811	7.00921	3.91851	1.63673	3.19439	3.91323	2.459	1.47833	2.26098	2.51974	2.48415	1.83143	1.30022	1.99276	2.61195	2.1321	0.568892	1.02047	1.89952	1.22805	0.541291
ihec.chipseq.ihec-chipseq-containerv1.1.4.IHECRE00000980.8.68531edc-00be-43f4-8cc7-5aba8c5c337a.fc.signal	0.871592	1.88796	1.12694	0.568523	1.63878	1.14787	1.36868	2.74164	1.50091	1.79584	1.90883	1.91684	0.866073	0.95888	1.97207	0.635393	0.0435763	0.677729	0.438618	0.239004	0.690108	0.628356	0.99879	0.501797	0.0797446	0.496995	0.307808	0.125451	0.680823	1.32011	0.756894	0.621856	0.217022	0.592866	0.729508
ihec.chipseq.ihec-chipseq-containerv1.1.4.IHECRE00000222.3.66a40f9f-6ca2-4937-819f-50fcd48c0ff1.fc.signal	1.93519	2.66795	2.86945	3.21443	2.75586	3.0195	2.7189	1.97852	1.49876	2.04288	2.29706	0.633985	0.159053	1.08841	1.59817	1.1423	0.788073	0.120225	0.231072	1.67304	1.18976	0.0009874	0	0.5409	2.20169	1.57136	1.00189	0.390447	1.16064	1.01293	0.172475	0	0	0	0.789992
ihec.chipseq.ihec-chipseq-containerv1.1.4.IHECRE00001936.1.93858f63-89ca-4fc1-b09c-156027aebe3c.fc.signal	1.02407	0.176975	0	0.0327492	0.755431	1.10217	1.24027	1.0059	0.238304	0.137211	0.14725	0.526075	0.662328	0.582308	0.450612	0.324778	0.789019	0.439083	0.0870233	0.618628	1.13491	0.52224	0.474869	0.290845	0.266756	0.898641	0.556681	0.71892	1.3098	1.24469	0.549455	0.266852	0.609925	0.796775	0.184783
ihec.chipseq.ihec-chipseq-containerv1.1.4.IHECRE00001904.1.157e52bc-84ef-4d37-b10e-cb4efc6ff94d.fc.signal	1.00833	0.543189	0.0628951	0.946716	1.90366	1.36311	1.79546	0.341101	0.601479	0.424903	0.262093	0.567214	0.209659	0.203134	0.275803	0	0	0.310915	0.0966685	0.226896	0.670666	0.318146	0.0857956	0.431776	0.071018	0.305602	0.195617	0.340131	0.456838	0.241627	0.298611	0	0.306479	0.292752	0.079646
ihec.chipseq.ihec-chipseq-containerv1.1.4.IHECRE00004641.3.8f2205e1-b664-4bca-ad51-53d7ed5a7d3c.fc.signal	1.40037	1.39982	1.52374	1.06184	0.201758	0.393815	0.700746	0.407096	0.46318	1.27303	1.29189	0.989451	0.962953	0.777449	0.536225	0.578477	0.424881	0.848623	0.779531	1.1613	1.15985	1.02541	1.61125	1.10136	0.725071	0.839726	1.57647	0.930488	1.08363	1.07631	1.91444	1.50024	0.804236	0.993649	0.841445
ihec.chipseq.ihec-chipseq-containerv1.1.4.IHECRE00000231.3.56cd85a8-5ca2-4de0-a140-ece4da1de9d3.fc.signal	0	0.948727	1.77576	1.27678	0.765363	1.18905	1.79095	1.6555	0.592997	0.396704	0.418675	0.238305	0	0.0122328	0.36607	0.534158	0.275576	0.0408807	0	0	0	0	0	0.0341341	0.660315	1.11116	2.03015	0.957209	0.072814	0	0	0	0	0	0.720853
