	chr17:16445345-16445494	chr17:16445495-16445644	chr17:16445645-16445794	chr17:16445795-16445944	chr17:16445945-16446094	chr17:16446095-16446244	chr17:16446245-16446394	chr17:16446395-16446544	chr17:16446545-16446694	chr17:16446695-16446844	chr17:16446845-16446994	chr17:16446995-16447144	chr17:16447145-16447294	chr17:16447295-16447444	chr17:16447445-16447594	chr17:16447595-16447744	chr17:16447745-16447894	chr17:16447895-16448044	chr17:16448045-16448194	chr17:16448195-16448344	chr17:16448345-16448494	chr17:16448495-16448644	chr17:16448645-16448794	chr17:16448795-16448944	chr17:16448945-16449094	chr17:16449095-16449244	chr17:16449245-16449394	chr17:16449395-16449544	chr17:16449545-16449694	chr17:16449695-16449844	chr17:16449845-16449894	chr17:16449895-16449994	chr17:16449995-16450144	chr17:16450145-16450294	chr17:16450295-16450444	chr17:16450445-16450460	Expression
ihec.chipseq.ihec-chipseq-containerv1.1.4.IHECRE00001002.4.bc6e7c42-efcb-4227-9b35-b730ed21b81f.fc.signal	1.51633	2.25494	1.25671	1.38431	0.873547	0.991946	1.27926	0.989539	0.411682	0.434383	0.412934	1.19435	0.865917	0.782613	0.507399	0.432857	0.506386	0.491609	0.437801	0.376935	0.531847	0.977299	0.871495	0.831836	0.864527	0.738457	0.791549	0.353353	0.168034	0.539946	0.477091	0.510933	0.851607	0.441161	0.476645	0.488298	0.379182
ihec.chipseq.ihec-chipseq-containerv1.1.4.IHECRE00003693.3.61ce3aed-9b5d-4553-b99d-12b70cc1e329.fc.signal	1.64094	2.48386	2.06437	1.11125	0.951594	0.447706	0.217686	0.130385	0.394979	0.620533	0.207791	0.422302	0.738643	0.363162	0.211151	0.168942	0.0453199	0.328625	0.404227	0.393439	0.167023	0.130294	0.161043	0.546245	0.529426	0.396355	0.377131	0.72808	0.492104	0.218866	0.0506604	0.02609	0.086621	0.234609	0.357551	0.330898	0.54849
ihec.chipseq.ihec-chipseq-containerv1.1.4.IHECRE00003682.3.262baf8f-18ec-4df6-b43b-235702f654d5.fc.signal	4.11587	2.95422	3.73983	2.11613	1.40162	0.795673	0.873421	0.471123	0.742941	0.781654	0.19408	0.380724	0.847278	0.94322	1.40339	0.908554	0.473962	0.766667	0.583194	1.12756	1.29542	2.62408	2.27507	2.01589	2.40393	2.71302	2.64416	3.16186	2.22488	1.2301	0.999829	0.765787	0.315835	0.447815	0.713578	0.89852	0.480952
ihec.chipseq.ihec-chipseq-containerv1.1.4.IHECRE00000987.6.5cfbaa8b-8208-4e04-b7a6-61e4e70766cd.fc.signal	2.86696	2.36425	6.68571	3.0235	0.49442	0.690448	1.42306	1.46501	2.63892	4.045	1.32383	0.729446	1.71441	0.436962	0.601861	1.47069	1.35579	0.41535	0.514472	0.49993	1.49132	1.04473	0.989845	1.16495	0.221819	0.183043	0.258133	1.40101	1.00087	0	0.590462	1.18093	1.26909	1.49988	1.38657	0.424238	0.526285
ihec.chipseq.ihec-chipseq-containerv1.1.4.IHECRE00004635.3.eb7c4ac6-0e90-4c4c-9088-810681c2c896.fc.signal	0.66012	1.04397	0.871366	0.858569	0.687487	0.995552	1.03643	1.00604	0.666207	0.342564	0.561783	0.697107	0.876509	0.713631	0.514865	0.670055	0.72102	0.455643	0.511919	0.836308	0.789714	0.26039	0.610991	0.811932	0.917257	0.469446	0.740433	0.81013	0.758225	1.42152	0.988217	0.445246	0.899667	0.705708	0.39397	0.317161	0.487805
ihec.chipseq.ihec-chipseq-containerv1.1.4.IHECRE00003694.3.791a1a19-8cb6-4f2d-b5f0-f97ea2658756.fc.signal	2.08224	2.66809	2.2326	1.4953	1.60061	0.523441	0.481921	0.258987	0.31131	0.29986	0.420273	0.386968	0.348115	0.194636	0.0498333	0.0670897	0.213427	0.104506	0.596138	0.574908	0.32359	0.230728	0.127981	0.227149	0.620406	0.279649	0.289042	0.807309	0.518084	0.220666	0.394384	0.424682	0.593582	0.181942	0.0209616	0	0.445946
ihec.chipseq.ihec-chipseq-containerv1.1.4.IHECRE00001233.5.4d6f1353-0c69-4685-862a-70e4ba9d694d.fc.signal	2.6124	3.61703	2.26895	1.48047	2.75219	2.04597	1.86237	1.57803	1.54904	1.73726	1.26377	1.6723	1.27017	1.76291	1.21442	1.27387	1.64648	1.79366	1.23273	1.47859	0.571108	1.38355	1.29997	1.23909	1.42701	0.985156	1.18491	0.791553	0.327095	0.390981	0.274738	0.895437	2.03136	1.81004	0.732912	0.779348	0.509146
ihec.chipseq.ihec-chipseq-containerv1.1.4.IHECRE00001018.4.cebe85ed-98d7-40f0-b727-1c2dfca5020a.fc.signal	3.06771	4.00237	2.82169	4.19952	3.47936	1.75494	3.0874	3.01197	1.83735	1.98804	1.47223	2.38684	2.21645	2.1077	1.57002	0.81004	1.80897	2.49622	2.25878	1.51308	1.01454	0.989078	0.549449	1.1249	2.28581	2.72361	1.18411	1.04328	0.886005	0.88591	0.525659	1.19696	1.94067	1.8041	1.06285	0.655149	0.328937
ihec.chipseq.ihec-chipseq-containerv1.1.4.IHECRE00001010.4.77bd98ba-d8dd-4231-a3ba-bd69ef2d4205.fc.signal	2.73284	3.39213	2.47008	2.26918	2.0045	1.47282	1.90013	1.50302	0.942147	0.861761	0.30614	0.398345	0.649612	0.95074	0.772987	0.46508	0.514867	0.423586	0.498496	0.639878	0.378216	0.614895	0.753229	0.515764	0.297888	0.411605	0.616926	0.573643	0.362375	0.30722	0.337948	0.418528	0.360927	0.326706	0.415251	0.45253	0.373508
ihec.chipseq.ihec-chipseq-containerv1.1.4.IHECRE00004647.3.45100e0d-f7b5-4c54-a935-54545fef7dd3.fc.signal	3.45123	4.28801	4.61008	3.71599	2.52079	2.84235	2.4483	2.59772	2.38009	1.85897	1.75166	2.14742	2.16665	2.81571	2.58257	2.21411	2.49825	2.98567	2.7358	2.30304	1.9539	1.99695	2.67445	1.55791	2.42345	2.54997	1.75632	2.07479	1.38364	0.888513	0.510641	0.725737	1.54226	1.3018	1.2794	1.1705	0.586724
ihec.chipseq.ihec-chipseq-containerv1.1.4.IHECRE00000983.7.61f2a6e9-d3c5-47bf-9c61-e6f61f7fd807.fc.signal	1.12034	1.629	2.87051	3.76836	0.824465	1.27817	0.877647	1.471	1.69629	0	0.534103	0.356506	0.773282	0.683385	0.707183	0.902407	1.20357	2.21807	0.72416	0.409232	0.523133	0.642361	0.584909	0.0437373	0.175129	0.432835	0.212327	0.232733	0.57892	0.0552648	0	0	0.916959	1.76957	0.129582	0.518109	0.957647
ihec.chipseq.ihec-chipseq-containerv1.1.4.IHECRE00001006.4.f30cfd28-f0bb-4e61-a8ad-120bd3fb3681.fc.signal	4.16129	4.23038	4.71266	4.46247	3.67912	2.97627	3.37089	3.29728	2.03189	2.23374	1.35388	1.45944	1.59255	1.6522	1.74937	1.39193	1.35405	2.54282	1.70722	1.32721	1.03988	1.42042	1.30794	0.994929	1.40541	1.59405	1.02372	0.771907	0.346111	0.724276	1.39739	2.21477	2.36103	1.89302	1.13248	0.722561	0.429339
ihec.chipseq.ihec-chipseq-containerv1.1.4.IHECRE00001020.4.c512952b-84f9-420c-aa6f-798ebaf5413d.fc.signal	2.81652	2.8434	1.88074	1.51687	1.79766	2.86254	1.78082	2.17634	1.40038	1.1202	1.31415	1.20688	1.1965	1.30721	1.33338	1.30475	1.31987	1.59506	1.42137	0.672293	0.988698	1.39098	1.19276	1.01544	1.27809	1.58189	0.652311	0.61892	0.238207	0.595794	0.71401	0.93368	1.83824	2.18946	1.25741	1.34664	0.485612
ihec.chipseq.ihec-chipseq-containerv1.1.4.IHECRE00001016.4.fc2ea977-cbc8-4d3a-ab74-ef1a08c9be39.fc.signal	5.06421	4.64136	3.80627	3.07518	1.62366	2.23281	2.05403	1.46244	1.85579	1.50809	0.968253	1.37889	2.53527	1.83344	1.46392	1.12225	1.59218	2.53774	1.37515	0.869906	0.693472	0.507579	1.73235	1.13867	3.39382	4.50106	3.00755	2.46067	1.07289	1.21791	1.24666	1.70707	1.64339	1.12466	0.888897	1.00885	0.267007
ihec.chipseq.ihec-chipseq-containerv1.1.4.IHECRE00003396.1.d3bf1929-bb76-4033-8d58-57bb7c239aaf.fc.signal	0.355789	1.10836	2.19178	0.977967	0.027076	0.261775	0.980659	0.159622	0.677358	0	1.00946	1.5777	0.29736	0.842064	0.527296	2.90611	1.12288	0.420733	1.19257	1.60863	0.165956	0.602981	0.811817	1.15781	1.55266	0	1.55033	1.70725	0.349472	0	0.143248	1.93258	1.27023	0.880942	1.31441	0.595815	0.360872
ihec.chipseq.ihec-chipseq-containerv1.1.4.IHECRE00003677.3.18735c01-9e7f-4bc3-8ba6-c4181a530efa.fc.signal	4.90234	5.36343	3.18538	2.38571	2.10473	1.03062	0.844125	1.28012	0.969569	0.303469	0.192777	0.229702	0.59034	0.828041	0.380315	0.375889	0.852626	1.51399	1.72578	1.22865	1.05113	1.17408	0.670268	0.954505	0.996705	0.370654	0.711719	1.37034	0.867831	0.447668	0.263861	0.283747	0.272691	0.39469	0.481081	0.429961	0.48916
ihec.chipseq.ihec-chipseq-containerv1.1.4.IHECRE00000236.3.81777bd7-a811-47be-9ebc-c73408291448.fc.signal	1.53701	2.08726	2.14873	1.80132	1.10862	0.583072	0.681143	1.12581	1.05228	0.641856	0.317446	0.228907	0.521863	0.537874	0.465676	0.90339	1.02997	0.647389	0.398832	0.699283	0.60303	0.381299	0.488256	0.592604	0.787645	1.08656	0.941628	0.630655	0.354096	0.317985	0.463158	0.472455	0.457164	0.527642	0.712759	0.780752	0.189655
ihec.chipseq.ihec-chipseq-containerv1.1.4.IHECRE00001019.4.3cb80d46-685f-499c-92a6-1e52fde53ed9.fc.signal	4.10757	4.59299	1.81695	1.93512	3.22996	1.93796	2.19912	1.45637	1.55755	0.876451	1.75388	2.77147	1.52515	1.42731	2.21058	1.80211	2.2395	1.35536	1.40198	1.4981	0.680021	0.352387	1.069	2.02627	1.74888	1.79764	1.92451	1.9433	0.338995	0.835891	1.73149	2.04425	2.08848	2.8113	1.51459	1.41947	0.53833
ihec.chipseq.ihec-chipseq-containerv1.1.4.IHECRE00002058.1.68c7e067-2bf1-45f2-8e15-c75a696edb6c.fc.signal	5.11925	5.87072	3.01105	4.77494	1.29314	1.87254	1.51644	1.5358	0.809022	0.932838	1.35913	1.84873	1.29114	2.55034	0.597937	1.27079	1.91033	3.11249	2.68423	1.41316	1.03866	1.5831	1.21551	1.3313	4.64945	5.88264	4.61598	2.1301	0.496486	0.797244	0.748142	0.763177	0.32941	0.53585	1.13516	1.64318	0.546218
ihec.chipseq.ihec-chipseq-containerv1.1.4.IHECRE00003683.3.52ed6dfc-f444-41dd-94ff-8e67dd11315f.fc.signal	3.21715	3.8944	2.67518	1.20582	1.09598	1.0089	0.385868	0.379828	0.579566	0.538837	0.122124	0.419477	0.590467	0.557935	0.323596	0.251304	0	0.19507	0.354957	0.265089	0.635731	0.799888	0.521992	0.468998	0.499613	0.672809	0.671425	0.348363	0.492444	0.149432	0	0	0	0	0.100974	0.140606	0.457732
ihec.chipseq.ihec-chipseq-containerv1.1.4.IHECRE00004713.2.e0c0800b-3b56-4a12-9e86-6c2b014acbe6.fc.signal	4.05982	3.39012	2.23077	2.96349	2.27731	1.59754	0.942939	1.80568	1.27352	1.33464	1.10977	1.52581	2.81812	3.2137	0.872061	0.754982	4.3807	4.46804	2.24516	3.88539	3.05822	1.79457	2.69049	5.32896	4.39752	3.37552	1.92038	1.84694	1.94114	2.2525	2.51034	2.33028	2.25463	2.1241	1.79188	1.0238	0.480392
ihec.chipseq.ihec-chipseq-containerv1.1.4.IHECRE00000224.3.e5c74e2f-fdd7-452c-ab9b-6ee0ab9d0cdc.fc.signal	1.52919	1.48728	1.61264	1.48335	0.905908	0.779779	0.451402	0.450561	0.761158	0.449399	0.625962	0.585741	0.668866	0.85532	0.871636	0.685549	0.727308	1.01695	0.738418	0.301748	0.571957	1.05361	1.02082	0.701381	0.389753	0.466874	0.526877	0.41148	0.407927	0.190515	0.162916	0.350612	0.513361	0.628762	0.388811	0.274375	0.366748
ihec.chipseq.ihec-chipseq-containerv1.1.4.IHECRE00002067.1.d2972a82-a806-4e56-afab-8a78ae137176.fc.signal	6.85528	7.30989	7.22983	1.86412	1.43428	2.61933	1.24273	2.05577	2.10647	2.99219	1.45291	1.24254	0.885644	1.41779	0.967719	1.8854	4.30216	2.25499	2.70757	1.14286	0.608414	0.75154	2.1753	2.96106	3.73606	4.44401	3.04607	1.49067	3.22443	1.42861	1.57178	2.39408	1.16832	0.748137	1.31081	1.6203	0.487654
ihec.chipseq.ihec-chipseq-containerv1.1.4.IHECRE00001916.1.e7613ff6-6db0-405e-a3e1-4d00a7bd21ef.fc.signal	0.0872938	0.655922	0.182523	0.69294	0.198395	0.917751	2.65477	4.4313	3.12162	1.95384	2.25218	2.5919	2.11262	2.3843	2.63625	2.39514	1.16132	0.741187	1.10538	1.32263	0.5389	0.663529	2.30517	3.03136	3.22858	2.23754	1.64706	0.896064	0.732603	0.46025	0.571307	1.18624	0.554267	1.68796	2.34426	2.62924	0.552632
ihec.chipseq.ihec-chipseq-containerv1.1.4.IHECRE00000240.3.d690d3e6-ed87-46ee-9d2a-0a5b66f16245.fc.signal	1.20894	0.804159	1.10307	0.601601	0.208209	0.270964	0.510579	1.25349	0.886779	0.446703	0.251417	0.450448	0.320242	0.284992	0.390955	0.314246	0.40638	0.208748	0.181684	0.147686	0.372268	0.479546	0.318578	0.81466	0.880092	0.237256	0.337987	0.100441	0	0.280629	0.489896	0.548969	0.544717	0.410683	0.231488	0.189107	0.304556
ihec.chipseq.ihec-chipseq-containerv1.1.4.IHECRE00001921.1.6ac99a85-2fe0-4cc8-86a0-6bf7b17d53bb.fc.signal	1.55181	1.14489	1.58181	1.26241	1.38151	1.61533	2.31944	1.64172	1.29904	0.668602	0.878412	1.76812	1.70269	1.24841	1.77423	1.38146	1.59823	1.49475	0.768985	0.398372	0.555387	0.370498	0.720824	1.25884	0.936953	0.786527	1.26087	2.30229	1.17255	0.469218	0.455962	0.589838	0.246543	0.676878	1.16458	0.985826	0.539906
ihec.chipseq.ihec-chipseq-containerv1.1.4.IHECRE00001915.1.adee2f46-da34-4846-89ca-6d9625aefc9b.fc.signal	0.824145	0.679842	1.31466	1.23797	0.75702	0.676669	0.603449	0.61743	0.157296	0.103591	0.418532	0.78924	0.710998	0.550212	0.679944	0.661635	0.613662	0.394524	0.194294	0.264423	0.673944	1.13565	1.12955	0.400604	0.756059	0.374815	0.104214	0.187398	0.570661	0.199138	0.181773	0.471984	1.05195	1.19125	0.367189	0.303146	0.56
ihec.chipseq.ihec-chipseq-containerv1.1.4.IHECRE00003676.3.2bdb0d55-cf7c-42db-b5e9-1e7fc8464aa8.fc.signal	2.65604	4.86617	3.52575	2.69977	2.18046	0.94642	0.363404	1.07727	1.44477	1.12013	0.126827	0.441812	0.438604	0.888851	0.841678	0.145501	0.858776	0.947096	0.973391	0.740303	0.520815	1.20269	1.18592	2.16619	1.64463	1.38886	2.23586	0.956949	0.575708	0.89402	1.1466	0.998557	0.105378	0.248864	0.565349	0.771031	0.449462
ihec.chipseq.ihec-chipseq-containerv1.1.4.IHECRE00003838.5.81062b7a-f969-4fb2-ad00-2580d77ec836.fc.signal	1.39376	2.66571	1.79243	1.54152	1.90918	1.99121	1.32164	1.18005	2.19241	1.55646	0.847181	1.77135	1.33821	1.83715	0.903064	1.17633	0.961447	0.894368	0.878258	1.5651	0.977601	1.68066	1.58625	1.8404	0.551974	1.18006	1.31795	0.583239	0.585069	0.413604	0.737869	0.680123	0.576362	0.808426	0.317879	0	0.661538
ihec.chipseq.ihec-chipseq-containerv1.1.4.IHECRE00001914.1.efe1ef25-e6b3-4cdb-b8c5-2c894fd1d880.fc.signal	3.30646	4.30178	2.34462	1.44177	1.25099	2.07351	3.10587	3.59789	2.36154	2.12575	2.21082	1.53168	1.25878	0.639299	1.09162	1.64439	2.4646	2.67899	0.860813	1.7447	2.36823	1.5913	1.2254	1.75073	1.45717	1.1015	1.09835	1.06956	0.820218	1.54605	1.22742	2.02699	1.89752	1.73518	1.16443	1.47522	0.366864
ihec.chipseq.ihec-chipseq-containerv1.1.4.IHECRE00001236.5.d51198c1-7a73-4d86-97a2-4552cc10d322.fc.signal	2.23551	3.88742	1.32473	1.45325	1.36932	1.36485	1.55424	1.9376	1.77065	0.875251	1.15312	2.22832	1.86544	1.18178	0.903648	0.701833	1.57816	1.96736	1.07949	1.16628	1.19953	0.660807	0.671116	0.761284	1.8086	1.23423	1.1509	1.17092	0.305288	0.551351	1.52488	2.14552	1.03507	1.69423	1.60576	1.65181	0.396389
ihec.chipseq.ihec-chipseq-containerv1.1.4.IHECRE00001234.5.5cbe5650-3de6-4514-ab14-1c0f737014e5.fc.signal	3.26928	4.00081	2.70851	2.78067	2.94043	1.9876	3.80054	3.53026	2.13253	2.26412	1.62825	1.70514	2.29983	0.984765	1.00066	0.646635	1.02972	1.88655	1.32308	0.897986	1.17725	1.64475	1.62222	1.38345	0.597388	0.744604	1.00283	1.04416	0.278284	0.632381	0.912833	1.06482	1.35671	1.05253	0.684662	0.852441	0.4923
ihec.chipseq.ihec-chipseq-containerv1.1.4.IHECRE00001232.5.1e064882-e572-482d-b86a-86e4adf3de86.fc.signal	2.37832	4.17589	2.16988	2.14263	1.26256	1.66419	1.43163	1.65395	1.24226	0.582399	0.732589	1.42517	1.48743	1.14444	1.22504	0.986388	1.27222	1.19207	1.23307	1.0183	1.09068	2.73536	2.41806	1.33329	1.50158	2.601	1.74523	1.29224	0.715716	0.62569	0.3053	0.927082	1.18135	1.0011	0.547112	0.746983	0.449074
ihec.chipseq.ihec-chipseq-containerv1.1.4.IHECRE00000055.3.18017a46-582b-4ce3-bfb4-e75efa17aec2.fc.signal	1.4213	1.59397	1.54387	1.50462	0.425079	2.27134	2.25805	2.96207	6.60164	7.45841	3.76232	2.52985	4.32973	9.4353	3.89857	6.90714	3.05078	4.09428	4.00929	3.84681	1.91346	1.96937	1.3597	3.31624	1.901	1.95167	3.21398	1.44547	0.19179	0.564518	2.88901	2.04225	1.12904	0.796981	2.17378	2.30146	0.591549
ihec.chipseq.ihec-chipseq-containerv1.1.4.IHECRE00003832.2.6f165533-6331-40e2-865d-21b081721374.fc.signal	2.52167	1.46424	1.69715	2.52284	1.92396	2.46895	1.29346	1.09554	1.00131	0.755236	0.482898	0.960925	1.87838	1.51122	2.584	2.27043	0.575497	0.872691	0.724668	1.13378	0.815977	0.92955	1.39242	1.57433	0.715883	0.656908	1.09369	1.4123	0.80213	0.671916	0.696758	0.845943	1.28328	0.513723	0.505815	0.41876	0.273224
ihec.chipseq.ihec-chipseq-containerv1.1.4.IHECRE00003816.1.c02216f5-387b-4ad0-b451-f30307b31d6f.fc.signal	0.757938	1.79682	2.06758	1.10021	0.522617	0.63678	1.20507	1.91121	2.34625	2.03217	1.3322	1.40833	1.06599	0.88649	0.68022	1.20802	1.4608	1.83526	1.34029	0.599162	0.381456	0.785145	1.00716	1.09448	1.39367	1.31346	0.998417	0.897618	0.571	0.398833	0.347535	0.493737	0.821526	0.860441	0.790988	0.927126	0.304348
ihec.chipseq.ihec-chipseq-containerv1.1.4.IHECRE00003401.1.b5568014-372c-40aa-9405-3d27c34b9363.fc.signal	0.130394	0.90598	0.672947	1.5227	0	0.983133	0.686333	0.491595	0	0	0	0.44786	0.49704	0.196261	0.385974	0.113569	0	0.992491	0.791399	0.695831	2.35823	1.3431	1.76047	0.810248	1.77042	1.57816	2.53203	2.24598	1.40645	0.0441792	1.28124	2.67309	0.73632	1.03263	1.30532	1.58781	0.481724
ihec.chipseq.ihec-chipseq-containerv1.1.4.IHECRE00003826.4.829b60f6-fc9d-4134-bce9-259337c2a36b.fc.signal	0.597187	2.05093	1.9436	2.78711	3.18814	3.42583	1.99618	2.55795	2.0294	0.919471	0.60746	2.54792	1.97843	1.54696	2.0796	3.08076	0.501258	0.520942	0.979018	1.44195	1.91176	2.27449	0.806158	0.972603	0.413954	0.792264	0.930937	0.876527	1.11715	0.488348	1.05704	1.29337	1.77885	1.71062	0.585747	0.64445	0.458599
ihec.chipseq.ihec-chipseq-containerv1.1.4.IHECRE00001997.1.7a7e31ec-6ff6-498c-99aa-3347eef341d7.fc.signal	4.5747	5.40393	3.89537	4.43019	2.67868	1.14059	1.72755	1.84559	1.42647	1.17374	0.709364	0.887345	0.480659	0.666337	0.711254	0.79722	1.16567	1.40639	1.12362	1.58926	2.08142	2.44308	2.50761	3.21672	1.62843	2.25206	3.48237	1.67494	0.800193	1.23061	0.60319	0.782185	1.56169	0.967473	0.86439	0.80429	0.406452
ihec.chipseq.ihec-chipseq-containerv1.1.4.IHECRE00003695.3.b45ed777-a5dc-4527-b410-7a0e01173bd4.fc.signal	2.69611	2.94879	2.68982	2.13322	2.24399	0.967246	0.492545	0.56831	0.532102	0.345552	0.310131	0.500161	0.192772	0.249158	0.23614	0.209339	0.266489	0.181789	0.0779262	0.463622	0.551322	0.597138	0.621356	0.465815	0.0716291	0.166085	0.942988	0.816258	0.452602	0.0913075	0	0.035421	0.203868	0.00865847	0.242437	0.745317	0.575071
ihec.chipseq.ihec-chipseq-containerv1.1.4.IHECRE00001973.1.fa7392b1-17c1-4691-ba8f-d211a0f93db5.fc.signal	4.16827	5.64449	2.60591	1.94014	1.47056	1.92885	0.810285	1.84079	1.5204	0.881953	1.60297	1.79892	1.44769	1.03361	1.14183	2.26381	2.94669	2.52759	0.495723	0.63268	0.955007	1.09197	0.693073	1.25029	2.13939	3.2017	2.98333	2.2391	1.67917	0.41137	0.405527	0.91243	0.803557	0.618586	0.770557	0.50557	0.516129
ihec.chipseq.ihec-chipseq-containerv1.1.4.IHECRE00003689.3.80691124-aaea-4c56-9e41-73916520079d.fc.signal	1.00865	1.72308	0.614162	0.481585	0.457523	0.580906	1.72067	1.77049	0.646088	0.672477	0.609015	1.96156	0.830877	0.604151	1.12956	0.981164	1.16518	1.35934	1.17556	1.0415	0.733979	0.861975	1.29124	0.476372	1.20837	0.956801	0.539496	0.394556	0.237084	0.516372	0.419724	0.69378	0.957641	1.01146	0.612616	0.446401	0.672566
ihec.chipseq.ihec-chipseq-containerv1.1.4.IHECRE00002065.1.9b5b0cc0-4302-439e-a9d9-d779f62c822e.fc.signal	3.03715	5.55831	3.34573	2.83653	0.623542	2.30894	1.607	2.56589	2.63973	1.72461	1.85484	0.757911	1.55296	1.36547	1.28486	2.07155	2.43654	4.38654	2.46515	1.76643	2.93746	2.66908	2.08231	2.56536	3.03046	2.72104	3.00543	1.67442	1.14848	0.472286	1.07339	0.923049	1.23816	1.73169	1.52059	0	0.515
ihec.chipseq.ihec-chipseq-containerv1.1.4.IHECRE00001990.1.baa2a3ca-0f47-4bf7-901e-dd73f7a290b4.fc.signal	5.31583	6.42485	4.37924	1.93458	1.24018	1.52887	1.18399	0.887094	1.04892	1.20298	1.00103	2.03387	0.969503	0.971035	0.866423	1.34664	1.78985	2.01712	1.37642	1.17913	0.943993	0.973975	3.61253	2.97554	5.0923	6.53632	4.88462	1.64802	1.29129	2.28529	1.26533	1.03677	1.05365	0.505327	1.48096	2.40372	0.527897
ihec.chipseq.ihec-chipseq-containerv1.1.4.IHECRE00000949.6.c2f3aee8-0c03-4973-b136-7021565c707b.fc.signal	3.17301	3.36963	4.02469	5.92757	2.3529	2.25638	1.6937	1.38838	2.25978	2.39234	0.95427	1.12347	1.37606	1.11241	0.0796785	1.56749	1.70744	1.9876	1.04304	0.878349	0.788332	1.50149	0.903746	1.68317	0.462985	0.434668	1.25807	0.711403	0.662006	0	0	0.188878	0.95882	0.19308	0.611719	0.957579	0.531122
ihec.chipseq.ihec-chipseq-containerv1.1.4.IHECRE00001017.4.2612150c-f8fd-4d8b-a711-65def053c72d.fc.signal	4.99634	5.12254	3.9648	3.94341	3.02384	2.2608	2.66929	3.72975	2.29876	1.38191	1.3487	2.58878	1.71238	2.4291	1.75416	1.08587	1.60779	2.69618	2.03536	1.53063	1.86411	0.877392	0.651279	1.44314	1.72085	1.48828	1.34041	0.477899	0.0452715	0.493663	0.94666	2.02916	3.33802	3.47884	1.46284	1.46243	0.461647
ihec.chipseq.ihec-chipseq-containerv1.1.4.IHECRE00001935.1.0b0c5786-e084-4954-a96f-72d7a88b913e.fc.signal	1.11352	1.01872	1.60686	1.03062	0.0147628	0.216935	1.7237	0.585186	0.606502	2.08845	1.1024	1.45207	2.80951	3.20846	1.4954	3.44998	2.22462	2.3173	2.45438	1.08716	1.08147	0.785682	0.332846	0.834356	0.395321	0.798316	0.989456	0.897543	0.105743	0	0	0.327178	0.790504	1.1979	0.790447	0.928761	0.640777
ihec.chipseq.ihec-chipseq-containerv1.1.4.IHECRE00001851.4.627c47c9-d19a-4fba-9f0d-ed8820985d99.fc.signal	0.696464	1.5635	0.63058	0.585898	0.496417	0.657077	0.772081	0.979317	1.16237	0.834036	0.648702	0.788284	1.31097	1.18251	0.983502	1.19698	0.574028	1.52484	0.984133	0.948928	1.09303	1.91006	1.52786	1.73962	1.04237	0.482076	1.50265	1.42577	0.261147	0	0	0.256929	0.674476	0.673733	0.771084	0.36958	0.264
ihec.chipseq.ihec-chipseq-containerv1.1.4.IHECRE00003678.3.df24c052-2a81-4f1a-b170-2f4fdc228ffe.fc.signal	3.39697	3.09261	3.18892	2.88093	1.52922	1.41101	2.57055	2.02018	1.44069	1.31101	0.52599	1.23353	1.17985	1.29736	1.43443	0.867378	0.544687	0.644107	0.805315	0.834802	0.335835	0.502285	0.172285	0.615903	0.538754	1.0359	2.19769	1.1511	0.320687	0.647775	0.324293	1.12566	1.31829	1.29831	0.207148	0	0.471545
ihec.chipseq.ihec-chipseq-containerv1.1.4.IHECRE00003680.3.604f0a28-681a-4e69-b09a-96c7d6e32ad9.fc.signal	2.30221	2.39062	3.33007	2.46119	1.47759	0.785502	1.16257	0.634513	0.622278	0.754895	0.294986	0.581971	0.977558	0.883261	0.554177	0.50971	0.762308	0.863326	0.836412	0.646836	1.44632	2.41008	2.47579	2.5301	2.00629	1.08436	0.780808	1.56558	0.87991	0.257583	0	0.0981895	0.302637	0.400401	0.645671	0.841765	0.464865
ihec.chipseq.ihec-chipseq-containerv1.1.4.IHECRE00003821.3.a5c54e8d-c399-4c95-b6c6-525ed1d5f1b6.fc.signal	0.597865	1.00531	0.997639	0.676406	0.843652	0.743941	0.563439	0.510437	0.849524	0.13379	0.083043	0.146863	0.232419	0.664875	0.680218	1.21867	0.683541	0.636893	0.341939	0.560139	0.606278	0.631361	1.02687	0.729537	0.830532	0.675828	0.357238	0.363472	0.373403	0.232202	0.0676968	0.0749992	0.102254	0.427499	0.156248	0	0.635514
ihec.chipseq.ihec-chipseq-containerv1.1.4.IHECRE00000301.2.60bc2dfc-c0b9-47be-84a3-04b337f3e89a.fc.signal	1.01026	1.77697	1.83222	2.38478	1.49711	0.90598	2.66341	5.179	5.02472	2.32973	4.68906	3.1274	1.78445	2.14745	2.14929	1.32042	3.95174	5.41995	3.03678	1.26762	0.316367	0	1.61488	2.37748	0.502542	0.367004	0.877066	0.128507	0	0	0	0.269866	2.40315	3.82967	3.47627	2.65052	0.939394
ihec.chipseq.ihec-chipseq-containerv1.1.4.IHECRE00000992.7.80dcfe52-cdf2-4d0d-bc40-0c75abc04fc1.fc.signal	0.347951	1.23787	0.837058	0.793531	0.0683529	0.468788	1.05579	1.4242	1.48493	1.5262	0.613087	1.23463	1.70961	1.19799	0.701554	1.07464	1.18859	0.991383	0.974695	0.997788	0.88626	0.904883	1.42163	1.7458	1.89672	1.77554	1.85758	1.90216	0.667545	0.0783422	0.491784	0.67114	0.885273	1.13894	0.748001	0.545073	0.355932
ihec.chipseq.ihec-chipseq-containerv1.1.4.IHECRE00000232.3.9496c4f8-99ad-4b83-978f-c024a2ac68e0.fc.signal	1.32346	1.64854	1.3138	0.969629	1.05724	0.832412	0.906953	0.789679	0.605448	0.445024	0.523421	0.776041	0.874013	0.842915	0.863561	0.66759	0.75463	0.812607	0.727135	0.646234	0.537338	0.668789	0.877268	0.73323	0.468661	0.649851	0.584983	0.57483	0.348686	0.233316	0.207583	0.329433	0.539611	0.328445	0.00241247	0.0714813	0.27619
ihec.chipseq.ihec-chipseq-containerv1.1.4.IHECRE00001009.4.04db3171-85a1-4831-984b-2ac821411031.fc.signal	6.11508	6.05229	4.92764	5.28065	2.93452	1.32729	2.46639	1.81401	1.32701	0.820887	1.09185	1.47545	1.41837	0.888386	0.922368	0.671463	0.905739	2.26109	1.66788	1.25	0.809578	1.47954	2.64177	2.46509	2.99623	2.10727	2.57879	2.00282	1.19714	1.01229	0.723564	1.78338	2.54249	1.9507	1.03756	0.871359	0.517178
ihec.chipseq.ihec-chipseq-containerv1.1.4.IHECRE00003400.1.1fd4d0f1-41c8-41b4-882d-bbcd98fbef74.fc.signal	1.37558	1.15	0.976644	0.607897	0.0834862	0.554304	0.403279	2.04739	0.644036	1.22446	1.14893	1.27614	1.10917	0.506261	1.17278	0.588379	0.866666	1.12262	1.47837	1.63453	0.886524	1.24171	0.677876	1.20968	1.15518	0.923842	0.391349	2.00438	1.22446	0	0.405504	1.59816	1.98776	2.81252	0.954131	0	0.304057
ihec.chipseq.ihec-chipseq-containerv1.1.4.IHECRE00002063.1.03cd26f6-8245-4dba-a43d-b085dc5fbdba.fc.signal	3.69224	3.45085	2.49742	2.81845	2.57238	1.5535	1.46519	1.32291	1.38839	1.7011	0.594135	1.09606	1.26967	0.801091	0.519274	1.34818	1.51272	2.68002	2.18377	1.28065	1.68048	1.81608	2.11384	2.46163	2.83421	2.69076	1.69974	0.885284	0.706367	0.886016	0.645109	0.671753	1.0052	1.41817	0.9149	0.849669	0.495798
ihec.chipseq.ihec-chipseq-containerv1.1.4.IHECRE00002086.1.469e2b5a-9cc0-4ba2-a1af-32ae688b6e56.fc.signal	5.07008	5.78109	4.7042	3.6836	2.49011	2.29146	1.40455	1.29483	1.11452	0.772257	1.173	0.47069	0.393563	1.04847	1.27446	1.33979	1.05523	0.555572	1.14126	0.969869	2.28796	2.90051	1.70311	1.79816	1.45768	2.70309	2.33464	1.88477	1.3798	0.664643	0.905658	1.15647	0.886033	1.21565	1.37479	1.1179	0.585139
ihec.chipseq.ihec-chipseq-containerv1.1.4.IHECRE00003730.1.665ec701-8746-423d-9e1f-6b813507441b.fc.signal	0.7608	0.978855	1.01683	0.355361	0	0.715549	0.436189	0.209419	0.841872	0.874977	0.180997	0	0	0.81989	0.39045	0	0.0190982	0.95503	0.402247	0.648202	0.643011	0.796971	1.71877	0.749568	0.580984	0	0.144135	1.84669	0.505674	0.855825	1.67049	0.99122	0.795581	2.3147	0.969422	0.592601	0.604635
ihec.chipseq.ihec-chipseq-containerv1.1.4.IHECRE00003803.1.fb97cdb0-391e-4e74-a4dc-d06dfb2e7cbb.fc.signal	1.3584	1.49114	1.17952	3.03954	0.863061	0.61284	1.00558	1.09229	1.8778	1.00337	0.061284	0.662401	3.00222	2.03754	1.97627	1.94565	1.86538	2.9677	2.29097	0.614379	1.19676	1.27621	1.77003	0.366733	0.604637	0.140035	0.60287	2.70805	1.47224	0.367704	0	0.490272	0.556897	0	0.486693	0.928606	0.42345
ihec.chipseq.ihec-chipseq-containerv1.1.4.IHECRE00000243.3.2aa5c3df-0722-47d5-82d4-eb34ba16be25.fc.signal	0.675515	1.28445	1.368	1.5316	1.45211	1.78074	1.23097	0.579024	0.302879	0.719978	0.45817	0.377132	0.680929	1.2002	0.669753	0.322575	0.504958	0.531469	0.623475	0.459346	0.2914	0.158122	0.611845	0.669481	0.918841	1.49511	1.12527	0.798479	0.59787	0.396935	0.554132	0.531689	1.05782	0.790407	0.142295	0.262855	0.255319
ihec.chipseq.ihec-chipseq-containerv1.1.4.IHECRE00000060.3.baca5345-ebfb-42c5-84f7-5edc7dd83347.fc.signal	0.765242	1.18347	0.822357	0.969227	0.528667	0.571574	2.42523	1.10618	0.419041	0.624481	0.529462	0.765069	0.833474	0.62035	0.898512	1.61934	4.24336	6.04914	3.83791	2.02742	1.51604	1.43607	1.07155	1.07795	0.683472	0.356176	1.27619	2.74047	1.39334	0.188512	0.66948	0.499548	0.147121	0.542103	1.26129	1.09551	0.519802
ihec.chipseq.ihec-chipseq-containerv1.1.4.IHECRE00001005.4.eab1e3dc-c703-4c99-ae4e-8dc704d2f5d0.fc.signal	4.12978	4.95125	3.15176	3.95022	2.52577	2.45718	2.60848	2.52357	2.39448	1.05845	0.448218	0.921036	1.35711	1.7556	0.722192	1.0548	2.06046	1.30326	1.19563	1.07588	0.555384	0.996894	0.506565	0.545049	1.39946	0.65118	0.557132	0.791399	0.378794	1.31871	1.05057	2.2225	1.89764	1.55278	1.53833	1.56289	0.486027
ihec.chipseq.ihec-chipseq-containerv1.1.4.IHECRE00000235.3.e77c3456-1902-4dba-839d-200d22c58cf3.fc.signal	2.53333	3.55655	3.10407	3.10466	2.99238	1.33138	1.30307	1.2937	0.94639	0.989146	0.722703	0.930486	1.39537	1.02289	1.32621	1.04547	0.983619	1.52962	1.40371	0.87125	0.770674	0.810968	0.706153	0.695976	0.772588	0.957066	1.06717	0.706555	0.385831	0.528903	0.683401	0.895109	0.940047	0.773015	0.469931	0.543278	0.267016
ihec.chipseq.ihec-chipseq-containerv1.1.4.IHECRE00002076.1.f14540c7-18af-47fc-8cad-c0291db319dc.fc.signal	3.67173	7.14043	2.0506	2.72136	1.653	2.01544	0.415753	2.05772	1.59519	1.06622	0.456898	0.551655	0.401524	0.715733	1.19395	1.23997	1.79588	3.51241	1.38397	2.1477	1.68943	0.330388	0.822111	1.33544	0.842018	0.717758	0.992627	0.615767	0.721302	1.89526	1.36662	1.76391	1.68159	1.33289	0.732387	0.36829	0.495495
ihec.chipseq.ihec-chipseq-containerv1.1.4.IHECRE00001021.4.022f496a-4698-412d-9a82-a0a4b2e56c57.fc.signal	5.46908	5.52648	3.65974	4.31354	2.8723	1.49133	1.99303	1.37727	1.32158	1.01654	1.01117	2.0073	1.48338	1.3828	1.13986	0.906526	1.08058	0.747776	0.542734	0.556933	0.639654	0.969293	1.11868	1.43201	1.99336	2.29408	1.63791	1.70504	0.74091	0.640606	1.2075	1.80621	1.90132	1.85066	1.03807	0.478835	0.430341
ihec.chipseq.ihec-chipseq-containerv1.1.4.IHECRE00001039.6.78755d78-d69c-44bc-a0ab-147f64c5fd5c.fc.signal	0.778275	2.62377	1.9726	0.900101	0.547752	1.56877	1.5029	0.60096	0.384668	0.330202	0.660523	0.712021	0.958052	0.470448	0.096678	0.455428	0.79906	1.2351	0.547767	1.11668	0.743999	0.825825	0.400829	0.860411	0.425358	0.109292	0.524591	0.244917	0.753991	0.786187	0.64439	0.818702	0.750295	0.481177	0.397938	0.314024	0.325
ihec.chipseq.ihec-chipseq-containerv1.1.4.IHECRE00003690.3.3012eb3e-9d87-4c93-aaf5-58e99d8aaa84.fc.signal	2.56119	4.03475	3.5848	2.34978	1.61058	0.603002	0.314389	0.377932	0.679902	0.199013	0.135399	0.332892	0.0911279	0.509665	0.238355	0.642915	0.287018	0.64364	0.812035	0.479182	0.368071	0.526655	0.722055	0.560749	0.272265	0.391977	0.839094	0.420195	0.149421	0.127974	0.328427	0.328475	0.277801	0.62874	0.352548	0.44381	0.57362
ihec.chipseq.ihec-chipseq-containerv1.1.4.IHECRE00003845.2.684cf59d-45fa-449c-93a7-eeeddb7b953b.fc.signal	1.18184	1.51465	2.10479	1.5059	1.41405	1.44242	1.05977	1.71573	2.06769	1.39655	0.878796	1.14503	2.10861	1.83683	1.33448	2.28204	1.94091	1.4609	1.16564	0.657136	0.64365	1.12571	1.0329	1.43979	1.73019	1.26798	1.27229	0.731825	0.350774	0.379338	0.61852	0.591522	0.299095	0.23881	1.00565	1.06127	0.40367
ihec.chipseq.ihec-chipseq-containerv1.1.4.IHECRE00000059.3.9f15cdcc-7468-4a84-87ee-af65c5fba810.fc.signal	1.89952	3.72092	2.71266	5.17811	2.56955	0.832708	1.65233	3.83742	1.55394	6.78107	13.6412	8.79352	5.5904	4.90487	8.41112	8.22901	6.62222	6.28395	2.18573	5.60092	4.83333	2.65411	2.25731	3.45298	0.713298	0	0.833524	2.35986	0.517121	0.279738	0.97583	1.99056	3.39568	2.42644	0.878247	0.97583	0.598291
ihec.chipseq.ihec-chipseq-containerv1.1.4.IHECRE00001015.4.b10cb337-bd81-4a63-af04-25443322673f.fc.signal	3.06285	3.89906	2.456	2.43155	2.46498	2.11175	2.21167	2.15626	2.41427	1.37128	1.04767	1.93699	1.70674	2.16831	2.52395	1.47744	1.64438	2.21806	1.46968	1.53561	1.75826	1.51624	1.5712	1.19781	1.64091	1.50826	1.36235	0.749073	0.571016	0.899371	0.991026	1.88444	2.70129	2.21516	0.863602	0.578521	0.547569
ihec.chipseq.ihec-chipseq-containerv1.1.4.IHECRE00003686.3.0646f25a-515d-4a28-9d49-c5b4db0fa40f.fc.signal	3.21455	5.68866	4.85584	2.62013	1.73775	0.934781	0.848912	0.33238	0.207286	0.751902	0.248304	0.0840065	0.18368	0.563429	0.282676	0.729734	0.0602764	0.0641005	0.157049	0.0960281	0.373916	0.782808	0.539939	0.344449	0.4886	0.372822	0.681109	1.17989	0.415451	0.341325	0.21546	0.0821896	0.464501	0.773875	0.04466	0	0.521822
ihec.chipseq.ihec-chipseq-containerv1.1.4.IHECRE00001852.4.272975fa-d097-445a-8194-d8db0cc814ad.fc.signal	1.3669	1.80459	2.49206	2.38982	2.15779	1.82226	1.55713	0.71734	0.840816	0.858072	0.296875	0.373069	0.585658	0.339597	0.702341	0.508248	0.703477	0.581	0.430731	0.562566	0.568312	0.537677	0.527862	0.552147	1.24222	0.849306	0.400468	0.236606	0.412779	1.21981	0.803963	0.379462	0.472429	0.484006	0.905641	1.01794	0.46833
ihec.chipseq.ihec-chipseq-containerv1.1.4.IHECRE00001003.4.e54919a6-4d68-4e57-b8cc-55cfdab84079.fc.signal	4.86644	5.28377	3.37034	3.08436	2.6104	1.43118	2.344	2.3803	1.63866	1.20346	0.607677	1.84944	1.94249	1.33651	1.78903	1.98195	2.22217	1.81217	1.20162	2.06273	1.51564	1.66766	1.27114	1.61306	1.53375	1.33309	0.518379	0.537767	0.767162	1.34321	0.847534	1.55116	3.61697	2.48014	0.684566	0.518366	0.412064
ihec.chipseq.ihec-chipseq-containerv1.1.4.IHECRE00003691.3.860bedc9-692c-462c-94be-59ab1fd7c824.fc.signal	2.1635	2.24839	2.77934	1.99642	1.48865	1.08443	0.713826	0.846595	0.70921	0.287248	0.289248	0.550264	0.636918	0.69645	0.389368	0.472979	1.00894	0.632411	0.519026	0.666621	0.213662	0.383066	0.541835	0.618641	0.483548	0.73616	0.588941	0.709237	0.43431	0.303861	0.209746	0.430093	0.609972	0.389855	0.68803	0.537966	0.465318
ihec.chipseq.ihec-chipseq-containerv1.1.4.IHECRE00001050.8.a3567476-0b5a-4504-b34f-067a636cef5f.fc.signal	1.49361	3.50638	1.08962	0.991487	0.369559	1.71859	3.89203	2.95874	2.74455	2.23628	1.52533	3.61652	1.47694	1.79488	1.09599	1.594	2.31879	3.00329	2.04687	0.535097	1.23511	1.97397	1.81439	0.81158	2.1325	1.40739	1.36128	1.37347	0.634357	0.0545697	0.762395	1.80033	1.30892	0.986893	1.46572	1.37776	0.433566
ihec.chipseq.ihec-chipseq-containerv1.1.4.IHECRE00003837.4.8eb534c9-67c4-4b07-9857-b5e3ae6f9ea5.fc.signal	0.230942	1.02156	1.73831	0.553639	1.37108	1.80818	2.31011	2.19168	3.38884	1.90489	0.244776	1.27707	1.31258	0.963514	0.531696	2.08616	1.65421	1.67225	1.62997	1.33893	1.26531	1.51932	0.898611	0.8797	0.872875	0.724486	1.30131	0.674768	0.533224	0.813447	0.915698	1.92085	1.27563	0.535862	0.408161	0.40695	0.513559
ihec.chipseq.ihec-chipseq-containerv1.1.4.IHECRE00003834.5.fb4a832b-2a9d-480b-98c7-6028864aa0e3.fc.signal	4.41353	6.52813	6.58313	8.4924	6.86434	5.37696	6.05002	3.1933	4.77398	4.23801	3.20873	7.63331	5.78383	4.65788	3.73604	3.56737	3.26106	2.15711	1.50059	2.52679	2.50051	3.67574	2.23375	2.81844	2.40647	2.13957	3.53112	3.91256	2.49683	1.42985	1.11616	1.81421	2.34153	1.8643	3.32331	2.87276	0.702422
ihec.chipseq.ihec-chipseq-containerv1.1.4.IHECRE00000972.6.ea2d9b95-5d31-4111-8903-1138eac02f8d.fc.signal	2.19968	9.9329	4.84363	3.63309	0.136438	0	1.38243	2.22808	2.69636	0.303699	0.0682747	3.57239	4.15489	1.83508	1.48078	4.15461	8.09032	6.17988	3.60271	1.89922	1.67216	4.22827	2.70047	1.48538	2.92585	3.34866	2.34842	2.48371	0.375397	0	0.700434	3.79262	3.22889	4.13344	1.48769	0	0.933333
ihec.chipseq.ihec-chipseq-containerv1.1.4.IHECRE00003818.1.5f689ee3-a1ac-46cd-9df5-204fd2293fe3.fc.signal	1.60932	3.6714	1.89898	2.04056	2.54961	3.72935	1.65422	2.13834	3.71174	1.70125	0.535922	0.408305	1.89908	1.13221	0.866782	2.39237	2.57589	1.24233	1.30477	0.968528	0.206806	0.711214	0.248462	1.78488	2.57229	2.32493	0.813149	1.28988	0.780936	0.869675	0.859535	1.2626	0.722578	1.19563	0.445382	0.244968	0.36911
ihec.chipseq.ihec-chipseq-containerv1.1.4.IHECRE00001013.4.dd6ee57f-cc2d-4ef9-a0a6-305ef4d04ad5.fc.signal	4.80524	4.28947	4.73177	3.56539	4.63034	3.37656	4.11299	3.03589	2.37477	1.42015	1.16688	2.55488	2.35545	1.74694	2.39394	0.941673	1.76065	1.89924	0.868329	1.38337	1.64582	1.21288	1.34185	0.636041	1.76463	2.33965	1.33029	1.52409	0.882556	0.909303	0.47535	0.879239	1.6357	1.76302	1.08841	0.318004	0.442142
ihec.chipseq.ihec-chipseq-containerv1.1.4.IHECRE00002005.1.e7d5be35-9222-4141-b673-2ac53d316b10.fc.signal	4.86661	5.31892	4.68787	2.42391	2.17777	1.16182	1.64472	1.56901	1.77875	1.11456	0.842678	1.24087	1.60024	1.43849	1.79354	1.7277	3.30481	4.65143	3.41275	1.91205	1.09692	2.43967	2.72857	3.50903	3.13432	3.122	1.31467	0.726038	0.625862	1.3199	1.05692	0.163133	0.333453	2.20509	1.69086	1.45954	0.447257
ihec.chipseq.ihec-chipseq-containerv1.1.4.IHECRE00001007.4.930110af-b1d2-43fd-acc9-c2552f92c18b.fc.signal	2.43361	5.15038	3.44659	2.81772	3.46434	3.35175	1.52105	1.59564	2.12026	2.20715	0.837301	1.16357	1.52469	0.685766	1.01818	1.38619	1.35118	2.09645	0.894719	0.420651	0.751004	0.666444	2.20333	1.70529	2.24392	1.85265	1.26501	1.19671	0.598778	0.549265	0.563472	1.89556	2.39353	1.78146	0.377508	0.526205	0.488889
ihec.chipseq.ihec-chipseq-containerv1.1.4.IHECRE00003402.2.864e3441-10a9-434f-bc8b-9117f89777a3.fc.signal	3.11388	3.16058	1.15661	1.06676	1.40781	0.172578	2.75515	2.21162	0.35677	1.25721	2.29337	1.36533	1.25607	0.733361	0.0148649	1.61581	0.957041	0.42614	2.53943	1.49201	2.17958	0	0.128866	2.48106	2.16643	0.0668922	0	1.29522	0.743554	0	0	0.919044	1.30385	0.85382	0.582822	0	0.525597
ihec.chipseq.ihec-chipseq-containerv1.1.4.IHECRE00001011.4.1ac39a15-861c-4951-b231-e7623ea87433.fc.signal	3.85686	4.54583	3.44122	3.36231	2.65519	1.79543	2.3112	1.61241	0.917245	0.852171	0.994211	0.657062	0.933734	0.843629	0.729964	0.980646	0.829367	0.542274	0.518309	0.506038	0.509277	0.587233	0.625947	0.395441	0.479825	0.75326	0.616921	0.569929	0.357153	0.333415	0.39527	0.696563	1.02061	0.946971	0.306248	0.258479	0.491649
ihec.chipseq.ihec-chipseq-containerv1.1.4.IHECRE00000317.2.a124c173-07de-4c6b-9f27-c8918085df98.fc.signal	0.718694	2.1685	2.49541	2.35934	1.44511	0.821907	1.66719	3.24087	1.6011	0.927799	3.38113	1.05901	1.53373	2.03724	1.15774	1.32218	1.92429	1.56949	2.1357	0.537565	0.604018	1.39127	1.39708	1.32185	1.7969	1.74856	0.845186	0.233835	0.956671	0.0272692	0.490846	0.58434	0.557071	0.483054	1.43734	1.75286	0.814433
ihec.chipseq.ihec-chipseq-containerv1.1.4.IHECRE00004900.1.255a9279-9bfd-4bf8-bbb4-56dd958d45f6.fc.signal	1.7656	2.63165	1.50247	0.859697	1.0765	1.58954	2.96402	0.76182	0.572751	0.447762	0.778659	1.22396	0.770062	1.07449	0.79576	0.179454	0.313232	1.06173	2.11585	0.611145	0.472131	0.629683	0.391978	1.41582	0.882377	0.793617	0.898992	1.15813	1.04208	1.14352	0.293092	0.51224	0.463684	0.244428	0.217611	0	0.489474
ihec.chipseq.ihec-chipseq-containerv1.1.4.IHECRE00003685.2.08c7f8f1-8d33-4b78-a437-57675e0cb0f4.fc.signal	2.33214	3.65489	3.23658	2.99662	1.65951	1.55115	0.975736	0.473934	0.3672	0.382736	0.550031	0.54502	0.283296	0.401814	0.138534	0.506152	0.489649	0.320517	0.216558	0.93235	0.172872	0.297024	0.263299	0.0978173	0.170944	0.260245	0.0634132	0.0193483	0.212832	0.101385	0.0441142	0.0744875	0.0352685	0.179553	0.30493	0.34827	0.555738
ihec.chipseq.ihec-chipseq-containerv1.1.4.IHECRE00001025.7.b74fcffa-6769-49b3-a5e1-d1a14d1711c8.fc.signal	1.23464	1.69126	3.25972	2.55654	1.17588	1.39252	1.95267	1.83804	1.64021	1.31998	0.4374	1.14339	0.647448	0.720287	0.735285	1.12088	1.33133	0.404819	0.851878	0.417438	0.453311	1.10314	0.832302	0.712714	0.555422	0.753729	1.04128	0.898518	0.550534	0.233009	0.68407	1.07164	1.61932	1.26587	0.741148	0.778274	0.986441
ihec.chipseq.ihec-chipseq-containerv1.1.4.IHECRE00000233.3.58100d32-de3d-456a-a280-51cbf3f744ab.fc.signal	1.33047	2.48056	1.87014	1.38854	1.08979	0.643489	0.804358	1.21036	1.2093	1.19673	0.811874	0.762991	0.493514	0.540432	0.7071	0.605635	0.950661	1.06112	1.07972	0.664022	0.171653	0.382552	0.775316	1.17312	1.31109	0.89493	0.615351	0.490864	0.603248	0.288028	0.201492	0.313332	0.23224	0.626585	1.37667	1.40158	0.372263
ihec.chipseq.ihec-chipseq-containerv1.1.4.IHECRE00001889.4.f8ce3430-b2fd-414a-9546-9bea993d3d31.fc.signal	0.375913	2.04751	0.971055	1.25751	0.320231	0.519265	2.93813	2.05963	2.02149	2.55468	1.85845	3.52768	1.87861	1.7967	2.41717	2.10255	0.396432	1.90547	1.50902	0.961373	2.41291	0.856126	0.71664	1.46768	1.92142	1.1303	2.02977	1.36481	0	0.278691	1.56037	3.49334	2.82715	1.25721	2.30744	1.59731	0.677686
ihec.chipseq.ihec-chipseq-containerv1.1.4.IHECRE00004884.1.83ea03d7-6e78-47ac-9ea3-4d33b074e7dd.fc.signal	2.65115	1.64773	0.809168	0.830075	1.02196	0.801512	0.995188	1.77734	2.09369	1.65843	1.20892	0.0479752	1.40753	1.26543	0.666616	2.30012	1.96476	2.25202	0.413938	1.01611	0.712187	2.55305	0.816457	0.550386	1.25883	0.822464	1.61089	1.41367	0.436475	1.25645	1.5688	1.78991	1.32179	0.672778	1.00941	0.388371	0.409091
ihec.chipseq.ihec-chipseq-containerv1.1.4.IHECRE00003404.1.1fd6b31e-ead4-4fb6-96e7-e6c055ca09bb.fc.signal	1.02702	3.33353	1.25727	2.27212	0.901323	0.367952	0.543306	1.38612	0.993632	0.797507	1.16431	0.432888	1.33837	0.0345693	0.247682	1.20863	1.51177	0.667441	0.832454	0.355235	0.225682	0.269794	0.345263	0.457868	0.945851	0.823655	0.833689	0.949563	0.020444	0	0	0	0	1.08936	0.655483	0.405037	0.528788
ihec.chipseq.ihec-chipseq-containerv1.1.4.IHECRE00003812.1.3eaee204-4355-40f7-82b3-c8709fa3a29d.fc.signal	6.93165	6.58408	5.81345	5.71062	2.26759	2.83364	3.40126	4.10607	5.19561	2.51182	3.14953	2.94552	1.66069	2.11917	0.901288	2.67104	3.05237	1.5966	2.01562	1.48307	0.111341	0.554675	0.880551	0.79549	1.21915	1.91812	0.758453	1.20035	1.01599	0.352297	0.40963	0.184356	0.915939	0.513416	1.97523	2.70658	0.468545
ihec.chipseq.ihec-chipseq-containerv1.1.4.IHECRE00001008.4.87ad0368-7e23-42e2-862b-00c0d1fef2ce.fc.signal	1.87567	2.55786	1.03802	2.31452	2.49663	2.16988	2.19888	3.47907	1.95276	1.57601	1.61612	1.97738	1.09789	1.45584	1.23547	1.42185	1.54778	1.69882	1.87123	1.56438	1.17646	1.23198	1.42818	1.28042	1.62429	2.62444	2.13229	2.07224	1.12272	0.71253	0.743814	1.30104	1.97763	1.55507	1.50209	1.5257	0.401235
ihec.chipseq.ihec-chipseq-containerv1.1.4.IHECRE00003696.3.49d57242-0349-4448-9479-911cd2c363c1.fc.signal	1.81041	1.75214	2.06665	1.14791	1.20112	0.650893	0.561072	0.230435	0.23016	0.184459	0.226628	0.468538	0.144137	0.293547	0.376322	0.330455	0.581178	0.423458	0.433606	0.304167	0.318771	0.774749	0.312174	0.592706	0.39375	0.39579	0.722462	0.546014	0.286952	0.379997	0.417251	0.44196	0.353298	0.474611	0.292501	0.35224	0.357576
ihec.chipseq.ihec-chipseq-containerv1.1.4.IHECRE00000237.3.279b9afd-b79a-4c0b-b848-c635b99df0f3.fc.signal	1.2319	0.953249	0.434948	0.96479	1.68766	1.24303	1.43565	1.79536	1.58548	1.02668	1.07911	1.52016	1.9555	1.29835	0.925846	0.933673	1.20741	1.43907	1.46041	1.13554	0.813207	0.928364	0.773718	0.690864	1.13156	1.43452	1.44705	0.891859	0.398564	0.348585	0.714928	0.910412	0.76292	0.523166	0.432756	0.579831	0.39881
ihec.chipseq.ihec-chipseq-containerv1.1.4.IHECRE00001012.4.ceb637d9-2ce3-4213-9dcd-4173dd734e28.fc.signal	2.54463	3.48321	3.26114	3.1655	2.00566	1.30893	1.79818	1.45792	1.00059	0.931512	1.51325	1.67799	1.40552	1.87241	1.29325	1.03456	2.10473	0.696459	0.517738	1.01338	0.997493	1.27027	0.800401	1.01577	1.16958	1.71492	0.898266	0.227039	0.587643	0.949347	1.38149	1.75149	1.4238	0.920709	0.532219	1.14956	0.547966
ihec.chipseq.ihec-chipseq-containerv1.1.4.IHECRE00003398.1.428318a7-43f4-48e5-9009-6a279ba6c4eb.fc.signal	0.448749	0.339656	1.14369	0.839735	0	0.27682	0.227222	1.94408	0.930542	2.24199	0.684888	1.77177	1.31424	0.520633	0.647833	0.0474576	0.113942	1.76369	0.902377	0.707099	0	0	0.521067	1.4129	1.05495	2.12215	1.12718	1.83165	0.311245	0	0	0.0872377	1.01347	0.0055832	0.48559	0.7477	0.511254
ihec.chipseq.ihec-chipseq-containerv1.1.4.IHECRE00001235.5.9288c3da-b959-4677-8b20-db92036ed803.fc.signal	3.9815	4.22399	2.72158	2.6181	2.01177	0.73028	1.4769	1.04846	0.870487	1.13526	0.82424	1.21311	1.29225	1.67478	0.708313	0.585563	0.856008	2.37913	1.36482	0.154008	0.673243	1.13068	0.544988	0.515318	0.709956	1.03948	0.996429	0.973874	0.284488	0.320899	0.676173	1.10685	1.22359	0.58672	1.03659	1.50425	0.501946
ihec.chipseq.ihec-chipseq-containerv1.1.4.IHECRE00003806.1.c4b2329a-6de9-492b-b3ba-0bb940a27937.fc.signal	0.0996514	0.755487	1.38393	0.918352	0.674851	0.353271	0.214413	0.786684	0.92053	0.651523	0.594346	0.778897	1.10975	1.30642	0.803982	0.514808	0.414559	0.848978	0.576094	0.632669	0.473513	0.633294	0.471988	0.122154	0.130897	0	0.0823813	0.284052	0.583786	0.401965	0.251562	0.262677	0.311393	0.334315	0.480186	0.907611	0.545455
ihec.chipseq.ihec-chipseq-containerv1.1.4.IHECRE00001022.4.3ac2b187-51fd-4412-820f-81fb8b5a3122.fc.signal	4.63157	2.68832	3.37305	4.40895	2.90134	2.47811	3.64498	2.01846	1.693	1.13563	0.839695	1.73209	3.35709	1.97322	1.49929	1.1284	2.30695	3.20346	1.94648	0.643456	0.883924	1.04169	0.952802	0.883066	1.15665	1.50774	1.42904	0.345276	0.460456	1.0739	1.25264	1.39942	1.48262	1.53551	1.95395	2.9215	0.512555
ihec.chipseq.ihec-chipseq-containerv1.1.4.IHECRE00001913.1.5545bcc7-1d10-4b9f-b8ab-ad8d845f8fcc.fc.signal	1.82112	2.77419	1.71739	0.29251	0.309003	1.49329	1.16507	1.41702	3.15902	1.68905	1.68275	2.25671	1.60183	2.10159	2.65213	2.41469	1.27517	2.54867	1.20213	0.861595	0.231558	1.05173	1.61181	1.40249	2.2267	2.42403	2.32759	1.63059	0.778668	0.615655	0	0.222605	0.54963	1.02647	1.6875	0.995164	0.418182
ihec.chipseq.ihec-chipseq-containerv1.1.4.IHECRE00003679.3.b6f7e119-ff00-43c1-b8c9-a6de8420c8f5.fc.signal	1.75303	3.44615	2.409	2.68405	2.22693	1.38797	1.32542	0.70811	0.958861	0.675757	0.178915	0.343733	0.780744	1.03153	0.399288	0.341065	0.645091	1.07173	1.17023	1.02365	0.587427	0.893105	0.71987	1.45642	1.15925	1.50751	1.59346	2.08306	1.42854	0.589041	0.348362	0.380341	0.668309	0.969134	0.509593	0.445249	0.527778
ihec.chipseq.ihec-chipseq-containerv1.1.4.IHECRE00001014.4.d88042e4-1601-46b6-a41f-552182f8a102.fc.signal	1.4049	1.88716	1.41274	1.80644	1.85103	1.69287	1.84961	1.9059	1.53476	1.08595	0.637431	0.932856	1.11312	0.961909	0.953459	1.69605	1.32505	1.67838	1.09627	0.6005	0.340755	0.520091	0.81231	0.620619	0.87331	0.672268	0.633641	0.857217	0.776841	0.835294	0.712819	0.587838	0.596619	0.609369	0.593507	0.79804	0.36953
ihec.chipseq.ihec-chipseq-containerv1.1.4.IHECRE00003824.4.0d9403d3-7c49-45ef-b733-64b963da6a93.fc.signal	3.59556	8.37281	5.90472	7.15161	4.82211	6.32846	4.79396	5.77771	4.05266	2.35558	1.26597	4.32889	5.33305	5.61641	5.88261	7.81319	6.77402	6.25517	5.6324	4.38882	3.1373	2.75973	2.89935	1.87103	0.876866	1.99029	1.66391	2.66913	2.04431	1.19122	1.07169	1.7522	1.18315	1.28292	1.02821	0.89263	0.762376
ihec.chipseq.ihec-chipseq-containerv1.1.4.IHECRE00003684.3.6340c768-b60c-43ff-84dd-c55bbe817516.fc.signal	2.75456	3.96774	4.61803	1.61564	1.33466	1.29555	1.10132	0.516318	0.317876	1.01324	0.201696	0.782847	0.720529	0.523108	0.332543	0.21571	0.484874	0.499075	0.64327	0.307049	0.253954	0.408796	0.43664	0.575448	0.565675	0.497114	0.531662	0.799679	0.776291	0.676537	0.168736	0.188008	0.0250467	0.414157	0.346731	0.11164	0.515366
ihec.chipseq.ihec-chipseq-containerv1.1.4.IHECRE00003675.3.ba41b0a8-afb1-412a-b955-efd4cd4011d5.fc.signal	2.23325	1.76028	2.20925	1.16823	1.4914	1.47459	0.860688	0.574752	0.631982	0.168903	0.135471	0.313361	0.456196	0.493664	0.7226	0.307816	1.07662	0.670483	0.746586	1.21674	1.246	1.17466	1.00888	1.12871	0.850689	0.807842	1.31412	1.15665	0.337462	0.0859768	0.411294	0.542675	0.379973	0.222618	0.34477	0.0863606	0.410405
ihec.chipseq.ihec-chipseq-containerv1.1.4.IHECRE00000222.3.66a40f9f-6ca2-4937-819f-50fcd48c0ff1.fc.signal	2.61075	2.60942	1.95034	1.47234	0.986133	0.811016	0.861003	0.7232	0.937324	1.0555	0.72561	1.38446	1.30583	0.824452	1.12135	0.936142	0.606294	0.863392	1.35755	1.01175	0.714166	1.16107	1.62598	1.61966	1.71254	1.37213	1.14894	1.28688	1.34644	0.852715	0.784401	0.508592	0.648454	1.02095	0.555963	0.338174	0.297352
ihec.chipseq.ihec-chipseq-containerv1.1.4.IHECRE00001936.1.93858f63-89ca-4fc1-b09c-156027aebe3c.fc.signal	0.407437	0.582627	1.09052	0.463185	0.436011	0.864467	0.406844	0.516109	0.543519	0.350376	0.640757	0.748198	1.2696	0.421712	0	1.05228	2.6605	1.09165	1.00851	0.45094	0.705291	0.785335	0.382682	0.0296733	0.313389	0.872024	1.15081	0.887933	0.45402	0.508992	0.232407	0.139892	0.282354	0.283197	0.121432	0.4039	0.507042
ihec.chipseq.ihec-chipseq-containerv1.1.4.IHECRE00001904.1.157e52bc-84ef-4d37-b10e-cb4efc6ff94d.fc.signal	1.45171	0.798961	1.27661	1.50639	0.853358	1.06336	1.35286	0.507407	0.258745	0.584973	1.01219	1.90045	2.32534	1.86959	0.818874	0.475453	0.635443	1.59772	2.20208	1.34133	0.875985	0.257227	0.55299	0.304393	0.998163	1.16873	0.36442	0.417188	0.387645	0.307036	0	0	0	0.53472	1.11045	0.587354	0.514423
ihec.chipseq.ihec-chipseq-containerv1.1.4.IHECRE00004641.3.8f2205e1-b664-4bca-ad51-53d7ed5a7d3c.fc.signal	1.2434	0.794586	0.842321	0.87151	0.813633	0.381854	1.05103	1.02252	0.320457	0.508219	0.949139	0.681347	0.581122	0.358285	0.27992	0.69226	0.603089	0.717018	0.820492	0.836274	1.08598	1.1359	0.995821	0.946862	0.615627	1.00951	0.832522	0.550667	0.285214	0.545914	0.719253	0.977844	0.811716	0.208104	0.383625	0.37996	0.479675
ihec.chipseq.ihec-chipseq-containerv1.1.4.IHECRE00003825.5.a2132ec8-5019-4f71-b6df-20615bc02f27.fc.signal	1.4698	2.5154	1.38878	2.13042	1.46749	1.75595	1.56476	1.06027	1.07337	1.05277	0.542169	1.36401	1.78968	2.12153	1.34562	0.306674	0.458593	0.568928	1.17289	2.01563	0.865848	0.702055	2.19713	1.73091	1.05248	0.969531	0.540089	0.751578	0.87672	0.450108	0.415539	0.370451	0.70344	1.26648	0.55024	0.43665	0.695431
