	chr15:44752400-44752549	chr15:44752550-44752699	chr15:44752700-44752849	chr15:44752850-44752999	chr15:44753000-44753149	chr15:44753150-44753299	chr15:44753300-44753449	chr15:44753450-44753599	chr15:44753600-44753749	chr15:44753750-44753899	chr15:44753900-44754049	chr15:44754050-44754199	chr15:44754200-44754259	chr15:44754260-44754349	chr15:44754350-44754499	chr15:44754500-44754649	chr15:44754650-44754749	chr15:44754750-44754799	chr15:44754800-44754949	chr15:44754950-44755099	chr15:44755100-44755249	chr15:44755250-44755399	chr15:44755400-44755549	chr15:44755550-44755699	chr15:44755700-44755849	chr15:44755850-44755999	chr15:44756000-44756149	chr15:44756150-44756299	chr15:44756300-44756449	chr15:44756450-44756599	chr15:44756600-44756749	chr15:44756750-44756899	chr15:44756900-44757049	chr15:44757050-44757199	chr15:44757200-44757349	chr15:44757350-44757499	chr15:44757500-44757649	chr15:44757650-44757799	chr15:44757800-44757876	Expression
ihec.chipseq.ihec-chipseq-containerv1.1.4.IHECRE00001548.1.3dc7fe6c-3810-4c39-b1cb-839043a609f3.fc.signal	0	0	0	0.420374	0.745001	0.166282	0.0875629	0	0.110316	0.261723	0.284742	0	0	0	0	0	0	0	0.976062	0.465178	0	0	0	0	0.242051	0.577181	0	0.760308	0.315396	0	0.101941	0.796271	2.12641	0.544792	0	0.272409	0.158266	0	0	0.637363
ihec.chipseq.ihec-chipseq-containerv1.1.4.IHECRE00004605.1.ca94bee3-450c-404f-8e72-f443f0a32f9b.fc.signal	0.0394385	0	0.801732	0.227911	0.306819	0.816745	0.440324	0.910465	0.643137	0.0717585	0.928069	0.183493	0.332747	0.122252	0.457029	0.196965	0.015225	0.301564	0.739095	0.373228	0.148065	0.202974	1.6431	1.10488	0	0.16456	0.108224	0.217815	0.31636	0.294351	0.0255872	0.683177	0.281362	0.39282	0.033649	0.668006	0.685229	1.2275	1.38065	0.76087
ihec.chipseq.ihec-chipseq-containerv1.1.4.IHECRE00001892.4.1a48d1e3-a2d4-434f-8cee-d284ec0da60a.fc.signal	0.607901	0.426573	0	0	0	0	0	0.771313	1.05069	0.466075	0.737473	0	0	0	0	0	0	0	0.139919	0.909785	0.11808	0	0.388133	0.651652	0.506251	0.812257	0.848056	0.393063	0.843291	0.803796	0	0.49249	2.37011	0.316613	0	0.604076	0.545667	0.267992	1.14971	0.803279
ihec.chipseq.ihec-chipseq-containerv1.1.4.IHECRE00000228.3.8bd2a4a9-ace6-4e3a-b0aa-9993e4990638.fc.signal	0	0	0	0	0	0	0	0	0.196697	0.793612	0.554807	0.241659	0.182238	0.0468871	0	0	0	0	0	0	0	0	0	0	0	0.197224	0.49306	0.115047	0	0	0	0	0	0	0	0	0	0	0	0.637993
ihec.chipseq.ihec-chipseq-containerv1.1.4.IHECRE00003818.1.3d6cbb41-685c-49c7-85eb-8977ab8f14b3.fc.signal	0	0	0.170214	0.10473	0.443998	0.187056	0.0883241	0.659036	1.1587	0.887606	0	0.107124	0.32793	0.440887	0.21862	0.270672	0.467003	0.240872	0.802159	0.791679	0.451334	0.334561	0.852229	0.689219	0.173867	0.250909	0.468411	1.39103	1.4484	0.729532	0.665133	1.16794	0.506062	0.695033	1.81009	0.994342	0.908772	0.686448	0.65587	0.114094
ihec.chipseq.ihec-chipseq-containerv1.1.4.IHECRE00001990.1.14fdd58f-89fa-40e4-a658-f79765679f58.fc.signal	0.189142	0.416463	0	0	0	0	0	0.501998	0.121686	0.514018	0	0.433915	0.169901	0	0	0.140614	0.6172	0.877738	0.361462	0	0	0.334534	0.270794	0	0	0	0	0	0	0.533133	0.197703	0	0	0	0.152307	0.367042	0.370674	0.0491923	0	0.738095
ihec.chipseq.ihec-chipseq-containerv1.1.4.IHECRE00000234.3.004bcd0c-68a8-42c5-b5aa-454db7d061e9.fc.signal	0	0	0	0	0	0.108971	0.38462	0.185895	0.115381	1.77303	2.26793	0.673041	0.233938	0.664501	1.51793	1.16792	0.19226	0.0538328	0.651257	2.19869	2.45766	1.9833	0.783322	0.0794855	0	0	0.417929	1.3269	1.6141	0.684588	0.0333251	0	0	0	0	0.0102539	0.398693	0.676897	0.364635	0.419913
ihec.chipseq.ihec-chipseq-containerv1.1.4.IHECRE00000665.1.5571d7d7-4894-4e51-8082-c8a874cb2438.fc.signal	0.0718699	0.452844	0.265364	0.479707	0.413041	0.135508	0.0071692	0.214271	0.21137	0.113269	0	0	0	0	0	0.00878427	0.32835	0.331713	0.0366146	0.22113	0.158108	0	0.240017	0.771646	0.467077	0.0426107	0.0493387	0.331915	0	0	0	0	0	0	0	0.279792	0.0962027	0	0.00873766	0.613208
ihec.chipseq.ihec-chipseq-containerv1.1.4.IHECRE00003816.1.3579346a-a108-4e99-ba8a-c53f4809c6bb.fc.signal	0.31797	0.636096	0.379082	0.401996	0.216604	0	0.0493933	0.290561	0.104855	0.28289	0.676138	0.062085	0.158662	0.236841	0.27455	0.0303527	0	0	0.648387	0.940479	0.680846	0.292398	0.0155046	0.583749	0.32093	0.395139	1.28052	1.3026	1.25983	0.564373	0.645804	0.129689	0.585421	0.745472	0.169545	0.752717	1.10261	0.670742	0.813579	0.632153
ihec.chipseq.ihec-chipseq-containerv1.1.4.IHECRE00003676.3.edac7fd7-5249-4224-ba52-76d331cfbbb5.fc.signal	0.352974	0	0	0	0	0.074479	0.906219	0.916408	0.163679	0.0470093	0.768986	0.021508	0	0.0780467	0.828918	0.301817	0.0957614	0.290375	0.0926061	0.262799	0.333058	0.652497	0.802193	1.23718	0.602929	0.425115	0.314852	0.199112	0.559965	0.173515	0.0266441	0.357191	0.133439	0.408058	0.912136	0.780621	0.378012	0.881035	0.419046	0.809783
ihec.chipseq.ihec-chipseq-containerv1.1.4.IHECRE00000188.3.deb161f9-8c5a-42cb-af84-131a7fc1593f.fc.signal	0	0.0334435	0.0998247	0.3824	0.579506	0.982059	1.23776	0.495787	0.175209	0	0	0.0795384	0.33141	0.470548	0.312525	0	0.165235	0.280033	0.466549	0.707844	0.586506	0.976999	1.23202	0.159988	0.0247456	0.767929	0.226219	0.275493	0.0150023	0	0.141941	0.709111	0.160037	0.656255	0.256505	0.0697661	0.217251	0.732218	1.16985	0.598174
ihec.chipseq.ihec-chipseq-containerv1.1.4.IHECRE00000153.3.4632c7b2-2ae2-40a1-bd27-50236900252a.fc.signal	0	0	0	0.88651	2.25182	1.91743	0.286284	0	0	0.287187	0.779609	0.230022	0	0	0	0	0	0	0	0	0	0	0	0	0	0.498599	1.06092	0	0	0	0	0.0296071	1.02383	0.232313	0	0	0.17264	1.11145	0.173036	0.466667
ihec.chipseq.ihec-chipseq-containerv1.1.4.IHECRE00000223.3.555de7dc-c653-4909-9c33-caf14688e0ce.fc.signal	0	0	0	0	0	0	0	0	0	0.105751	0.181291	0.125055	0.284203	0.335155	0.116155	0	0	0	0	0	0.240746	0.66874	0.249663	0	0	0.318767	1.7275	1.38423	0.0468118	0	0	0	0	0	0	0	0	0	0	0.732558
ihec.chipseq.ihec-chipseq-containerv1.1.4.IHECRE00001914.1.d83c61fb-c563-40ff-afb5-9fc097a52b75.fc.signal	0	0	0	0	0.485206	0.861897	0	0.490328	0.442235	0.107346	1.00052	1.33645	0.291628	0	0	0	0	0	0.707557	0.580124	0.742343	0.368383	0	0	0	0.470697	1.06501	1.03222	0.264402	0.945376	1.84774	1.69603	1.56689	0	0	0	0.992619	2.5281	0.432527	0.659794
ihec.chipseq.ihec-chipseq-containerv1.1.4.IHECRE00001549.1.f6d26e48-e432-43c5-8ad8-8ec3b14cf9c0.fc.signal	0.557835	0.502102	0.688426	0.372646	0.195998	0.283136	0.649775	0.863994	0.60807	0	0	0.14995	0.908101	0.674319	0.137177	0.468618	0.343167	0.230183	0.498108	0.883853	0.661964	1.07395	0.649194	0.867589	0.850363	1.20179	0.88093	1.01284	0.554717	0.589035	0.581391	0.678963	0.596866	0.602677	0.637937	0.517178	0.264487	0.542102	1.63104	0.589286
ihec.chipseq.ihec-chipseq-containerv1.1.4.IHECRE00000810.3.4c807da6-ffa8-4451-adb2-428243de39ad.fc.signal	0	0	0	0	0	0	0	0	0	0	0	0	0	0	0	0	0	0	0	0	0	0	0	0	0	0	0	0	0	0	0	0	0	0	0	0	0	0	0	0.588235
ihec.chipseq.ihec-chipseq-containerv1.1.4.IHECRE00003842.2.aaff33ab-ed7b-4de9-8003-f28b910ee10b.fc.signal	0	0	0.410926	0.191458	0.987828	1.10524	0	0	0	0.32158	1.46429	0.0874205	0	0	0	0	0	0	0	0	0.193857	0.400262	1.41049	0.064899	0.0315457	0.572001	0	0.437915	0.315876	0.650579	0.724475	0.138204	0	0	0	0	0.125568	0.508924	0.488611	0.168317
ihec.chipseq.ihec-chipseq-containerv1.1.4.IHECRE00003806.1.2dfc8185-75fc-483f-9a76-86d609a673b1.fc.signal	0.430678	0.0491087	0.266285	0.530009	0.638634	0.541636	0.532601	0.638621	0.894572	0.522127	0.211053	0	0	0	0	0.14216	0.112795	0	0.0107285	0.218649	0.551828	0.352438	0.212829	0.31454	0.421323	0.0632818	0.402662	0.457602	0.237035	0.39469	0.398577	0.745216	0.653118	0.38017	0.186061	0.226846	0.7977	0.855007	0.299606	0.348214
ihec.chipseq.ihec-chipseq-containerv1.1.4.IHECRE00001913.1.7dd02c2b-e08d-4010-8330-5cb791ced7b2.fc.signal	0	0	0	0	0	0	0	0	0	0	3.97594	2.63662	9.19941	3.73372	0	0	0	0	0	0	0	0	0	0	0	0	0	0	0.0799366	3.64274	0	0	1.70292	3.5836	2.33476	0.414473	0	0	0	0.575064
ihec.chipseq.ihec-chipseq-containerv1.1.4.IHECRE00002063.1.fc1674f3-b9c6-4107-8983-478acef979ab.fc.signal	0.597941	0.0642114	0.111856	0.146668	0.15091	0.296311	0	0	0	0	0.187317	0.444752	0.443239	0.770076	0.411295	0.223307	0.0988526	0	0	0	0	0	0	0	0.168324	0.23904	0	0	0	0	0	0.046937	0.257388	0.132822	0.308083	0.0970252	0.395553	0.148009	0	0.564972
ihec.chipseq.ihec-chipseq-containerv1.1.4.IHECRE00000229.3.201bcc7c-a1bc-4b3d-b4a1-a8869234c0b1.fc.signal	0	0	0	0	0	0.0904461	1.01093	0.935019	0.888714	1.65887	1.02384	0.662876	0.458031	0.573719	0.994289	0.633696	0.052767	0.109297	0.517999	0.727387	0.839546	1.38192	1.20182	0.78014	0.403527	0.548651	1.10841	1.17206	0.719579	0.953531	0.862862	0.89958	1.06154	0.346222	0.016875	0.333394	0.949975	1.16482	1.08177	0.328947
ihec.chipseq.ihec-chipseq-containerv1.1.4.IHECRE00003660.4.f57dabc7-264e-43f4-83fd-08369e826dea.fc.signal	0.689839	0.263387	0	0	0.722582	0.470747	0	0	0.360148	0.75369	0	0	0	0	0.544294	0.0576901	0	0.103044	0.430202	0.537332	0.731874	0.788069	0.283253	0.366207	0.0125413	0	0	0.54096	0.738726	1.28102	0.938229	0.497378	0.0394867	0	0	0.793552	1.47438	1.19587	1.05314	0.757396
ihec.chipseq.ihec-chipseq-containerv1.1.4.IHECRE00000221.3.7d6e7c7b-090f-4b2a-a7ba-f833c718a8ac.fc.signal	0	0	0	0	0	0	0	0	0.180664	0.729108	0.641804	0.726819	1.05018	0.841857	0.636391	0	0.0809214	0.38534	0.652433	0.814276	1.98563	1.83407	0.567673	0	0	0	0.40586	0.693524	0.107895	0	0	0	0	0	0	0	0.387869	1.45134	0.925707	0.659794
ihec.chipseq.ihec-chipseq-containerv1.1.4.IHECRE00003675.3.83112ba3-4a46-4bcb-b23c-b8a94da18e77.fc.signal	1.04629	0.449479	0.356596	0.133615	0.423368	0.647146	0.178467	0.532342	0.467517	0.155498	0.160902	0.186584	0.152283	0.452713	0.936357	0.317827	0.226084	0.128502	0.196126	0.396035	0.441823	0.805648	0.201648	0.0095464	0.424162	0.0575359	0	0.174006	0.34249	0.126436	0.118744	0.147686	0.366026	0.0494071	0.179437	0.156447	0.378301	0.233138	0.40085	0.689394
ihec.chipseq.ihec-chipseq-containerv1.1.4.IHECRE00002086.1.61135aae-0e5d-4a79-9f3a-0fb631125d88.fc.signal	0	0	0	0	0	0	1.03638	0.472498	0	0	0	0	0	0	0	0	0	0	0	0	0	0	0	0	0	0	0.134585	0.657036	0.411423	0	0	0	0	0	0	0	0.0718934	0.586933	0.0172332	0.54878
ihec.chipseq.ihec-chipseq-containerv1.1.4.IHECRE00003692.4.3bf09a2c-baea-4256-b5b7-ae913b7ca17e.fc.signal	0.9458	1.1921	0.15034	1.26571	0.589711	0.436211	0.935599	1.52018	0.950788	0	0.41593	0	0	0.00852267	0.887873	0.322071	0.630239	0.488268	0.447063	0.611221	0.479073	0.0879406	0.329063	0.0302048	0.567582	0.152122	0.255151	0.610877	1.27579	0.178799	0	0	0.17814	0.738211	1.45194	0.2555	1.04998	0.242964	0.159878	0.831858
ihec.chipseq.ihec-chipseq-containerv1.1.4.IHECRE00003687.3.2e985412-e008-4f6e-8fa0-b55dc4eeddb6.fc.signal	0.125859	0	0	0	0	0	0.602796	0.628248	0.582094	0.69405	1.45922	0.625521	0.30154	0	0	0	0	0	0.613133	1.7558	1.21597	1.30223	1.31471	1.97711	0.329749	0.0649761	0.20757	0.539386	1.5167	0.987568	1.01118	0.173445	0.903584	0.127156	0	0.796776	1.02901	0.247597	0.0664631	0.382979
ihec.chipseq.ihec-chipseq-containerv1.1.4.IHECRE00000969.7.07e61421-b434-44b9-b0ec-8515d70faad3.fc.signal	0	0	0	0	0	0	0	0.310246	0.716465	2.11352	0.552813	2.68632	1.70828	0.382039	0.8253	0	0	0	0.0173441	2.36191	1.18946	0.633221	1.70611	1.12253	0	0.991062	0.672186	1.1011	0.578051	0.336099	1.47221	0.218028	0.758378	0.232684	0	1.41492	1.27868	0.327481	0	0.231405
ihec.chipseq.ihec-chipseq-containerv1.1.4.IHECRE00003679.3.9ac74a4d-9d70-4efc-945e-29c0f04f171f.fc.signal	0	0.396286	1.38037	0.544153	0.577661	0	0.658006	0.261439	0.128837	0.715746	0.28746	0.252585	0	0.190714	0.302821	0.420044	0	0	0.0237861	0.296503	0.715984	0.131177	0.447045	0.994669	1.18738	0.408876	0.985108	0.659989	0.463372	0.170439	0.448724	0.616096	0.364481	1.03896	0.845426	0.789376	0.438762	0.549617	0.297293	0.706061
ihec.chipseq.ihec-chipseq-containerv1.1.4.IHECRE00003680.3.f291fb29-a363-426c-a2c2-33a98c6182ef.fc.signal	0	0	0	0	0	0	0	0	0	0	0	0	0	0	0	0.240474	0.427956	0.539671	0.436647	0.0463321	0.385935	0.416592	0.0591161	0.330971	0.0409827	0	0	0	0	0.0246093	0.331902	0.23766	0.0197563	0.218511	0.0855607	0	0	0	0	0.625378
ihec.chipseq.ihec-chipseq-containerv1.1.4.IHECRE00001997.1.3ac72c63-5790-4eab-ab70-1f2408156b61.fc.signal	0.67844	0.914845	0.924166	0.61267	0.0163379	0	0	0	0.017867	0.529024	0.0340333	0.444806	0.375637	0	0	0	0	0.444343	0.824382	1.32052	0.135585	0	0.146974	0.28789	0.326049	0.136568	0	0	0	0	0	0	0	0	0	0.398734	0.692841	0.250766	0	0.54918
ihec.chipseq.ihec-chipseq-containerv1.1.4.IHECRE00000239.3.9e4848b7-a913-4011-92b1-1d083e775db4.fc.signal	0	0	0	0	0	0	0	0	0.0438107	0.427539	0.544946	0.966104	1.73858	1.25824	0.610614	0.307684	0	0	0	0	0.1586	0.4758	0.19032	0	0	0.107848	0.407602	0.304512	0.004758	0	0	0	0	0	0	0	0	0	0	0.492386
ihec.chipseq.ihec-chipseq-containerv1.1.4.IHECRE00004617.2.4b42183d-fbd0-4b87-afb1-913c17cc15e7.fc.signal	0	0.555996	0.854749	1.5502	1.19124	0.210862	0.964673	0.704449	0.54359	0.935541	0.266983	0.0868571	0.022432	0.638594	0.511455	0.821126	1.44032	1.2788	1.73774	1.82393	0.302835	1.48754	0.957618	1.10581	0.251705	0.717905	0.556343	0.72459	1.58026	0.545922	0.662161	0.489509	0	0	0	0	0.275079	0.962684	0.727917	0.732143
ihec.chipseq.ihec-chipseq-containerv1.1.4.IHECRE00000347.2.cd7f0ec3-4b46-44a0-af6d-9383f8acb018.fc.signal	0.304786	0.401204	0.349208	0.00886267	0	0	0	0.143162	0.299434	0	0	0	0	0	0	0.16914	0.0595529	0.16293	0.620598	0.493503	0.736564	0.214567	0.950445	0.423247	0.570684	0.462291	0.0749649	0.679544	0.908733	0.466242	0.104232	0.666942	0.904923	0.432421	0.598889	0.21302	0.567789	0.630023	0.156138	0.457317
ihec.chipseq.ihec-chipseq-containerv1.1.4.IHECRE00001916.1.f84a631d-885b-4535-bad7-e4cb346c7bb1.fc.signal	0.76475	0.702568	0.530041	1.01615	0.38903	1.30177	0.397828	0	0	0	0.778829	1.02149	0.786028	1.43744	1.32093	0.791971	0.105602	0.9505	1.67224	0.0538348	0.129307	0.468851	0.075844	0.608905	1.48103	0.901615	0.485094	2.24073	0.110241	0.851928	0.675125	0.254431	0.373299	0.701358	0.28973	2.35845	1.94762	1.07008	1.01255	0.606509
ihec.chipseq.ihec-chipseq-containerv1.1.4.IHECRE00001467.1.53674f07-2dec-46cd-b734-95bc5db63053.fc.signal	0.317873	0.163357	1.14655	0.480956	0.901456	0.42474	0.43368	0.198922	0.462858	0	0.200769	0.445447	0	0	0.101935	0.697403	0.851706	1.75502	1.44024	0.793086	0.813636	1.60684	2.57136	0.391256	0.848107	1.0785	1.8563	1.00788	1.19109	1.38922	0.921696	0.961953	2.27691	2.06897	0.864894	0.966751	1.51158	1.59718	0.440985	0.519008
ihec.chipseq.ihec-chipseq-containerv1.1.4.IHECRE00000232.3.e48fa4c5-7778-4b0d-8c77-20b91a15213e.fc.signal	0	0	0	0	0	0	0	0	0.132059	0.674959	0.657842	1.279	1.48565	1.87897	1.61649	0.765445	0	0	0.0489107	0.956196	1.36949	0.364381	0	0	0	0.538013	3.38466	4.60256	2.91996	0.880384	0	0	0	0	0	0	0	0	0	0.695652
ihec.chipseq.ihec-chipseq-containerv1.1.4.IHECRE00000152.3.9a3cfb88-6d7d-4b7c-9d6d-96e940ce08cf.fc.signal	0.712663	0.27985	0.423078	0	0	0	0	0.565797	0.575283	0.321135	0	0	0	0	0	0	0	0	0	0	0	0	0	0	0	0	0	0	0.157503	0.338721	0.218762	0.201599	1.10362	0.965943	0.255985	0.406287	0	0.287144	0.757777	0.585366
ihec.chipseq.ihec-chipseq-containerv1.1.4.IHECRE00001909.1.245ee420-3705-4794-9ed7-05083df48af9.fc.signal	1.57572	0.944834	0.607245	0.58632	0.0225271	0	0	0	0.395937	0.185901	0	0.257258	0.310105	0.725468	1.23135	1.16007	0.387811	0.160884	0.642602	1.66919	0.869024	0.941377	0.37962	0	0	0	0.372938	0.524963	1.39101	1.15181	0.148771	0.441194	0.839931	1.34386	1.13028	0.473064	0.683789	1.56683	0.668078	0.453704
ihec.chipseq.ihec-chipseq-containerv1.1.4.IHECRE00004615.1.8cd5cefc-1c86-42bb-a689-d60dd071a471.fc.signal	0.573088	0.219255	0.675146	0.823595	0.298519	0.349999	0.282831	0	0.0278007	0.551086	0.811027	0.391555	0	0	0	0.195175	0.708814	1.62975	1.65752	0.0786385	0.223467	1.78237	0.803094	0.965427	0.965575	0.121732	0.0819509	0.381593	0.200914	0.493234	0.465631	0.0623329	0.706537	0.092118	0.229357	0.27046	0.0057334	0	0	0.871795
ihec.chipseq.ihec-chipseq-containerv1.1.4.IHECRE00000728.1.a576b355-9f1b-4be4-8c29-c0a8e58c48ba.fc.signal	0.372442	0.302886	0.495617	0.716487	0.572536	0.670692	0.388858	0.654221	0.682278	0.231215	1.18169	0.469631	0.0709183	0	0	0.259141	0.732959	0.316913	0.709023	1.16112	0.819257	0.231107	0.730499	0.183448	0.322273	0.937616	1.24152	0.403422	0.222179	0.281412	0.409442	0.611211	0.653203	0.732287	0.99791	0.984894	0.296728	0	0.156744	0.735099
ihec.chipseq.ihec-chipseq-containerv1.1.4.IHECRE00002076.1.483aa0c8-5543-4e25-b16f-2f222c5a2d5b.fc.signal	1.03924	0.0641621	0	0	0.171221	0.179654	0	0	0	0.064174	0.547368	0	0	0.128023	0.561036	0	0	0	0.274393	0.135324	0.212227	0.842716	0.338112	0	0	0	0.2936	0.269099	0.407909	0.214222	0.638009	0.51227	0.153681	0	0	0.540212	0.392586	0.612583	0.688199	0.707071
ihec.chipseq.ihec-chipseq-containerv1.1.4.IHECRE00002058.1.0fc0f90b-b2ac-4c17-952e-d39560131bf4.fc.signal	0.216237	0.448468	0.104206	0.601725	0.323716	0	0.112499	0.125872	0.269898	0.342439	0.0250445	0.383586	0.714699	0.485657	0.343408	0.190199	0.331386	0.570754	0.296112	0.148785	0.119606	0.340165	0.33466	0.221907	0.20247	0.0854392	0.133131	0	0.175049	0.238488	0.0352789	0.191204	0.817374	0.460208	0.0791048	0	0.0540528	0.300641	0.012839	0.688312
ihec.chipseq.ihec-chipseq-containerv1.1.4.IHECRE00000743.1.09e06815-2793-4e11-8820-4681b880b4c1.fc.signal	0.825401	1.26466	0.39723	0.829111	0.132326	0.596626	0.830248	0.160632	0.322385	0.0531277	0.33134	0.405126	0.0398797	0	0.537529	0.840508	0.154878	0.229963	0.692922	0.750244	0.303008	0.35085	0.0564103	0.531209	0.427385	0.387298	0.256565	0.452895	0.309775	0.470532	0.756326	0.501314	0.358356	0.342115	0.500055	0.706779	0.49004	0.340494	0.237519	0.412791
ihec.chipseq.ihec-chipseq-containerv1.1.4.IHECRE00001027.7.cd19865b-26c6-4f71-a2cb-2c7271712e2b.fc.signal	0	0	0	0	0.429605	0.18832	0	0	0.62381	0.936428	0	0	0	0	0.353041	0.213909	0.66598	0.460088	0	1.48456	0.523306	0.56349	0.827681	0	0	0.170537	0.371424	0.208351	0.830505	0.031199	0	0.02354	1.30726	0.323932	0.571587	0.198985	0.92813	1.3153	1.52922	0.746032
ihec.chipseq.ihec-chipseq-containerv1.1.4.IHECRE00000242.3.60fb688a-cd94-4204-878d-aedbff00484b.fc.signal	0	0	0	0	0	0	0	0	0	0	0	0	0.0655227	0.44235	0.49151	0.134336	0	0	0	0	0	0	0	0	0	0	0.157277	0.49151	0.268686	0	0	0	0	0	0	0	0	0	0	0.706587
ihec.chipseq.ihec-chipseq-containerv1.1.4.IHECRE00004604.3.044a44f4-7a76-4042-adca-64782b5c2f81.fc.signal	0	0	0	0	0.15481	0.4728	1.64308	0.231406	0.161393	0.950263	0.841177	0.0165883	0	0.713377	1.23935	0.100639	0	0	0	2.55621	1.04525	0.836233	0.0165888	0	0	0	0	0.92844	0.283423	0	0	0	0	0.575803	1.57787	0	0	0.665746	1.03181	0.32
ihec.chipseq.ihec-chipseq-containerv1.1.4.IHECRE00004728.1.8beb4625-34f3-4c76-87f5-2108669b4ebf.fc.signal	0.435929	0.344439	0.0349891	1.07907	0.446703	0.239541	0.40372	0.839572	0.0780453	0.360096	1.87603	0	0	0	0	0	0.0891544	0.639375	0.543112	0.801142	0.544454	0.113864	0	0.117407	1.03862	1.22335	0.482473	0.430329	0.485985	0.414829	0.586792	0.190801	0.0709351	0.241322	0.0470249	1.19042	1.80509	0.494068	0	0.502066
ihec.chipseq.ihec-chipseq-containerv1.1.4.IHECRE00002005.1.1ff1e0cf-fe7a-4485-b51f-e180baac3300.fc.signal	0	0	0	0	0.300893	0.0461373	0.488223	0.0697684	0.466507	0.522003	0.238178	0	0	0	0	0.285086	0.427476	0.263376	0.0877725	0.154935	0.508157	0	0	0	0	0	0.270643	0.15079	0	0	0.758318	0.385042	0.176282	0.262833	0	0	0.331988	0.655314	0.732291	0.609467
ihec.chipseq.ihec-chipseq-containerv1.1.4.IHECRE00003832.2.1f43525d-0a83-4caf-ad11-becd1d0bf5b9.fc.signal	0.583205	0.341852	0	0	0	0	0.619887	0.677289	0.39868	0.654857	0.408319	0.425603	0.935838	0.680786	0.0370223	0.191451	0.911258	0.975817	0.376902	0.20838	0.170814	0.213761	0.815994	0.169633	0	0.340038	0.117869	0	0.0179146	0.385851	0.00636187	0.0463575	0.129548	0.484863	0.172156	0.232162	0.155409	0.0694155	0	0.342105
ihec.chipseq.ihec-chipseq-containerv1.1.4.IHECRE00000734.3.6ccbc7fb-c4ab-455f-9ca2-ab402f33bf16.fc.signal	1.10231	1.10935	0.34164	0.703207	0.92712	0.529263	0.319031	0.030304	1.23357	1.03825	1.37769	0.662068	0.66592	0.250718	0	0	0.367561	2.61622	1.6363	0.756169	0.286076	0.328451	0.276703	1.20287	0.778526	0	0	0	0.117393	1.49718	0.248913	0.431573	0.64589	0.330276	1.46393	0.642107	0.121296	1.41809	0.66363	0.470085
ihec.chipseq.ihec-chipseq-containerv1.1.4.IHECRE00004609.2.ff95f1fe-813e-4cf7-a1c8-3ae5ac2c2c17.fc.signal	0.614865	0.220853	0.350082	0.559787	1.21567	0.665932	1.58242	1.7554	0.664677	0.197254	0.908201	0.378533	1.33297	1.26482	1.51427	0.421692	0.219385	0.207901	0.339256	0.496596	0.409844	0.584998	0.565166	0.997041	0.401471	0.815746	0.590322	0.5995	0.750131	0.33649	0.58979	0.446847	1.01698	0.591356	0.980705	0.503215	0.767475	0.343028	0.611571	0.646667
ihec.chipseq.ihec-chipseq-containerv1.1.4.IHECRE00001915.1.f5573e79-d80d-470a-8d12-22719ef4a51e.fc.signal	0.341533	0	0	0	0	0	0.15247	1.65278	0.0853832	0.118988	0.885751	0.231332	0	1.35024	1.06097	0	0.795896	1.82965	2.25657	3.03111	2.39074	0.634278	0.633591	3.01489	0.0487904	0	0	0	0.187339	0.697233	0.0848054	0	1.31735	0.57329	0.872131	1.0185	1.0307	1.2704	1.31502	0.743056
ihec.chipseq.ihec-chipseq-containerv1.1.4.IHECRE00004607.2.654f15ab-b67f-4220-9161-30be6d438771.fc.signal	0.713857	0.250376	0.374733	1.21841	1.02888	1.16877	0.366614	0.117498	1.01079	0.558044	0.971421	0.653175	0.175585	0.0301796	0.317477	0.120948	0.663675	0.29275	0.32203	0.254875	0.55962	0.667796	0.0058594	0.0273275	0.388082	0.140942	0.508093	0.422786	0.541564	0.366547	0	0.109489	0.378492	0.35911	0.567085	0.392686	0	0.0944797	0.322906	0.738095
ihec.chipseq.ihec-chipseq-containerv1.1.4.IHECRE00004618.1.40df65f6-ad48-44fa-bfba-39b465419c5e.fc.signal	0.00241627	0.390501	0.341061	0	0.572084	1.61285	0.31738	0.316281	0	0.755542	0.592959	0	0	0	0.669285	0.498973	0.447604	0.200689	0.363294	0.187431	0.262572	0.518238	0.728685	0.249745	0	0	0.293492	0.622399	0.75044	0.590108	0.0022164	0.660376	1.24638	1.00952	1.08818	2.05303	0.879822	1.4975	1.48585	0.797386
ihec.chipseq.ihec-chipseq-containerv1.1.4.IHECRE00000238.3.b63d6dc1-6fc0-4b8d-9bff-172e3f638785.fc.signal	0	0	0	0	0.260628	1.1728	1.56634	0.930813	0.79784	0.569126	0.79784	0.287222	0	0	0	0	0	0	0.486682	0.787202	0.00265947	0	0	0	0	0.24733	1.44933	0.856328	0.14893	0.616996	0.502639	0.694121	0.590402	0	0.265947	1.08771	1.00259	0.518596	0.79784	0.66129
ihec.chipseq.ihec-chipseq-containerv1.1.4.IHECRE00000243.3.6e43a1d4-827b-4226-ab35-bcd9e4427ba9.fc.signal	0	0	0	0	0	0	0.467089	0.756904	0.20567	0.610926	2.67017	2.51264	1.66013	1.43503	0.801924	0.925732	1.07205	1.2662	0.714699	0.424884	0.143504	0.838503	0.55994	0	0.371422	0.723141	1.22962	0.607777	0.813179	0.559941	0	0	0	0	0	0	0	0	0	0.610169
ihec.chipseq.ihec-chipseq-containerv1.1.4.IHECRE00001973.1.61dbfaab-48a0-49aa-b249-2516c02981de.fc.signal	0	0	0	0	0.163266	1.04442	0.082478	0	0	0.133918	0.331588	1.06011	1.75858	0.81669	0.494423	0	0	0	0.0727468	0.480934	0.331809	0.334024	0	0	0	0.234914	0.546135	0.384519	0.235911	0.0475088	0.237752	0.181259	0.544613	0.261291	0.22688	0	0.253171	0.844894	0.181079	0.507614
ihec.chipseq.ihec-chipseq-containerv1.1.4.IHECRE00000775.1.672aeb75-b003-40bb-88b0-79458561e736.fc.signal	0.491993	0.379401	0.432529	0.0438881	0	0	0.0140707	0.426568	0.68333	0.16123	0	0	0	0	0.221601	0.55007	0	0.178791	0.950889	0.881127	0.533585	0	0	0	0	0.149612	1.30246	0.746839	0.248991	1.06416	1.2609	0.415507	1.97252	0.800539	0.512236	0.504877	0.00603033	0.485292	0.195462	0.288
ihec.chipseq.ihec-chipseq-containerv1.1.4.IHECRE00003678.3.651f7635-fa04-4a73-ad9d-b88c234511f0.fc.signal	1.33688	2.30462	1.32666	1.7364	1.2096	0.539674	0	0	0.0048764	1.25977	1.48242	0.153128	0	0.367955	0.926612	0.277581	0.471185	0.409911	0	0	0.29958	0.200008	0.204962	0.786718	0.00852973	0.665975	0.0265195	0.771784	0.541933	0.757413	0	0	0	0	0.0403837	0.26366	0.718249	0.75272	0	0.65873
ihec.chipseq.ihec-chipseq-containerv1.1.4.IHECRE00000240.3.8f250bd6-ace7-4938-8056-c658c54331a9.fc.signal	0	0	0	0	0	0.649544	1.78042	0.726953	0.00673107	0	0	0.760664	0.962434	0.458357	0	0	0	0	0	0	0	0	0	0	0	0	0	0.255781	0.499309	0.6832	1.19475	0.85484	1.00965	0.242316	0	0.417326	1.60539	1.14091	0	0.861635
ihec.chipseq.ihec-chipseq-containerv1.1.4.IHECRE00002067.1.986e393c-de82-4afc-818b-4cc2a632dc28.fc.signal	0.648403	0.600493	0.37364	0.410271	0.54947	0.20155	0.550648	0.674427	0.302701	0.531005	0.0502451	0.104211	0.491858	0.822244	0.185198	0	0	0	0	0	0.501914	0.885744	0.614649	0.256419	0	0.0695995	0.516325	0.05584	0	0.52729	1.30682	0.078528	0	0	0	0.112878	0.4515	1.1342	1.41422	0.552174
ihec.chipseq.ihec-chipseq-containerv1.1.4.IHECRE00003677.3.486b8afb-6747-4d4a-93ee-788cf88097fc.fc.signal	0.00304347	0.42128	0.0340621	0.356005	0.704549	0.250085	0	0.0692925	0.570009	0.356974	0	0	0	0	0.0295115	0.730718	0.499557	0.0162792	0	0.414308	0.652104	0.225141	0.124304	0.276832	0.318571	0.0963328	0	0.179486	0.348972	0.590588	0.220813	0.0772143	0	0.233023	0.439934	0.185598	0	0.0617987	0.489365	0.843284
ihec.chipseq.ihec-chipseq-containerv1.1.4.IHECRE00001486.1.72f7bf42-6ca2-40ec-bfe2-6cb0dd420290.fc.signal	0	0.799921	0.706404	0.270698	0	0	0.692665	0.16992	1.53744	0.595654	0	0.611887	0.283744	0.223531	0.589793	0	0.0129348	0.3798	1.62498	1.8743	1.21809	0	0.0741904	0.56904	0	0.465129	0.344316	1.337	0.539094	0.164839	0.331948	0.934691	0	0.569053	0.465897	0.417896	0.960021	2.27056	1.69778	0.563025
ihec.chipseq.ihec-chipseq-containerv1.1.4.IHECRE00000324.2.d6c64f59-e7f2-4192-911d-75da3eaf04e0.fc.signal	0.809659	0.297916	0.98692	0.423117	0.579306	0.851346	1.24874	0.447457	0.990044	0.653017	0.463892	0.380751	1.05448	0.659032	0.499576	0.445727	0.255472	0	0.0725883	1.45507	0.451461	2.07841	2.41046	1.6297	1.19307	0.988475	1.17464	0.924009	0.883887	0.463164	0.365027	0.623621	0.715504	2.31313	1.16214	0.591832	1.22145	0.850797	0.469024	0.682216
ihec.chipseq.ihec-chipseq-containerv1.1.4.IHECRE00000241.3.08293706-8e8b-4758-95ec-77deb87e4257.fc.signal	0	0	0	0	0	0	0	0	0	0	0	0	0.296146	0.68341	0.519392	0	0	0	0	0	0	0	0	0	0	0	0	0	0	0	0	0	0	0	0	0	0	0	0	0.368201
ihec.chipseq.ihec-chipseq-containerv1.1.4.IHECRE00002065.1.b81732b7-0852-42a0-916a-8784920a02a3.fc.signal	0	0	0.258577	0.618518	0.517157	0	0	0.338183	0.437813	0	0	0	0	0	0	0	0	0	0.176028	0.626786	0	0.335989	0.281893	0	0.296613	0.994263	0.578662	0	0	0.019013	0.609508	0.131212	0	0.091264	0.270237	0	0.155393	1.52102	0.725918	0.6
ihec.chipseq.ihec-chipseq-containerv1.1.4.IHECRE00001921.1.dcad099b-2714-4a20-92d0-2cd9bce288ab.fc.signal	0.773096	0.546419	1.22298	0.153636	0.369098	0.0625925	0	0	0.322915	0.761704	0.336388	0	0	0	0	0	0.257897	0.640899	0.696264	0.950339	1.61351	0	0.148089	0.553824	0.40108	2.34958	1.52858	2.06745	2.45969	1.95353	0.56795	0.982088	0.453314	0.0847107	0	0.143062	1.64719	1.73875	1.05565	0.49162
ihec.chipseq.ihec-chipseq-containerv1.1.4.IHECRE00004608.1.6d8749d8-24c7-4e6d-8992-3543e47f35de.fc.signal	0	0	0	0	0	0	0	0	0	0	0	0	0	0.0972543	0.588931	0	0.080315	1.15819	1.11907	0.780723	0.399743	0.319304	1.05865	1.12421	0.166571	1.24344	1.3394	0.21904	0.874458	0.477911	1.13176	0.0734444	0.950516	0.117317	0	0.507151	0.323414	0.694014	0.430963	0.617801
ihec.chipseq.ihec-chipseq-containerv1.1.4.IHECRE00000231.3.9f5b0463-4f76-4b11-9c3e-298af7f4a26f.fc.signal	0	0	0	0	0	0	0	0.0435694	0.812309	1.31972	1.30451	0.954759	0.616004	0.531005	0.41253	0.557787	0.616917	0.46682	0.0809146	0	0.81739	1.21779	0.122406	0	0	0	0.437774	0.580934	0.0601673	0	0	0	0	0	0	0	0	0	0	0.669173
ihec.chipseq.ihec-chipseq-containerv1.1.4.IHECRE00003682.3.da9e495d-70d1-4135-9b7b-7d3c249e647d.fc.signal	0.556127	0.0556954	0.586394	0.25135	0.169604	0	0	0.0619244	0.355844	0.42103	0.352022	0.0645511	0	0.0290791	0.32954	0.115622	0.160382	0.35953	0.45671	0.267648	0.27033	0.241103	0	0.28358	0.425196	0.0847551	0.209183	0.272809	0.307084	0.278885	0.448539	0.526333	0.811546	0.757252	0.326682	0.350509	0.255656	0.0603057	0.0523731	0.758929
ihec.chipseq.ihec-chipseq-containerv1.1.4.IHECRE00003689.3.342e70ad-a023-4cf1-9866-19dd652b1429.fc.signal	0.100502	0.318476	0	0.268877	0.194479	0.370686	0.877115	0.698296	0.389345	0.241066	0.524409	0.142734	0.357511	0.484356	0.542802	0.0416953	0	0.252027	0.626736	0.994868	0.608525	0.239253	0.536546	0.379736	0	0	0.480383	0.842847	0.160838	0.228685	0.647496	0.837585	2.48119	0.801411	0.729678	1.00894	0.404638	0.493031	0.702206	0.534351
