	chr10:102888154-102888303	chr10:102888304-102888453	chr10:102888454-102888603	chr10:102888604-102888753	chr10:102888754-102888853	chr10:102888854-102888903	chr10:102888904-102889053	chr10:102889054-102889203	chr10:102889204-102889353	chr10:102889354-102889503	chr10:102889504-102889653	chr10:102889654-102889803	chr10:102889804-102889953	chr10:102889954-102890103	chr10:102890104-102890253	chr10:102890254-102890403	chr10:102890404-102890553	chr10:102890554-102890703	chr10:102890704-102890853	chr10:102890854-102891003	chr10:102891004-102891153	chr10:102891154-102891303	chr10:102891304-102891453	chr10:102891454-102891603	chr10:102891604-102891753	chr10:102891754-102891903	chr10:102891904-102892053	chr10:102892054-102892203	chr10:102892204-102892353	chr10:102892354-102892503	chr10:102892504-102892653	chr10:102892654-102892803	chr10:102892804-102892953	chr10:102892954-102893013	chr10:102893014-102893103	chr10:102893104-102893156	Expression
ihec.chipseq.ihec-chipseq-containerv1.1.4.IHECRE00003690.3.bb55a212-99c2-4448-84cc-6786b9df2691.fc.signal	0.458414	0.108981	0.541527	0.216982	0.55636	0.0166962	0	0.24706	0.325754	0.621371	0.560155	0.124275	0.469218	0	0	0.289343	1.24083	0.843934	0.0946118	0.478495	0.502622	1.2538	0.960772	1.26861	0.296752	1.05909	0.100166	1.0171	0.372513	0.515647	0.0131184	0	0	0	0.0371027	0.404234	0.0964333
ihec.chipseq.ihec-chipseq-containerv1.1.4.IHECRE00000987.6.289adc7a-9e11-437f-b6f6-57bfdeddcb3b.fc.signal	0	0	0	0	0.144922	0.57969	0.38646	0	0	0	0	0	0	0	0	0	0	0	0	0	0	0	0	0.162313	0.513992	0.10048	0.575825	0	0	0	0	0.452158	0.224147	0	0	0	0.61868
ihec.chipseq.ihec-chipseq-containerv1.1.4.IHECRE00003808.1.706821fd-c657-4ad5-a143-e15e65116e15.fc.signal	0.64518	0.108773	0	0	0	0	0.0700149	0.18629	0.139043	0.995529	1.14435	1.04911	0.606462	0.0037508	0.383868	0.600076	0.648953	0.827623	0.468944	0.587719	1.11642	1.18057	1.50474	1.85569	2.12423	1.92379	1.47474	0.831846	1.06912	0.89283	1.17541	0.667774	0.899082	1.2254	1.37759	2.07383	0.286652
ihec.chipseq.ihec-chipseq-containerv1.1.4.IHECRE00000949.6.e11d45c2-991c-46e2-8d13-bb1e23aff42f.fc.signal	0	0	0	0	0	0	0	0.0133568	0.750846	0.402903	0	0.580523	0.0710844	0	0	0	0	0.192004	0.0517591	0	0	0.0118474	0.785933	0.505503	0	0	0	0	0.387015	0.264592	0	0	0	0.404786	0.59237	0.380011	0.575314
ihec.chipseq.ihec-chipseq-containerv1.1.4.IHECRE00001002.4.308bde30-3fb4-4075-a143-aa64ea58703c.fc.signal	0.447471	0.154757	0.361928	0.259059	0.146864	0.0096648	0.0697749	0.409786	0.214989	0.153005	0.708057	0.766422	0.500101	0.0743217	0.0633091	0.155781	0.150457	0.0942087	0.0455673	0.276975	0.306171	0.574495	0.525071	0.0551731	0.145968	0.237279	0.012331	0	0.159511	0.400195	0.0890082	0.149043	0.201939	0.0331118	0	0	0.605505
ihec.chipseq.ihec-chipseq-containerv1.1.4.IHECRE00004605.1.ca94bee3-450c-404f-8e72-f443f0a32f9b.fc.signal	1.40548	0.55934	0.846149	0.0165886	0	0.0142188	0.35073	0.182605	0.105449	0.155233	0.490451	0.852414	1.18034	0.139853	0.210077	0.320258	0.465094	0.23137	0.254255	0.205498	0.732822	1.03586	0.473341	0.740939	0.249596	0	0.253612	1.09026	0.132709	0.63999	0.0165886	0.23224	0.367325	0.278452	0	0.328642	0.29393
ihec.chipseq.ihec-chipseq-containerv1.1.4.IHECRE00001893.4.1ce16d7a-b11b-4cc6-9954-df2d097852d0.fc.signal	0.129331	0	0	0	0	0	0	0	0	0	0	0	0	0	0	0.870322	0.366991	0	0	0	0.916422	0.700794	0	0	0	0	0	0	0	1.06564	1.92263	0.233598	0	0	0.524098	1.34768	0.988024
ihec.chipseq.ihec-chipseq-containerv1.1.4.IHECRE00003814.1.e3fd041d-f794-414d-802b-cfe9e9d53c6e.fc.signal	1.40156	1.95924	0.449131	0.24679	0.074037	0	0	0.20944	0.972674	0.72655	0.81704	1.78227	1.3917	0.338886	0	0.522453	1.90694	1.27021	1.51509	2.03326	0.802292	1.30404	1.2081	1.48611	1.54187	0.833518	0.275274	1.14066	0.909973	1.52063	2.31854	1.46899	0.614568	0.938814	0.701765	0.587517	0.374214
ihec.chipseq.ihec-chipseq-containerv1.1.4.IHECRE00000237.3.a5cd5780-31d9-4de0-9c6f-91eeeabb1306.fc.signal	0	0	0	0	0	0	0.297014	0.910798	0.565193	0.146395	0.226509	0.520376	0.831299	0.832575	0.720353	0.30126	0.111191	0.0059754	0.41666	0.794451	0.573375	0.488534	0.434	0.0827739	0.582313	1.06333	0.321545	0.151369	0.274404	0.0551453	0.327417	0.983338	1.26921	0.956888	0.539229	0.192836	0.609929
ihec.chipseq.ihec-chipseq-containerv1.1.4.IHECRE00000224.3.98331644-3ccd-45b3-bad7-e0e81208e171.fc.signal	0.0274745	0.769558	1.10944	0.833577	0.463568	0	0	0.160954	0.357237	0.255301	0.399578	0.557547	0.875443	0.566257	0.170335	0.0531269	0	0.247894	0.562183	0.441705	0.0946589	0.280302	0.460722	0.211356	0.525739	0.523443	0.13868	0.0773617	0	0.00377867	0.322041	0.710176	0.41815	0.0526253	0	0.0978426	0.560792
ihec.chipseq.ihec-chipseq-containerv1.1.4.IHECRE00001335.1.16baff19-56fb-479e-97b6-edd56ebc9920.fc.signal	0.362535	0	0	1.0001	0.646069	0	0	0.358368	0.395871	0.505373	0.661641	0.125012	0	0	0	0	0	0.0416707	1.25012	0.591723	0.304196	0	0.0791743	1.0501	0.329198	0	0	0.200484	0.806173	0.833578	0.76269	0.48338	0	0	0	0.0922874	0.65
ihec.chipseq.ihec-chipseq-containerv1.1.4.IHECRE00000228.3.8bd2a4a9-ace6-4e3a-b0aa-9993e4990638.fc.signal	0	0.162357	0.417644	0.327763	0.129126	0	0.0231516	0.259562	0.147941	0.165262	0.63311	1.36128	1.32293	0.770152	0.77741	1.09942	0.451665	0.388637	0.332867	0.0307234	0.310619	0.310451	0.0330082	0	0.0944955	0.608753	0.648606	0.0371147	0	0.0632892	0.647558	1.46247	1.09349	0.47407	0.0193091	0.0215585	0.949541
ihec.chipseq.ihec-chipseq-containerv1.1.4.IHECRE00004610.2.100e7289-c631-4bb0-9eef-015950828bf4.fc.signal	0	0	0	0	0	0	0	0	0	0	0.222288	0.525714	0.0507034	0	0.386947	0.354924	0.0587092	0	0	0.62871	0.140235	0.0364351	0.368839	0.241569	0.834472	0.993728	0.661392	0.9023	0.0322571	0.729008	0.48412	0	0	0	0.520377	0.80058	0.297539
ihec.chipseq.ihec-chipseq-containerv1.1.4.IHECRE00003818.1.3d6cbb41-685c-49c7-85eb-8977ab8f14b3.fc.signal	0.220358	0	0	0	0	0.150848	0.644939	0.0262344	0.441432	0.273278	0	0	0	0	0	0.0849011	0.592332	0.230235	0	0.118695	0.914884	0.203803	0.0501343	0.644424	1.60269	0.473596	0.241608	0.0479435	0.376607	0.449872	0.219693	0	0	0	0	0	0.684211
ihec.chipseq.ihec-chipseq-containerv1.1.4.IHECRE00001990.1.14fdd58f-89fa-40e4-a658-f79765679f58.fc.signal	0.197054	0.459165	0	0	0	0	0	0	0	0	0.471384	0.200918	1.0856	0.587273	0.89632	0.0425018	0.309826	0.735074	0.526318	0.173765	0.294575	0.301975	0	0.120107	0.367382	0.355729	0.273453	0.239388	0.583868	0.307418	0	0.521613	0.664552	0.318763	0	0	0.448864
ihec.chipseq.ihec-chipseq-containerv1.1.4.IHECRE00000234.3.004bcd0c-68a8-42c5-b5aa-454db7d061e9.fc.signal	0.0692457	0.146679	0.162565	0.120326	0.0217688	0.283574	0.862979	0.643918	0.0224641	0	0	0.495832	0.509956	0.101339	0.157225	0.230496	0.120445	0.31968	0.780858	0.378443	0.359219	1.32887	0.91638	0.173882	0.28771	0.988757	1.22498	0.299381	0	0.00234547	0.361534	0.970382	0.486836	0.152116	0.118118	0.0902508	0.948148
ihec.chipseq.ihec-chipseq-containerv1.1.4.IHECRE00000665.1.5571d7d7-4894-4e51-8082-c8a874cb2438.fc.signal	0.216069	0.090828	0.290425	0	0	0	0.301639	0.0796147	0.203582	0.646469	1.27147	0.46294	0.186141	0.255664	0.309488	0.0616733	0.124844	0.374816	0.215026	0.506425	0.502212	0.420718	0.4379	0.217436	0.362738	0.107397	0	0.185513	0.703048	0.997886	0.540099	0.775329	0.771183	0.277143	0.0201711	0.120596	0.48524
ihec.chipseq.ihec-chipseq-containerv1.1.4.IHECRE00003816.1.3579346a-a108-4e99-ba8a-c53f4809c6bb.fc.signal	0.0133661	0.0524271	0.776834	1.05282	0.639615	0.41389	0.106234	0.0648443	0.382159	0.279627	0.886849	0.28976	0	0	0.114511	0.366984	0.239837	0.494547	0.0299893	0.228161	0.608718	1.12617	1.0266	0.660319	0.450743	0.180219	0.478636	0.600277	0.373491	0.82008	0.888635	0.493993	0.126927	0.41389	0.457611	0.214759	0
ihec.chipseq.ihec-chipseq-containerv1.1.4.IHECRE00003676.3.edac7fd7-5249-4224-ba52-76d331cfbbb5.fc.signal	0.664531	0.478552	0.0776371	0	0	0	0	0	0.0117313	0.839362	0.551909	0.619106	0.136447	0	0	0.155958	0.420047	0.493171	0.0916225	0.433172	0.602665	0.063116	0.549872	0.279505	0.597838	0.272896	0	0.398254	0.132162	0.805752	1.30454	0.991775	0.327839	0	0.145922	0.645564	0.077044
ihec.chipseq.ihec-chipseq-containerv1.1.4.IHECRE00001906.1.d4812fd5-35f7-424c-8ea9-21e1d395b54b.fc.signal	0.155582	0.152735	0.26548	0.258795	0.108863	0.14324	0.308453	0.379119	0.293173	0.0601608	0	0	0	0.0592059	0.16043	0.143165	0.316214	0.489718	0.241603	0.0965416	0.267159	0.341321	0.167798	0.265463	0.68234	0.686996	0.442681	0.204993	1.13688	1.04643	0.313424	0.0296029	0.286434	0.131305	0.283307	0.28649	0.694444
ihec.chipseq.ihec-chipseq-containerv1.1.4.IHECRE00001965.2.b75058ba-d142-4ae0-9acf-08c2d019a7dc.fc.signal	0.261355	0.966856	0.511384	0.0261069	0	0	0	0.227249	0.886064	0.955597	0.891575	0.800089	0.0184264	0.268719	0.873385	0.274065	0.050508	0.211013	0.581442	0.591752	0.370076	0.0174859	0.195159	0.473069	0.586345	0.995063	0.756691	0.482831	1.45369	1.31603	0.910618	0.168893	0.539012	0.431026	0.150592	0.161451	0.447699
ihec.chipseq.ihec-chipseq-containerv1.1.4.IHECRE00001952.2.52215347-885a-4412-918b-b787711b8d37.fc.signal	0.69565	0.618863	1.49727	1.57677	1.41642	0.503184	1.21078	1.01326	1.01903	1.0706	0.112318	0.626063	0.459079	0.0850277	0.792611	0.631413	0.322143	1.07059	0.927485	0.359452	0.644796	0.20879	1.02108	1.02593	0.876653	0.317018	0.482538	0.0068344	1.22912	2.03108	1.03419	0.361523	0	0	0	0.093134	0.367213
ihec.chipseq.ihec-chipseq-containerv1.1.4.IHECRE00000964.7.68ad223e-c775-4c49-8f3f-4ec63b3e920b.fc.signal	0	0.366484	0.3072	0	0	0	0.673683	0.673683	0	0	0.254889	0.982382	0	0.673683	0.220968	0.452715	0	0.347025	0.382652	0.592841	0.673683	0.185778	0.915391	0	0	0	0	0	0	0.587452	0.0862315	0	0	0	0	0	0.873737
ihec.chipseq.ihec-chipseq-containerv1.1.4.IHECRE00003684.3.b5459224-ca8f-46dd-880a-e16781c88032.fc.signal	0	0	0	0	0	0	0	0	0.0149275	0.246185	0.00528033	0.0640322	0.545387	0	0	0	0	0	0.191943	0.280007	0.0976116	0.111789	0.573713	0.232019	0.147649	0.544453	0.147647	0	0	0	0	0	0	0	0	0	0
ihec.chipseq.ihec-chipseq-containerv1.1.4.IHECRE00000974.7.9dac3370-6335-4df0-bea0-9e684edfa350.fc.signal	0	0	0	0	0	0	0	0	0	0.62686	0.982422	0.181749	0.0692437	0.558278	0	0	0.104782	0.506534	0	0.819732	0.341036	0.262759	0.537452	0.673369	1.07346	0.9232	0.515	0.0519328	1.20049	1.60993	0.225023	0.960632	0.921758	0	0	0	0.931472
ihec.chipseq.ihec-chipseq-containerv1.1.4.IHECRE00001030.7.2cec18a6-acf1-4ec3-b511-04e126f82363.fc.signal	0	0	0	0	0	0	0	0	0	0	0	0	0	0	0.478153	0.541438	0	0.313272	0.329467	0	0	1.01135	0.567639	0	0	0	0	0	0	0	0	0	0	0	0	0	0.834437
ihec.chipseq.ihec-chipseq-containerv1.1.4.IHECRE00004647.3.6c7e93ea-bf0c-48a2-82fb-1c49e3dc143b.fc.signal	0.55355	0.536818	0.535817	0.411031	0.27842	0.23393	0.329137	0.24798	0.295915	0.464958	0.16443	0	0.290924	0.535038	0.538156	0.611552	0.45985	0.153343	0.025524	0.415599	0.566308	0.377808	0.18249	0.62821	0.841365	0.128812	0.280074	0.46316	0.495882	0.383432	0.461742	0.416512	0.330713	0.46798	0.596638	0.885089	0.965686
ihec.chipseq.ihec-chipseq-containerv1.1.4.IHECRE00001852.4.e1095ee8-c1a0-47db-b726-788ab3dbb842.fc.signal	0.389883	0.520731	0.426553	0.316247	0.240656	0.1157	0.147325	0.188977	0.315961	0.569216	0.498291	0.414983	0.354047	0.0686487	0.232943	0.709339	0.681869	0.334763	0.236799	0.476692	0.171236	0.234031	0.622816	1.10611	0.596248	0.278464	0.25884	0.312137	0.887161	1.05883	0.344787	0.355587	0.552285	0.49633	0.615835	0.71942	0
ihec.chipseq.ihec-chipseq-containerv1.1.4.IHECRE00003693.3.f2b1cfa1-231f-48d8-af6a-ed3f48905f6f.fc.signal	0.236425	0.1206	0.063918	0.503708	0.23639	0	0.10584	0.094068	0.799888	0.861435	0.0666454	0.110999	0.275087	0	0.223415	0.241748	0.989168	0.684052	0.220733	0.51611	0.347464	0.702888	1.11722	0.284698	0.211686	0.470251	0.155634	0.98208	1.04603	0.916946	1.21615	0.486159	0.243409	0.13869	0.12663	0.645378	0
ihec.chipseq.ihec-chipseq-containerv1.1.4.IHECRE00000223.3.555de7dc-c653-4909-9c33-caf14688e0ce.fc.signal	0	0	0	0	0	0	0	0	0	0	0.565379	0.992128	0.514887	0.618033	0.798911	0.688881	0.209089	0	0	0	0.192455	0.485231	0.184164	0.186473	1.45279	1.81893	0.361618	0	0	0	0.0944095	0.987137	0.7296	0.00291083	0	0	0.71
ihec.chipseq.ihec-chipseq-containerv1.1.4.IHECRE00000250.2.a39935bf-2e13-411b-a0e6-5df09e4383e1.fc.signal	1.30782	1.38639	0	0	0	0.0604928	0.75616	0.443625	1.11209	0.137992	0.620051	1.08893	0.257094	0	0	1.22507	1.69389	0.226848	0.771286	0.786412	0.443614	0.613925	1.15276	2.39168	0.716537	0	0	1.0292	1.48928	0.292382	0.175454	0.550883	0	0	0	0	0.5
ihec.chipseq.ihec-chipseq-containerv1.1.4.IHECRE00001039.6.a3034dad-cf3f-4b0e-b7ac-4dfa7b52d765.fc.signal	0	0	0	0	0	0	0	0	0.997905	1.2393	0.729149	0.816244	0.365844	0.492769	0.343445	1.50059	1.83208	0.835339	0.520145	0.447972	0.418107	0.624672	0.637116	1.29175	0.942127	0.599753	0.624859	0.246939	0.341565	1.10264	1.68149	0.0472825	0	0	0.779755	1.1198	0.542461
ihec.chipseq.ihec-chipseq-containerv1.1.4.IHECRE00000126.3.4655431f-8c56-4476-831c-eb227cec568c.fc.signal	0	0	0	0	0	0	0	0	0	0.360676	0.246068	0.401125	0.690963	0.121349	0.269664	0.33708	0.0445333	0.400634	0.0465414	0.927566	0.225824	0	0	0.505619	0.84096	0.409234	0.333709	0.406615	0.731132	0.709967	0.649195	0.999331	0.264278	0	0	0.0743613	0.578947
ihec.chipseq.ihec-chipseq-containerv1.1.4.IHECRE00001891.4.41bb4ab6-1e8d-4527-bfe1-5ddf65dcaa7f.fc.signal	0	0.29787	0.84291	0	0	0	0	0.584545	0.521571	0	0	0	0	0	0	0	0	0	0	0	0	0	0	0	0	0	0	0	0.148172	0.681819	0	0	0	0	0	0	0.624277
ihec.chipseq.ihec-chipseq-containerv1.1.4.IHECRE00004635.3.13102329-ee3d-4773-b2d1-9ab40cd17100.fc.signal	0.827328	0.534062	0.248795	0.0207287	0.1829	0.1829	0.153636	0.263429	0.532111	0.977324	0.642755	0.0353639	0	0.323284	0.241503	0.319566	0.424426	0.480563	0.679384	0.612724	0.567599	0.37077	0.52834	0.308958	0.289169	0.221829	0.182812	0.151358	0.228653	0.304339	0.223825	0.397826	0.280511	0.0670633	0.382164	0.91475	0
ihec.chipseq.ihec-chipseq-containerv1.1.4.IHECRE00001889.4.440b0def-8afc-49ae-ab48-eb6e55baaba4.fc.signal	1.49516	0.512824	0	0	0	0	0	0.019724	2.14215	2.4316	0.351824	0.030608	0.585542	0.0867856	0	0.540438	0.859707	0.700056	0	0.818655	1.12682	1.35955	0.210766	0.607351	0.584332	0.894809	0.323474	0.608372	1.51449	1.25572	0.137732	0	0	0	0	0	0.994536
ihec.chipseq.ihec-chipseq-containerv1.1.4.IHECRE00001044.7.93646603-f0c6-4b5c-9750-3c77b569d934.fc.signal	0.042952	0.495435	0.221368	0	0	0	0	0.102424	0.465113	0.258242	0.650868	0.730184	0.548464	0.122248	0	0	0.185024	0.4956	0.079296	0	0.287448	1.12666	2.25332	1.84542	0.3521	0.118944	0.584808	0.98394	0.853951	1.48019	1.23899	0.284144	0.4956	0.03304	0	0	0.387097
ihec.chipseq.ihec-chipseq-containerv1.1.4.IHECRE00001235.5.b69b018c-be0b-42b3-9bd0-adb684b6c71f.fc.signal	1.34429	0.222719	0.413299	0.942372	0.410526	0	0	0	0	0	0.132387	1.42421	0.88699	0.285419	0.141174	0	0.365367	0.365367	0.008464	1.13161	0.56908	1.5838	0.446612	0.177442	0.427128	0.32745	0.205699	0	0	0	0.0935115	0.511212	0.404811	0.119307	0	0	0.370407
ihec.chipseq.ihec-chipseq-containerv1.1.4.IHECRE00003842.2.aaff33ab-ed7b-4de9-8003-f28b910ee10b.fc.signal	0	0.168595	0.349679	1.48231	1.07647	0.241551	0	0	0	0	0	0	0	0	0.196694	0.671263	0.0686869	0	0	0	0	0	0	0	0	0	0	0	0	0.0266873	1.55388	0.755562	0.402755	0	0.16131	0.46832	0.00377358
ihec.chipseq.ihec-chipseq-containerv1.1.4.IHECRE00003806.1.2dfc8185-75fc-483f-9a76-86d609a673b1.fc.signal	0.0317897	0.19385	0.129233	0.175757	0	0	0	0	0	0	0	0.0542799	0.38784	0.0620367	0.221044	1.06524	1.47894	0.673861	0.350332	0.27446	0.61772	0.493332	0.521987	0.541082	0.247126	0.0695395	0.0280658	0.300233	0.0978301	0.168567	1.20178	0.364565	0.0568627	0.19385	0.45673	0.482936	0
ihec.chipseq.ihec-chipseq-containerv1.1.4.IHECRE00003686.3.867f20aa-cd84-4630-be8b-4d90cccd43d7.fc.signal	0	0.124233	0.285291	0	0	0	0	0	0.0630893	0.475818	0.0475755	0	0	0	0	0	0.0791653	0.330307	0	0.0969096	0.312564	0.738517	0.435114	0.321376	0.278062	0.378776	0.113291	0.0600805	0.394484	0.364444	0	0	0	0	0.343518	0.40947	0
ihec.chipseq.ihec-chipseq-containerv1.1.4.IHECRE00000864.3.14e2d66e-78ce-42e0-867f-4b49c7b19bff.fc.signal	0.445148	0.113172	0.325468	1.04299	0.892403	0.229234	1.69109	1.5602	0.296949	0.433886	0.721776	1.08184	0.882771	1.02562	0.433213	0.350737	0.305359	1.49055	1.19782	2.04106	2.02443	1.56467	1.22853	1.33214	0.695379	0.454059	0.260992	0.661076	0.889423	1.09989	0.318598	1.49054	0.580945	0	0.31712	0.43243	0.516355
ihec.chipseq.ihec-chipseq-containerv1.1.4.IHECRE00001901.1.bd86e759-1531-4112-8c3a-ef0446d756a3.fc.signal	1.98274	1.04556	0.0037802	0	0.173823	0.37787	0.448457	0.539133	1.73711	2.10241	1.22442	1.34787	1.63318	0.549221	0	0.316195	2.35184	1.37836	1.29119	0.559326	0.914004	1.74827	1.87431	2.28624	1.66617	1.75832	2.96389	2.1228	1.41715	1.65323	0.994871	1.01405	0.55425	0.160638	0.921678	1.4322	0.341079
ihec.chipseq.ihec-chipseq-containerv1.1.4.IHECRE00001954.2.fc509fae-cfc8-4cd1-b6e1-cb05b98526c1.fc.signal	0	0.417909	0.227698	0.425184	0.790268	0.580718	0.518419	0.167452	0.409085	0.119577	0	0	0	0.547703	0.100109	0	0.158982	0.270352	0.309277	1.13015	1.18395	1.73849	1.09381	0.78926	0.13993	0	0	0	0.901048	2.28897	1.26423	0.0804773	0.486835	0.569269	0.574336	0.558902	0.593567
ihec.chipseq.ihec-chipseq-containerv1.1.4.IHECRE00000957.7.e974118a-1765-49cc-99dd-3d99dcd758cf.fc.signal	0	0.105232	0.526158	0	0	0	0	0.93457	0.328349	0	0.644268	0.0921084	0	0	0	0	0	0	0	0	0.383043	0.707591	0.0904135	0	0	0	0.383043	0.248347	0	0	0.374625	0.256765	0	0	0	0	0.836898
ihec.chipseq.ihec-chipseq-containerv1.1.4.IHECRE00004641.3.2af65a74-ad9a-47d1-bb59-7449ff40f2d9.fc.signal	1.0523	0.672317	0.848959	0.4638	0	0	0.196641	0.871873	0.891364	0.998151	1.26634	0.254568	0	0	0.579452	1.03	1.32621	1.01445	0.290046	0.327402	0.458219	1.25208	1.21951	1.42624	1.12125	0.733873	0.384119	0.652582	0.723569	1.69133	0.802075	0.0180253	0.199917	0.52444	0.783959	0.909126	1
ihec.chipseq.ihec-chipseq-containerv1.1.4.IHECRE00002063.1.fc1674f3-b9c6-4107-8983-478acef979ab.fc.signal	0.239425	0	0.298112	0.330261	0	0	0	0	0	0.568107	1.52844	0.692658	0.397483	0.374101	0.367435	0.520061	0.265963	0.353001	0.135698	0	0.275216	0.389991	0.295526	0	0.180873	0.2437	0.383614	0.469521	0.508546	0.354325	0.421099	1.27417	0.33285	0	0	0	0.6171
ihec.chipseq.ihec-chipseq-containerv1.1.4.IHECRE00004713.2.73d0436f-3c8c-4e5c-a1fe-dc4d41b2902f.fc.signal	0.240929	0	0	0	0	0	0	0	0.008793	1.23362	0.963543	0	0	0.0842735	0.529087	0.413554	0.927896	0.431319	0	0.406682	1.23463	1.2648	1.0636	0.212516	0.0439688	0.802357	0.551436	0.797067	0.442816	0.0211036	0	0	0	0	0.138878	0.509413	0.589109
ihec.chipseq.ihec-chipseq-containerv1.1.4.IHECRE00001875.2.6632043e-47cf-4bfd-b8e1-020b2411b571.fc.signal	0.0685937	0.525014	0	0.179254	0.588436	0	0	0	0.784238	0	0	0.784238	0	0	0	0.216599	0.859563	0.564078	0.450257	0.260453	1.26975	0.821584	0.483111	1.93365	0.252979	0.977986	0.414757	0.481463	2.21197	0.43392	0.64468	0.303367	0.293804	1.12034	0.0124482	0	0.370552
ihec.chipseq.ihec-chipseq-containerv1.1.4.IHECRE00003809.1.88fb2a51-3313-49d0-b432-b95b6b91fc4b.fc.signal	1.45187	0.657657	0.580183	0.634223	0.0033374	0	0.0867724	0.613071	1.59107	3.00192	1.66339	1.03139	0.91569	0.371598	0.891237	2.03697	2.16382	1.33027	1.18877	0.906536	0.574148	1.11655	1.81543	1.9535	2.62577	2.33817	1.32069	2.26766	1.68706	1.64912	0.852107	0.990468	1.63043	1.19609	0.923477	0.96042	0.384712
ihec.chipseq.ihec-chipseq-containerv1.1.4.IHECRE00000221.3.7d6e7c7b-090f-4b2a-a7ba-f833c718a8ac.fc.signal	0.497071	1.32103	1.41075	0.299966	0	0	0.134951	1.16787	1.24552	0.488158	0.353955	0.520551	0.191359	0	0	0	0	0.566883	1.21686	0.953955	0.332497	1.02569	0.882979	0.208559	0.22648	0.368493	0.202832	0	0	0.140719	0.364199	0.539435	0.39183	0.0949083	0.154384	0.22778	1
ihec.chipseq.ihec-chipseq-containerv1.1.4.IHECRE00003675.3.83112ba3-4a46-4bcb-b23c-b8a94da18e77.fc.signal	1.88758	0.738251	1.15216	0.54261	0.140881	0	0.429262	0.262738	0.973511	1.68899	1.06877	0.588418	0.388604	0.290492	0.719749	1.32267	1.01883	1.0032	0.312005	0.446463	0.109782	0.622147	0.224423	0.415031	0.733108	0.12793	0	0	0	0.162658	0.717675	0.12975	0.276294	0.292447	0.415508	0.997453	0
ihec.chipseq.ihec-chipseq-containerv1.1.4.IHECRE00002086.1.61135aae-0e5d-4a79-9f3a-0fb631125d88.fc.signal	0	0	0	0.525107	0.351644	0.328209	1.04034	0.163658	0.995322	0.552952	0	0.154216	0.476645	0.031258	0	0.0515766	0.375355	0.297181	0	0	0.388897	0.204825	0	0	0	0.0436627	0.577618	0.408887	1.55594	1.23384	0.516068	0.333458	1.83712	1.16743	0.337485	0	0.678947
ihec.chipseq.ihec-chipseq-containerv1.1.4.IHECRE00000969.7.07e61421-b434-44b9-b0ec-8515d70faad3.fc.signal	0.0187212	0	0	1.08583	1.40409	0.393145	0	0	0	0	0	0	0	0	0	1.43215	0.720766	0.673963	1.84395	0.879871	0.907978	0	0	0.827504	0.111495	0	0	0	2.74465	2.88506	0.561631	0	0	0	0	0	0.992982
ihec.chipseq.ihec-chipseq-containerv1.1.4.IHECRE00003679.3.9ac74a4d-9d70-4efc-945e-29c0f04f171f.fc.signal	1.72	0.394885	0.975287	1.61162	0.816285	0.0627972	1.14273	0.0882275	0.326524	0.923672	0.258165	0.166062	0	0	0	0	0	0	0.316862	0.362885	0.010346	0.235937	0.458358	0.324469	0.216957	0.579704	0.121407	0.0258032	0.261214	0.247	0.692091	0.227465	0.494003	0.334917	0	0.0236966	0.255259
ihec.chipseq.ihec-chipseq-containerv1.1.4.IHECRE00003680.3.f291fb29-a363-426c-a2c2-33a98c6182ef.fc.signal	0	0	0	0	0	0	0	0.0476195	0.238107	0.533026	0.15439	0.209102	0.182329	0.0558964	0	0.00665433	0.197874	0.205088	0.23828	0.519705	0.089801	0.185181	0.265135	0.35537	0	0.328851	0.408727	0.114467	0.369463	0.407918	0.207687	0.533848	0.250246	0.099815	0.0354898	0.316494	0.163148
ihec.chipseq.ihec-chipseq-containerv1.1.4.IHECRE00003695.3.976830f0-f131-4dc5-bdfd-64d83fdc4635.fc.signal	0.424006	0	0.007031	0.415168	0.0400772	0	0	0	0.550262	0.170219	0.047891	0	0.670902	0.229257	0.115311	0.478174	0.86412	1.34754	0.309416	0	0.312231	0.625561	0.84931	0.988512	0.585093	0.52884	0.267205	1.64696	0.781314	0.604217	0.264371	0	0	0	0.20859	0.461694	0.102066
ihec.chipseq.ihec-chipseq-containerv1.1.4.IHECRE00001997.1.3ac72c63-5790-4eab-ab70-1f2408156b61.fc.signal	0.832327	0.148582	0	0.432762	0.361067	0	0	0.0120444	0.503935	0.398843	0.270229	0	0	0	0.540777	0.688309	0.904008	0.441642	0.208505	0.245156	0.556955	0.129665	0.182795	0.59809	0.380917	0.583123	0	0	0.295306	0.834358	0.671236	0.249152	0.972191	0.316546	0.190608	0.61267	0.656805
ihec.chipseq.ihec-chipseq-containerv1.1.4.IHECRE00000784.3.589e1f11-0874-4698-ac02-5c217aac91a6.fc.signal	0.300409	0	0.112265	0.420855	0.0166584	0.293015	0.715596	0.178477	0	0.232071	0.339739	0.601677	0.966829	0.593364	0.654915	0.997391	2.44849	1.37717	2.02864	1.64915	2.02981	0.488281	0.415005	0.463033	1.33023	0.826123	0.724304	0.298102	0.907287	1.38994	0.536128	0.417127	0.431617	0.0600702	0	0	0.689655
ihec.chipseq.ihec-chipseq-containerv1.1.4.IHECRE00003822.3.77ca98f2-545d-4aeb-bc0c-48db2083d121.fc.signal	0.572722	0.366662	0.437173	0.658104	0.244442	0	0.130055	0.26317	0.471426	1.28549	0.38318	0.235268	0.556423	0.0391733	0	0	0	0	0.0313387	0.756796	1.01635	0.627357	0	0	0	0.416804	0.155126	0.419938	1.05924	1.64684	0.488882	0.777191	0.112819	0.207619	0.47008	0.465645	0
ihec.chipseq.ihec-chipseq-containerv1.1.4.IHECRE00001902.1.526cb17b-4947-475e-9954-5626d82b7161.fc.signal	0.881174	0.646385	0.0506543	0	0	0	0	0.193678	0.792591	0.13889	0.795066	0.0685323	0.658506	0.35458	1.02798	2.02915	2.3599	1.09025	0.623856	1.83654	2.74851	0.755878	0.534019	2.91482	2.28446	1.05498	2.003	2.54249	2.41497	0.910128	2.05256	2.44631	1.17995	0.744917	0.690289	0.8939	0.328368
ihec.chipseq.ihec-chipseq-containerv1.1.4.IHECRE00003811.1.705a3dcb-b728-43db-b37f-bbceaf83732a.fc.signal	0.841812	0.229535	0.23447	0.102428	0	0	0.322087	0.538043	0.561489	1.6572	1.16609	0.235703	0.681188	0.502245	0.172765	0.368358	1.51623	1.63788	1.85426	1.9657	1.97681	1.96729	1.51569	1.94843	2.02493	1.38817	0.765057	1.03527	1.82379	3.04166	1.58675	0.699668	1.81021	1.61338	0.740378	0.0454043	0.399711
ihec.chipseq.ihec-chipseq-containerv1.1.4.IHECRE00001957.2.0bd574cb-6c79-4f0e-a131-98ee1a6088f8.fc.signal	0.674762	0.620252	0.486635	1.03987	0	0.252496	2.0072	0.0568377	0.883252	0.968009	0	0.648305	2.15928	0.784648	0.0126613	0.588757	1.07987	0.993651	0.342656	0.618569	0.239209	0.987356	0.109399	0.846137	0.93323	0.86705	1.00965	1.42536	0.835718	0.037795	0	0	0.273147	1.03625	0.540827	0	0.447248
ihec.chipseq.ihec-chipseq-containerv1.1.4.IHECRE00004606.2.411a52db-8794-484a-8712-a21b0a7c3495.fc.signal	0.263697	0.113013	0.200912	0.175798	0	0	0.575095	1.71008	1.16263	1.02454	0.253651	1.03957	0.909052	0.105479	0.74327	0.723871	0.00402813	0	0	0.16877	0.410368	0.320301	0.41653	0.00447587	0.690227	0.83133	0.223644	0.664399	0.884739	0.759296	0.123515	0	1.05945	0.844463	0.0209283	0	0.151163
ihec.chipseq.ihec-chipseq-containerv1.1.4.IHECRE00003696.3.61e7591e-7d42-4bac-a82f-41dc0577b027.fc.signal	0.131398	0.324093	0.556206	0.531393	0.4379	0.183986	0.268648	0.160629	0.791532	1.41583	0.241218	0.0277451	0.191295	0.183994	0.0350464	0.525025	1.2899	0.875372	0.887895	0.366409	0.964307	1.82342	2.682	1.37759	2.68598	2.10207	0.400015	2.73132	2.32834	0.978049	1.42475	0.884598	0.0875981	0	0	0	0
ihec.chipseq.ihec-chipseq-containerv1.1.4.IHECRE00001004.4.11ad2674-be5c-41ad-b54e-80291c85aeb3.fc.signal	0	0.138307	0.550964	0.0416768	0	0	0.0458804	1.3267	0.572533	0.18937	0.742691	0.768502	0.373197	0.449022	0.471259	0.387539	0.108122	0.114704	0.985055	1.69646	1.16637	1.43569	1.5668	0.199984	0	0.165561	0.146958	0.0330134	0.23541	0.0376064	0.0618842	0.930032	0.442636	0	0.113972	0.19276	0.495455
ihec.chipseq.ihec-chipseq-containerv1.1.4.IHECRE00003845.2.fa3c8e36-edcb-4649-9a8e-5dec7e1c367c.fc.signal	1.14917	0.0737226	0.447815	0.469836	0.365196	0.029376	0.041616	0.25109	1.05099	1.11604	0.151196	0	0	0	0	0.576041	1.00786	1.17702	0.238612	0.299772	0.34624	0.714482	0.417232	1.5233	0.486955	0.245966	0.0966745	1.01671	0.716628	0.987862	1.03439	0.138996	0	0	0	0.0554264	0.282609
ihec.chipseq.ihec-chipseq-containerv1.1.4.IHECRE00001956.2.6c45d08b-377b-419c-a177-44262ce42f4b.fc.signal	0.810189	0.778145	0.0143728	0	0	0	0	0.186865	0.426719	0.413783	0.65905	0.507457	0.516107	0.406541	0.227778	0.14002	0.261399	0.288327	0.216245	0	0	0.238478	0.809885	1.127	0.154211	0.272166	0.663891	0.703476	0.625013	0.0816585	0.588812	0.482819	0.014372	0	0	0	0.394393
ihec.chipseq.ihec-chipseq-containerv1.1.4.IHECRE00000943.7.e73b84a4-42ef-4b6b-83f9-72b6584af2ee.fc.signal	0.759411	0.214464	0	0.19064	0	0	0	0.33378	0.583579	0.852247	0.473244	0	0.160455	0.0301847	0.10323	0.565335	0.332929	0.529448	0.497078	0.222187	0.284989	1.10191	0.535928	0.59765	0.231904	0.220788	0.396908	0.248411	0.742982	1.34493	0.462667	0.299962	0.203909	0	0	0	0.807107
ihec.chipseq.ihec-chipseq-containerv1.1.4.IHECRE00001961.2.058af969-8786-43c5-84e7-d3c325107d07.fc.signal	0.829017	0	0	0	0	0	0	0	0.165667	0.225892	0	0	0.0494321	0.558963	0.167309	0.663042	0.465468	0.334298	0	0	0.0418271	0.798582	1.02679	0.983621	0.783027	0.342222	0	0.300395	0.207381	0.414283	0.276151	0.516801	0.998861	0.384264	0	0	0.315789
ihec.chipseq.ihec-chipseq-containerv1.1.4.IHECRE00001050.8.a9a09927-f961-43dc-bcc9-a3c995bbca26.fc.signal	0.717111	0.270751	0	0	0	0	0	0	0	0.451252	1.20334	0	0	0	0.120334	0.706961	0.458773	0.368522	0	0	0	1.97051	0.511419	0	0	0	1.28609	2.0232	0	0	0	0	0	0	0.008829	1.2132	0.824627
ihec.chipseq.ihec-chipseq-containerv1.1.4.IHECRE00003683.3.9d98dd69-4d9c-4c81-bc8f-9c0f23e13a7b.fc.signal	0.536235	0.512661	0.74837	0.0648186	0	0	0	0.177803	0.460073	0.412763	0	0	0.259274	0.267131	0.102138	0.294631	0.693373	0.269095	0.166959	1.07836	0.0190156	0.258364	0.616189	1.01986	1.54781	0.359453	0.502841	1.0329	0.549837	0.157753	0.311658	0.30838	0.255346	0.147315	0.173504	0.394695	0.27176
ihec.chipseq.ihec-chipseq-containerv1.1.4.IHECRE00004614.1.0ac6fcf9-3ed9-4ad3-9178-9d485c424be8.fc.signal	0.812769	0.28471	0.92082	0.88574	0.115932	0	0	0	0.248898	0.769325	0.113128	0	0	0.111219	0.171541	0.463329	0.284468	0	0.410829	0.678774	0.576983	0.390285	0.347459	1.06253	0.285942	0.0225653	0.116295	0.708922	0.939201	0.613073	0.614687	0.59958	0.495867	0	0	0	0.490323
ihec.chipseq.ihec-chipseq-containerv1.1.4.IHECRE00002076.1.483aa0c8-5543-4e25-b16f-2f222c5a2d5b.fc.signal	0	0	0	0	0	0	0	0.148447	0.12652	0.0463039	0.906348	0.148995	0	0.10378	1.09926	0.227261	0.249661	0	0	0.584423	0.175311	0.934248	0.275837	0.518989	0.725499	1.17216	0.139133	0.253387	0	0.0504368	0.542754	0	0.521467	0.149328	0	0	0.376
ihec.chipseq.ihec-chipseq-containerv1.1.4.IHECRE00002058.1.0fc0f90b-b2ac-4c17-952e-d39560131bf4.fc.signal	0.358613	0.182358	0.53701	0.532396	0.0851296	0	0	0.341141	0.187862	0.197765	0.0605629	0.412535	0.76187	0.862275	0.700473	0.500957	0.736457	0.434173	0.214741	0.123931	0.487859	0.509737	0.230752	0.148329	0.591238	0.58277	0.0651883	0.44952	1.26585	0.487793	0.0398805	0.213207	0.197869	0.138048	0	0	0.412088
ihec.chipseq.ihec-chipseq-containerv1.1.4.IHECRE00000709.3.6a6e5234-23fa-41fc-9f41-6ee555b180c8.fc.signal	2.79999	0	0	0	0	0	0	0	0.595042	0.927457	1.97714	1.26973	0	0	0	0	0	1.07858	0.103077	0	0	0.28793	1.16538	2.53504	2.35502	1.79856	1.69431	1.52616	0.524536	2.1467	0.198384	0	0	0	0	1.29953	0.559585
ihec.chipseq.ihec-chipseq-containerv1.1.4.IHECRE00001878.2.e386caa6-13f2-44b9-82dc-f7880f6e8e17.fc.signal	0.825016	1.33754	0.0645666	0	0	0	0	0.308485	1.64211	0.771574	0.861807	0.243918	0	0	0.667188	0.480662	0.610676	0.491023	0	0	1.38072	0.406239	0	0	0	0	0	0	0	0.82027	1.59866	0.724538	0	0	0.872845	1.07215	0.297122
ihec.chipseq.ihec-chipseq-containerv1.1.4.IHECRE00001027.7.cd19865b-26c6-4f71-a2cb-2c7271712e2b.fc.signal	0.2354	0	0	0.25894	0.538477	0	0	0.859305	1.1476	0.965213	1.81535	1.08882	0.594385	0	0	0	0	0.829847	0.406067	0.441375	0.344468	0.840501	0.156125	0	1.04199	0.582657	0.22363	0.394295	0.472204	0.102511	0.299698	0.163675	0	0	0	0	0.701031
ihec.chipseq.ihec-chipseq-containerv1.1.4.IHECRE00000242.3.60fb688a-cd94-4204-878d-aedbff00484b.fc.signal	0	0	0	0	0	0	0.232865	0.386936	0.0862689	0.0688182	0.330278	0.812621	1.08117	1.18897	1.10861	0.517655	0.0872227	0	0	0	0.135979	0.496714	0.260976	0.0042104	0.480879	0.858417	0.326716	0	0	0	0	0.32032	0.459264	0.260252	0.0644893	0	0.775956
ihec.chipseq.ihec-chipseq-containerv1.1.4.IHECRE00003838.5.15c4be13-1cb6-4f0a-9012-ac7bfa4a2475.fc.signal	1.01229	0.0537601	0	0.214611	1.23717	0.63121	0.0126242	0	0.193571	1.89784	0.433431	0	0	0	0.807949	1.56961	0.395558	0.382934	0	0.774284	1.11935	0.467095	0.412391	2.77867	1.41391	2.89515	0.854238	0	0	0.951023	1.33817	0.441847	0.833197	0.557569	0.582116	1.82217	0
ihec.chipseq.ihec-chipseq-containerv1.1.4.IHECRE00003685.2.cb8ce07d-5bf2-4abf-a883-851526414fcb.fc.signal	0.274639	0	0.102007	0.244816	0.233046	0.018832	0.2354	0.009416	0.46617	0.601654	0	0	0	0	0	0.017263	0.672044	0.787389	0.349967	0.246389	1.02933	0.851875	0.973112	2.46008	1.70162	0.656049	0.539927	1.95775	1.25565	0.948049	1.15833	0.71734	0.0109855	0	0.0863133	0.510825	0.320502
ihec.chipseq.ihec-chipseq-containerv1.1.4.IHECRE00004604.3.044a44f4-7a76-4042-adca-64782b5c2f81.fc.signal	0	0.0460247	1.33873	0.928776	0.294977	0	0	0	0	0	0	0.0292885	1.09191	0.13389	0.629473	0.619166	0	0	0.485947	0.877916	0.786559	0.799121	1.71013	0	0.508447	1.56075	0.184075	0	0	0	0.0385079	0.94775	2.37681	2.24079	0.25002	0	0.2375
ihec.chipseq.ihec-chipseq-containerv1.1.4.IHECRE00004728.1.8beb4625-34f3-4c76-87f5-2108669b4ebf.fc.signal	0.768433	0.387547	0.317593	0.341816	0	0.0080744	1.48274	0.855758	0	0	0	0	0	0.0592123	0.589348	0.406369	0.477677	0.325732	0.731685	0.710156	0.253118	1.05766	1.07052	1.47398	0.00865093	0	0	0	0.374055	1.97027	1.05478	0.703741	1.10546	0.248931	0.59201	1.79737	0.407942
ihec.chipseq.ihec-chipseq-containerv1.1.4.IHECRE00002005.1.1ff1e0cf-fe7a-4485-b51f-e180baac3300.fc.signal	0.312832	0	0.0634732	0.375017	0	0	0	0	0	0	0	0	0.297077	0.120407	0.0634732	0.593928	0	0.0282628	0.496114	0	0.812138	0.217764	0	0.530614	0.387176	0.569064	0	0.42757	0.0816084	0.961248	0.303765	0.0517638	0.414564	0.442045	0.68007	0.205304	0.442211
ihec.chipseq.ihec-chipseq-containerv1.1.4.IHECRE00003832.2.1f43525d-0a83-4caf-ad11-becd1d0bf5b9.fc.signal	0	0	0	0	0	0	0	0	0.0390864	0.461071	0.030261	0	0	0	0	0	0	0.171465	0.482046	0.516296	0	0.102887	0.295989	0.102441	0	0	0	0	0.00473733	0.912573	1.24678	0.310667	0.10894	0.30261	0.133467	0	0
ihec.chipseq.ihec-chipseq-containerv1.1.4.IHECRE00004664.3.88322dc5-ffd0-48cb-8071-68d28d8e1eea.fc.signal	0.434165	0.65389	0.0595547	0	0	0	0	0.378211	0.83188	0.357343	0.44666	0.333506	0.44666	0.0625324	0	0.595606	0.821947	0.0405715	0	0.210812	0.318001	0.00434267	0.167226	0.608446	0.468681	0.612629	0.381464	0.410676	0.821947	0.691727	0.399247	0.445915	0.0625324	0.267996	0.432392	0.446133	1
ihec.chipseq.ihec-chipseq-containerv1.1.4.IHECRE00004609.2.ff95f1fe-813e-4cf7-a1c8-3ae5ac2c2c17.fc.signal	0.945517	0.385623	0.502911	1.35961	1.00767	0.239904	0	0.378515	0.161713	0.591763	0.366076	0.893966	0.735291	0.276931	0.383846	0.238127	0.646852	0.446994	0.840728	0.151873	0.126172	1.10546	0.428123	0.315181	0.509198	0.359103	0.649902	0.644936	0.519735	1.22257	0.755337	0.540139	1.06462	0.737508	0.624952	1.28262	0.302198
ihec.chipseq.ihec-chipseq-containerv1.1.4.IHECRE00000972.6.cf621cfe-3687-4632-9cb9-1d96c4cbf6b0.fc.signal	1.70588	0	0	0	0	0	0	0	0.371027	0.241035	0	0	0	0	0	0	0	0	0	0	0	0	0.18542	0.773656	0	0.555408	0.560981	0	0.63135	1.51432	0.392995	0	0	0	0	0	0.926554
ihec.chipseq.ihec-chipseq-containerv1.1.4.IHECRE00000983.7.a8cf4d02-7de5-4d62-b6f2-913c0f5454c6.fc.signal	0	0	0	1.25146	0.0219128	0	0	0	0	0	0	0	0.506431	0.126608	0	0	0	0	0	0.492687	0.36058	0.762394	0.0047124	0	1.57018	0.243475	0	0	0.847294	0.418778	0.204991	1.36142	0.00973907	0	0	0	0.572368
ihec.chipseq.ihec-chipseq-containerv1.1.4.IHECRE00003819.1.15862055-4b77-42a2-9c80-a7361014730f.fc.signal	1.00655	1.0519	1.67945	1.91498	1.2284	0.586303	0.570975	0.859753	1.40961	1.38242	1.97868	2.5346	1.83999	1.70496	1.93514	1.8398	1.67421	1.65777	2.23039	2.98218	1.85063	2.44962	2.61101	1.76514	2.62486	2.18554	1.86541	2.68287	2.52098	2.85638	2.68944	3.44548	2.05937	1.54784	1.46335	1.41169	0.233456
ihec.chipseq.ihec-chipseq-containerv1.1.4.IHECRE00003812.1.155d6bcb-5d5c-4947-89c2-c75cf0a7e99d.fc.signal	0.538297	0.222811	0.181677	0.514265	0.630011	0.339404	0.572594	0.721708	1.00625	0.488686	0.150726	0.0445623	0.502316	0.070275	0.459402	0.993191	0.731584	0.264178	0.65578	0.949383	1.27541	1.32406	0.543588	0.364409	1.02174	1.7246	0.737139	0.678865	0.844232	0.632532	0.203978	0.971999	0.675379	0	0	0	0.534884
ihec.chipseq.ihec-chipseq-containerv1.1.4.IHECRE00003730.1.3f439d72-e3f6-44c0-a502-169344c6ad35.fc.signal	1.48121	0.254387	0.57584	1.37243	0.0287896	0	0.0575792	0.71974	0.206325	0	0	0	0	0	0	0	0.235115	0.71974	0.0287896	0	0	0	0.486449	0.940392	0.815076	0.931551	0.0785888	0.612867	0.791539	0.564148	0.516802	0	0	0	0	0	0.628099
ihec.chipseq.ihec-chipseq-containerv1.1.4.IHECRE00003694.3.61c30d06-38bd-4873-b3e9-1676bf3449d1.fc.signal	0.229033	0.0539363	0.146757	0.465367	0.205086	0	0.126965	0.0806894	0.642479	0.126135	0.0193695	0.569874	0.406432	0	0.082786	0.117907	0.452879	1.35864	0.880728	0.644808	0.958426	2.86243	2.5127	1.78629	1.10524	0.895078	0.978453	1.4607	1.15489	1.0621	0.636072	0.0275958	0	0	0	0.0142	0.304348
ihec.chipseq.ihec-chipseq-containerv1.1.4.IHECRE00001966.2.f603ad07-1fa1-4eda-9e31-ea07130b3846.fc.signal	0.480614	0.544028	0.420538	0.50064	0.0150192	0	0	0	0	0	0	0	0	0.377149	0.190243	0	0.0731685	0.98792	0.537353	0.100128	0	0.0066752	0.852565	0.143366	0	0	0.203575	0.363798	0.408455	0.115523	0	0	0	0	0	0	0.451827
ihec.chipseq.ihec-chipseq-containerv1.1.4.IHECRE00003398.1.f0bdf12d-8bcf-4989-949c-4d32dbd60ffe.fc.signal	0.527648	0	0	0	0	0	0	0	0	0.257978	0.995058	0	0	0	0	0.906608	0.346428	0.746185	0.158031	0	0	0.440044	0.945542	0.670743	0.889203	0.262267	0.50944	0.559561	0.148851	2.91447	0.866627	0	0	0	0	0	0.434109
ihec.chipseq.ihec-chipseq-containerv1.1.4.IHECRE00003827.1.2bef3df7-5fcc-4d31-9411-95e1295b79d5.fc.signal	0.523827	0.152526	0.249957	0.717098	0.117861	0	0	0.0385167	1.71341	1.11095	0.460082	0.106837	0.203469	0	0	0.0493013	0.907484	0.44061	0.9279	0.624491	0.228001	0.475279	0.574734	0.782248	0.599238	0.0845186	0	0.379004	0.511505	0.958393	0.433688	1.10095	0.8878	0.206936	0.279661	0.903339	0
ihec.chipseq.ihec-chipseq-containerv1.1.4.IHECRE00000942.6.57b4ba27-01c8-4621-88e8-a90fc9665acf.fc.signal	0.893848	0	0	0	0	0	0	1.64819	0.0238868	0	0	0	0	0	0	0	0	0.155264	1.51681	0	0	0	0	1.30889	1.7924	0.885261	0.725627	1.23332	1.94272	1.12558	0	0	0.418019	1.79151	0.895755	0	0.940828
ihec.chipseq.ihec-chipseq-containerv1.1.4.IHECRE00004607.2.654f15ab-b67f-4220-9161-30be6d438771.fc.signal	1.45125	0.959984	2.13473	2.95075	0.178107	0	0	0	0.222272	0.535545	0	0	0	0.558282	1.17644	0.478162	0.373695	0.312489	0.34611	1.12677	0.042947	0	0	0	0.109488	0.213044	0.394032	0.641678	1.66452	1.25023	0.497676	0.320843	0	0	0	0	0.346354
ihec.chipseq.ihec-chipseq-containerv1.1.4.IHECRE00001964.2.194197dc-d3ad-4faf-839a-1e28c390e1c7.fc.signal	0.445834	0.489785	1.08778	0.0809451	0	0	0	0.119796	0.469873	0.419987	0.0989619	0.632965	1.01482	0.0290575	1.0148	0.628836	0.274123	0.864636	0.46699	0.825996	0.832538	0.284345	0.581141	0.478516	1.18099	1.23511	0.379235	0.583216	0.229215	0.647054	2.51321	2.424	0.759871	0.408238	0.510989	0.464424	0.46729
ihec.chipseq.ihec-chipseq-containerv1.1.4.IHECRE00004618.1.40df65f6-ad48-44fa-bfba-39b465419c5e.fc.signal	0	0.068476	1.17641	0.873118	1.28401	0.396169	0.620604	0.776658	0.0673703	0.588908	0.424728	0	0.0342356	0.790001	1.35005	1.48703	0.459829	0.648117	0.727603	0.67376	0.518499	0.584517	0.697053	0	0.409674	0.939214	0.154073	1.09515	0.656419	0.302119	0	1.55302	1.38183	0	0.427991	0.7338	0.2
ihec.chipseq.ihec-chipseq-containerv1.1.4.IHECRE00000238.3.b63d6dc1-6fc0-4b8d-9bff-172e3f638785.fc.signal	0	0.265789	0.500823	0.00302027	0	0	0	0.0194172	0.701686	0.852902	0.423041	0.126487	0	0	0.00863993	0.164106	0.115563	0.17539	0.483338	0.336597	0.426511	0.209914	0.046308	0.403949	0.197982	0.0570222	0.193725	0.224798	0.139594	0	0	0.254818	0.685729	0.439102	0.0154791	0.0293275	0.853224
ihec.chipseq.ihec-chipseq-containerv1.1.4.IHECRE00000243.3.6e43a1d4-827b-4226-ab35-bcd9e4427ba9.fc.signal	0	0.186809	0.363036	0.522188	0.49131	0.19013	0.140124	0.370606	0.513666	0.355392	0.463936	1.00307	0.690221	0.478619	0.631028	0.691187	0.411573	0.340022	1.26659	0.952304	0.242816	0.362263	0.45603	0.482913	0.553601	1.3939	1.46273	0.366968	0.347065	0.288384	0.333774	0.10494	0.200928	0.325303	0.319289	0.0676009	0.794586
ihec.chipseq.ihec-chipseq-containerv1.1.4.IHECRE00003804.1.99f64bff-6a7f-4116-8a49-8ea2121e3dc6.fc.signal	0.454657	0.405919	0.0621233	1.02165	0.831496	0	0	0.275917	1.1472	1.7121	1.97461	1.17083	0.591614	0.217455	0.457365	0.837725	1.6493	0.734539	0.536901	1.07699	3.18404	1.71685	1.56601	1.28098	0.692308	0.938389	0.780523	0.774547	1.07606	1.698	1.97761	0.929684	0.443722	0.0932153	0.0414171	0.37288	0.441073
ihec.chipseq.ihec-chipseq-containerv1.1.4.IHECRE00001973.1.61dbfaab-48a0-49aa-b249-2516c02981de.fc.signal	0	0	0	0	0	0	0.0943392	0.58962	0.180573	0.3818	0.275688	0.570158	0.350162	0.835128	0.272028	0	0.0471696	0.497231	0.0657604	0	0.357938	0.23491	0.0867552	0.977828	0.386311	0.0137712	0.568622	0.491194	0.249493	0.579377	0.0076504	0	0	0.117924	0.58962	0.48126	0.490196
ihec.chipseq.ihec-chipseq-containerv1.1.4.IHECRE00000775.1.672aeb75-b003-40bb-88b0-79458561e736.fc.signal	0.868294	1.61642	0.85848	0.186216	0	0	0	0.507053	0.922023	0.311034	0	0.237921	0.59604	0.184371	0.519596	0.00354733	0.134682	0.452321	1.01656	0.568967	1.85551	2.78984	0.976719	0.0122617	1.00419	1.08741	0.90078	0.228885	0.279209	0.508511	0.292966	0.735205	0.497898	0.73586	0.39651	0.0208217	0.594005
ihec.chipseq.ihec-chipseq-containerv1.1.4.IHECRE00003678.3.651f7635-fa04-4a73-ad9d-b88c234511f0.fc.signal	0.696228	0.373099	0.0268238	0.70481	0	0	0.368184	0.826838	0.218717	0.559412	1.17096	0.256725	1.1462	0.924285	0.361737	0.629883	0.373781	0.246687	0.797747	0.432814	1.22047	1.26388	0.844302	0.0269599	0.427724	0.0194128	0	0	0.536488	1.39982	1.71197	0.265772	0.465754	0	0.373937	0.73164	0.416092
ihec.chipseq.ihec-chipseq-containerv1.1.4.IHECRE00000240.3.8f250bd6-ace7-4938-8056-c658c54331a9.fc.signal	0.541592	0.0546077	0	0	0	0	0	0	0	0.389101	0.698459	0.0196549	0	0	0	0	0	0	0.0754087	0.538484	0.290994	0	0.264914	0.742107	1.66858	0.630471	0	0	0	0	0	0	0	0	0	0	0.211672
ihec.chipseq.ihec-chipseq-containerv1.1.4.IHECRE00002067.1.986e393c-de82-4afc-818b-4cc2a632dc28.fc.signal	0.321549	0	0	0	0	0.109894	0.54947	0.0915783	0.617282	0.664028	0.457892	0.816963	0.758376	0	0	0	0.00366313	0.696038	0.60063	0	0	0	0.6209	0.445502	0.346035	0.138817	0.133711	0.334421	1.18587	0.905567	0.538481	0	0	0	0	0	0.280788
ihec.chipseq.ihec-chipseq-containerv1.1.4.IHECRE00003677.3.486b8afb-6747-4d4a-93ee-788cf88097fc.fc.signal	0.080066	0.290766	0.185416	0.726753	0.0916426	0	0	0	0.119927	0.385478	0.0213048	0.351785	0.280166	0	0.38762	0.244383	0.0716244	0.560317	0	0	0.685646	1.07509	0.115857	0	1.0448	0.219075	0	0	0.208545	0.423402	0	0	0	0	0.0421287	1.03736	0.380615
ihec.chipseq.ihec-chipseq-containerv1.1.4.IHECRE00000992.7.d770a09a-2cad-4524-8aaf-69b927e47c59.fc.signal	1.05659	0.0498566	0	0.194575	0	0	0	0.681004	1.05993	0.713002	0.371842	0.0717215	0.16015	0.0344249	0.191579	0.646579	0.749523	0.721387	0.308323	0.381661	1.08362	0.527206	1.25914	0.508879	0.493914	0.474097	0.431548	0.350231	1.84503	1.05809	1.22322	0.36819	0.51786	0.00748367	0.0124728	0.22451	0.89995
ihec.chipseq.ihec-chipseq-containerv1.1.4.IHECRE00001900.1.eba0146b-fc0a-4798-98b6-8f831ec2d14a.fc.signal	0.608937	0.306926	0.494611	0.553124	0.339493	0.0264976	0.345566	0.576307	0.353259	0.717142	0.688638	0.165607	0.262762	0.00220813	0.102676	1.66649	1.41903	1.13796	1.02626	0.89082	1.16596	1.37322	0.556704	0.53475	0.62747	0.638838	0.947347	1.27746	0.868563	0.718727	0.718728	1.05325	0.434992	0.49406	0.932912	1.00301	0.371709
ihec.chipseq.ihec-chipseq-containerv1.1.4.IHECRE00000236.3.2c1c8672-6452-4ab8-881a-a766bd324041.fc.signal	0.0275341	0.375014	0.598035	0.416643	0.2731	0.358669	1.0388	1.66424	0.825441	0.331458	0.621637	0.774814	0.580134	0.43682	0.724897	0.645898	0.19047	0.279148	1.01528	1.25494	0.905212	0.618149	0.40083	0.311673	0.523032	0.48232	0.0497274	0	0	0.0204848	0.529372	0.799723	0.327966	0.0910147	0	0	0.818099
ihec.chipseq.ihec-chipseq-containerv1.1.4.IHECRE00002065.1.b81732b7-0852-42a0-916a-8784920a02a3.fc.signal	0	0.231479	0.529075	0	0	0	0.437813	0.397191	0	0	0	0	0	0	0	0	0.381085	0.342337	0.571405	0.0841467	0	0	0	0.372646	1.09817	0.433496	0.316796	0.423015	0	0	0	0.328171	0.871464	0	0	0.412557	0.541872
ihec.chipseq.ihec-chipseq-containerv1.1.4.IHECRE00003813.1.0652445e-a604-4bf6-a647-b7142178f30a.fc.signal	1.51696	1.33618	1.08606	0.667506	0.202724	0	0.085344	0.473071	1.38259	1.63618	1.04576	0.65686	0.337946	0.277459	0.505098	1.10405	2.12251	0.80817	0.584017	1.4216	2.70093	2.11756	1.56148	2.58694	2.06122	0.88512	0.837063	1.17909	1.64504	1.23314	0.611277	0.963982	0.51694	0.0503767	0.778564	2.75829	0.283083
ihec.chipseq.ihec-chipseq-containerv1.1.4.IHECRE00000235.3.077c5772-92ce-4a32-a06f-48c1b9a6f571.fc.signal	0.117809	0.65547	0.734581	0.490264	0.268474	0.0684842	0.393434	1.00197	0.573546	0.222292	0.845976	0.630928	0.0691501	0.0165709	0.163977	0.366408	0.189781	0.171249	0.348652	0.263941	0.371875	0.754537	0.503333	0.167603	0.213701	1.05587	0.982649	0.152378	0.0374524	0	0	0.106084	0.366822	0.283464	0.129409	0	0.803448
ihec.chipseq.ihec-chipseq-containerv1.1.4.IHECRE00000233.3.c81f88e2-7199-4952-a0ac-fbf221a68e22.fc.signal	0.182363	1.1323	1.85884	1.21742	0.436549	0.0854648	0.383698	1.45716	1.08778	0.0854626	0	0.405186	1.76247	2.12944	1.78741	1.04158	0.224273	0.335226	0.816232	0.800917	0.715624	0.665233	0.446171	0.188783	0.536177	1.16585	0.860557	0.283143	0.109787	0.0139446	0.161696	0.387367	0.288048	0.0862508	0	0.0215377	0.727381
ihec.chipseq.ihec-chipseq-containerv1.1.4.IHECRE00000230.3.93bed2a7-7118-417a-9bcf-494520ff91da.fc.signal	0.124619	0.472042	1.12427	0.471312	0	0.008348	0.119791	0.340199	0.226991	0.100491	0.773229	1.45638	1.0229	0.415	0.840028	0.81007	0.169618	0.246951	0.593705	0.61519	0.585908	0.825593	0.685572	0.460101	0.919442	1.12687	0.602051	0.196005	0.675519	1.36942	0.877677	0.4434	0.428324	0.339028	0.0396499	0.121162	0.983178
ihec.chipseq.ihec-chipseq-containerv1.1.4.IHECRE00001888.4.5d335139-80db-490f-af5c-5cf1e8a1a3de.fc.signal	0.173435	0	0	0	0	0	0	0.0166434	0.83217	0.205269	0	0	0	0	0	0	0.122052	0.83217	0.0998604	0	0	0.714625	1.43166	0.750042	0.0582114	0	0	0	0.488121	1.00532	0.543684	0.83217	0.171982	0	0	0	0.417989
ihec.chipseq.ihec-chipseq-containerv1.1.4.IHECRE00004616.1.bdf8440d-f4c1-4471-9c29-b1cf45563873.fc.signal	0.250454	0	0.277919	2.26919	0.302361	0	0.27179	1.01402	0.531764	0	0	0	0	0	0	0	0	0	0	0.0438833	0.603408	0.100174	0	0.236823	1.06687	0.384144	0.0580209	1.34304	0.189968	0.574196	1.53622	1.24001	0.983467	1.09953	1.87315	2.73139	0.416185
ihec.chipseq.ihec-chipseq-containerv1.1.4.IHECRE00004608.1.6d8749d8-24c7-4e6d-8992-3543e47f35de.fc.signal	1.04912	0.208883	0.719912	1.66423	1.03772	0.295722	0	0.374131	0.680832	0.498778	0.0570431	0.0374232	0.495499	0.387255	0.457665	1.08197	1.22045	1.59172	1.28638	1.2241	0.897789	0.61508	0.295968	0.319033	0.957604	0.689723	0.0562047	0	0.254159	0.591521	0.607441	0.800333	1.30494	0.393124	0.919248	1.40821	0.32419
ihec.chipseq.ihec-chipseq-containerv1.1.4.IHECRE00000980.8.339aed23-3831-43ff-b152-c5545f91df38.fc.signal	0	0	0	0	0	0	0	0	0	0	0.259021	1.49821	1.57262	0.185015	0	1.75764	0	0	0	0	0	0.295883	1.07272	0	0	0	1.70213	0.0554886	0	0	0	0	1.96116	3.88531	0	0	0.918871
ihec.chipseq.ihec-chipseq-containerv1.1.4.IHECRE00003691.3.e70a956a-e876-473f-ae67-333f104e486a.fc.signal	0	0.0677967	0.28857	0.116673	0	0.203412	0.405339	0	0.157588	0.619879	0.37395	0.359608	0.481063	0.105671	0	0.0504677	0.857128	0.880108	0.2854	0.62966	0.0323039	0.0104175	0.986233	2.57571	0.731576	0.833453	0.0583403	0.711504	1.12851	0.43541	0.544418	0	0	0	0.275965	0.785654	0.177469
ihec.chipseq.ihec-chipseq-containerv1.1.4.IHECRE00003810.1.c695043f-867f-4d87-b518-a1edfe717a8b.fc.signal	0.805968	0.640399	0.351332	0.172805	0.28801	0.0604804	0	0	0.20045	0.482431	0.17925	0.412779	0.678617	0.69973	0.308155	1.27352	2.18827	1.37673	0.976667	0.877659	0.364961	0.52906	0.507753	1.08878	0.940851	0.632096	0.383816	0.532908	1.12244	1.14922	1.08853	0.308166	0.413746	0.525545	0.814286	1.00517	0.381271
ihec.chipseq.ihec-chipseq-containerv1.1.4.IHECRE00004681.3.c6a7774b-6eaf-490c-a1c8-9eecf570b062.fc.signal	0.46757	0.524722	0.580026	0.0653951	0	0	0	0.363938	0.268233	0.563501	0.571212	0.478149	0.390592	0	0.0540221	0.42649	0.271323	0.574832	0.179937	0.384232	0.535689	0.598146	0.090568	0.408159	0.580259	0.245852	0.0227083	0.697096	0.415117	0	0.568398	0.545907	0	0	0.27011	0.42649	0.365854
ihec.chipseq.ihec-chipseq-containerv1.1.4.IHECRE00000099.3.e8d8915f-2a7b-434d-ae6f-f1c573d41250.fc.signal	0.393231	0	0.280031	1.16255	0	0	0	0	0	1.00981	0.432776	0	0	0	0	0.976953	0.783057	0.728672	1.06178	0	0.720914	1.18634	2.37996	0.0084858	1.59533	1.28984	1.04668	1.25271	0.417569	1.88912	0.390347	0	0	0	0.014143	1.26643	0.432432
ihec.chipseq.ihec-chipseq-containerv1.1.4.IHECRE00003817.1.49aa2390-1029-4804-9d85-ae2b9507e615.fc.signal	1.59003	1.35472	0.730812	0.395535	0.190269	0.32241	0.605068	1.46376	1.91084	1.2886	0.487955	1.29291	1.38745	0.36114	0.366508	1.5304	3.1264	3.2532	1.66261	1.16931	1.78822	2.03583	1.25834	1.46615	1.71409	1.00486	0.502991	0.607218	1.43619	1.92818	1.23521	1.10332	1.1779	1.55298	1.86823	1.78851	0.370795
ihec.chipseq.ihec-chipseq-containerv1.1.4.IHECRE00001907.1.87217a77-af17-4375-b2cb-d5433d7630b0.fc.signal	0.532122	0	0	0	0	0	0	0.155944	0.309153	0.217972	0.333172	0.407719	0.954997	0.121774	0.359778	0.697	0.33867	0.663171	0.508023	0.20673	0.534425	0.379317	0.267368	0.477937	0.886578	0.449062	0.232023	0	0	0	0	0.320104	0.400824	0.20519	0.31633	0.46732	0.704981
ihec.chipseq.ihec-chipseq-containerv1.1.4.IHECRE00000222.3.752eff28-f561-4493-9961-9376765e5593.fc.signal	0	0.0638621	0.235697	0.191822	0.0214778	0	0	0.52407	0.833796	0.191657	0.174022	0.575509	0.484373	0.45893	0.82467	0.881445	0.241453	0.0557499	0.469972	0.702485	0.590697	0.488124	0.18947	0.511884	1.39066	1.05941	0.638014	0.316791	0.39743	0.50369	0.252808	0.492771	0.302988	0.0422942	0.0955359	0.141022	1
ihec.chipseq.ihec-chipseq-containerv1.1.4.IHECRE00000231.3.9f5b0463-4f76-4b11-9c3e-298af7f4a26f.fc.signal	0	0	0	0	0.0864296	0.203607	0.772114	0.963759	0.211262	0	0	0	0.215926	0.482138	0.788117	1.10699	0.348447	0.123939	0.255366	0.212791	0.214492	0.477754	0.280922	0	0.156783	0.610758	0.498822	0	0	0	0	0	0	0	0	0	0.830688
ihec.chipseq.ihec-chipseq-containerv1.1.4.IHECRE00003682.3.da9e495d-70d1-4135-9b7b-7d3c249e647d.fc.signal	0	0	0.106462	0.287863	0	0.252347	0.89902	0.198436	0.320974	0.533614	0.0965059	0.251065	0.143276	0	0	0.147204	0.285208	0.491552	0.229958	0.383766	0.496832	0.286509	0.0446715	0	0.423181	0.365364	0	0	0.149835	0.553311	0.450332	0.349005	0.404756	0.0361313	0	0.160949	0.307339
ihec.chipseq.ihec-chipseq-containerv1.1.4.IHECRE00001236.5.94801060-fc98-4727-a392-ae741c9cf8fc.fc.signal	0.217336	0	0	0.791222	0.0865793	0.0407432	1.39566	1.03775	0.796834	1.14665	0.935458	1.0858	1.26176	0.349774	0.647561	0.129696	0	0.24544	1.20255	1.00768	0.944254	1.12759	0.440279	0.67731	0.0163951	1.83423	0.3158	0.254645	0.627233	0.71113	0	1.46693	1.06758	0	0	0	0.350352
