	chr11:68739818-68739967	chr11:68739968-68740117	chr11:68740118-68740267	chr11:68740268-68740417	chr11:68740418-68740567	chr11:68740568-68740717	chr11:68740718-68740777	chr11:68740778-68740867	chr11:68740868-68740927	chr11:68740928-68741017	chr11:68741018-68741167	chr11:68741168-68741317	chr11:68741318-68741467	chr11:68741468-68741617	chr11:68741618-68741767	chr11:68741768-68741917	chr11:68741918-68742067	chr11:68742068-68742217	chr11:68742218-68742367	chr11:68742368-68742517	chr11:68742518-68742667	chr11:68742668-68742817	chr11:68742818-68742967	chr11:68742968-68743117	chr11:68743118-68743267	chr11:68743268-68743417	chr11:68743418-68743567	chr11:68743568-68743717	chr11:68743718-68743867	chr11:68743868-68744017	chr11:68744018-68744167	chr11:68744168-68744317	chr11:68744318-68744467	chr11:68744468-68744617	chr11:68744618-68744767	chr11:68744768-68744894	Expression
ihec.chipseq.ihec-chipseq-containerv1.1.4.IHECRE00003690.3.bb55a212-99c2-4448-84cc-6786b9df2691.fc.signal	0.454571	0.222561	0.357938	0.322725	1.06837	0.40477	0.407015	0.57218	0.829364	0.543345	0.155589	0.55368	0.483992	0.882089	0.154206	0	0.0241167	0.502581	0.0962809	0.541281	0.0165312	0.498768	0.0461094	0.433982	0.159511	0.463704	0.760472	0.786172	0.209534	0.782005	1.38831	0.731697	0.0523418	0	0	0	0.417266
ihec.chipseq.ihec-chipseq-containerv1.1.4.IHECRE00000987.6.289adc7a-9e11-437f-b6f6-57bfdeddcb3b.fc.signal	0	0.213312	0.251911	0	0	0	0	0	0	0	0.313091	0.9196	0.460134	0	0	0	0	0	0.258745	0.495586	0.824788	0.182179	0	0	0.347814	0.300876	0	0.884911	1.22498	0.911355	0.720991	0.428064	0.830922	0.789555	0.345411	0	0.532738
ihec.chipseq.ihec-chipseq-containerv1.1.4.IHECRE00000949.6.e11d45c2-991c-46e2-8d13-bb1e23aff42f.fc.signal	0.0461931	0.472542	0.0374161	0.188884	0.64872	0.277902	0	0	0.361793	0.886892	0.580255	0.861305	0	0.268955	1.20629	1.13015	0.773657	0.0667867	0	0	0.0947789	1.49579	0.708012	0.0484021	0.493108	0.00222613	0	0.408287	0.261701	0	0	0.31662	0.107931	0	0.041072	0.719377	0.567823
ihec.chipseq.ihec-chipseq-containerv1.1.4.IHECRE00000237.3.a5cd5780-31d9-4de0-9c6f-91eeeabb1306.fc.signal	0.935806	0.876226	1.30786	0.781597	1.88439	2.14683	1.12396	0.201369	0.00668	0.297094	0.713484	0.651817	0.673041	1.01838	2.1654	2.29349	1.81565	1.53678	0.422526	0.0152953	0.24666	0.88062	0.823435	0.265574	0.199563	1.04674	1.33055	0.544646	0.184951	0.200607	0.158158	0	0	0	0	0	0.450303
ihec.chipseq.ihec-chipseq-containerv1.1.4.IHECRE00000248.2.827ded64-aa40-4620-8391-8dd4ae096d90.fc.signal	3.00401	2.95266	3.34891	3.62232	1.52882	1.15564	1.54363	1.50655	1.25732	1.34322	1.69545	5.41788	3.92812	2.64682	4.08076	2.81821	2.66702	2.33503	1.09564	0.870221	2.06095	2.3215	1.61055	2.05083	1.99532	0.960419	1.02238	2.52271	2.38705	1.31441	1.19292	0.423212	0.332134	1.02671	2.55549	0.798564	0.535484
ihec.chipseq.ihec-chipseq-containerv1.1.4.IHECRE00004610.2.100e7289-c631-4bb0-9eef-015950828bf4.fc.signal	0.177134	0.437376	1.51827	0.589101	0.441061	1.54779	1.05932	0.0832522	0.103894	0.8636	0.535556	0.362481	0.722851	0	0	0	0	0	0	0	0.398411	0.166044	0	0	0	0	0	0.327549	0.358349	0	0	0	0	0.183434	0.414211	0	0.321285
ihec.chipseq.ihec-chipseq-containerv1.1.4.IHECRE00003818.1.3d6cbb41-685c-49c7-85eb-8977ab8f14b3.fc.signal	0.92272	0.203124	0.754128	0.8418	2.73894	1.14089	0.321723	1.66629	2.53136	1.93726	1.54125	1.16737	1.72279	0.471202	1.06624	0.964164	1.16654	0.633037	0.417041	0.603269	0.609632	0.455239	1.04887	1.88641	0.888451	0.376911	0.728039	0.0728033	0.528558	0.32245	1.35781	0.927828	0.281124	0.355247	1.57179	0.413811	0.560284
ihec.chipseq.ihec-chipseq-containerv1.1.4.IHECRE00001232.5.c85debd1-3d92-448f-90c2-50b50f17d029.fc.signal	0.705188	0.528918	0	0.190338	0.719721	0.300167	0.183371	0.0118767	0	0	0.252133	0.98355	0.583157	0.454301	0.783582	0.168082	0	0	0	0.021889	0.784745	0.312361	0.157947	0.429963	0.179358	0	0.19535	0.673802	0.412922	0.448169	0.512762	0.227799	0.112034	0.271654	0.824352	0.705865	0.693023
ihec.chipseq.ihec-chipseq-containerv1.1.4.IHECRE00000343.2.43c6f7a4-d039-46a2-872e-bb5eb8075426.fc.signal	0.444074	0.933119	2.00496	1.84671	3.57196	1.92651	0.88435	0	0	0.00517856	0.346134	0.271359	0.703883	1.05013	1.98999	2.10966	1.47571	0	0	0.743248	1.38657	1.49013	1.18976	0.346485	0.437992	1.0603	0.928368	0.764126	0.864479	0.373722	0	0.612831	0.397423	0.413787	0.692691	0.242656	0.396552
ihec.chipseq.ihec-chipseq-containerv1.1.4.IHECRE00003716.2.bdafba4d-384d-4886-a6c9-d1ddd966b153.fc.signal	0.964331	1.70315	0.711133	0.575419	0.869798	1.11621	0.215008	0.413988	1.10823	1.71238	1.01657	0.891442	1.08273	1.20502	1.29886	0.763673	0.32155	0.563404	0.630077	0.792598	0.46798	0.32982	0.294658	0.599429	0.77015	1.04627	1.34992	1.26196	0.748931	4.01992	7.22901	4.38523	6.73751	9.52452	7.12408	2.9646	0.625
ihec.chipseq.ihec-chipseq-containerv1.1.4.IHECRE00003846.4.a8b62515-f113-4847-973f-317b45173002.fc.signal	0.265566	0.554271	0.747402	0.401646	0	0.285208	0.481686	0.103599	0	0	0.123434	0.688137	0.875519	0.185092	0	0	0.0572227	0.883435	1.87442	0.558451	0.446646	0.642063	0.496586	0.960349	0.0525243	0.336001	1.29169	1.26522	0.923971	1.1244	0.35079	0.111862	1.23099	2.25891	1.01722	1.17519	0.526316
ihec.chipseq.ihec-chipseq-containerv1.1.4.IHECRE00001852.4.e1095ee8-c1a0-47db-b726-788ab3dbb842.fc.signal	0.295402	0.284925	0.360216	0.192062	0.48286	0.607656	0.530192	0.637966	0.505233	0.372813	0.085618	0.397243	0.249913	0.391069	0.571567	0.512733	0.459506	0.385489	0.587931	0.391515	0.595279	0.381128	0.437044	0.545127	0.208645	0.175093	0.430741	0.397372	0.632503	0.876486	0.593556	0.724029	0.625385	0.396357	1.19243	1.2699	0.608108
ihec.chipseq.ihec-chipseq-containerv1.1.4.IHECRE00000223.3.555de7dc-c653-4909-9c33-caf14688e0ce.fc.signal	0.328658	1.15883	1.79097	1.35106	2.19795	2.2556	1.32198	0.342484	0.18613	0.520435	1.06999	1.13831	0.564919	0.357307	0.7575	0.422186	0.246421	0.386336	0.153138	0	0.174029	0.76395	0.873094	1.06865	1.09869	0.646375	0.304204	0.320816	0.106318	0	0	0	0	0	0	0	0.354167
ihec.chipseq.ihec-chipseq-containerv1.1.4.IHECRE00001914.1.d83c61fb-c563-40ff-afb5-9fc097a52b75.fc.signal	0.70148	0.734352	0.992867	0.83041	1.78301	2.10268	1.14835	1.01575	2.68388	2.38328	0.274743	1.18397	0.164598	0	0.514546	3.17219	2.5827	2.91166	0.464164	0	0	0	1.25165	0.213866	0.0449568	1.12307	0.32192	0.865463	0.9388	0.670954	1.22373	1.82373	0.98567	0.757081	1.71727	0.352553	0.374194
ihec.chipseq.ihec-chipseq-containerv1.1.4.IHECRE00001039.6.a3034dad-cf3f-4b0e-b7ac-4dfa7b52d765.fc.signal	0.689535	0.67903	0.583267	0.647101	1.02947	1.38851	0.781435	0.708485	0.594813	0.559393	1.02968	1.95364	0.654434	0.782356	0.799837	0.358309	0.45172	0.438899	0.294172	0.373561	1.44891	1.70764	0.46988	0.340536	0.182328	0	0	0.376274	1.15278	1.22846	0.880735	0.135674	0.156745	0.214665	0.241739	0.473063	0.544872
ihec.chipseq.ihec-chipseq-containerv1.1.4.IHECRE00003828.3.9b92fd9a-9859-4ffd-96f8-490b60d6c4db.fc.signal	1.61661	1.28448	0.648999	0	0.308927	0.156886	0.446494	1.27388	1.24326	0.56955	0.0853454	0.70764	1.0307	0.87127	0.717828	1.24416	0.932312	0.236799	1.07387	1.41831	1.18146	0.31463	0.419771	0.0033852	0.0382184	0.599267	0.229636	1.46905	1.0503	0.361612	1.3268	0.978116	0.671889	0.0211752	0.373181	0.217429	0.389381
ihec.chipseq.ihec-chipseq-containerv1.1.4.IHECRE00001508.1.f6c67936-5b0a-4ed6-8085-a2a611177783.fc.signal	0	1.00536	2.51955	2.35059	2.44213	2.18141	0.6051	2.12058	2.1102	0.746163	0	1.87682	2.24162	0	2.33844	3.20532	1.13429	0.295033	1.24575	0.968626	0.656065	0.921299	0.120273	0.751734	0.726251	0.255978	1.08743	1.88099	0.946268	1.13501	4.86206	1.77265	1.66664	1.44596	0.794268	2.12987	0.401869
ihec.chipseq.ihec-chipseq-containerv1.1.4.IHECRE00001889.4.440b0def-8afc-49ae-ab48-eb6e55baaba4.fc.signal	0.950889	0.510394	1.15824	0.66389	2.33962	2.56021	0.626608	0.839925	0.735912	0.503624	0.414033	2.05334	2.92182	1.47522	3.02554	1.71679	1.03223	1.67989	0.693309	0.271884	0.214012	1.4162	0.32876	0.578593	0.640301	0.413894	1.72358	0.969255	2.94725	2.1224	0.505052	1.25075	0.718332	0.120398	1.40981	0.908491	0.28385
ihec.chipseq.ihec-chipseq-containerv1.1.4.IHECRE00003400.1.b3d30ae7-78a7-458d-9ccf-f1436025286b.fc.signal	2.31018	0.506712	0.665311	0.696511	1.0357	0.702423	0.65619	0.116656	0	0	0	0.317671	0.58767	1.22257	0.577022	0.515043	1.7917	1.37681	1.11157	1.36761	0.255829	0.229321	1.01851	0.688202	0.0491478	0.40269	0.321558	0	0.420899	0.226207	0.230115	0.298838	0.35335	0.0243973	0	0	0.3625
ihec.chipseq.ihec-chipseq-containerv1.1.4.IHECRE00001044.7.93646603-f0c6-4b5c-9750-3c77b569d934.fc.signal	1.22815	1.12714	1.26915	1.47008	1.85087	2.19613	2.02155	2.04219	1.69375	0.963164	0.67292	1.72682	1.62062	1.79677	1.481	2.55089	3.52715	1.18108	0.279718	0.491202	0.727585	2.45218	2.3884	1.93032	1.56404	1.15174	1.42611	1.28221	0.541032	1.11455	1.3291	1.11469	0.76406	0.676232	2.91245	3.18587	0.383667
ihec.chipseq.ihec-chipseq-containerv1.1.4.IHECRE00003842.2.aaff33ab-ed7b-4de9-8003-f28b910ee10b.fc.signal	0.875893	0.719888	0	0	0	0.112896	0.773523	0.615079	0	0	0.317287	0.225237	0.40334	0.405706	0.82233	0.203905	0	0	0.324071	1.08595	1.05271	0.927492	1.75542	0.824726	0	0	0	0.562675	0.583267	0.416577	0	0	0.370493	0.53867	0.370297	0	0.446903
ihec.chipseq.ihec-chipseq-containerv1.1.4.IHECRE00000227.3.cbba33e3-8091-43f4-8be2-0ec669b6bf51.fc.signal	0	0.0317084	0.285202	0.436344	0.287914	0.0719527	0	0	0	0	0	0.0158701	0.0967255	0.0727897	0	0	0.105554	0.209559	0.0418711	0.227025	0.563544	0.294018	0	0	0.0860116	0.33123	0.562719	0.517231	0.626234	1.6977	1.8648	1.20943	0.519037	0.027375	0	0	0.666667
ihec.chipseq.ihec-chipseq-containerv1.1.4.IHECRE00003806.1.2dfc8185-75fc-483f-9a76-86d609a673b1.fc.signal	0.854194	1.1313	0.892086	0.86813	0.576236	0.433265	0.580932	0.659038	0.594063	0.489737	0.240149	0.942715	1.40899	0.488315	1.48607	0.822185	0.333884	1.05292	1.04457	1.74966	0.268745	0.237402	0.517431	0.645336	0.550997	0.497478	1.01362	0.822865	0.477941	0.681968	0.957847	0.654659	0.719941	0.722631	0.318558	0.140036	0.695652
ihec.chipseq.ihec-chipseq-containerv1.1.4.IHECRE00003847.4.2b3ec079-53bd-4903-ae08-424fc11f8e29.fc.signal	0.413943	0.533176	0.597411	0.79316	0.457142	0	0	0	0	0	0.204108	0.45735	0	0.0223744	0.6702	1.44109	0	0	0.615018	1.76322	0.0824231	0	0.881192	1.46881	0	0.0682671	1.0539	1.53064	0.751695	0.554018	0.453382	0.153638	0	0	0.580224	1.7567	0.387564
ihec.chipseq.ihec-chipseq-containerv1.1.4.IHECRE00000316.2.3f5a9e9c-04a3-407c-8bb6-519c406c7e44.fc.signal	2.05504	1.40963	0.595828	1.45885	0	0.46304	4.21991	6.12706	5.44545	3.73324	0.068712	0	0	1.64486	2.51551	3.99615	0.980963	1.18435	1.54296	0	0	0	0	0	1.98741	4.23445	2.05228	0	0	0	1.61532	2.88113	0.956629	3.33692	1.77158	0.209917	0.508475
ihec.chipseq.ihec-chipseq-containerv1.1.4.IHECRE00001913.1.7dd02c2b-e08d-4010-8330-5cb791ced7b2.fc.signal	0	0	0	0	1.15758	2.98174	0	0	0	0	1.27526	6.89445	1.35696	0	0	0	0	0	0	2.1271	3.43331	4.58917	0.734931	3.69348	3.48127	2.2738	0	4.57567	1.75628	2.11875	0.837129	3.95485	1.43354	0	0	0	0.40625
ihec.chipseq.ihec-chipseq-containerv1.1.4.IHECRE00000014.2.6a99d923-7ab5-41be-874b-467d20e26e79.fc.signal	0.786022	0.891711	1.39852	0.956808	0.758993	1.28416	0.538242	0.123317	0.394403	0.762774	0.933828	1.8005	1.49954	1.20387	1.57315	1.95574	0.892745	0.305825	0.676454	1.35011	1.70223	1.24279	0.929213	0.727505	0.760391	0.489743	0.864469	0.905517	1.43293	0.715203	0.568676	0.327451	0.414713	0.403952	1.68838	0.824276	0.64751
ihec.chipseq.ihec-chipseq-containerv1.1.4.IHECRE00003692.4.3bf09a2c-baea-4256-b5b7-ae913b7ca17e.fc.signal	0.314596	0.367292	0.303763	0.0633238	0	0.243225	0.900469	0.785153	0.454711	0.287937	0.301594	0.139594	0.209064	0.840261	0.597484	0.599027	0.0197433	0.120206	0.7659	1.15171	1.00026	0.383365	0.016607	0	0	0.584486	0.601567	0.726699	0.451873	0.669455	1.07441	0.428969	1.47552	0.247677	0	0.662072	0.427083
ihec.chipseq.ihec-chipseq-containerv1.1.4.IHECRE00000051.3.a62810ea-a4bd-4303-8d6a-2de025e97ead.fc.signal	0.441782	0.741588	0.831977	0.853959	0.384099	0	0.158106	0.560553	0.570842	0.0513724	0	0.433749	0.257288	0.642838	0.917006	0.413457	0.834554	0.239018	0	0.193198	0.247141	0.391472	0.184557	0.393521	0.661877	0.237876	0.763743	0.328444	0.385766	0.414529	1.00115	0.728228	0	1.13716	3.39123	0.879591	0.519685
ihec.chipseq.ihec-chipseq-containerv1.1.4.IHECRE00000315.2.e9fbad15-4a0e-4eb7-a1cb-5ed723b77040.fc.signal	0	0	0	0	0	0	0	0	0	0	0	0	0	0	0	0	0	0	0	0	0	0.330995	2.30283	0.932828	0	0	0	0	0	0	0	0	0	0.392428	1.02833	0.0477175	0.434903
ihec.chipseq.ihec-chipseq-containerv1.1.4.IHECRE00000969.7.07e61421-b434-44b9-b0ec-8515d70faad3.fc.signal	0.676386	0.975385	1.86143	1.08051	1.24566	1.09855	1.0952	0.0149616	0.409352	1.81208	0.698044	0.6318	0.708612	2.41954	4.47102	0	0.818976	1.7257	0	0.644869	0.00495547	0.903232	0.0497192	0	0	1.92027	0	0.591147	1.39608	0.73788	0.928609	0	0	0	0	0	0.40708
ihec.chipseq.ihec-chipseq-containerv1.1.4.IHECRE00003821.3.18c7c517-acd2-418c-a70e-986e331348db.fc.signal	0	0	0.167452	0.276877	0.0310497	0.715511	0.68857	0.455626	0.341859	0	0	0.0102629	0.777118	0.348472	0	0.0990188	0.919185	0.562308	1.10994	3.26334	2.08201	1.03768	0.95743	1.25455	0.155153	0	0.78475	0.322582	0.343655	0.0178313	0	0.11773	0.416587	1.33322	0.482015	0	0.359281
ihec.chipseq.ihec-chipseq-containerv1.1.4.IHECRE00003402.2.b9e005f4-fbbb-49ef-81b0-40cfa3806f30.fc.signal	0.145206	0.417438	0.796117	1.08436	0.995514	0.392874	0.0304275	0	0	0.148229	0.63428	0.391775	0.350733	0.442871	0.231352	0.20895	0.588082	0.792723	0.442	0.304987	0.111809	0	0.391526	0.529606	0.419948	0.851541	0.375935	0.343992	0.286654	0.262568	0.31862	0.231067	0.154935	0.397827	0.059575	0	0.735714
ihec.chipseq.ihec-chipseq-containerv1.1.4.IHECRE00003825.5.7e6f312b-3e7d-4ced-adc8-a790c0432db2.fc.signal	0.631569	0.0704477	0	0	0	0.0920419	0.677454	0.829721	0.714897	0.910331	0.647109	1.40928	0.31343	0	0	0.495157	0.491202	0	0	1.44649	0.815967	0	0.718139	1.21351	0	0	0	0.948881	2.40483	0.716328	0.5791	0.447943	0.264496	1.28016	0.490221	0	0.519685
ihec.chipseq.ihec-chipseq-containerv1.1.4.IHECRE00001887.4.92e33eb4-60fb-4aba-99b3-db60d30e791f.fc.signal	0.373521	1.75607	0.8229	0.563945	0.833086	0.0169736	0.57302	2.00204	1.97883	1.06102	0.359068	0	0.728361	1.61164	0.87551	0.0423407	1.51362	1.66349	0.38354	0.404363	0.745452	1.20617	0	0	0.295804	0.619572	0	0	0.879638	0.512391	0	0.236392	0.402308	0.507634	1.44946	0.166505	0.22293
ihec.chipseq.ihec-chipseq-containerv1.1.4.IHECRE00000304.2.a175b974-8d58-4ccd-883e-af1cca915c38.fc.signal	4.40485	1.08315	1.11744	3.71413	2.80081	0.295049	0	1.17694	1.854	1.77249	1.6929	1.90858	3.66061	3.21082	3.71113	1.86422	1.50056	2.32103	1.35395	1.18215	0.286288	0.430322	1.06404	0.508321	0.275306	0.600249	1.00667	1.78942	0.940833	0.861041	0.473661	0.919628	0.221694	0.18392	0.629707	1.06122	0.63871
ihec.chipseq.ihec-chipseq-containerv1.1.4.IHECRE00003835.4.bcf78771-4438-44b9-b60f-ce0703898bd2.fc.signal	0	0	1.10616	0.446742	0.422245	0.704582	0	0	0.183006	0.526806	0.611595	0.0684414	0	0	0.0573381	1.32475	0.753029	0.993027	0	0	0	0	0	0	0	0	0	0	0	0	0	0.772661	0.241045	1.55654	2.08725	0.163601	0.468384
ihec.chipseq.ihec-chipseq-containerv1.1.4.IHECRE00003822.3.77ca98f2-545d-4aeb-bc0c-48db2083d121.fc.signal	0.41149	0.536331	0.0937035	0	0	0.0376416	0.424465	0.439391	0.122518	0	0.330474	0.778294	0.209565	0	0.0869936	0.217144	0.117026	0.0203487	1.15209	1.25248	0.314219	0.542506	0.117122	0.528958	0.613227	0.47641	1.42093	1.20904	0.928062	0.989849	0.652489	0.344891	0.455992	0.64927	0.465226	0.659859	0.311258
ihec.chipseq.ihec-chipseq-containerv1.1.4.IHECRE00004617.2.4b42183d-fbd0-4b87-afb1-913c17cc15e7.fc.signal	0.622479	1.182	0.732683	0.58621	1.36119	0.855997	0.374264	0.298037	0.278739	0.514348	0.534325	0.549163	0.384127	1.26596	0.781353	0.447622	1.05308	2.20034	0.828746	0.541575	0.383348	0.409037	0.962851	0.372571	0.0499748	0.976994	0.296368	0.0788359	0.547033	0.215794	0.766397	1.55165	2.18762	1.44309	1.09828	2.42579	0.341935
ihec.chipseq.ihec-chipseq-containerv1.1.4.IHECRE00003836.3.5c9cb736-993f-45fe-be70-bfabfbcef3f6.fc.signal	1.40122	1.43358	1.05693	0.701692	0.883633	0.982039	0.0533673	0	0	0.0717308	1.16357	0.584532	0.749211	0.467673	0	0	0	0.124896	0.816137	0.72865	0.465207	0.168029	0.0599254	0.316396	0	0.0878198	0.555857	0.885258	1.22271	0.0680688	0	0.0320602	0.913302	0.458016	0.294003	1.79441	0.225641
ihec.chipseq.ihec-chipseq-containerv1.1.4.IHECRE00000310.2.3163c9b1-c09d-4c99-b14d-83694fc83b45.fc.signal	1.3707	1.63032	2.41713	1.89181	2.45518	3.24655	0.4123	0	0.967048	3.14101	4.05317	4.52844	1.57967	0.586292	0.517257	4.07776	2.50918	0.579522	0	0.43045	1.42303	0.83691	0.530014	2.0024	0.711331	0.628052	1.05833	0.237887	3.06244	1.46078	2.22256	1.64282	0.265712	0.598685	0.443117	1.83415	0.400722
ihec.chipseq.ihec-chipseq-containerv1.1.4.IHECRE00003824.4.96c109c2-5b12-4d08-bc59-f48ccc7c2f4a.fc.signal	2.2751	0.592974	0.363751	0	0.0501057	0.339537	0.268319	0.611593	0.554567	0.0164979	0	0	0.344792	0.554191	0.92103	0.20227	0.574447	0.202186	1.10998	0.459814	0.386775	0.865951	0.522286	1.18537	0.540659	0	0	0.493333	0.910721	0.510755	0.366327	0.707389	0.626654	0.48839	0.558604	1.89441	0.187713
ihec.chipseq.ihec-chipseq-containerv1.1.4.IHECRE00001916.1.f84a631d-885b-4535-bad7-e4cb346c7bb1.fc.signal	0.660995	1.06718	2.71665	1.63058	0.531696	2.07474	1.53436	0.934079	0.402154	0.545972	0.773253	0.528443	0.16412	0	0.613522	0.329518	0.714568	1.43328	0.0612352	0	0.656097	1.75369	0.0759955	0.0349397	1.28126	2.11229	0.0903114	0.540652	1.19039	1.0519	0.981641	0	0.300745	0.612703	1.15771	0.85671	0.445545
ihec.chipseq.ihec-chipseq-containerv1.1.4.IHECRE00001012.4.9fd4b387-15fe-4e26-8d53-15d3dbb86837.fc.signal	0.17383	0.0496843	0.543593	0.568683	0.215189	0.26446	0.293222	0.427137	0.263405	0.119995	0.247041	0.58624	0.605878	0.0316565	0.590974	0.795835	1.08431	0.74013	0.159156	0.209889	0.310499	0.441086	0.468139	1.40964	0.288332	0.738288	0.647615	0.245373	0.0286073	0.228262	0.813388	0.712022	0.637918	0.617728	0.675864	0.302796	0.708661
ihec.chipseq.ihec-chipseq-containerv1.1.4.IHECRE00001518.1.19ef5b88-8aca-40d7-ba6e-e2093039b88a.fc.signal	3.32261	3.04745	2.10278	2.85795	3.68557	2.06266	1.77667	1.60497	1.593	1.60969	1.71301	3.13726	2.95832	3.51913	3.25294	2.42868	2.26956	3.5688	2.71438	3.11949	1.00539	0.960858	1.86956	3.68878	2.93987	2.67714	3.27915	3.07641	2.25095	1.68406	2.25299	2.6461	2.36682	2.92087	2.86777	2.72744	0.577778
ihec.chipseq.ihec-chipseq-containerv1.1.4.IHECRE00004606.2.411a52db-8794-484a-8712-a21b0a7c3495.fc.signal	0.43529	0.983391	0.112595	1.08568	0.407233	0.531585	0.215736	0	0	0.112215	0.674025	0.311154	0.958436	0.679691	0.0463726	0	0.251457	0.0618967	0.231327	1.14056	1.16977	0.240175	0.221132	0.371169	0.155154	0.371642	0.863644	0.882864	1.40873	0.641989	0.30953	0.405633	0.497379	0.328668	1.04451	0.996083	0.431818
ihec.chipseq.ihec-chipseq-containerv1.1.4.IHECRE00003696.3.61e7591e-7d42-4bac-a82f-41dc0577b027.fc.signal	0	0	0	0	0.278675	0.0918015	0	0	0	0	0	0.101938	0.0259103	0	0.14469	0.00213627	0.199259	0.387452	0	0.0585475	0.101035	0.185456	0.0953072	0.284853	0	0.0226003	0.316845	0.037364	0	0	0.261983	0.60248	0.34753	0.513526	0.204063	0.0887058	0.351852
ihec.chipseq.ihec-chipseq-containerv1.1.4.IHECRE00001004.4.11ad2674-be5c-41ad-b54e-80291c85aeb3.fc.signal	0.57363	0.700201	1.57393	1.25477	1.63571	1.49696	0.17653	0	0	0.182318	0.449785	0.896277	0.438184	0.398318	1.36788	1.8051	1.76203	1.55192	0.0715144	0	0.213251	1.5247	0.813277	0.534562	0.354007	2.10924	3.30192	0.753762	0.324623	0	0	0	0	0	0	0	0.424908
ihec.chipseq.ihec-chipseq-containerv1.1.4.IHECRE00003830.4.1d911208-29b2-4159-abb9-21b476db4aa7.fc.signal	0	0	0	0	0	0	0	0	0	0	0	0	0	0	0.315528	0.664558	0.399762	0	0	0	0	0	1.25382	0.763262	0	0	0	0	0	0	0	0	0.0070998	2.03004	2.2567	0	0.546218
ihec.chipseq.ihec-chipseq-containerv1.1.4.IHECRE00003845.2.fa3c8e36-edcb-4649-9a8e-5dec7e1c367c.fc.signal	0.885826	0.597815	0.265023	0.207861	0.401117	0.895813	1.07137	0.395198	0.274296	0.543106	0.577588	0.441872	0.339102	0.625099	0.730975	0.368824	0.314637	0.269465	1.62427	0.66337	0.248252	0.762893	0.0168552	0.416164	0.763059	0.285669	0.888571	0.885006	0.129448	0.228213	0.64941	0.95471	0.809299	1.5911	0.83598	0.845263	0.419048
ihec.chipseq.ihec-chipseq-containerv1.1.4.IHECRE00000285.2.6cc0e9ae-5c89-42a6-9532-1101bca67655.fc.signal	3.05564	1.52262	1.22631	1.03359	1.53575	0.670467	0.615261	0.355039	0.329961	0.335805	1.07756	1.71046	0.859579	1.48143	2.81232	1.37353	1.89576	1.47371	1.28809	0.933096	3.34785	1.35219	1.24398	2.99751	2.43787	1.00728	1.19728	1.21822	2.01646	0.929169	0.452076	0.766573	0.609185	0.485826	0.650286	0.259581	0.712329
ihec.chipseq.ihec-chipseq-containerv1.1.4.IHECRE00000339.2.661eb5d7-e490-45e2-a8f4-f36ea8a48c60.fc.signal	0.258997	1.61873	0.0107915	0	0	0	0	0	0	0	0	0	0.941174	0.610351	0	0.581086	3.14201	1.40284	1.73743	2.94601	2.76252	0.364215	1.31657	0	0	0	0	0	0	0	0	2.87806	2.55507	0.151081	0	0	0.711656
ihec.chipseq.ihec-chipseq-containerv1.1.4.IHECRE00001961.2.058af969-8786-43c5-84e7-d3c325107d07.fc.signal	1.35364	0.699718	0.148407	0.480335	0.294809	0.032154	0.14679	0.32764	0.585923	0.540448	0.718603	0.202151	0.226515	0.463487	0.280903	0.423106	0.290443	0.105673	0.285144	0.564274	0.263139	0.134212	0.563815	0.335899	0.0706027	0.792934	0.06196	1.58703	3.30158	5.86361	6.11552	2.23361	2.54787	8.87912	8.37377	2.40103	0.434043
ihec.chipseq.ihec-chipseq-containerv1.1.4.IHECRE00001050.8.a9a09927-f961-43dc-bcc9-a3c995bbca26.fc.signal	0.818044	1.35744	1.18955	1.36549	0.801482	1.17431	0.664954	0.467379	1.35283	2.10617	1.63004	2.69345	1.80576	1.33668	3.25709	2.32662	1.87405	2.06237	0.906134	0.584757	0.428587	1.91487	0.412423	1.27896	0.501475	0.250847	0.391251	1.20749	2.33466	0.544461	1.5235	1.28545	2.05909	1.14343	0.80278	0	0.241425
ihec.chipseq.ihec-chipseq-containerv1.1.4.IHECRE00004614.1.0ac6fcf9-3ed9-4ad3-9178-9d485c424be8.fc.signal	1.10214	0.780529	1.1686	0.373132	0.664404	0.532815	0.254498	1.0984	2.48746	2.41155	2.24385	1.01818	1.03246	0.625198	0.710335	1.13781	1.30953	1.65284	1.04245	0.510958	1.09528	0.524125	1.62344	1.67073	0.539239	0.526874	1.30651	0.976702	0.797951	1.90278	1.66203	2.2737	1.80921	1.19966	1.58549	2.25587	0.537879
ihec.chipseq.ihec-chipseq-containerv1.1.4.IHECRE00001918.1.c154a44f-91a2-4062-881d-72e98844dc88.fc.signal	0.620123	1.25115	1.1005	2.33442	0.624743	1.2306	0.335785	0	0.0430608	0.752887	1.2573	1.12301	0.470892	1.36061	1.5556	0.945377	0	0.221407	1.34149	1.10028	0.525086	0.253352	1.76715	1.31876	0.185118	0.194933	0.879713	0.26726	2.17134	1.53188	0.0365187	2.62599	0.647582	0.830082	2.42992	1.81909	0.369159
ihec.chipseq.ihec-chipseq-containerv1.1.4.IHECRE00000348.2.ebee7a5f-3411-4595-bc73-d0dfa8919fd3.fc.signal	0	0	1.15786	1.9492	0	0	0	0	0	0	0	1.15978	1.69676	0	0	0	0	0.281547	0.573509	0.569198	1.13941	0.833674	0.120032	0	0.644066	0.432112	0.317495	1.85548	1.89086	1.92064	0.126548	1.85855	0.827934	0	0	0.814719	0.437247
ihec.chipseq.ihec-chipseq-containerv1.1.4.IHECRE00000242.3.60fb688a-cd94-4204-878d-aedbff00484b.fc.signal	0.635385	0.215322	0.562416	0.672919	1.30085	1.42793	0.837046	0.289862	0.241742	0.409032	0.738123	0.529187	0.20111	0.239347	0.430596	0.466778	0.53067	0.258084	0	0	0.215976	0.465739	0.379179	0.33205	0.411831	0.9335	1.4433	0.777699	0.140315	0	0	0	0	0	0	0	0.24
ihec.chipseq.ihec-chipseq-containerv1.1.4.IHECRE00003838.5.15c4be13-1cb6-4f0a-9012-ac7bfa4a2475.fc.signal	2.45947	0.186373	0.539539	0.797917	0.378726	0.601754	0	0.883694	1.5675	1.64755	1.03133	0.104415	0.0713338	0.685437	0.81437	1.06464	0.50076	0	0	0.298773	2.14191	0.0841613	0	0	0	0	0.0103377	1.08992	0.65225	0.736412	1.34658	1.08989	1.39708	2.68475	2.2934	1.14314	0.318352
ihec.chipseq.ihec-chipseq-containerv1.1.4.IHECRE00003833.4.ec16fc35-ccb2-4f91-92dd-1cc5fac441b7.fc.signal	1.31128	1.62923	1.60745	0.946802	0.168731	0.380667	0.874891	1.24303	1.33374	1.15924	1.17386	1.65291	0.499745	0.473194	0.859516	0.469434	1.04104	1.37685	0.710704	2.2888	1.52586	0.756676	0.658703	0.802536	0.435661	0.685803	0.969298	0.980182	1.25561	0.645238	0.153161	0.196819	0.673808	0.23135	0	0	0.292199
ihec.chipseq.ihec-chipseq-containerv1.1.4.IHECRE00003829.4.8d269671-1194-421c-8d53-c81f23ee5f40.fc.signal	0	0	0	0	0	0	0	0	0	0	0	0	0	0	0	0	0	0	0.0703019	2.43417	0.47297	0	0.601267	2.20544	0	0	0.779748	2.50968	2.02766	1.81159	0.95592	0	0	0	0	0.321769	0.722088
ihec.chipseq.ihec-chipseq-containerv1.1.4.IHECRE00003832.2.1f43525d-0a83-4caf-ad11-becd1d0bf5b9.fc.signal	0.760469	1.52909	0.431336	0.154185	0.759901	0.290533	0	0	0	0.194482	0.365349	0	0.0867541	0.926682	1.47207	1.19983	0.419085	0	0	0.0783268	0.150287	1.2795	2.30913	1.31127	0.575109	0.616529	0.932856	0.22235	0.50835	0.373787	0.534173	0.893416	0.125965	0.0990877	0.355012	0.649646	0.355263
ihec.chipseq.ihec-chipseq-containerv1.1.4.IHECRE00004609.2.ff95f1fe-813e-4cf7-a1c8-3ae5ac2c2c17.fc.signal	1.06328	1.27284	0.715923	0.700573	1.18345	0.514694	0.427556	0.956381	0.885942	0.113552	0	0.40432	0.522493	0.66127	0.618014	0.82105	0.350034	0.5345	0.918428	0.922267	0.998611	1.59445	0.0322139	0.0221618	0.237247	0.51808	1.0457	0.535696	0.157061	0.280218	0	0.153856	0.459621	0.85109	0.498928	0.277189	0.386364
ihec.chipseq.ihec-chipseq-containerv1.1.4.IHECRE00003837.4.b0a69b43-094d-48ec-bc60-f9af8670e969.fc.signal	1.59369	0	0.0745113	0.972334	0	1.34423	1.52347	0.952468	0	0.250711	2.04917	2.18272	0.120341	0	0	1.80468	0.102213	0	0	1.83981	0.134877	0	0.167628	2.06431	0.268877	0	0	0.255049	2.50605	0.531525	0	1.31992	0.534102	0	0.375935	1.7303	0.683648
ihec.chipseq.ihec-chipseq-containerv1.1.4.IHECRE00000053.3.19ff4aa6-fb54-46a9-9e6d-d838602855e5.fc.signal	0.758222	1.88181	0.766245	1.52053	1.72067	0.238894	0	0.392046	0.83761	0.610674	0.71645	0.255839	0	0.0598752	0.567703	0.0622852	0.511854	0.588785	0.882508	0.627844	0.751158	2.47323	0.557447	0.722246	0.944427	1.43188	0.978536	0.818067	0.239578	0.567558	0.228606	0.482537	0.724966	0	0.784182	1.72011	0.5
ihec.chipseq.ihec-chipseq-containerv1.1.4.IHECRE00003812.1.155d6bcb-5d5c-4947-89c2-c75cf0a7e99d.fc.signal	2.04185	0.937999	0.758104	0.5892	1.16192	0.446925	0.09465	0.42502	1.04049	1.02179	0.255171	0.496286	0.923793	0.258235	1.30608	1.25142	1.3834	1.96403	0.868004	1.61923	0.448889	0.604787	0.815478	1.0001	0.656947	0.66111	0.491005	0.278865	0.0519647	0.0785999	0.602021	0.256088	0	0.163884	0.388061	0.761018	0.556034
ihec.chipseq.ihec-chipseq-containerv1.1.4.IHECRE00003715.2.e8a2a442-a331-474b-9c0f-ad5c0953942a.fc.signal	0.644708	0.476524	0.797049	0.931669	0.363415	0.757927	0.745202	0.820643	1.07685	0.936062	0.869199	1.15325	1.48409	0.82724	0.696929	0.365663	0.435185	0.821923	1.77253	1.59513	1.18556	0.941713	0.817772	0.910791	1.42681	0.344094	0.441558	0.647774	0.399053	0.756454	1.12384	1.14967	1.37483	1.45112	0.87548	0.902002	0.586288
ihec.chipseq.ihec-chipseq-containerv1.1.4.IHECRE00003826.4.93a8f270-5d77-4704-ada1-4b6b1a7c8853.fc.signal	0.251363	0.2649	0.840643	1.82772	1.50386	1.23737	1.67597	3.04296	1.73847	0.708281	0.559077	2.07326	0.0292213	0	0.814418	1.66554	0.809914	1.44366	0.0876656	0	0	1.04859	0.860842	0.379876	0.968476	3.66101	1.10206	0.528071	0.762192	1.24566	0.358328	1.05392	0.660848	0.378094	0.892333	0.387493	0.355303
ihec.chipseq.ihec-chipseq-containerv1.1.4.IHECRE00003396.1.f283c7ad-e125-498d-831d-e15ed9c8164f.fc.signal	1.33946	0.890784	0.189003	0.378798	0.339731	0.430357	1.07749	0.579604	0	0.620123	1.31675	0.0647642	0.533279	0.0716387	0	0.476755	0.489447	0.449694	0.937239	0.794078	0.531294	0.274765	0	0	0.439712	0.856955	0.548787	0.567799	0.532142	0.0279941	0.0890791	1.20818	1.23946	0.34555	0.15746	0	0.453237
ihec.chipseq.ihec-chipseq-containerv1.1.4.IHECRE00003730.1.3f439d72-e3f6-44c0-a502-169344c6ad35.fc.signal	0.411878	1.50146	1.01204	0.408529	0.436338	0.938515	1.06792	0.56724	0.593226	0.535544	0.271186	0.307413	0.392089	0.723887	0.803957	0.280792	0.0534805	0.880672	1.71531	0.507467	1.17716	1.95375	0.362884	0.834614	0.266091	0.0154739	0.955911	0.893643	1.51268	2.20462	1.37159	1.29592	1.15582	0.715775	1.6906	1.11982	0.513514
ihec.chipseq.ihec-chipseq-containerv1.1.4.IHECRE00001915.1.f5573e79-d80d-470a-8d12-22719ef4a51e.fc.signal	0.93066	1.09173	0.823813	1.3298	0.957051	0	0	0	0.284582	1.00137	1.88556	1.34832	1.24651	1.26203	0.846035	0	0.0299654	0.897972	0.0266466	0	0	0	0.267259	0.379919	0.140619	0.0725959	1.2473	0.730923	0.958627	2.32277	1.95035	0.218864	1.0047	0.36713	0.858928	0	0.478049
ihec.chipseq.ihec-chipseq-containerv1.1.4.IHECRE00003843.4.c2c52d4b-c9da-43f3-925f-8359bbb97ee0.fc.signal	2.71845	0	0	0	0	0	0	2.03943	6.85879	5.61805	0.36768	4.42966	1.11372	0	0	0	0	0	0	5.35115	2.17618	0	0	0	0	0	0	0	0	0	3.73425	0.920252	0	1.61699	2.31832	3.76973	0.245283
ihec.chipseq.ihec-chipseq-containerv1.1.4.IHECRE00003398.1.f0bdf12d-8bcf-4989-949c-4d32dbd60ffe.fc.signal	1.2604	0.64849	0.276809	1.06388	0.598013	0.0711602	0.383223	0.198465	0	0	0	0.775475	0.153603	0.986089	1.60369	1.06491	1.37891	0.232637	1.25792	0.360398	0.633425	0.566709	0.344071	0.702139	0	0.566693	0.496275	0	0	0.618674	1.05418	0.4323	2.1648	0.953231	0.67823	0.114303	0.473684
ihec.chipseq.ihec-chipseq-containerv1.1.4.IHECRE00000330.2.a75633c9-8b06-42b2-a9c8-fdd55ba8ffe7.fc.signal	4.26409	6.66345	4.18831	1.86295	2.71692	2.96594	1.84413	2.32848	2.44504	2.75697	2.70512	5.26367	4.19701	5.51366	4.99425	2.96481	1.71943	1.33046	1.36899	1.65547	1.35492	1.10689	0.898707	2.84134	3.41711	1.55185	0.519258	0.794349	0.826228	0.703459	1.50953	1.53003	0.625288	1.19919	0.6306	1.12796	0.389222
ihec.chipseq.ihec-chipseq-containerv1.1.4.IHECRE00003404.1.0fdae11f-7f58-4d45-8594-d429c2e066c7.fc.signal	0.173919	0.853205	1.35414	0.450473	0	0.731533	1.12057	0.187622	0	0.965779	0.83093	0.671237	1.21157	0.411512	0.275881	0.956612	0.937188	0.760024	0.255716	0.825356	0.576346	0.433853	0.196599	0	0.405572	0.247249	0.0511517	0.383947	0.444404	0.666644	0.518697	0.554601	1.68875	0.198175	0	0.337223	0.439024
ihec.chipseq.ihec-chipseq-containerv1.1.4.IHECRE00003401.1.04bbdaed-a320-4540-aa2d-1d676d505c81.fc.signal	1.05267	0	0	0	0.0914652	0.576731	0.221053	0	0	0	0.497931	0.243547	0.197007	0.549232	0.0033876	0	0.275211	0.717022	0.295023	0	0.345734	0.828937	1.13831	1.31384	0.742571	1.12217	0.527586	0.772648	1.51153	0.768863	0.658624	1.44617	0.883972	1.28908	1.16901	0.770685	0.442379
ihec.chipseq.ihec-chipseq-containerv1.1.4.IHECRE00004607.2.654f15ab-b67f-4220-9161-30be6d438771.fc.signal	0.842235	0.427888	0.159448	0.530305	0.667679	1.25696	0.622361	1.01298	0.857402	0.764439	1.03934	0	0	0.0428452	1.66155	0.807485	0.477356	1.17891	0.399402	1.03754	0.97168	0.907855	0.641413	1.3238	0.159125	0.581144	0.885592	0.860272	1.5089	0.827961	0.298992	1.08449	0.825991	0.47718	1.13941	1.29399	0.466797
ihec.chipseq.ihec-chipseq-containerv1.1.4.IHECRE00001008.4.a169f921-cefd-41e3-aba6-62149b95f327.fc.signal	1.34016	1.22692	0.673466	0.686854	0.198691	0.468153	0.586269	0.655878	0.489316	0.339978	0.295121	1.36454	0.965624	0.33485	0.0785717	1.08591	0.529225	0.344514	0.0766297	0.663266	0.986191	0.717019	0.511432	1.2083	0.191356	0.130136	0.621723	0.310784	1.80765	0.698233	0.246421	0.907299	0.429765	0.551063	1.33976	0.167045	0.532967
ihec.chipseq.ihec-chipseq-containerv1.1.4.IHECRE00001959.2.a16168d3-492b-4fa9-9ed9-f6132409aea8.fc.signal	0.361741	0.122327	0.304072	0.711453	0.671484	0.206121	0	0	0	1.37511	1.90606	1.73561	1.04292	0	0.433642	1.52455	1.26835	0.616803	0.704907	0.166741	0.36878	0.147337	1.02963	1.83288	0.508749	0	0.134457	1.47873	2.5447	5.08093	8.64893	2.73362	1.70108	2.79414	3.50717	2.30821	0.33871
ihec.chipseq.ihec-chipseq-containerv1.1.4.IHECRE00000992.7.d770a09a-2cad-4524-8aaf-69b927e47c59.fc.signal	0.892453	0.881714	0.842777	0.667866	1.13727	0.861082	0.421103	0.339994	0.450361	1.11316	1.05217	0.618898	0.846808	1.13318	0.905513	0.404793	1.03489	0.893428	0.354877	0.0968276	0.49411	1.4211	0.741857	0.442832	0.381873	0.468046	0.396314	0.246321	0.320731	0.917209	1.25157	1.12415	0.231284	0.616346	1.0742	0.731144	0.591549
ihec.chipseq.ihec-chipseq-containerv1.1.4.IHECRE00000001.4.8e4a8d6c-26e0-4b8d-aa08-7875973212d4.fc.signal	0	0.00484433	2.80438	3.20316	1.38556	1.20692	0.255454	0.697784	0.744743	1.48932	2.175	1.17417	1.34847	0.177522	1.06812	0.852992	1.54497	1.05563	0	0	0	0.916192	1.6498	1.79799	0.81986	0	0	0	0.205888	2.5022	6.01619	2.28225	0	0	0	0	0.12037
ihec.chipseq.ihec-chipseq-containerv1.1.4.IHECRE00000317.2.3c23d7dd-68a4-4757-a8c9-0e430f641fbf.fc.signal	3.49828	2.68337	1.23724	0.410914	1.50015	1.76991	1.19654	1.72587	1.51159	1.79849	1.82409	1.01858	1.06892	3.33771	1.89631	3.64537	1.98838	1.49898	1.79734	0.731097	1.36569	1.42085	1.71544	3.40454	2.12563	0.833626	0.474845	0	1.15814	0.811642	0.436229	1.07177	0.455101	0.440155	0.344257	0.583995	0.722973
ihec.chipseq.ihec-chipseq-containerv1.1.4.IHECRE00000260.2.dd35c871-2bf4-4723-8cec-a51879108a65.fc.signal	0	0	0	0	0	1.37474	2.96404	8.01467	7.51498	0.284658	0	0	0	0	1.56212	1.86166	2.58532	2.10959	0	0	2.62877	2.19676	0	0	0	0.635287	1.65087	0	0.113062	1.42132	0	1.08437	1.54162	9.7013	1.00769	2.56192	0.6
ihec.chipseq.ihec-chipseq-containerv1.1.4.IHECRE00000233.3.c81f88e2-7199-4952-a0ac-fbf221a68e22.fc.signal	0.487938	0.391811	1.27131	1.322	0.988866	0.608702	0.401067	0.117557	0.072691	0.235661	0.851441	1.15082	0.630987	0.37985	1.3049	0.998018	0.722899	1.16014	0.455383	0.0326039	0.73914	1.96924	1.85612	0.899091	0.653191	0.492463	0.390607	0.16757	0.0823317	0.212868	0.275189	0.119126	0	0	0	0	0.387597
ihec.chipseq.ihec-chipseq-containerv1.1.4.IHECRE00001888.4.5d335139-80db-490f-af5c-5cf1e8a1a3de.fc.signal	0.164149	0.393225	0.877391	0.739432	0.573823	0.415009	0.533103	0.469299	0.528025	0.310543	0	0.462476	0.152752	0.596305	1.19776	0.872606	0.591331	0.116608	0.713221	1.81821	0.669946	0.60421	0.718475	0.730858	0.564895	0.53603	0	0.313187	0.327322	0	0	0.19915	1.06425	0.195677	0.0923032	0.684322	0.0984848
ihec.chipseq.ihec-chipseq-containerv1.1.4.IHECRE00000309.2.0c14f087-138e-4102-9f12-e14cca67a11e.fc.signal	1.88113	2.10849	3.27705	6.14764	9.8317	2.67703	2.35638	5.23998	4.65731	0.875006	0.460123	3.96958	4.19157	1.85445	1.86292	3.31939	5.07223	2.60389	0.574458	1.33165	1.57231	2.42112	1.03785	3.69197	1.34638	3.95479	1.05318	0	0.491532	1.58157	1.50428	1.34456	1.53778	0.346386	0	0	0.539095
ihec.chipseq.ihec-chipseq-containerv1.1.4.IHECRE00003803.1.d5373538-03e5-4aea-a61c-f80d029c4d74.fc.signal	1.57603	0.846357	0.752361	1.34998	0.472284	1.00798	1.79558	1.36422	0.753966	0.509381	1.87822	0.577864	1.25183	1.61671	2.83079	1.22935	0.0712883	0.722616	0.145438	0.471329	0.147965	0.416294	0.683871	1.22645	1.11967	0.311047	0.883115	0.0477259	0	0.253568	0.0913331	0.232326	0.0563915	0.0515667	0.710859	0.115497	0.469484
ihec.chipseq.ihec-chipseq-containerv1.1.4.IHECRE00000225.3.d3516206-786f-4b11-864f-1792d77e2a36.fc.signal	0.0126877	0.0932223	0.631775	0.422806	0.0465176	0.189399	0.258957	0.217958	0.0955137	0	0.0375201	0.100412	0.0280349	0.0026808	0.0911628	0.0736141	0.198245	0.281506	0.124307	0.52049	0.341386	0.000637	0.0915507	0.119465	0.25226	0.349475	0.0705779	0.255551	0.43601	0.212522	0.23732	0.678132	0.631081	0.222555	0.375377	0.886363	0.480663
ihec.chipseq.ihec-chipseq-containerv1.1.4.IHECRE00004616.1.bdf8440d-f4c1-4471-9c29-b1cf45563873.fc.signal	1.09888	0.576101	0.903243	1.40417	1.08618	0.717014	0.0397883	1.0844	2.79307	2.0688	0.488852	0.182181	0.172354	0.407222	0.213358	0.282533	0.379076	0.922255	0.0462999	0.223316	0.535431	0.0986322	0	0	0	0	0.290308	0.633197	0.349752	0.371253	0.242974	0.645899	1.07213	0.281296	0.378703	1.54687	0.308176
ihec.chipseq.ihec-chipseq-containerv1.1.4.IHECRE00000222.3.752eff28-f561-4493-9961-9376765e5593.fc.signal	0.13045	0.0964585	0.314985	0.178634	0.285524	0.436051	0.21527	0.0386644	0.0693943	0.322185	0.57758	0.49786	0.351659	0.184738	0.172569	0.363927	0.68109	0.631109	0.139574	0.0308528	0.455024	0.978737	0.811339	0.403372	0.65799	1.29997	1.15295	0.638264	0.432448	0.425998	1.03058	1.02541	0.249935	0.352204	0.945139	0.554481	0.162393
ihec.chipseq.ihec-chipseq-containerv1.1.4.IHECRE00000231.3.9f5b0463-4f76-4b11-9c3e-298af7f4a26f.fc.signal	0.390395	0.567998	1.53314	0.984685	1.62672	2.2453	1.11059	0.358045	0.0386053	0.213358	0.295099	0.378593	0.351864	0.567354	1.5315	1.0183	0.451732	0.632906	0.249402	0	0	0.105174	0.521632	0.726932	0.597382	0.376696	0.378187	0.502392	0.34809	0.15553	0	0	0	0	0	0	0.373913
ihec.chipseq.ihec-chipseq-containerv1.1.4.IHECRE00000321.2.e400c00e-f4bd-4ecb-8a68-235b22580a1f.fc.signal	0.0655888	2.44853	1.04937	1.30427	1.97335	1.64282	0	0.889472	1.26337	0.517181	0	0	0	0.0437259	3.2028	3.59365	0.326774	1.43205	0	0	0	1.39923	1.71073	1.73762	1.15671	0.515281	0.0103897	1.1372	1.14441	3.78517	0.060912	0	0	0.929568	1.15801	1.44585	0.495413
