	chr14:104865924-104866073	chr14:104866074-104866223	chr14:104866224-104866373	chr14:104866374-104866523	chr14:104866524-104866673	chr14:104866674-104866823	chr14:104866824-104866973	chr14:104866974-104867123	chr14:104867124-104867273	chr14:104867274-104867423	chr14:104867424-104867573	chr14:104867574-104867723	chr14:104867724-104867873	chr14:104867874-104868023	chr14:104868024-104868173	chr14:104868174-104868323	chr14:104868324-104868473	chr14:104868474-104868623	chr14:104868624-104868773	chr14:104868774-104868823	chr14:104868824-104868923	chr14:104868924-104869073	chr14:104869074-104869223	chr14:104869224-104869373	chr14:104869374-104869523	chr14:104869524-104869673	chr14:104869674-104869823	chr14:104869824-104869973	chr14:104869974-104870123	chr14:104870124-104870273	chr14:104870274-104870423	chr14:104870424-104870573	chr14:104870574-104870723	chr14:104870724-104870873	chr14:104870874-104871023	chr14:104871024-104871055	Expression
ihec.chipseq.ihec-chipseq-containerv1.1.4.IHECRE00001019.4.8179c079-b296-4030-830a-f12b3bc5acd1.fc.signal	2.77707	1.94705	2.67008	4.64871	4.59657	4.16476	2.51577	0.683299	1.5322	2.09849	1.75944	1.7066	1.50841	1.04021	1.40762	1.2294	1.24483	0.70763	1.24293	1.31001	1.01369	0.795205	0.401702	1.03222	1.77523	1.46243	0.825497	0.548788	0.484726	0.504305	0.558439	1.61237	1.02789	0.609545	0.244537	0.537943	0.485306
ihec.chipseq.ihec-chipseq-containerv1.1.4.IHECRE00004888.1.fd25c27d-77c4-4595-b48c-e5f0d2d321a9.fc.signal	7.2642	9.5879	10.9275	6.34765	5.72473	2.7603	3.18905	2.35827	2.69373	1.96561	1.50326	1.83496	2.21838	0.883317	0.881272	0.48511	0.986347	2.88328	2.57088	1.13898	0.587752	2.01595	1.6038	2.58795	2.04569	1.06158	1.97098	1.13925	1.95365	1.7821	0.885605	1.08935	1.10495	2.65377	2.32601	1.05001	0.448003
ihec.chipseq.ihec-chipseq-containerv1.1.4.IHECRE00003690.3.bb55a212-99c2-4448-84cc-6786b9df2691.fc.signal	6.3674	1.88074	2.22943	2.52804	1.49463	0.649073	2.16079	0.810293	0.912292	0.728665	0.0918187	0	0.704833	0.482251	0	0	0	0	0.0389578	0.606521	1.0155	0.268957	0	0	0	0.122404	0.471056	0	0	0.826944	0.356119	0	0	0	0	0	0.470421
ihec.chipseq.ihec-chipseq-containerv1.1.4.IHECRE00000987.6.289adc7a-9e11-437f-b6f6-57bfdeddcb3b.fc.signal	12.1229	20.3122	8.12548	5.01045	3.01609	2.1924	2.44058	0.0898153	0.0622235	0.251856	0.222824	0.387281	0.787737	0.346031	0	0.407695	0.261918	0	0	0	0	0	0	0	0	0	0	0	0	0	0	0	0	0.390133	0.318601	0.57969	0.524768
ihec.chipseq.ihec-chipseq-containerv1.1.4.IHECRE00003808.1.706821fd-c657-4ad5-a143-e15e65116e15.fc.signal	13.4586	14.2214	11.8593	9.30585	7.56663	6.42421	4.6801	2.20945	1.52656	2.64873	2.03274	2.5821	3.11784	1.78414	3.82155	3.70626	2.37043	2.58295	2.30649	1.67379	1.29873	1.16249	1.16737	1.72182	3.09436	2.68811	2.14819	2.41452	1.65026	1.40929	2.27332	2.37732	1.37483	3.73296	2.98193	2.78822	0.38806
ihec.chipseq.ihec-chipseq-containerv1.1.4.IHECRE00000949.6.e11d45c2-991c-46e2-8d13-bb1e23aff42f.fc.signal	21.3999	11.9764	14.63	13.1721	3.73923	2.29525	2.37318	0.0434405	0	0.386298	0.697483	0	0	0.335676	0.758281	0.185522	0	0	0.505489	0.438354	0	0.213255	1.03875	0.0513387	0	0.456373	0.0671353	0	0.346175	0.746801	0.030054	0	0	0	0.0710844	0.59237	0.469282
ihec.chipseq.ihec-chipseq-containerv1.1.4.IHECRE00001002.4.308bde30-3fb4-4075-a143-aa64ea58703c.fc.signal	1.13959	0.590606	0.632708	0.612449	0.695024	0.33019	0.310894	0.269565	0.35704	0.519547	0.333705	0.312983	0.247596	0.206467	0.220291	0.169008	0.100341	0.15357	0.234216	0.264354	0.137125	0.0990121	0.114044	0.163405	0.232953	0.200255	0.124387	0.157762	0.144878	0.132752	0.0876699	0.0657747	0.0730535	0.168486	0.166435	0.190644	0.44733
ihec.chipseq.ihec-chipseq-containerv1.1.4.IHECRE00001233.5.d6317c97-f6d6-4ceb-8b71-b3b4801f5d92.fc.signal	3.01125	2.47707	3.28973	3.28542	3.32021	1.4376	1.96008	0.755197	1.31541	1.42987	0.99949	1.20734	1.23329	2.64147	1.56993	0.874225	0.86354	0.952703	1.18481	0.772596	1.19437	1.21385	0.464165	0.815723	0.860143	0.66127	0.42746	0.589013	0.205332	0	0.216291	1.26541	0.274782	0.618988	0.725448	0.466793	0.510813
ihec.chipseq.ihec-chipseq-containerv1.1.4.IHECRE00004605.1.ca94bee3-450c-404f-8e72-f443f0a32f9b.fc.signal	8.95679	5.16457	4.18095	1.77217	1.96952	1.42005	0.671441	0.834392	1.26497	0.666067	1.40785	1.06894	0.585457	0.391057	0.794023	0.73712	0.684948	0	0.23935	0.476391	0.469278	0.355508	0.23461	0.12086	0.725304	0.440818	0.802419	1.49817	0.361733	0.874603	0.325102	0.419487	0.111381	0	0	0	0.514835
ihec.chipseq.ihec-chipseq-containerv1.1.4.IHECRE00001893.4.1ce16d7a-b11b-4cc6-9954-df2d097852d0.fc.signal	9.8033	10.4455	9.81494	4.89912	3.48952	4.44273	2.70012	0.243097	1.98873	1.0422	0.599738	0.86327	0.732922	1.32812	1.41955	1.49142	1.34768	0.0988299	0	0	0	1.24909	0.332428	0.0449227	2.60538	0.583971	0.0179691	1.33209	0.212616	0	0.833299	0.763685	0	0.494149	1.12307	0	0.634211
ihec.chipseq.ihec-chipseq-containerv1.1.4.IHECRE00003814.1.e3fd041d-f794-414d-802b-cfe9e9d53c6e.fc.signal	16.5402	8.89536	7.89102	5.55806	4.25945	3.49726	2.44244	2.05478	2.03177	2.32033	3.49863	2.00977	2.67455	2.49511	1.54919	2.02638	3.43244	1.65284	2.94765	2.655	2.53548	2.10401	1.29902	1.12935	1.85755	2.6219	1.10858	1.11158	0.675934	0.682666	1.49091	1.08866	1.7842	3.21943	2.9954	3.26486	0.3
ihec.chipseq.ihec-chipseq-containerv1.1.4.IHECRE00001003.4.e55ccc77-8d92-466a-86b9-0bf035aed6cc.fc.signal	4.02487	2.21306	2.52536	2.354	2.59058	2.44225	3.50546	1.49283	1.58841	2.14283	2.66364	2.00523	2.1931	1.22803	0.915438	1.0523	1.08538	1.12642	0.573306	0.478611	0.581575	0.392208	0.721334	1.07185	0.71193	0.843198	0.617446	0.242209	0.232961	0.0373959	0.231011	0.48136	0.726644	1.0483	0.488734	0.244235	0.546296
ihec.chipseq.ihec-chipseq-containerv1.1.4.IHECRE00000224.3.98331644-3ccd-45b3-bad7-e0e81208e171.fc.signal	4.86969	5.66089	5.59086	4.13484	2.36439	1.57644	1.07704	0.732449	0.502778	0.41919	0.392063	0.77718	1.04774	0.892834	0.904359	0.622176	0.261401	0.379269	0.452437	0.393401	0.477547	0.316132	0.381535	0.589172	0.27305	0.102728	0.138028	0.14857	0.173815	0.243071	0.280344	0.370057	0.343933	0.316564	0.367459	0.334217	0.419075
ihec.chipseq.ihec-chipseq-containerv1.1.4.IHECRE00001335.1.16baff19-56fb-479e-97b6-edd56ebc9920.fc.signal	14.3379	15.6254	15.0333	12.7699	10.1784	6.75006	4.21098	3.38286	4.12761	0.926755	2.59292	1.70803	0.835786	1.87302	2.95432	3.55934	3.21682	2.96864	1.39612	1.79737	3.06263	1.71262	2.27096	2.0793	2.21679	1.90849	0.893413	0.199272	0.455846	0.526202	0.176329	1.68953	1.68348	1.17651	0.469528	0.54347	0.537445
ihec.chipseq.ihec-chipseq-containerv1.1.4.IHECRE00000228.3.8bd2a4a9-ace6-4e3a-b0aa-9993e4990638.fc.signal	2.30104	3.53913	3.39202	2.87191	1.39312	0.911962	1.30374	1.63788	1.68208	2.27135	2.05429	1.20281	0.706976	0.933952	0.887365	1.44573	1.52208	1.3287	1.4679	1.56043	1.36538	0.771271	0.414752	0.588391	1.11414	1.03569	1.05554	1.11497	1.02008	1.31646	0.788679	0.728695	0.518404	0.442468	0.501537	0.555592	0.272819
ihec.chipseq.ihec-chipseq-containerv1.1.4.IHECRE00004610.2.100e7289-c631-4bb0-9eef-015950828bf4.fc.signal	10.3017	5.84258	7.31503	4.69964	1.4518	0.958038	1.33974	1.02477	0.080058	0	0	0	0.250848	0.15211	1.19288	1.84684	0.362929	0.197476	0.208151	0.544394	0.488354	0.442988	0.0426976	0	0.076711	0.801079	0	0	0	0.0407476	0.6092	0.432313	0.122756	0.280203	0.680493	0.562908	0.515514
ihec.chipseq.ihec-chipseq-containerv1.1.4.IHECRE00003818.1.3d6cbb41-685c-49c7-85eb-8977ab8f14b3.fc.signal	8.71232	20.9664	19.8041	14.1249	4.10584	3.71232	3.43464	0.876676	0.349795	0.601871	1.04074	0.575374	0.525377	2.15505	1.00335	1.72137	1.09897	0.732047	0.615921	0.711784	1.82494	2.09839	1.29168	3.08494	1.60754	0.471904	1.39418	0.710584	0.244113	0.507004	0.336663	0.394325	1.78857	1.60469	1.36202	0.953057	0.352973
ihec.chipseq.ihec-chipseq-containerv1.1.4.IHECRE00001990.1.14fdd58f-89fa-40e4-a658-f79765679f58.fc.signal	7.9473	7.93183	8.32206	7.9666	2.91804	1.29811	0.32753	1.82668	2.44837	0.764438	1.77183	1.42513	0.815876	1.52559	2.29069	3.3381	1.49557	1.81043	0.760496	0.823194	0.498354	1.35963	0.443377	1.51648	1.84289	0.815258	0.993381	1.53458	1.18556	0.33999	0.285921	0.370925	0.285921	0.784298	0.638888	1.02093	0.535849
ihec.chipseq.ihec-chipseq-containerv1.1.4.IHECRE00003816.1.3579346a-a108-4e99-ba8a-c53f4809c6bb.fc.signal	7.10244	5.36621	2.76739	1.59158	1.25815	0.506013	0.728331	1.27389	1.4774	1.01243	1.11057	2.10939	1.08127	0.673023	1.08476	0.440565	0.357539	0.228123	0.406115	0.289825	0.119094	1.22341	1.1245	0.270097	0.202747	0.743362	0.451792	0.188314	0.891316	0.917951	0.163479	0.263393	0.253112	0.69868	0.320365	0.799762	1
ihec.chipseq.ihec-chipseq-containerv1.1.4.IHECRE00003676.3.edac7fd7-5249-4224-ba52-76d331cfbbb5.fc.signal	3.24747	1.39301	1.71277	1.9225	2.09359	1.23617	1.52946	0.90828	1.59737	0.71526	1.05134	0.982074	0.949282	0.43765	0.356901	0.310136	0	0	0.152368	0.94	1.03392	1.83541	0.864077	0.796486	1.03219	0.692972	1.00704	0.714542	0.367534	0.717984	0.206447	0.765058	0.256786	0	0.266776	1.40332	0.440068
ihec.chipseq.ihec-chipseq-containerv1.1.4.IHECRE00001906.1.d4812fd5-35f7-424c-8ea9-21e1d395b54b.fc.signal	3.18289	3.48052	3.16904	1.5099	0.553907	0.316367	0.757889	0.985742	0.71382	0.909903	0.322893	0.329895	0.552105	0.496987	0.665478	0.628133	0.492315	0.660831	0.101025	0.216214	0.26683	0.22327	0.192777	0.064489	0.224962	0.239253	0.512679	0.38443	0.698522	0.494067	0.0945396	0.14324	0.0276931	0.103359	0.825175	0.774403	0.446809
ihec.chipseq.ihec-chipseq-containerv1.1.4.IHECRE00001965.2.b75058ba-d142-4ae0-9acf-08c2d019a7dc.fc.signal	5.30257	4.7919	5.63223	4.11547	2.77027	1.32986	2.22663	1.10466	1.26431	1.02891	0.24814	0.296378	0.374649	0.577366	0.116679	0.836953	0.675682	0.274874	0.528254	0.778572	0.251056	1.0596	0.939772	1.12409	1.11484	0.691038	0.692327	0.537694	0.920973	0.0230354	0	0.657246	0.956657	0.838488	0.403896	0	0.389742
ihec.chipseq.ihec-chipseq-containerv1.1.4.IHECRE00001232.5.c85debd1-3d92-448f-90c2-50b50f17d029.fc.signal	8.33048	5.25811	6.98048	5.81474	5.94425	4.14557	4.44699	1.47484	1.54564	1.98999	1.73377	1.72263	1.42573	1.26886	1.04618	0.872671	0.684721	0.452405	1.23882	1.00729	0.460592	0.282991	0.672441	0.336233	0.590265	0.617379	0.820527	0.701771	0.423426	1.02108	0.268925	1.06902	1.31258	1.21943	0.778303	0.20604	0.450764
ihec.chipseq.ihec-chipseq-containerv1.1.4.IHECRE00001952.2.52215347-885a-4412-918b-b787711b8d37.fc.signal	1.62667	0.673232	1.69332	0.133258	0	0.0653372	0.684378	0.41609	0.18842	0.666362	0.353861	0.90523	1.79911	0.52782	1.53248	0.836324	0.358226	1.26774	0.649191	0.689104	0.385842	0.31624	2.11943	0.945522	0.637721	0	0.710614	0.710414	0.426388	1.2981	0.413592	0.549174	0.819683	1.17728	0.618108	0.592402	0.393403
ihec.chipseq.ihec-chipseq-containerv1.1.4.IHECRE00000964.7.68ad223e-c775-4c49-8f3f-4ec63b3e920b.fc.signal	4.79465	5.43298	5.57526	3.17538	1.96507	1.77216	0.807721	0.663323	0.835906	0.686275	3.17403	1.58344	0.894249	1.2632	0.686907	0.461316	0.310358	0.69818	0.788674	0.659172	0.576921	1.04002	0.768613	0.710256	1.30761	0.56032	0.252327	0.598065	0.725706	0.485276	0.463944	0.703857	0.715843	0.949715	1.44461	1.89982	0.510638
ihec.chipseq.ihec-chipseq-containerv1.1.4.IHECRE00003716.2.bdafba4d-384d-4886-a6c9-d1ddd966b153.fc.signal	13.0793	9.35695	8.80801	4.94238	3.59884	1.41083	1.81958	0.906891	1.32162	0.989901	0.898876	0.584424	0.794514	0.807628	0.919355	0.461445	0.547371	0.505676	0.0860035	0.0978402	0.518654	1.30786	0.502037	0.432667	1.00947	0.980198	0.703528	0.215742	0.156909	0.367668	0.410489	0.651636	0	0.636924	0.939755	0.942747	0.50019
ihec.chipseq.ihec-chipseq-containerv1.1.4.IHECRE00001005.4.f193a9be-90be-4e6b-adc3-81560fdb7706.fc.signal	2.05109	2.39771	3.90032	3.67547	3.9174	2.71265	4.22035	1.1195	1.57334	1.35387	2.68132	1.57563	2.05163	2.6906	3.22184	1.52982	0.760166	0.862427	0.99026	1.38007	0.773369	0.230716	0.407954	1.25934	0.648869	0.299484	0.278811	1.33727	0.35551	0.503386	0.360609	0.362812	0.918845	0.553625	0.267155	0	0.37487
ihec.chipseq.ihec-chipseq-containerv1.1.4.IHECRE00003684.3.b5459224-ca8f-46dd-880a-e16781c88032.fc.signal	13.9872	13.9977	10.134	8.34743	4.943	2.41961	1.78635	1.08617	1.23839	1.20991	0.500872	0.286769	0.71068	0.660472	0.246208	0.18089	0.0111237	0	0.71194	1.06848	0.231966	0.319776	0.184465	0.049536	0.660993	0.567755	0.385601	0.389039	0.144154	0	0	0.413411	0.19827	0.324822	0.451379	0.31639	0.496673
ihec.chipseq.ihec-chipseq-containerv1.1.4.IHECRE00000974.7.9dac3370-6335-4df0-bea0-9e684edfa350.fc.signal	3.16356	2.25939	2.35531	0.635099	0.35318	0.440997	0.853211	0.453605	0.836535	1.38498	0.952702	0.529847	0.498771	1.023	1.75407	0.364856	0.759933	0.988549	0.901896	1.06715	0.778624	0.151471	0.61173	0.229888	1.04776	1.77766	1.55533	0.977596	0.208797	0.093241	0.587942	0.836412	1.15182	1.29248	0.220082	0	0.725539
ihec.chipseq.ihec-chipseq-containerv1.1.4.IHECRE00001030.7.2cec18a6-acf1-4ec3-b511-04e126f82363.fc.signal	8.66833	12.5546	7.69223	6.35006	2.6695	3.27996	1.07535	2.04613	1.09231	1.31363	3.09087	0.118199	0	0	0.75981	0.632978	0.958214	0.30185	0.807039	1.15338	0	0.591619	0.360064	0.569128	0.231819	0.311912	0.0117122	1.00958	1.00683	1.27663	0.0135876	0.133664	0.432134	0	0.433776	1.01758	0.386157
ihec.chipseq.ihec-chipseq-containerv1.1.4.IHECRE00001471.1.c36bbd63-78f2-464a-952f-d221dd832d3f.fc.signal	6.98635	8.40533	5.20551	3.35819	2.69842	2.57547	0.224025	0	0.405759	0.720409	0.484865	0.0789197	0.246482	0	0	0	0.29957	0.37954	0.0411143	0	0	0.301145	0.331746	0.606308	0.669637	0.0296856	0.49476	0.131949	0.98968	0.0362856	0	0	0	0	0	0	0.456954
ihec.chipseq.ihec-chipseq-containerv1.1.4.IHECRE00004647.3.6c7e93ea-bf0c-48a2-82fb-1c49e3dc143b.fc.signal	2.55499	2.30653	1.58119	1.25349	0.698981	0.473792	0.676523	0.389629	0.341057	0.477053	0.487017	0.251326	0.0204859	0.101896	0.282185	0.337113	0.407319	0.204871	0.383623	0.402262	0.269076	0.283295	0.405504	0.277133	0.408636	0.670553	0.826924	0.800959	0.545204	0.509772	0.513088	0.263229	0.211391	0.25383	0.272136	0.11697	0.337423
ihec.chipseq.ihec-chipseq-containerv1.1.4.IHECRE00001852.4.e1095ee8-c1a0-47db-b726-788ab3dbb842.fc.signal	8.72478	10.3778	6.85376	2.9672	2.28083	1.53988	1.97913	1.53525	0.732777	1.47549	1.33818	0.256855	0.698837	0.721207	0.388755	0.455865	0.119557	0.1157	0.298171	0.397903	0.323284	0.259507	0.545341	0.684183	0.526059	0.328589	0.50446	0.616986	0.636692	0.3795	0.371785	0.178179	0.42424	0.0802187	0.071734	0.466422	0.689802
ihec.chipseq.ihec-chipseq-containerv1.1.4.IHECRE00003693.3.f2b1cfa1-231f-48d8-af6a-ed3f48905f6f.fc.signal	4.6053	2.17999	1.73006	1.23737	0.770502	0.423287	0.392742	0.0149044	0	0.212066	0.123096	0	0	0.160851	0.120936	0.442285	0.343736	0.136202	0.233577	0.26283	0.0411367	0	0	0	0	0.0943559	0.247233	0.027655	0.061506	0.200213	0.124218	0	0	0	0	0.294092	0.481043
ihec.chipseq.ihec-chipseq-containerv1.1.4.IHECRE00000223.3.555de7dc-c653-4909-9c33-caf14688e0ce.fc.signal	3.26629	4.59264	4.71512	3.02147	2.32576	1.84759	0.941887	0.764942	1.14616	1.36063	1.25945	1.29941	1.66924	1.16411	1.21163	0.725127	0.481089	0.408106	0.30728	0.567601	0.700674	0.433403	0.173502	0.178671	0.561844	0.797925	0.798468	0.778711	0.59095	0.479348	0.569067	1.06903	1.3188	0.817372	0.507645	0.459181	0.356175
ihec.chipseq.ihec-chipseq-containerv1.1.4.IHECRE00001914.1.d83c61fb-c563-40ff-afb5-9fc097a52b75.fc.signal	6.20459	1.68851	3.31209	1.18392	0.504685	2.47928	1.14266	0	0.619431	1.94831	1.90334	2.14815	2.86424	0.37942	0.362104	1.09199	0.384578	0.359504	1.11544	0	0.0773377	2.01421	0.663709	0	0	0	1.06502	1.02025	1.57864	1.2447	0.922432	0.749344	2.77257	1.6114	0.789322	0.163905	0.339623
ihec.chipseq.ihec-chipseq-containerv1.1.4.IHECRE00000250.2.a39935bf-2e13-411b-a0e6-5df09e4383e1.fc.signal	9.08964	15.4765	13.5712	7.46584	3.01402	4.58715	7.24438	3.41	4.26682	5.4043	6.68984	3.20627	3.14562	1.75533	4.17421	3.82635	1.55277	1.23515	0.428491	0.120986	2.33664	5.20267	3.83644	2.32407	2.04681	2.43803	0.170884	2.44617	3.88687	1.64347	2.62654	2.03671	0.645257	0.337751	0	0	0.510393
ihec.chipseq.ihec-chipseq-containerv1.1.4.IHECRE00001020.4.d793ab3e-d7c6-45e4-8372-b368878f1961.fc.signal	3.65366	2.77469	4.00337	4.2396	3.67659	1.79415	2.30379	2.06897	0.718262	0.986162	1.74886	1.48415	2.96169	1.21868	1.70387	0.691165	0.399729	0.429241	0.457607	0.904818	0.446844	0.626428	0.908089	0.869718	0.897148	0.3958	0.361905	0.148743	0.908229	0.30948	0.217487	0.434872	0.602619	0.827492	2.29048	1.53064	0.461962
ihec.chipseq.ihec-chipseq-containerv1.1.4.IHECRE00001022.4.65d6531d-7428-4454-855d-d39b585d5301.fc.signal	5.28969	3.72351	4.51568	5.29517	3.83916	3.58914	3.74175	2.01891	2.55533	2.99373	2.26709	1.46519	1.19711	1.03662	1.65025	1.47957	0.581211	1.094	2.27591	1.85134	1.49851	1.68261	1.45359	1.51747	1.59814	1.50569	0.813307	0.234392	0.395188	0.719813	0.592272	1.10145	0.568527	0.538458	0.676456	0.452577	0.541251
ihec.chipseq.ihec-chipseq-containerv1.1.4.IHECRE00001039.6.a3034dad-cf3f-4b0e-b7ac-4dfa7b52d765.fc.signal	2.48352	1.13482	0.206565	0.285607	0.179189	0	0	0.283202	0.899604	0.592851	0.741074	1.28328	2.22725	0.797233	0.246324	0.782043	0.977992	1.57774	1.08999	0	0.48157	0.935698	0.868525	0.253851	1.34134	1.67728	1.93109	2.51839	0.928232	1.5705	1.75143	1.50306	0.273749	0.731628	1.47569	1.49311	0.498715
ihec.chipseq.ihec-chipseq-containerv1.1.4.IHECRE00000126.3.4655431f-8c56-4476-831c-eb227cec568c.fc.signal	19.203	28.6888	21.675	16.707	5.79756	2.0191	1.09876	1.56723	1.15944	1.17723	1.67279	0.300001	0.771868	2.14264	1.02607	1.10805	0.603783	0.643652	1.52868	1.13245	0.581393	1.13585	2.09303	2.24802	0.986548	1.87732	1.62456	2.8107	0.465113	0.294852	0.0267187	0	0	0	0	0	0.432692
ihec.chipseq.ihec-chipseq-containerv1.1.4.IHECRE00001891.4.41bb4ab6-1e8d-4527-bfe1-5ddf65dcaa7f.fc.signal	5.43665	3.41287	2.55292	1.3549	0.941379	1.47223	0.613617	0.0293187	0.742459	0.500911	0.345717	0.331297	0.308887	0.242393	0.619127	0.121933	0	0.205625	0.679092	0.635095	0.468645	0.128868	0.510197	0.144084	1.17888	1.41857	1.54961	2.37885	2.30875	1.06053	0.626442	0.63508	0.467171	0.0898749	0	0	0.591568
ihec.chipseq.ihec-chipseq-containerv1.1.4.IHECRE00004635.3.13102329-ee3d-4773-b2d1-9ab40cd17100.fc.signal	6.86229	6.94573	3.98962	2.07842	0.980206	1.0599	1.42622	0.692215	0.223736	0.766159	0.899939	0.578138	1.01395	1.03394	0.459475	0.0395492	0.307365	0.534126	0.699982	0.900118	0.36954	0.297541	0.357217	0.381772	0.430386	0.66267	0.819613	0.537863	0.430413	0.370758	0.243907	0.650114	0.625839	0.357643	0.336637	0.343043	0.565789
ihec.chipseq.ihec-chipseq-containerv1.1.4.IHECRE00001889.4.440b0def-8afc-49ae-ab48-eb6e55baaba4.fc.signal	2.93404	2.24241	1.05722	0.378097	1.70485	1.49796	0.877463	0.468345	0.489612	0.883047	0.751847	0	0.126234	1.15981	1.18345	0.36404	2.13722	3.32642	1.92356	1.99421	1.34818	1.61872	1.82442	1.43837	2.63688	2.4147	2.36462	1.4395	1.31705	0.943643	0.820127	0.995886	1.01445	0.445706	0.278884	0.59172	0.375328
ihec.chipseq.ihec-chipseq-containerv1.1.4.IHECRE00003400.1.b3d30ae7-78a7-458d-9ccf-f1436025286b.fc.signal	3.71648	4.25551	2.54663	2.35073	2.9825	1.71075	1.19279	0.991087	1.21516	0.378533	0.545534	0.732892	1.06387	1.37122	1.35045	0	1.32393	1.37122	0.945667	1.37594	1.05678	0.898383	0.586313	0	0.0945667	1.00713	0.777229	1.93603	0.364082	0.737585	1.95505	1.07806	0.240014	1.1862	1.44687	0	0.2659
ihec.chipseq.ihec-chipseq-containerv1.1.4.IHECRE00001235.5.b69b018c-be0b-42b3-9bd0-adb684b6c71f.fc.signal	7.64335	4.45714	6.19575	6.86971	2.39674	2.08036	2.86198	0.602393	0.685589	1.62101	1.84359	0.72448	1.34944	1.27959	0.489467	0.579316	1.04887	0.967539	0.265855	0.191049	0.83723	1.02269	0.245385	0.490881	0.3054	0.0111183	0.595888	0.260945	0.20953	0.802059	0.733305	1.08598	0.197211	1.1519	0.833663	0.618652	0.430489
ihec.chipseq.ihec-chipseq-containerv1.1.4.IHECRE00004900.1.b52b6048-f5e8-441d-8082-83c6ea7d797d.fc.signal	4.44994	4.15744	4.40687	1.56359	0.600736	1.4983	1.92145	0.512148	1.17997	1.01966	0.654226	0.896756	1.0353	0.807965	1.97149	1.97565	1.06539	1.22204	0.72684	1.07995	0.887833	0.915059	0.768455	0.623441	0.675708	1.08772	0.10809	0.421257	0.0230347	0.364457	0.012914	0.566817	0.605734	0	0.234308	0.484085	0.471783
ihec.chipseq.ihec-chipseq-containerv1.1.4.IHECRE00000227.3.cbba33e3-8091-43f4-8be2-0ec669b6bf51.fc.signal	6.15705	6.52642	6.18716	3.30819	2.13479	1.37109	0.639758	0.397371	0.527405	0.838193	0.920373	0.663708	0.828825	1.03623	0.747646	0.497129	0.331391	0.240052	0.204363	0.131327	0.171215	0.289558	0.372156	0.243079	0.35379	0.370776	0.327052	0.438875	0.48926	0.379499	0.211433	0.147082	0.157627	0.156281	0.248556	0.392158	0.561328
ihec.chipseq.ihec-chipseq-containerv1.1.4.IHECRE00003806.1.2dfc8185-75fc-483f-9a76-86d609a673b1.fc.signal	3.3941	1.70447	1.27626	1.28781	0.893588	0.491977	1.18417	1.05411	0.518751	0.442339	0.0311599	0.441962	0.755878	0.248955	0.173276	0.260005	0.028368	0.376174	1.00963	0.446536	0.56729	0.954562	0.573618	0.588375	0.765302	0.280521	0.8747	1.8086	1.16348	0.968057	1.14189	0.806986	0.82959	0.526272	0.350313	1.26651	0.485255
ihec.chipseq.ihec-chipseq-containerv1.1.4.IHECRE00003686.3.867f20aa-cd84-4630-be8b-4d90cccd43d7.fc.signal	14.6197	4.01733	4.4883	5.63902	5.68955	2.14312	3.00407	0.384935	0.0040964	0.521472	0.293484	0.425909	1.07568	1.13981	0.8327	0.621074	0	0.154251	0.640229	0.806821	0.247752	0	0.0628115	0.306258	0.117552	0.505614	0.173355	0	0.00136547	0.402648	0.208863	1.24581	0.126956	0.326232	0.131071	0.20482	0.468161
ihec.chipseq.ihec-chipseq-containerv1.1.4.IHECRE00001901.1.bd86e759-1531-4112-8c3a-ef0446d756a3.fc.signal	7.91116	8.3507	9.57653	6.52127	2.74893	2.15097	1.62126	1.84958	2.14804	1.60539	1.75827	1.62535	1.0816	2.41515	2.48796	2.25762	0.910415	0.881619	1.72843	2.66421	2.36574	1.58036	1.27831	0.74447	1.37893	0.808571	1.05938	1.09521	0.553535	0.28838	0.744641	0.84151	1.5934	1.157	1.40001	1.89039	0.311083
ihec.chipseq.ihec-chipseq-containerv1.1.4.IHECRE00001954.2.fc509fae-cfc8-4cd1-b6e1-cb05b98526c1.fc.signal	4.6557	2.6415	2.84651	1.49412	1.56627	0.619872	0.170993	0.912435	0.119333	0.463068	0.428602	1.42125	0.219843	0.312273	0.972095	0.653696	0.963835	2.5049	0.66941	0.58894	0.786218	0.323909	0.141343	0.506486	0	0	0.268918	1.48604	0.188096	0.353562	0.958357	0.523639	0	0.298374	0.997249	0	0.361486
ihec.chipseq.ihec-chipseq-containerv1.1.4.IHECRE00000957.7.e974118a-1765-49cc-99dd-3d99dcd758cf.fc.signal	1.24994	0.855911	0.893568	1.13437	0.620488	0.746874	0.812087	0.589803	0.215812	0.119037	0.292088	0.202071	0.392523	0.0285111	0.399798	0.299687	0.198729	0.0448153	0.259567	0.385022	0.20352	0	0.264195	0.65127	0.280288	0.717101	0.0323995	0.345188	0.266654	0.761122	0.142672	0.0896887	0.175955	0.388599	0.285262	0.185498	0.435862
ihec.chipseq.ihec-chipseq-containerv1.1.4.IHECRE00001458.1.90311c59-c092-4716-8ced-a612dc9a7683.fc.signal	13.8449	14.7663	9.21403	5.62062	3.64069	1.83025	0.541274	1.33657	1.31287	1.29772	1.29072	1.48266	0.842946	0.803105	2.37014	1.36467	0.351247	0.936408	0.465325	0.877853	1.03642	1.01555	1.21556	0.829005	2.2186	0.652497	1.17109	1.32623	2.02878	1.72446	0.901247	1.07402	2.31017	0.437237	0.288332	0.705049	0.359813
ihec.chipseq.ihec-chipseq-containerv1.1.4.IHECRE00001913.1.7dd02c2b-e08d-4010-8330-5cb791ced7b2.fc.signal	6.71156	0	0	0	0	0	0	0	7.31386	1.65983	0	0	0	0	1.1534	7.77297	0.293394	0	7.55512	14.6334	2.80562	2.39781	1.12782	0	3.31913	1.44867	0	2.27382	2.4742	0	0	4.04318	0.715154	0	0	0	0.429204
ihec.chipseq.ihec-chipseq-containerv1.1.4.IHECRE00004641.3.2af65a74-ad9a-47d1-bb59-7449ff40f2d9.fc.signal	1.72317	1.43745	1.43345	1.98716	0.732191	0.516419	0.82475	0.568043	0.875254	0.77438	0.604686	0.620746	0.376682	0.570357	1.31158	1.04286	0.719213	0.486792	0.277885	0.125325	0.357422	0.778196	0.827114	0.50447	0.455703	0.282194	0.219113	0.504696	0.345585	0.29432	0.70943	1.39858	1.14433	0.543153	0.69079	0.78631	0.410146
ihec.chipseq.ihec-chipseq-containerv1.1.4.IHECRE00002063.1.fc1674f3-b9c6-4107-8983-478acef979ab.fc.signal	3.22056	3.12707	3.20014	4.05352	1.95807	2.48705	1.70087	1.25957	1.23912	2.45488	3.11536	2.2065	1.94944	1.79933	2.17142	2.13636	1.55766	1.36774	0.610839	0.4384	1.21429	1.93469	0.578673	0	0.885507	1.62781	1.35603	1.33556	0.783283	0.301035	0.710214	1.16607	1.24497	1.73594	1.04921	0.534302	0.510297
ihec.chipseq.ihec-chipseq-containerv1.1.4.IHECRE00004713.2.73d0436f-3c8c-4e5c-a1fe-dc4d41b2902f.fc.signal	17.0721	18.2902	13.1088	11.0901	7.17359	4.42629	1.24939	1.55009	0.718525	0.605905	2.63891	3.49005	1.25849	2.16157	0.222465	1.34249	2.47301	0.762058	0.55691	1.08807	0.544114	0.793245	1.33251	0.985504	0.948856	0	0.0602369	0.679618	1.10961	0.938232	0.249773	0.618557	0	0	0.118707	0.48227	0.346124
ihec.chipseq.ihec-chipseq-containerv1.1.4.IHECRE00001875.2.6632043e-47cf-4bfd-b8e1-020b2411b571.fc.signal	0.165989	0.261234	1.34764	3.48934	0.585541	0.756669	0.539957	0.024666	1.18368	0.727792	0.853393	1.38902	0.373121	0.549339	1.6739	0.399626	0	0.560367	0.123991	0	0.648878	0.182481	0	1.81522	2.36864	0.756793	0	0.883013	1.40488	0.558482	2.12318	0.889348	0	0.613487	1.01386	0	0.325581
ihec.chipseq.ihec-chipseq-containerv1.1.4.IHECRE00004643.3.7b895a57-db9e-4407-9979-fc4adf5592cc.fc.signal	3.60384	5.21243	5.95078	4.39193	1.8891	2.34379	2.42807	1.64496	0.8781	0.983598	1.07085	0.562403	0.494166	0.246278	0.239577	0.433736	0.160804	0.492273	0.407539	0.825813	1.04693	0.820726	0.323029	0.998873	0.385766	0	0.980144	1.08239	0.132183	0.323617	0.716621	0.248077	0.289744	0.972622	0.71995	0.597496	0.373757
ihec.chipseq.ihec-chipseq-containerv1.1.4.IHECRE00003809.1.88fb2a51-3313-49d0-b432-b95b6b91fc4b.fc.signal	6.07508	7.93096	6.72502	4.77994	3.31348	2.74491	2.0503	1.93049	1.96926	1.57642	2.1732	1.84471	1.84801	1.43988	2.19565	2.9073	2.47894	1.09496	1.24185	1.5702	1.97884	1.16049	1.24616	2.04175	0.732846	0.436864	0.815235	1.49736	1.89776	1.49932	1.3541	1.13263	1.48095	1.8513	2.82377	1.67419	0.379808
ihec.chipseq.ihec-chipseq-containerv1.1.4.IHECRE00000221.3.7d6e7c7b-090f-4b2a-a7ba-f833c718a8ac.fc.signal	0.701015	1.08718	1.43721	0.993552	0.653629	0.278122	0.251532	0.448619	0.717019	0.513699	0.21577	0.351455	0.641491	0.291091	0.21511	0.690837	0.531846	0.377844	0.164922	0	0	0.076457	0.159995	0.117057	0.44442	0.359673	0.372901	0.533291	0.419126	0.382875	0.139387	0.0802476	0.075059	0.218959	0.169773	0	0.597015
ihec.chipseq.ihec-chipseq-containerv1.1.4.IHECRE00003675.3.83112ba3-4a46-4bcb-b23c-b8a94da18e77.fc.signal	2.69407	1.74479	0.877712	0.730596	0.619242	0.618055	0.398897	0.109165	1.87618	1.62082	0.926974	1.40896	0.95843	0.670382	1.38589	0.68639	0.7104	0.455584	0.0937489	0.055508	0.893672	0.495868	0	0	0.49524	0.356585	0.979441	0.348456	0.0924348	0.929895	0.658252	0.264588	0.181326	0	0.434812	0.928014	0.337134
ihec.chipseq.ihec-chipseq-containerv1.1.4.IHECRE00002086.1.61135aae-0e5d-4a79-9f3a-0fb631125d88.fc.signal	11.5598	9.36373	7.79298	3.56198	3.03013	1.69862	1.24299	2.03403	1.12549	2.38425	2.06578	1.18554	1.75616	0.55738	1.64997	3.10534	1.18737	0.0375096	0.384832	1.99059	2.6408	1.02713	0.333984	0.938405	2.77796	0.790083	0.503721	1.80409	0.753826	0.00625167	0.276046	0.306364	1.05478	0.627288	0.812387	1.32711	0.506649
ihec.chipseq.ihec-chipseq-containerv1.1.4.IHECRE00004884.1.cdb41994-86e2-4949-bf91-2378fd47bfa2.fc.signal	3.72848	1.66961	2.57863	2.84561	1.93118	1.55337	0.874929	0.660303	0.648422	0.384379	0.502008	0.670617	0.0754949	0.680227	0.671195	0.404796	2.51012	2.69575	0.883271	0.54708	0.475135	0.339232	1.38451	1.00407	0.479414	0.467444	0.745298	0.188128	0	0.319032	0.132069	0.860557	0.695475	0.674651	0.733417	0	0.481567
ihec.chipseq.ihec-chipseq-containerv1.1.4.IHECRE00000969.7.07e61421-b434-44b9-b0ec-8515d70faad3.fc.signal	2.55529	3.56614	3.27514	1.79048	4.04413	1.19557	0.560867	1.73045	3.16849	0.916249	3.16566	0.737473	0	0	0.505317	0.957736	0.487054	0.319838	1.10938	0.34473	1.14011	0.576901	0.657506	0.505222	0.062676	0.492869	1.31186	1.77347	0.254445	0.839837	0.102241	0.696915	1.34366	1.37849	1.14022	0	0.666667
ihec.chipseq.ihec-chipseq-containerv1.1.4.IHECRE00001851.4.41736f40-6f67-4bdc-bc7e-afd139847fe8.fc.signal	22.3617	21.6588	34.43	33.8303	23.1246	12.3075	4.99243	5.48274	4.63598	3.75845	2.05983	1.08634	2.26296	1.11047	1.30139	1.1082	1.0299	0.950882	1.37982	1.71844	1.90887	1.44471	1.35534	0.335776	0.112877	1.03838	0.711053	0.299125	0.688496	0.983411	1.74065	1.1033	0.330166	0.352742	0	0	0.779167
ihec.chipseq.ihec-chipseq-containerv1.1.4.IHECRE00003679.3.9ac74a4d-9d70-4efc-945e-29c0f04f171f.fc.signal	1.78184	2.33015	1.4274	1.41066	0.763409	1.53795	1.35071	0.488363	0.277689	0.959251	0.32133	0.426765	0.201786	0.33963	0.0039156	0.480285	0.656927	0.591596	0.593064	0.552558	0.351796	0.108698	0.272851	0.149495	0.214052	0.315339	0	0.108046	0.375144	0.345454	0	0.170925	0.138151	0.108846	0.138154	0.41865	0.432161
ihec.chipseq.ihec-chipseq-containerv1.1.4.IHECRE00003680.3.f291fb29-a363-426c-a2c2-33a98c6182ef.fc.signal	3.70659	3.86703	3.31995	2.46268	2.35084	0.87327	0.556472	0.425996	0.421971	0.503135	0.693292	0.525861	0.366076	0.730889	0.437702	0.0819539	0	0.00266173	0.214186	0.223664	0.14786	0	0.0902597	0.159331	0.439265	0.42087	0.325131	0.179702	0.378118	0.459285	0.465964	0.302182	0	0	0.0771903	0.19963	0.393519
ihec.chipseq.ihec-chipseq-containerv1.1.4.IHECRE00003402.2.b9e005f4-fbbb-49ef-81b0-40cfa3806f30.fc.signal	9.16854	13.755	8.06035	6.61357	3.75317	2.76983	3.08055	3.42737	2.40078	1.08091	2.09019	2.05293	2.69519	0.884646	1.37708	1.609	1.39434	0.490664	0.746983	0.974841	0.920343	1.17332	0.957903	0.31216	1.16896	1.81002	0.723772	0.69687	0.672383	0.382436	0.156721	0.852617	0.90065	1.05676	0.815887	0.429423	0.414745
ihec.chipseq.ihec-chipseq-containerv1.1.4.IHECRE00001009.4.25796c70-71fd-4536-b540-351ea027cd8b.fc.signal	6.43416	6.29387	8.53621	7.81298	3.047	3.43152	2.59134	1.44527	1.83502	2.03842	1.58871	3.34051	3.55837	1.73455	3.32363	2.55124	0.848029	0.601505	0.565128	0.313202	0.441047	1.37036	1.65278	0.871318	1.18124	0.727648	0.23564	0.918169	0.516904	0.230767	0	0.0851253	0.264326	0.34963	0.558832	0.577036	0.541358
ihec.chipseq.ihec-chipseq-containerv1.1.4.IHECRE00003695.3.976830f0-f131-4dc5-bdfd-64d83fdc4635.fc.signal	3.86772	3.20248	2.07871	1.99855	0.701863	0.250319	0.320621	0.835463	0.575202	0.250305	0.448613	0.269999	0.106872	0.483797	0.203899	0.154682	0.28265	0.118121	0	0	0	0	0	0	0	0.0674976	0.154985	0.233434	0.476783	0.414873	0	0.115312	0.72719	0.0801618	0.337494	0.21093	0.558583
ihec.chipseq.ihec-chipseq-containerv1.1.4.IHECRE00001997.1.3ac72c63-5790-4eab-ab70-1f2408156b61.fc.signal	0.0408447	0.61267	1.4542	2.45515	2.51974	2.15292	2.59386	1.89128	1.80957	1.91783	1.43572	1.64885	0.827158	1.28675	0.163379	0.269575	0.404362	0	0	0	0	0.839434	1.6931	1.28561	0.157547	0.44943	1.17247	0.836006	0.504768	0	0.0776049	0.763832	1.1111	0.0694359	0	0	0.602757
ihec.chipseq.ihec-chipseq-containerv1.1.4.IHECRE00001887.4.92e33eb4-60fb-4aba-99b3-db60d30e791f.fc.signal	7.74957	2.76269	0.849478	1.24798	1.26003	1.2216	1.20976	0.130434	0	0.690534	1.15856	2.06393	0	0	0.488975	0.774933	0	0	0	0	0.41432	1.02813	0.161125	1.14322	0	0	1.05115	0.253196	0.583118	0.721224	0	0	0	0	0	0	0.620253
ihec.chipseq.ihec-chipseq-containerv1.1.4.IHECRE00001015.4.9280a4bd-15d9-4bff-baed-11156e36abac.fc.signal	8.5308	5.34935	6.82572	3.73308	2.97717	3.96446	5.39539	2.88777	2.71716	2.01748	2.32235	3.31683	1.69228	2.1317	4.38407	2.57477	2.18398	2.82671	3.32747	1.89557	1.93686	1.84256	1.62122	1.55735	2.20033	0.715503	0.258035	0.531729	0.596509	0.711258	0.53535	0.717967	0.323546	1.07099	1.17651	1.37423	0.407163
ihec.chipseq.ihec-chipseq-containerv1.1.4.IHECRE00004617.2.4b42183d-fbd0-4b87-afb1-913c17cc15e7.fc.signal	21.2681	12.9605	23.3119	12.5231	7.33675	5.26448	3.70182	1.68889	1.21371	0.569813	1.58387	0.282698	0.910381	0.622289	1.24604	0.661789	0.0314053	0.0829984	0.713389	0.538374	0.447522	0.607915	0.551834	0.078512	0.0874848	1.13965	0.980397	0.82331	1.54126	2.09544	0.803137	0.067296	0.408265	0.309563	0	0	0.361655
ihec.chipseq.ihec-chipseq-containerv1.1.4.IHECRE00001017.4.30e59caf-785d-487c-b9fe-57d52b0872ee.fc.signal	6.57927	4.43196	6.12037	5.46814	5.22812	4.53895	3.69939	1.75264	1.77876	2.1512	2.77591	2.57384	2.59207	2.11703	2.32044	2.25347	0.77169	1.10544	1.47871	0.986463	0.726762	0.70691	0.726501	1.21632	0.85844	0.927012	0.752604	0.780834	0.366353	0.436453	0.825032	0.951185	0.550739	0.40227	0.369497	0.486578	0.474903
ihec.chipseq.ihec-chipseq-containerv1.1.4.IHECRE00001902.1.526cb17b-4947-475e-9954-5626d82b7161.fc.signal	8.96567	7.32928	5.13663	3.44186	1.7805	2.25837	1.20057	2.278	0.432889	1.82529	1.94115	0.578575	1.82356	2.12748	2.93199	2.02591	2.03104	0.892843	1.19719	2.09173	1.13525	0.845172	1.3915	0.780673	1.29913	2.7511	1.06945	2.02319	1.85069	0.677219	3.14781	2.1198	2.13344	3.52793	3.13759	2.65377	0.361111
ihec.chipseq.ihec-chipseq-containerv1.1.4.IHECRE00003811.1.705a3dcb-b728-43db-b37f-bbceaf83732a.fc.signal	8.18052	7.80225	5.44085	4.62516	4.91831	3.54712	2.11207	1.39119	1.50439	2.54905	2.23599	1.25366	1.84423	1.01014	1.42399	3.30373	3.89851	2.95941	2.88372	2.38999	2.19157	2.78623	1.99007	1.61442	1.47449	0.84081	1.51308	1.26383	1.04738	1.00385	0.753089	1.06007	1.8651	1.80528	1.47451	1.30837	0.300412
ihec.chipseq.ihec-chipseq-containerv1.1.4.IHECRE00001916.1.f84a631d-885b-4535-bad7-e4cb346c7bb1.fc.signal	1.47708	1.43636	0.030807	0.762042	1.19397	0.88237	0.171623	2.19036	2.04083	0.456241	0.770941	0.635213	0.506468	0.588415	1.8058	0.630494	0	0.691418	1.40096	0	0	0.168306	1.00528	1.24182	2.72456	1.06364	0.96026	0.487834	0.212529	1.13852	0.916241	0.292843	1.18728	0.221625	0.987262	0.554385	0.334711
ihec.chipseq.ihec-chipseq-containerv1.1.4.IHECRE00001012.4.9fd4b387-15fe-4e26-8d53-15d3dbb86837.fc.signal	5.64719	3.55314	5.72828	4.59035	2.90597	4.03294	3.0868	0.588054	0.390059	1.2643	1.91705	1.97871	1.36454	1.54321	1.37986	1.22437	0.437872	0.798299	0.662084	0.424754	0.452002	0.369886	0.415158	0.477524	0.407013	0.552423	0.224328	0.297669	0.330746	0.607642	0.56551	1.00216	1.05999	0.739825	0.369779	0.560756	0.46121
ihec.chipseq.ihec-chipseq-containerv1.1.4.IHECRE00001957.2.0bd574cb-6c79-4f0e-a131-98ee1a6088f8.fc.signal	1.99004	2.34213	3.3908	1.39441	1.13302	1.1581	1.11981	0.371594	0.863146	0.88148	0.844028	0.716686	0.616793	0.257107	0.74507	0.524594	0.194718	0	0	0	0	0.831487	0.656696	1.40576	0.0024966	0.092385	0.594701	0	0.173406	0.859933	0.378443	0.589419	0.10985	0.454474	0.269681	0	0.395091
ihec.chipseq.ihec-chipseq-containerv1.1.4.IHECRE00004606.2.411a52db-8794-484a-8712-a21b0a7c3495.fc.signal	20.0139	11.5639	10.8105	7.86867	4.97965	2.83758	0.743274	0.416892	0.296345	0	0.0240201	1.22697	0.214336	0.735254	1.45646	0.025114	0	0.623426	1.38269	0.113013	0	0	0.600225	0.155707	0.841247	1.12249	0.58149	1.12801	1.39553	1.12221	0.659384	0.604457	1.31329	0.911548	0.16073	0.10595	0.466225
ihec.chipseq.ihec-chipseq-containerv1.1.4.IHECRE00001234.5.14b492d4-c6bc-4de9-9d1e-b66fe87b0774.fc.signal	8.00355	5.66179	9.90982	8.02167	6.69668	6.16922	4.40219	2.01688	2.44127	2.14685	2.33931	2.35256	1.32175	1.46436	1.13889	0.796646	0.537188	0.556452	0.75976	0.502146	0.942424	1.51687	0.4389	1.71267	1.57087	0.65961	0.873411	1.20474	1.22701	1.22631	0.995233	1.05128	1.3113	0.979958	0.539059	0.444852	0.461584
ihec.chipseq.ihec-chipseq-containerv1.1.4.IHECRE00003696.3.61e7591e-7d42-4bac-a82f-41dc0577b027.fc.signal	3.82446	3.42285	2.75774	2.20717	2.06997	0.942926	0.442323	0.732818	0.404341	0.372243	0.959086	0.741088	0.59559	0.350369	0.30658	0.2438	0.509512	0.122662	0.302152	0.407249	0.286854	0.267147	0.261353	0.222478	0.132048	0.225892	0.211367	0.363511	0.293434	0.0700928	0.148947	0	0.461325	0.462762	0.337224	0.520044	0.479065
ihec.chipseq.ihec-chipseq-containerv1.1.4.IHECRE00003845.2.fa3c8e36-edcb-4649-9a8e-5dec7e1c367c.fc.signal	0	0.244691	0.146817	0	0.289959	0.642676	0.233237	0.0636219	0.417196	0.302192	0	0.175562	0.090576	0.1224	0.116778	0.0744873	0.2276	0.359731	0	0.033048	0.180122	0.11016	0.148104	0	0	0	0	0	0	0	0.189585	0.117047	0	0	0	0	0.351351
ihec.chipseq.ihec-chipseq-containerv1.1.4.IHECRE00001956.2.6c45d08b-377b-419c-a177-44262ce42f4b.fc.signal	27.6543	23.5805	35.6548	36.02	9.51119	4.58443	4.21375	1.91314	2.60814	2.29204	1.20361	1.4665	1.90571	1.77546	0.968457	1.1271	0.85149	0.158774	0	0.320043	0.713615	1.46166	1.79633	0.611616	0.286128	0.279985	1.28078	0.469649	0.487097	0.683911	0.0165832	0.432494	0.668924	0.81309	1.27145	2.16232	0.486486
ihec.chipseq.ihec-chipseq-containerv1.1.4.IHECRE00001909.1.245ee420-3705-4794-9ed7-05083df48af9.fc.signal	2.37012	3.26444	3.22718	1.47618	0.434155	1.81873	0.418563	0.957052	1.43278	1.74877	0.633549	0.43797	0.682473	1.35293	1.07728	0.744445	1.3459	1.9736	2.23633	0.70064	0	1.21449	2.30348	1.5707	0.668574	1.23262	0.463638	0.157667	0.992595	0.963399	0.706491	0.446388	1.00308	0.65839	0.353296	0.629521	0.42953
ihec.chipseq.ihec-chipseq-containerv1.1.4.IHECRE00000943.7.e73b84a4-42ef-4b6b-83f9-72b6584af2ee.fc.signal	1.09242	0.959634	1.40093	1.41602	1.89479	1.7382	1.38777	0.430175	0.439937	0.35071	0.982502	0.299922	0.832242	1.19759	0.738376	0.55899	0.501509	0.238261	0.25496	0.517363	0.446998	0.159474	0.449295	0.421119	0.498437	0.619176	0.779909	0.871575	0.544507	0.74959	0.548743	0.341194	0.595711	0.317988	0.208798	0.424432	0.779204
ihec.chipseq.ihec-chipseq-containerv1.1.4.IHECRE00004615.1.8cd5cefc-1c86-42bb-a689-d60dd071a471.fc.signal	7.24713	3.63526	3.53341	3.35207	2.49251	0.69962	0.882466	0.652543	0.658796	0.665158	0.0146902	0.618961	0.325239	0	0.588346	0.989819	1.56647	0.46581	0.61896	1.34069	1.06062	0.203555	0.33996	0.440638	0.885397	0.749068	1.48545	0.693292	0	0.370681	0.0951932	0	0.537128	0.755326	0.281191	0.206581	0.470787
ihec.chipseq.ihec-chipseq-containerv1.1.4.IHECRE00001961.2.058af969-8786-43c5-84e7-d3c325107d07.fc.signal	2.13106	2.03145	2.69499	0.826911	0.48123	0.0609202	0.181052	0.337614	0.428921	0.443952	0.311993	0.786431	0.459963	0.182779	0.229184	0.554017	0.675949	0.0383591	0.347157	0.340815	0.193069	0.108396	0.135777	0	0.413514	0.471833	0.213137	0.248628	0.0325075	0.383747	0.278987	0.245284	0.192358	0.0375368	0.0971611	0.347296	0.553732
ihec.chipseq.ihec-chipseq-containerv1.1.4.IHECRE00001050.8.a9a09927-f961-43dc-bcc9-a3c995bbca26.fc.signal	13.8477	3.84965	1.52987	1.06424	0.33947	0.718392	1.06807	0.476786	0.881598	2.03219	1.30236	1.59072	0.656363	3.36477	1.6599	0.328249	0	0.711207	0.593651	0	0.584603	1.36461	0.817104	1.34176	0.41343	0.435897	0.0649813	1.23806	0.497224	0.0247212	0.36194	0.906682	0	0.492579	0.375051	0.180596	0.625935
ihec.chipseq.ihec-chipseq-containerv1.1.4.IHECRE00003683.3.9d98dd69-4d9c-4c81-bc8f-9c0f23e13a7b.fc.signal	3.54739	3.4315	2.26586	1.38652	0.180816	0.27602	0.14737	0.687479	0.453733	0.845129	0.709087	0.508735	0.237669	0.506771	0.276952	0.205291	0.391693	0.4916	0.124801	0	0	0	0	0	0	0.0681013	0.504208	0.650158	0	0	0	0	0	0	0	0	0.418671
ihec.chipseq.ihec-chipseq-containerv1.1.4.IHECRE00004614.1.0ac6fcf9-3ed9-4ad3-9178-9d485c424be8.fc.signal	17.9395	10.8327	12.7484	9.60894	5.33619	1.93273	0.448743	0.399726	0.527948	0.710796	0.0893821	0.19985	0.365786	0.273391	0.83342	0.805115	0.73909	0.848474	1.1521	0.910697	0.203614	0	0.173861	0.546737	0.724038	1.21242	0.448735	0.379003	0.814573	0.776815	0.00942533	0	0.165886	0.326143	0.0735176	0	0.429152
ihec.chipseq.ihec-chipseq-containerv1.1.4.IHECRE00001014.4.25d46380-43d3-437b-8e36-9163ff0c4c1c.fc.signal	4.38474	3.69142	7.18621	5.57866	5.82981	4.97584	4.26288	1.65456	1.11551	2.2428	3.14689	2.12495	1.33638	1.67272	1.64605	0.936712	0.976088	1.50593	1.12419	0.741447	0.836749	0.667233	0.568959	0.31176	0.700957	1.02415	0.604138	0.482707	0.0771893	0.0189864	0.421695	0.735673	0.326841	0.361114	0.235107	0.117979	0.735656
ihec.chipseq.ihec-chipseq-containerv1.1.4.IHECRE00001958.3.3cd86255-36f1-4b55-a6a7-d6b5647cff3a.fc.signal	3.83521	2.88515	2.90799	2.74185	1.34187	0.612815	0.627323	0.740754	0.214998	0.297457	0.368928	0.298953	0.334295	0.321379	0.176808	0.0986773	0.341224	0.377359	0.666532	1.03447	0.905495	0.873611	0.589302	0.758942	0.463489	0.497721	0.187919	0.18156	0.547067	0.471993	0.0798619	0.197192	0.202317	0.0685133	0.171176	0.257522	0.350865
ihec.chipseq.ihec-chipseq-containerv1.1.4.IHECRE00001006.4.4df2c7bd-b09a-4678-b17a-5a2c30bd16ff.fc.signal	4.15845	3.82831	6.41075	6.81641	5.0023	4.17742	2.80272	1.90822	1.97355	2.16433	2.53799	4.34477	1.20927	0.991011	3.38129	3.32261	1.03569	0.674711	0.0182165	0.270864	0.534447	0.431682	0.905127	1.80215	1.3849	2.40747	1.0481	0.359457	1.04874	0.0814005	1.19195	1.33661	1.40257	0.346357	1.02835	0.449347	0.615942
ihec.chipseq.ihec-chipseq-containerv1.1.4.IHECRE00002076.1.483aa0c8-5543-4e25-b16f-2f222c5a2d5b.fc.signal	6.36436	3.55135	5.60236	4.89447	2.06363	1.69347	1.88308	1.18158	3.09097	1.90508	1.62275	1.6743	0.89118	0.648556	0	0.846297	0.701578	2.27847	1.65794	0.759125	1.61046	1.91077	0.409606	1.22691	3.20891	0.759148	0.973406	1.08519	0.549597	0.768814	0.640877	2.18433	1.07119	1.83039	1.09918	0	0.591633
ihec.chipseq.ihec-chipseq-containerv1.1.4.IHECRE00002058.1.0fc0f90b-b2ac-4c17-952e-d39560131bf4.fc.signal	4.97107	8.59071	2.53198	3.68901	2.94811	1.96073	2.01165	0.271847	0.659993	1.00823	1.19481	0.896931	0.734008	0.726891	0.393546	1.24421	0.428196	0.64349	0.6353	0.39801	0.611147	1.4171	0.272928	0.675195	1.58756	1.39108	1.69701	0.767111	1.2428	0.773202	0.906249	0.977878	0.778869	0.954549	0.434793	0.259608	0.532771
ihec.chipseq.ihec-chipseq-containerv1.1.4.IHECRE00001854.4.9795bbe6-24d0-4d23-b44e-724aab1b2c12.fc.signal	4.77137	8.09412	8.24508	5.59672	3.17839	1.91984	1.25044	1.41139	0.670794	1.14315	0.795523	0.391076	0.817249	0.670178	0.0935909	0.124863	0.642956	0.543162	0.880758	1.18326	1.0905	0.446228	0.412803	0.339267	0.42283	1.25846	1.00397	0.921433	1.29028	0.588655	0.484667	0.620587	0.795939	0.533134	0.182168	0	0.920188
ihec.chipseq.ihec-chipseq-containerv1.1.4.IHECRE00001013.4.0a2cbc1f-05a1-4b3e-8b80-47b4f56057cd.fc.signal	6.19951	4.31938	6.88746	6.46855	6.74433	3.31514	2.93359	1.07281	1.07329	3.01084	2.19373	1.54805	2.76192	1.07275	1.96121	1.41783	0.76846	0.762967	1.06921	1.38477	1.33962	0.656382	0.400515	1.01893	1.35277	0.77939	0.287933	0.757448	0.670982	0.883512	0.671448	0.81514	1.68404	1.08529	0.691996	0.708584	0.635569
ihec.chipseq.ihec-chipseq-containerv1.1.4.IHECRE00001918.1.c154a44f-91a2-4062-881d-72e98844dc88.fc.signal	3.78894	1.51422	0	0	0.792219	0.69016	0.36069	0.469997	1.10109	0.835449	0.681532	0.142494	1.02932	1.92134	0.563538	0.37974	0.640939	1.43268	1.12314	0.539899	0.780261	1.25115	3.02048	0.79761	2.95997	1.3145	0.741343	1.18044	0.515996	0.963768	0	1.11713	0.0102971	0	0	0	0.608333
ihec.chipseq.ihec-chipseq-containerv1.1.4.IHECRE00001011.4.50bed74b-26a1-4f2d-ace1-0725fd1277d8.fc.signal	4.90602	3.77895	6.0742	5.292	5.35975	3.60965	2.34907	1.09259	1.46072	2.07162	2.57818	1.91425	1.54982	0.961959	1.55853	0.909309	0.503205	0.545218	0.210276	0.1206	0.230332	0.219265	0.223347	0.305379	0.633729	0.381479	0.0296511	0	0.126548	0.433134	0.232007	0.658043	0.448737	0.380241	0.139907	0.368827	0.381287
ihec.chipseq.ihec-chipseq-containerv1.1.4.IHECRE00000709.3.6a6e5234-23fa-41fc-9f41-6ee555b180c8.fc.signal	0	0	0	0	0	0.156137	0.738626	0	0	0	0	0	0	0	0.358184	0.816856	0	0	0	0	0	0	0	0	0	0	0	0.9605	0.257695	0	0.0749653	1.14323	0	0	0	0	0.432203
ihec.chipseq.ihec-chipseq-containerv1.1.4.IHECRE00001878.2.e386caa6-13f2-44b9-82dc-f7880f6e8e17.fc.signal	0	0	0.0215827	1.40001	0.896637	1.31862	0.414177	0.932362	1.26567	0.344555	0.460884	0.210171	1.2654	1.23944	0.741634	0.156664	0.812219	0.647372	1.5348	1.96306	0.619329	1.36054	1.18261	0	0	1.26965	2.11362	1.31756	0.62847	1.09794	0.881579	0.388491	0.185454	1.76085	1.1663	0.809323	0.247475
ihec.chipseq.ihec-chipseq-containerv1.1.4.IHECRE00001027.7.cd19865b-26c6-4f71-a2cb-2c7271712e2b.fc.signal	1.39807	1.51306	0.425442	0.438575	1.03707	0.188156	0.149138	0.064572	0.161961	0.194062	0.407178	0.32679	0.299647	0.110791	0.356776	0.108207	0.35246	0.562072	1.03169	0.682502	0.194919	0.190511	0.855229	0.724912	0.645019	0.751564	0.527614	0.422816	0.364217	0.411146	0.518702	0.272268	0.705217	0.0543465	0.278875	0.483074	0.537705
ihec.chipseq.ihec-chipseq-containerv1.1.4.IHECRE00000242.3.60fb688a-cd94-4204-878d-aedbff00484b.fc.signal	1.24434	1.11821	1.33549	1.20574	0.961548	0.657254	0.543397	0.618728	0.578326	0.461367	0.752419	0.902176	0.8093	0.670172	0.501035	0.511149	0.44595	0.313672	0.447127	0.547776	0.494582	0.282096	0.169364	0.319492	0.478977	0.482568	0.465024	0.363471	0.224494	0.199048	0.119041	0.0848847	0.249577	0.341876	0.281341	0.29294	0.456247
ihec.chipseq.ihec-chipseq-containerv1.1.4.IHECRE00003685.2.cb8ce07d-5bf2-4abf-a883-851526414fcb.fc.signal	6.44001	4.69778	1.93844	1.57584	0.905683	0.829236	0.96605	0.575005	0.004708	0	0	0.154452	0.266583	0.00156933	0	0	0	0.0408031	0.455116	0.018832	0	0	0	0	0	0	0	0	0	0	0.431575	0.0706211	0.122408	0.202444	0.177335	0	0.464733
ihec.chipseq.ihec-chipseq-containerv1.1.4.IHECRE00004604.3.044a44f4-7a76-4042-adca-64782b5c2f81.fc.signal	8.96106	5.67468	6.14653	3.5754	1.37277	0.470364	0.60186	0.797236	0.230148	0.574771	1.35611	1.07141	1.37613	0.593505	1.32821	0.162137	0.903558	1.43324	2.92097	1.58896	0.337502	0.330839	0.141493	0.740669	0.284593	0.772068	2.37171	0.941529	0.76007	0.398591	0.422987	0.545127	1.19289	0.570533	0.0221188	0.55297	0.468622
ihec.chipseq.ihec-chipseq-containerv1.1.4.IHECRE00004728.1.8beb4625-34f3-4c76-87f5-2108669b4ebf.fc.signal	8.80916	5.62401	3.78612	1.81234	0.376354	0.430385	0	0	0	0.250207	1.34803	0.244413	0.799516	1.59331	0.579753	0.105295	0.95291	0.427848	0	0	0.197823	0.566761	0.819986	0.683354	0.487701	0.183273	0	0.165017	0.729602	0.361563	0	0	0.301444	0.150722	0.344508	0.40372	0.386496
ihec.chipseq.ihec-chipseq-containerv1.1.4.IHECRE00002005.1.1ff1e0cf-fe7a-4485-b51f-e180baac3300.fc.signal	3.44156	5.59083	8.95081	4.74542	4.14562	1.28362	2.00562	1.09875	1.44388	1.15125	1.15449	1.42016	1.43733	1.25542	2.16389	0.671007	1.18392	1.49265	1.42467	0.68007	0.38764	0.686813	1.52453	1.62035	1.51746	0.723424	0.570873	0.155816	0.159005	0.737114	0.0499907	0.752662	1.01688	1.49629	0.385373	0	0.543729
ihec.chipseq.ihec-chipseq-containerv1.1.4.IHECRE00003832.2.1f43525d-0a83-4caf-ad11-becd1d0bf5b9.fc.signal	2.03306	0.284412	0.405433	0.82343	1.04883	0	0	0.42886	0.129636	0	0	0.0886613	0.19772	0.588268	0.512344	0.236262	0.146372	0.2389	0.319083	0.31047	0.93913	0.900994	0.264919	0	0.81809	0.148751	0	0.449771	0.168499	0.448736	0.0374578	0	0	0	0.070609	0.340413	0.220588
ihec.chipseq.ihec-chipseq-containerv1.1.4.IHECRE00004664.3.88322dc5-ffd0-48cb-8071-68d28d8e1eea.fc.signal	5.57005	5.11548	2.67548	2.59462	1.33788	0.0861665	0.193136	0.914106	0.895143	0.509208	0.294796	0	0.512206	0.810033	0.670051	0.82903	0.22333	0.44666	0.0923097	0.0513656	0.444985	1.04388	1.63191	0.574772	0	0.501836	0.858035	0.681144	0.69616	0.263774	0	0	0	0	0	0	0.236842
ihec.chipseq.ihec-chipseq-containerv1.1.4.IHECRE00004609.2.ff95f1fe-813e-4cf7-a1c8-3ae5ac2c2c17.fc.signal	4.22092	3.19369	3.51537	2.91824	1.20144	0.853028	0.0781909	0.269386	0.717935	0.0337643	0.264783	0.364299	0.463814	0.239904	0.0550891	0.703767	0.385623	0.764232	0.618493	0.26656	0.0746368	0.0888533	0.418196	0.0390955	0.845292	0.168821	0	0.145282	0.17593	0.56333	0.573993	0.140388	0	0.410502	0.421165	0.53312	0.525876
ihec.chipseq.ihec-chipseq-containerv1.1.4.IHECRE00000972.6.cf621cfe-3687-4632-9cb9-1d96c4cbf6b0.fc.signal	2.03749	2.78271	1.13623	0.393461	0.540635	0.260376	0.608292	0.550002	0	0.563255	0.596388	0	0	0	0	0.604746	0.155751	0	0	0	0.745485	1.18155	2.0476	1.91507	1.29217	0	0.495098	2.76109	2.72263	2.43898	0.157688	0.903734	0.111247	0.267933	0.533842	0	0.351852
ihec.chipseq.ihec-chipseq-containerv1.1.4.IHECRE00001962.2.719bf6dc-a72b-46ff-9660-2f00ca7238e3.fc.signal	4.23266	2.64137	1.54506	1.06357	0.644245	1.88212	1.65433	1.43811	1.58706	1.14952	1.15241	1.11639	1.03124	0.323494	0.403525	1.24445	1.32063	0.218566	0.541367	0.363194	0.751536	1.29339	0.645541	0.328334	0	0	0.0262135	0.447157	0.712122	0.450121	0.0803731	0.315524	0.284468	0.0327841	0.128295	0.481921	0.472441
ihec.chipseq.ihec-chipseq-containerv1.1.4.IHECRE00003837.4.b0a69b43-094d-48ec-bc60-f9af8670e969.fc.signal	0	0	0	1.49893	1.71549	0	0	0	0	0	0	0	0	0	0.566563	0.759302	1.81323	0.169334	0.519647	1.86559	1.37165	0	0	0	0	0	2.32737	1.29903	0.20846	0	1.11292	2.84599	4.28183	2.45878	2.08019	0	0
ihec.chipseq.ihec-chipseq-containerv1.1.4.IHECRE00000983.7.a8cf4d02-7de5-4d62-b6f2-913c0f5454c6.fc.signal	7.72402	6.24542	4.98448	3.31673	3.04908	0.981929	0.405344	0.437819	1.26459	0.463855	0.478596	0.305355	1.35052	0.283144	0.693326	0.569979	0.241835	0	0.790267	1.20397	0.689427	1.00529	0.881495	0.385319	0.745689	0.831602	0.547645	0.171263	0.354282	0.551666	0.26565	1.50734	1.06079	0.47786	0.399133	0.39785	0.463546
ihec.chipseq.ihec-chipseq-containerv1.1.4.IHECRE00000184.3.e49570a0-926e-4a06-8cdb-e56c6d55c91c.fc.signal	3.34988	6.54279	10.3098	10.7426	4.62316	1.67093	0.255366	0	0	1.61286	4.88205	0.389779	1.41128	6.47846	1.5188	0.483852	3.79028	4.69081	3.22371	5.88984	2.47236	0	0	0	0	1.17494	2.77568	0	0.260384	0.976774	0	0	0.17128	1.45408	0.0913982	0	0.568027
ihec.chipseq.ihec-chipseq-containerv1.1.4.IHECRE00003819.1.15862055-4b77-42a2-9c80-a7361014730f.fc.signal	6.89717	6.58651	6.39543	4.87123	2.60479	2.24279	1.92358	2.66611	2.41744	1.5037	2.79591	2.92061	1.87561	1.64424	1.27054	1.71579	1.48016	1.9754	1.64545	2.25514	1.94093	1.75157	1.16169	1.47815	1.86564	1.89674	1.79956	1.4086	0.889373	1.23027	0.980575	0.833884	1.7106	2.444	3.26075	2.12618	0.359223
ihec.chipseq.ihec-chipseq-containerv1.1.4.IHECRE00003812.1.155d6bcb-5d5c-4947-89c2-c75cf0a7e99d.fc.signal	18.3975	28.2816	30.2427	26.1271	13.595	6.40196	6.3895	2.31805	2.2598	2.56743	3.043	2.58619	1.55493	1.85659	1.95086	1.3697	1.69717	1.47257	1.65258	2.45137	1.92311	1.8786	1.39166	2.05607	1.2466	0.529293	1.02517	0.903864	1.22559	0.682359	1.09742	2.77252	2.33614	1.34179	1.42629	0.586627	0.271731
ihec.chipseq.ihec-chipseq-containerv1.1.4.IHECRE00003715.2.e8a2a442-a331-474b-9c0f-ad5c0953942a.fc.signal	3.46614	2.96924	4.03891	3.03031	1.28422	0.920785	0.957156	0.791944	1.68982	1.42131	1.074	0.925617	0.730837	1.12771	2.32474	1.48136	0.8735	1.17682	1.51557	0.997459	0.647245	0.656296	1.4363	1.58616	0.945835	0.327941	0.325148	1.48513	1.19602	0.551858	0.353336	0.857719	0.634588	0.638971	1.16505	1.02249	0.483273
ihec.chipseq.ihec-chipseq-containerv1.1.4.IHECRE00001904.1.30aebd5d-55b8-4958-834c-27c8c0a165bb.fc.signal	2.64922	1.31329	0.584292	1.41126	1.09994	0.280666	0	0.0346816	0.426843	0.125613	0.284813	1.0672	0.853825	0.446463	0.820023	0.366436	0	0.201867	0.415498	0.124636	0.589702	0.196546	0.657723	0.663325	0.473607	0.769895	0.352021	0.387783	0.69481	0.662852	0.551782	0.132725	0	0	0	0	0.232143
ihec.chipseq.ihec-chipseq-containerv1.1.4.IHECRE00003396.1.f283c7ad-e125-498d-831d-e15ed9c8164f.fc.signal	3.91883	3.10596	5.78437	6.9239	4.24583	1.80351	2.45377	1.47311	0.227494	2.32782	0.79416	0.0815988	1.16689	2.12578	1.13153	0.238061	0	0.337676	1.04358	0.783506	0.472801	0.926362	1.03497	0.601238	1.39756	0.14832	0	0.376066	0.916585	0.846922	0.0776807	0	1.22433	0.576724	0.77337	1.975	0.283083
ihec.chipseq.ihec-chipseq-containerv1.1.4.IHECRE00000279.2.cf6e92c8-e3ec-4439-b44a-88a19fe6bafe.fc.signal	17.9793	14.4583	6.81711	4.44518	0.728657	0.202967	0.342714	0.223379	2.30824	2.13671	0.129329	0.924473	0.435927	1.32801	0.858969	0	0	0.971317	1.60502	0	0	0	1.14406	0.957728	0.419913	0.694846	1.49687	1.17016	1.27543	0.837666	0	1.15489	1.53207	0.534032	0.828816	0.44091	0.310811
ihec.chipseq.ihec-chipseq-containerv1.1.4.IHECRE00003730.1.3f439d72-e3f6-44c0-a502-169344c6ad35.fc.signal	9.36456	7.63138	4.16435	2.51825	3.50887	2.5311	1.9363	1.62443	2.19952	2.15741	2.90959	2.14884	0.666292	2.16464	2.61384	1.41868	1.74214	0.324656	0.585911	0.528116	0.962104	0.791513	0.542149	0.395535	0	0	0.0856453	1.51123	1.4809	0.705031	0.0744715	2.04898	1.55014	0	0	0	0.411248
ihec.chipseq.ihec-chipseq-containerv1.1.4.IHECRE00003694.3.61c30d06-38bd-4873-b3e9-1676bf3449d1.fc.signal	3.20805	3.66952	2.85562	1.17264	1.09106	0.447699	0.268431	0.29	0.135451	0.0270724	0.347819	0.0864298	0.261984	0.0864431	0	0	0	0	0	0	0	0	0	0	0	0	0.0488303	0.543651	0.143041	0	0	0	0	0	0	0.149784	0.453598
ihec.chipseq.ihec-chipseq-containerv1.1.4.IHECRE00001915.1.f5573e79-d80d-470a-8d12-22719ef4a51e.fc.signal	0.858596	0.0247707	0.220918	0.335326	0	0.0565113	0.882786	1.35722	0.879502	0.567783	0	0.36491	0.926913	0.625796	0.386633	0.48035	0.608811	0.665516	1.12559	0.65736	0.762859	1.92648	0.933557	0.255725	0	0	0	0	0	0	0	0.237694	0.559712	0	0	0.101362	0.188034
ihec.chipseq.ihec-chipseq-containerv1.1.4.IHECRE00001966.2.f603ad07-1fa1-4eda-9e31-ea07130b3846.fc.signal	21.3419	19.0689	24.9067	15.9403	5.64076	3.57879	6.36869	2.10252	0.640816	1.15143	2.03477	2.50968	2.15591	3.25389	2.19087	0.7719	0.75763	0.891131	1.24137	3.23258	3.0265	0.395996	0.405394	0.653317	0.354641	1.01054	0.269714	0	0	0.403419	0.0792214	1.16739	1.897	0.253334	0.518003	0.372105	0.493881
ihec.chipseq.ihec-chipseq-containerv1.1.4.IHECRE00003843.4.c2c52d4b-c9da-43f3-925f-8359bbb97ee0.fc.signal	0	0	0	0	0	0	0	0	0	0	0	0	0	0	0	0	0	0	0	0	0	0	0	0	0	0	0	0	0	0	0	0	2.81154	3.39809	2.72744	0	0
ihec.chipseq.ihec-chipseq-containerv1.1.4.IHECRE00003398.1.f0bdf12d-8bcf-4989-949c-4d32dbd60ffe.fc.signal	2.657	2.41117	5.57457	4.38076	3.66285	2.73336	1.74518	1.62618	2.25506	0.866637	2.9746	2.25639	3.14314	0.494832	2.49296	4.35718	4.23248	1.22284	1.74897	1.5553	1.90265	0.410346	1.7949	3.70768	2.68249	0.263037	0.0887883	1.78933	1.71074	1.73451	1.49635	0.988512	0.920546	0	0.189247	0.99429	0.330201
ihec.chipseq.ihec-chipseq-containerv1.1.4.IHECRE00000942.6.57b4ba27-01c8-4621-88e8-a90fc9665acf.fc.signal	3.41129	7.6524	4.35314	0.255902	0.490247	0	0.616665	0.320367	1.16482	0.154717	0.506924	0.560118	1.01615	1.14851	1.44768	2.77564	0.520776	0.557209	1.46689	1.07419	0.959799	1.48651	0.861644	0	0.310587	1.7772	0.516386	0.631786	1.33551	0.464534	0.914865	0	0.903176	0.0541476	0	1.00199	0.29722
ihec.chipseq.ihec-chipseq-containerv1.1.4.IHECRE00001010.4.69b34e98-e895-4591-bbf6-ca5ed99320f1.fc.signal	5.87113	4.64756	4.59778	4.43737	3.74681	1.95426	1.7873	1.48726	1.23751	1.09619	1.05469	0.913207	0.644048	0.394343	0.532964	0.609703	0.4928	0.279309	0.205009	0.050156	0.0877179	0.151131	0.308761	0.252565	0.25925	0.228249	0.247439	0.196628	0.0518489	0.193563	0.471566	0.262255	0.33288	0.616585	0.220277	0.133683	0.559715
ihec.chipseq.ihec-chipseq-containerv1.1.4.IHECRE00003404.1.0fdae11f-7f58-4d45-8594-d429c2e066c7.fc.signal	12.6669	21.723	11.9791	9.57517	5.55301	2.68798	1.25954	1.30683	1.09205	1.97188	2.44478	1.58317	1.97791	1.86942	1.73747	1.80535	1.39293	1.38905	0.956827	1.62121	1.84154	1.69338	1.87754	0.113827	0	0.282459	0.324201	0	0.798744	1.26927	0.962922	0.963843	1.44195	0.463274	1.01377	1.19519	0.291442
ihec.chipseq.ihec-chipseq-containerv1.1.4.IHECRE00003401.1.04bbdaed-a320-4540-aa2d-1d676d505c81.fc.signal	7.71941	8.5455	8.02504	5.33331	5.01687	3.66076	2.90862	1.90757	1.00648	1.51396	0.824902	0.878877	0.515583	0.140245	0	0	0	0.614816	0.85875	0.634206	0.66042	0.636031	0.602918	0.161418	0.335376	0.25163	0	0.0747267	1.19461	0.737102	0.604009	1.10787	0	0.369368	0.52884	0	0.288377
ihec.chipseq.ihec-chipseq-containerv1.1.4.IHECRE00004607.2.654f15ab-b67f-4220-9161-30be6d438771.fc.signal	22.0094	11.174	14.2561	8.33943	4.73687	2.61982	2.09184	0.78599	0.572136	0.538076	0.7781	1.19999	0.939763	0.154074	0.247528	0.730097	0.618935	0.143971	0.0202064	0.644205	0.727596	0.328354	0.515328	0.330916	0.965066	0.788177	0.481429	0.529849	0.642572	0.942303	1.03577	0.373889	0.0101032	0.59355	0.164188	1.00655	0.429221
ihec.chipseq.ihec-chipseq-containerv1.1.4.IHECRE00001964.2.194197dc-d3ad-4faf-839a-1e28c390e1c7.fc.signal	5.6532	3.50524	3.82483	1.26368	1.74631	1.49633	0.532709	1.52842	1.08717	1.84287	2.30776	1.47971	1.54612	1.1824	1.23834	0.811449	0.635635	0.472671	0.607183	0.475099	0.230728	0	0	0.850881	1.1414	1.2369	0.824334	0.00783867	0.794228	0.591798	0	0	0	0	0	0	0.441956
ihec.chipseq.ihec-chipseq-containerv1.1.4.IHECRE00004618.1.40df65f6-ad48-44fa-bfba-39b465419c5e.fc.signal	8.04889	6.56189	6.08254	2.17669	0.873106	2.14735	0.841146	0.236093	0	0	0	0	0	0.311111	1.36741	0.777993	0.104986	0	0	0.126313	1.07215	1.96637	0.0929252	0	0.0146724	0.96121	0.489533	0.321614	0.486728	1.1358	0.512867	0.997903	0.337517	0.229599	0.0470512	0.253681	0.473816
ihec.chipseq.ihec-chipseq-containerv1.1.4.IHECRE00004655.3.5ad5ea75-e5d4-4eb8-b48f-34fd517b64b3.fc.signal	1.6136	0.870214	0.384767	0.103203	0.055513	0.465897	0.977009	0.89681	0.134528	0.778532	0.567677	0.358605	0.315624	0	0.504192	1.46905	0.81961	0.818185	0.174388	0.176452	0.404126	0.199408	0.0310985	0.310184	0.269433	1.06857	0.211953	0.0766857	0.425655	0.193998	0.399114	0	0	0.11897	0.40299	0.308814	0.422414
ihec.chipseq.ihec-chipseq-containerv1.1.4.IHECRE00001008.4.a169f921-cefd-41e3-aba6-62149b95f327.fc.signal	7.6282	4.22185	4.9174	5.36265	4.73989	4.17659	3.4533	1.74756	2.62644	2.97897	2.02091	1.85767	2.17671	1.60332	1.22326	2.00947	1.13944	2.11233	1.91558	0.567515	0.47134	0.882666	1.31787	1.06363	1.69122	3.09725	1.63184	1.54556	0.588683	0.271688	0.487399	1.23705	1.27297	0.665297	0.659701	0.489766	0.363368
ihec.chipseq.ihec-chipseq-containerv1.1.4.IHECRE00000238.3.b63d6dc1-6fc0-4b8d-9bff-172e3f638785.fc.signal	1.38884	1.25724	0.918524	0.461954	0.128848	0.282165	0.204246	0.0600907	0.0794231	0.0668163	0.0842989	0.0318417	0.138123	0.179531	0.16701	0.0985026	0.179751	0.228717	0.108133	0.0211008	0	0.0506945	0.0906159	0.00235253	0.12629	0.119432	0.0900146	0.221084	0.24784	0.121265	0.0827587	0.140618	0.168841	0.236855	0.166654	0.104942	0.526646
ihec.chipseq.ihec-chipseq-containerv1.1.4.IHECRE00000243.3.6e43a1d4-827b-4226-ab35-bcd9e4427ba9.fc.signal	1.91374	1.95889	1.29146	1.22993	0.968166	0.634494	0.422565	0.597733	0.645018	0.402302	0.23367	0.137412	0.567894	0.586216	0.0643741	0.0227063	0.174397	0.248477	0.218875	0.231572	0.250137	0.19897	0.144954	0.250622	0.450147	0.443726	0.381192	0.290886	0.116328	0.213732	0.354551	0.538964	0.350179	0.186704	0.181928	0.0861381	0.375451
ihec.chipseq.ihec-chipseq-containerv1.1.4.IHECRE00003804.1.99f64bff-6a7f-4116-8a49-8ea2121e3dc6.fc.signal	4.60363	4.4245	3.49741	2.42885	2.02908	2.64624	2.15441	1.32939	1.05022	0.914344	1.22858	1.36529	1.44463	2.1293	2.31866	2.35363	2.44189	1.78816	1.60275	1.63005	1.90492	2.02772	1.32386	1.72895	0.800767	0.316952	1.10324	1.58503	0.692813	0.0583471	0.0993449	0.541504	1.47536	2.72099	1.33202	0.729337	0.290984
ihec.chipseq.ihec-chipseq-containerv1.1.4.IHECRE00001973.1.61dbfaab-48a0-49aa-b249-2516c02981de.fc.signal	4.43051	5.13032	4.1723	4.09457	5.22157	3.24721	3.1293	1.37987	0.719424	2.93775	1.74011	1.08896	1.05747	2.44525	1.07478	0.399004	0.978875	0.840861	0.775456	0.276796	0.364871	0.70824	0.678904	0.630779	0.551761	1.06199	0.103284	0.876281	0.568393	0.388794	0.489272	0.256422	0.223458	0.476004	0.110433	0.58962	0.538361
ihec.chipseq.ihec-chipseq-containerv1.1.4.IHECRE00001959.2.a16168d3-492b-4fa9-9ed9-f6132409aea8.fc.signal	2.84484	1.94805	2.44262	2.23755	1.31836	1.26352	0.751106	2.12856	0.422738	0.0956751	1.84072	0.570316	0.9008	1.70092	0.927389	1.48573	2.11443	0.569359	0.464029	0	0.387164	1.19139	0.808634	2.16477	2.1935	1.72653	0.783606	0.293193	1.68705	2.10858	0.75423	1.45908	1.92313	0.660773	1.07966	1.50591	0.452697
ihec.chipseq.ihec-chipseq-containerv1.1.4.IHECRE00003678.3.651f7635-fa04-4a73-ad9d-b88c234511f0.fc.signal	1.51691	1.08764	1.70611	1.76724	1.59495	2.1152	1.37485	1.4126	0.273308	0.293234	0.184834	0.161805	0.405409	0.286521	0.733544	0.147044	0.429706	0.340921	0.400199	1.02426	1.68077	0.873957	0.0755842	0.290383	0.297104	0.327525	0.219094	0.149267	0	0	0.564707	0.852721	0.717387	0.263326	0	0	0.428173
ihec.chipseq.ihec-chipseq-containerv1.1.4.IHECRE00000240.3.8f250bd6-ace7-4938-8056-c658c54331a9.fc.signal	4.37239	2.15799	1.97669	1.42809	1.19597	1.09941	1.38631	0.96207	0.85662	0.726046	0.853547	0.585043	0.547556	0.660947	0.528846	0.455537	0.752191	1.12359	1.28463	0.909442	0.283507	0.0865997	0.402156	0.272102	0.0460789	0.211064	0.304723	0.46596	0.436134	0.042391	0.232608	0.394281	0.367197	0.675721	0.778273	0.354263	0.383178
ihec.chipseq.ihec-chipseq-containerv1.1.4.IHECRE00002067.1.986e393c-de82-4afc-818b-4cc2a632dc28.fc.signal	8.99416	12.8923	10.5073	7.06713	1.85731	1.97095	2.77718	1.09838	1.84075	2.00213	0.720879	0.707588	1.27209	1.67792	1.35941	1.32089	0.186392	0.303016	1.28501	2.34787	2.06893	1.75528	0.619529	0.396581	0.849934	0.415201	0.461555	0.320922	1.40768	0.344343	0.307769	1.57808	0.479844	0	0.42752	0.492353	0.620954
ihec.chipseq.ihec-chipseq-containerv1.1.4.IHECRE00003677.3.486b8afb-6747-4d4a-93ee-788cf88097fc.fc.signal	5.91759	3.47059	1.85633	2.58734	1.93947	1.55918	0.984389	0.271548	1.1476	0.689041	0.564019	0.426352	0	0.421528	0.233934	0.412847	0.817035	0.132484	0	0.060866	0.303293	0.380704	0.707383	0.212905	0.0246195	0.180259	0.239946	0.0349999	0	0	0	0	0	0	0.443998	0.548744	0.471448
ihec.chipseq.ihec-chipseq-containerv1.1.4.IHECRE00001021.4.fe2297ab-7a22-4ba1-b2e8-9748d9ff6f48.fc.signal	4.71013	4.43925	4.89355	5.57101	5.04221	5.30466	4.93628	1.8967	3.41763	3.07255	3.35628	3.05858	3.29734	2.41906	1.96788	1.02171	0.902724	1.07059	1.2597	1.72611	1.36459	0.288123	0.685698	1.17978	2.39575	1.75478	1.51442	0.786528	0.908011	0.0869713	0.315566	1.02372	0.718749	0.931623	1.29071	1.76593	0.491477
ihec.chipseq.ihec-chipseq-containerv1.1.4.IHECRE00000992.7.d770a09a-2cad-4524-8aaf-69b927e47c59.fc.signal	0.663865	0.49108	0.756684	0.579752	0.801672	1.11994	0.478939	0.261612	0.868035	0.517019	1.0024	1.20164	0.956843	0.549359	1.12188	0.544773	0.535755	0.621708	0.605361	0.554588	0.295223	1.13014	1.08573	1.09526	0.399345	0.330533	1.32395	1.19357	0.899189	0.672299	0.543286	1.00597	1.07872	1.94188	0.981493	0.709108	0.692115
ihec.chipseq.ihec-chipseq-containerv1.1.4.IHECRE00001900.1.eba0146b-fc0a-4798-98b6-8f831ec2d14a.fc.signal	6.54238	4.39091	4.67036	3.80212	1.37551	1.9312	1.54264	0.402289	0.566907	0.939672	1.60683	1.91239	1.51405	0.951607	1.06928	1.25138	1.15419	0.819699	0.720197	1.13701	1.07907	0.823058	1.32535	1.63602	1.35884	1.19753	0.567293	0.796363	0.260014	0.185135	0.927451	1.02728	0.909255	1.12727	0.904763	1.11849	0.362018
ihec.chipseq.ihec-chipseq-containerv1.1.4.IHECRE00000001.4.8e4a8d6c-26e0-4b8d-aa08-7875973212d4.fc.signal	2.78168	2.37075	3.56124	3.31651	2.73613	1.88282	1.50957	2.07578	2.06777	1.28774	0.54104	0.825578	0.138657	0	0.0983015	1.00395	1.35343	0.901007	0.144222	0.0225504	0.226597	0.321092	0.287049	0.832703	0.872705	0.311506	0	0.0115603	0.809897	1.25157	0.208015	0.49687	0.573631	0.261517	0	0	0.407154
ihec.chipseq.ihec-chipseq-containerv1.1.4.IHECRE00001955.3.e3f14527-a39d-40b4-9738-20c86afa593c.fc.signal	5.70938	2.59193	2.68218	1.744	1.66052	1.32066	1.34688	1.06722	0.935223	1.34283	1.6175	0.672541	0.945353	0.729441	0.730825	0.830332	0.746004	0.948325	1.16463	0.519283	0.119463	0.426296	0.387907	0.480852	0.261394	0.362295	1.02354	0.628872	0.394031	0.703165	0.425564	0.408046	0.19789	0.268772	0.327462	0.50489	0.336348
ihec.chipseq.ihec-chipseq-containerv1.1.4.IHECRE00001963.2.fedd976d-b28a-4be3-ac2b-5bf744440420.fc.signal	10.928	5.50928	5.06672	4.31601	2.58754	2.225	2.6876	1.23802	0.241945	0.516296	0.464618	1.09632	1.2046	1.03862	0.737937	0.202487	0.764257	0.702164	0.0705392	0.315748	0.517772	0.548632	0.997946	0.904969	1.07731	0.898117	0.259102	0.595153	0.782909	0.999115	0.53952	0.696443	0.350257	0.101231	0.432755	0.465031	0.403922
ihec.chipseq.ihec-chipseq-containerv1.1.4.IHECRE00001025.7.9c7e2dd7-abf1-40e7-80a7-163dc7b3844f.fc.signal	12.6769	11.7764	14.3461	9.96318	5.18762	3.91345	1.66319	1.03852	1.16432	0.751226	1.81113	1.46342	0.619219	0.569684	0.815727	0.255062	0.450184	0.950742	0.923224	1.15414	0.588867	0.497347	0.853743	0.94555	1.05863	0.781834	0.430734	0.30288	0.528281	0.811265	0.287806	0.871186	1.33417	1.442	1.20021	0.411575	0.35933
ihec.chipseq.ihec-chipseq-containerv1.1.4.IHECRE00001903.1.a4b839f4-cb72-4000-8141-3e889aede665.fc.signal	1.8712	1.19435	0.397828	0.31034	0.257182	0.0841877	0.745139	0.416535	0.0126891	0.176395	0.314542	0.107208	0.47206	0.812097	0.442802	0.649906	0.312715	0.666467	0.690724	0.588815	0.9272	1.93764	0.739952	0.904051	0.402178	0.354782	0.951633	0.304702	0.313252	0	0.200668	1.04398	1.04381	0.410502	0.110423	0.0274762	0.459893
ihec.chipseq.ihec-chipseq-containerv1.1.4.IHECRE00000236.3.2c1c8672-6452-4ab8-881a-a766bd324041.fc.signal	3.57887	6.43086	6.65608	4.44007	2.72968	1.59676	1.09744	0.797089	0.694582	0.804674	0.798099	1.1234	1.14829	0.812985	0.861896	0.890795	0.445866	0.347442	0.748763	0.914383	1.00662	0.939033	0.91527	0.701236	0.696322	0.781113	0.387688	0.0733255	0.0426269	0.29558	0.692024	0.525276	0.398278	0.741868	0.86474	1.03319	0.272171
ihec.chipseq.ihec-chipseq-containerv1.1.4.IHECRE00004703.3.ff0deec0-0a6b-4d27-8ce7-758715469921.fc.signal	5.19569	3.39426	2.64855	1.69249	2.38781	1.71857	1.14492	2.76885	2.89052	1.62725	0.95514	0.5875	0.549717	0.573512	0.409875	0.688457	0.518073	0.599655	1.32465	1.17277	0.938962	0.504239	0.403694	0.798245	1.35878	0.742013	1.44389	1.46033	1.3495	0.219711	0.183761	0.755749	0.839571	0.451647	0.568893	0.762247	0.475285
ihec.chipseq.ihec-chipseq-containerv1.1.4.IHECRE00002065.1.b81732b7-0852-42a0-916a-8784920a02a3.fc.signal	12.614	7.14248	6.21744	5.80097	1.87834	1.97746	1.30577	0.523393	0.782209	0.93287	1.76798	0.803344	2.12566	2.1634	1.62591	1.1901	1.41973	0.709062	0.543928	0.473921	0.268083	1.13654	0.243731	0.0992977	1.34507	1.44423	1.17341	1.73305	1.16732	0.532357	0.300405	1.15085	1.83638	0.0496489	0.227594	0.67703	0.549462
ihec.chipseq.ihec-chipseq-containerv1.1.4.IHECRE00003813.1.0652445e-a604-4bf6-a647-b7142178f30a.fc.signal	8.80842	7.23809	7.47803	5.78222	2.04342	2.10393	2.1139	1.82649	2.19026	2.29092	1.54375	1.88192	1.54438	2.08429	1.77423	1.71506	1.58615	0.7266	2.18327	2.04226	1.19772	1.21046	0.872122	0.464241	0.286479	0.286516	0.834217	0.790757	0.402149	0.358862	0.614923	1.04594	2.42771	2.38365	2.86025	1.9959	0.398551
ihec.chipseq.ihec-chipseq-containerv1.1.4.IHECRE00001007.4.259e94cd-5685-43b2-a4f5-8d6cc0ff4b88.fc.signal	5.42792	5.24165	4.74597	7.38063	6.97739	4.86261	4.34334	1.76748	2.86769	2.60589	3.45507	2.58073	1.38748	1.02787	0.74089	0.946563	0.707991	0.69049	0.5989	0.848088	0.465854	0.836934	0.309567	1.32064	1.0968	0.984339	0.644926	0.77799	0.769855	0.76494	0.624677	0.957606	0.435339	1.24056	0.808745	0.42606	0.589984
ihec.chipseq.ihec-chipseq-containerv1.1.4.IHECRE00000235.3.077c5772-92ce-4a32-a06f-48c1b9a6f571.fc.signal	1.89273	2.33739	2.13979	1.87361	1.72502	1.50793	1.06597	1.28858	2.49995	2.56484	2.2204	1.80791	1.14674	1.00934	0.764516	0.919133	1.11945	1.09417	0.942524	0.773171	0.535407	0.479243	0.761581	1.00156	0.882306	0.510058	0.321171	0.511546	0.765262	0.62473	0.507735	0.453319	0.32514	0.403337	0.416821	0.397823	0.463882
ihec.chipseq.ihec-chipseq-containerv1.1.4.IHECRE00000233.3.c81f88e2-7199-4952-a0ac-fbf221a68e22.fc.signal	2.99133	2.82384	3.55263	3.98366	2.76571	1.72979	1.3727	0.73795	0.763597	0.900599	0.939924	0.804924	1.16336	1.05136	0.647013	0.600321	0.492405	0.375208	0.430949	0.60276	0.446083	0.695403	0.686223	0.508681	0.959555	0.819058	0.90409	0.643586	0.457999	0.426294	0.501152	0.582206	0.347242	0.123399	0.261443	0.395241	0.385179
ihec.chipseq.ihec-chipseq-containerv1.1.4.IHECRE00000230.3.93bed2a7-7118-417a-9bcf-494520ff91da.fc.signal	4.27501	4.99659	4.54724	3.4033	2.04904	1.17421	0.988971	0.58212	0.696053	1.34231	1.47861	0.985634	0.60209	0.329212	0.492057	0.693357	0.858817	0.715854	0.587216	0.371168	0.208305	0.219296	0.307298	0.624855	0.688008	0.545777	0.333832	0.412748	0.564027	0.513201	0.177072	0.136447	0.271422	0.331148	0.80071	1.0437	0.318627
ihec.chipseq.ihec-chipseq-containerv1.1.4.IHECRE00001888.4.5d335139-80db-490f-af5c-5cf1e8a1a3de.fc.signal	10.7341	8.5809	9.52528	10.3119	9.97998	5.42695	2.01624	1.38931	1.05604	0.858001	1.06316	2.56678	1.04811	1.23678	1.2502	1.06306	0.893394	0.1794	0	0.048947	0.569783	0.345529	0	0.311205	1.13254	0.836159	0	0.243566	0.607877	0.554174	0.056941	0.740369	0.720025	0	0	0	0.704832
ihec.chipseq.ihec-chipseq-containerv1.1.4.IHECRE00000953.7.d1230a6c-251f-4531-9280-d78355c8285e.fc.signal	7.10492	8.26611	7.48038	3.21069	1.59859	0.677995	2.06257	1.00031	0.648258	0.891389	0.356293	0.309599	0.699816	0.334762	0.269596	0.877388	0.647309	0.449175	0.0177047	0	0	0.214222	0.650201	0.266486	0.251183	0.882554	0.27864	0.473325	0.612205	0.485731	0	0.0470852	0.987168	0.384303	0.653203	1.2798	0.25
ihec.chipseq.ihec-chipseq-containerv1.1.4.IHECRE00003803.1.d5373538-03e5-4aea-a61c-f80d029c4d74.fc.signal	4.53107	1.77679	4.72542	6.32573	1.82337	1.09884	1.27644	1.14773	0.667672	1.6654	0.904103	0.355658	0.986456	1.69857	0.361008	0.665503	2.09633	1.50615	0	0	0.260807	1.16099	1.49433	1.76407	0.900773	1.39519	1.14956	1.12232	1.21348	1.77878	1.20886	1.60748	3.26789	0.278821	1.04416	1.56341	0.306191
ihec.chipseq.ihec-chipseq-containerv1.1.4.IHECRE00000225.3.d3516206-786f-4b11-864f-1792d77e2a36.fc.signal	8.18395	8.97897	7.61769	4.26593	2.82412	1.65656	1.34462	1.17207	1.63254	1.41641	0.752702	0.93414	0.960061	0.720053	0.471241	0.486685	0.812964	0.765962	0.648139	0.535189	0.369414	0.425639	0.316752	0.295388	0.750959	0.751199	0.437151	0.33283	0.179673	0.163561	0.0898287	0.215249	0.151619	0.0622323	0.122782	0.138636	0.517544
ihec.chipseq.ihec-chipseq-containerv1.1.4.IHECRE00004616.1.bdf8440d-f4c1-4471-9c29-b1cf45563873.fc.signal	11.8897	8.29191	10.4909	7.13746	4.02532	1.14526	0.833825	0.0488597	0	0.241274	1.7622	0.735997	0.363394	0.5436	0.0183224	0	0	0	0	0.586397	1.30566	0.766601	0.241245	1.09338	1.28174	0.699206	0.0967869	0	0	0	0	0.351248	0.565053	0.152706	0.763579	0.214716	0.371126
ihec.chipseq.ihec-chipseq-containerv1.1.4.IHECRE00004608.1.6d8749d8-24c7-4e6d-8992-3543e47f35de.fc.signal	10.0377	4.61403	4.44271	2.44079	1.3331	1.18759	1.42699	1.08667	2.0724	0.69706	0.727574	0.337968	0.395449	0.436025	1.06618	0.147861	0.110309	0.593791	0.650119	0.464707	0.34799	0.016429	0	0.100921	0.413072	0.224589	0.650257	0	1.23129	1.81654	1.15561	0.332717	0.335621	0	0.014082	0.374053	0.561463
ihec.chipseq.ihec-chipseq-containerv1.1.4.IHECRE00000980.8.339aed23-3831-43ff-b152-c5545f91df38.fc.signal	3.07175	2.76327	1.81864	0.226671	0.464196	0.570231	0.553674	0.458105	0	1.29469	0	1.63084	0.537675	1.16792	0.589725	0.239023	1.37479	0	0	0	0.715597	1.11186	0.6741	2.55392	1.4099	0.848894	0.804016	0	0	0	0.281179	0.899727	1.63094	1.11799	0.815136	1.22532	0.374286
ihec.chipseq.ihec-chipseq-containerv1.1.4.IHECRE00003691.3.e70a956a-e876-473f-ae67-333f104e486a.fc.signal	3.44788	2.87533	3.32327	2.57843	0.776392	0.531628	0.706815	0.294874	0.0488767	0.113554	0.834336	0.596261	0.18924	0.167127	0.42111	0.0409933	0.460561	0.346985	0.611967	0	0	0	0	0.46527	0.481043	0	0	0.364346	0.108828	0	0	0.619858	0.326486	0	0	0	0.451379
ihec.chipseq.ihec-chipseq-containerv1.1.4.IHECRE00003810.1.c695043f-867f-4d87-b518-a1edfe717a8b.fc.signal	9.45125	10.7884	9.61157	8.55758	4.49236	3.51903	1.85966	1.56368	1.91151	2.75111	2.07532	0.743884	1.59376	1.80309	1.3575	3.15874	2.27516	2.45937	2.61977	2.70757	2.28862	2.03837	1.45452	1.20835	1.76048	2.54188	2.49884	1.94722	1.46785	1.07414	1.34196	2.77128	3.26466	3.24067	2.07724	1.01689	0.321622
ihec.chipseq.ihec-chipseq-containerv1.1.4.IHECRE00004681.3.c6a7774b-6eaf-490c-a1c8-9eecf570b062.fc.signal	4.03347	4.29492	4.57277	2.64821	1.39021	0.599425	0.18485	0.521354	0.587341	0.648601	0.643429	0.656749	0.27632	0.788894	0.409342	0.363857	0.314139	0.389586	0.451486	0.465132	0.305379	0.538775	1.40968	0.870404	0.315881	0.181118	0.474024	1.06332	0.299353	0.790735	0.298548	0.5288	0.497274	0.844679	0.420031	0	0.488372
ihec.chipseq.ihec-chipseq-containerv1.1.4.IHECRE00000099.3.e8d8915f-2a7b-434d-ae6f-f1c573d41250.fc.signal	16.0855	19.7172	13.6304	8.84788	6.54884	5.42605	5.8183	4.07976	2.47935	0.10183	0	0.687597	1.29972	0.72864	2.29117	0.084858	1.98568	4.3234	0.879383	0	0	0.580127	0.797665	0	0	1.47894	2.01594	1.25907	0.802736	0	1.1169	1.00132	1.54442	0.721293	1.27287	0.517103	0.444089
ihec.chipseq.ihec-chipseq-containerv1.1.4.IHECRE00003817.1.49aa2390-1029-4804-9d85-ae2b9507e615.fc.signal	12.8848	7.50273	10.2385	10.7697	6.36033	3.14768	2.50963	3.65408	3.18968	1.88074	2.20426	3.44334	1.64668	1.098	1.69538	1.66382	1.27478	1.69332	1.38147	1.55763	1.81602	2.16984	1.30696	2.29783	1.73585	1.18472	1.80824	1.98849	1.81307	2.50701	0.949472	0.761397	1.88715	3.2769	2.52612	2.57911	0.386921
ihec.chipseq.ihec-chipseq-containerv1.1.4.IHECRE00000222.3.752eff28-f561-4493-9961-9376765e5593.fc.signal	7.25402	7.01774	6.49436	5.69495	3.57137	2.07294	1.59217	1.63208	1.09502	0.976603	1.293	1.29905	0.827677	0.512493	0.246869	0.204914	0.522462	0.574864	0.524596	0.497628	0.487579	0.396505	0.329038	0.366961	0.354306	0.217804	0.199727	0.28697	0.561467	0.882386	0.839003	0.714306	0.725497	0.727178	0.283265	0.0190387	0.369697
ihec.chipseq.ihec-chipseq-containerv1.1.4.IHECRE00001016.4.25a9e821-dfde-4c33-9022-9cf883133012.fc.signal	5.61505	4.67759	5.87656	4.34828	3.17649	2.26612	1.88848	0.647998	1.34288	2.56213	1.87522	1.89043	1.73173	1.56644	0.961144	1.42596	2.81449	2.11951	0.640701	0.705941	0.485816	0.349988	0.644297	0.837452	0.494212	0.319095	1.25661	1.70452	0.948619	0.305025	0.526262	0.979324	0.990388	1.66028	1.29106	0.950965	0.883495
ihec.chipseq.ihec-chipseq-containerv1.1.4.IHECRE00000231.3.9f5b0463-4f76-4b11-9c3e-298af7f4a26f.fc.signal	5.81971	4.79369	3.5329	3.24726	3.93681	3.21259	2.16525	1.99194	1.215	0.631967	0.578051	1.12791	0.991091	0.832009	0.703134	1.13743	1.30938	1.01758	0.468948	0.399814	0.526825	0.663425	0.520968	0.393461	0.586532	0.513281	0.333596	0.299835	0.0764435	0.0228479	0.296036	0.540985	0.587085	0.344337	0.030824	0	0.430052
ihec.chipseq.ihec-chipseq-containerv1.1.4.IHECRE00001935.1.9f989b17-6131-4e53-a04c-2c3b0ade703c.fc.signal	1.35953	0.807337	0.0558661	0.270924	0.440242	0.0566608	0.669168	0.306683	0.761552	1.15822	0.543127	0.581429	0.0549003	0.321815	0.288817	0.0482871	0.985034	0.283351	0.600797	0.172622	0.0139934	0.874439	0.15995	0.186111	0.952846	0.0214107	0.342566	0.146322	0.210979	1.29895	0.683072	0.764574	0.553654	0.427118	0.258948	0	0.31875
ihec.chipseq.ihec-chipseq-containerv1.1.4.IHECRE00003682.3.da9e495d-70d1-4135-9b7b-7d3c249e647d.fc.signal	3.44344	2.31052	1.56136	1.2801	0.785934	0.324607	0.329846	0.586148	0.103795	0.431515	0.373549	0.253759	0.199727	0.177372	0.307531	0.68962	0.214352	0.229837	0.456076	0.469237	0.20764	0.315916	0.408995	0.414353	0.835151	0.123686	0.149896	0.50555	0.603517	0.385949	0.577372	0.233963	0.645286	0.143259	0	0	0.485689
ihec.chipseq.ihec-chipseq-containerv1.1.4.IHECRE00004603.3.7d97a6bf-d33b-47aa-868b-891cee1e0474.fc.signal	10.5576	6.43419	6.39806	3.05429	0.562732	0.53485	1.43308	1.50839	1.71239	0.75129	0.423342	0.174185	3.03626	3.94363	2.12845	0.681301	2.63078	0.228172	0.732529	1.09565	2.30344	2.01051	0.705862	1.50101	3.06019	1.74969	1.43188	1.58846	1.64248	2.09893	0.788735	0.676221	0.835028	1.45494	1.82813	2.6289	0.535839
ihec.chipseq.ihec-chipseq-containerv1.1.4.IHECRE00001236.5.94801060-fc98-4727-a392-ae741c9cf8fc.fc.signal	9.26191	4.52502	6.23271	4.94349	5.20552	3.8438	4.16513	0.79574	1.57537	1.82771	2.99764	3.33006	3.8589	2.44337	2.36318	4.01385	2.68557	3.32733	1.39246	0.702066	0.0678654	0.680217	0.723658	1.5421	1.68233	0.624132	0.26499	0	0.304894	1.27422	1.23706	1.59163	1.62312	1.95171	2.5896	1.31678	0.409111
ihec.chipseq.ihec-chipseq-containerv1.1.4.IHECRE00003689.3.342e70ad-a023-4cf1-9866-19dd652b1429.fc.signal	2.84138	1.59843	0.788505	0.880893	0.670285	0.548441	0.334987	0.274696	0.435224	0.878063	1.62151	1.44334	0.642812	1.29509	1.13477	1.14399	0.648473	0.910866	0.61478	0.764411	0.475621	0.43797	0.658885	0.758349	0.867154	0.718511	0.533047	0.632163	0.436076	0.312391	0.601245	1.25455	0.349975	0.755239	0.249563	0.489759	0.367021
ihec.chipseq.ihec-chipseq-containerv1.1.4.IHECRE00000303.2.89d09183-5d60-46a5-b09a-bec32e88d696.fc.signal	9.24739	8.60354	5.90845	3.63902	2.88034	1.80337	1.76298	1.85866	1.5162	0.858269	1.50059	2.36944	1.86652	2.00355	1.24436	1.16806	1.15046	0.932315	2.58652	3.09503	1.52314	0.466672	0.507291	1.2751	0.793608	0.139477	0.568825	1.33987	1.04271	0.802247	1.47138	0.947014	0.123276	0.344277	0.496022	0.44027	0.52415
