	chr22:19974206-19974355	chr22:19974356-19974505	chr22:19974506-19974655	chr22:19974656-19974755	chr22:19974756-19974805	chr22:19974806-19974955	chr22:19974956-19975105	chr22:19975106-19975255	chr22:19975256-19975405	chr22:19975406-19975555	chr22:19975556-19975705	chr22:19975706-19975855	chr22:19975856-19976005	chr22:19976006-19976155	chr22:19976156-19976305	chr22:19976306-19976455	chr22:19976456-19976605	chr22:19976606-19976755	chr22:19976756-19976905	chr22:19976906-19977055	chr22:19977056-19977205	chr22:19977206-19977355	chr22:19977356-19977505	chr22:19977506-19977655	chr22:19977656-19977805	chr22:19977806-19977955	chr22:19977956-19978105	chr22:19978106-19978255	chr22:19978256-19978405	chr22:19978406-19978555	chr22:19978556-19978705	chr22:19978706-19978855	chr22:19978856-19979005	chr22:19979006-19979155	chr22:19979156-19979223	Expression
ihec.chipseq.ihec-chipseq-containerv1.1.4.IHECRE00003690.3.bb55a212-99c2-4448-84cc-6786b9df2691.fc.signal	0	0.393169	0.439535	0.531327	0	0.28564	1.41147	1.27049	0	1.03124	1.86217	1.50603	1.68967	2.73577	0.0778976	0.52484	0.120558	1.01265	1.17777	1.53198	1.8659	0.29492	0.181753	1.13872	0.454347	0	0.064926	1.42629	0.333839	0.56008	0.582333	0	0.144661	0.776094	0.699585	0.564365
ihec.chipseq.ihec-chipseq-containerv1.1.4.IHECRE00000987.6.289adc7a-9e11-437f-b6f6-57bfdeddcb3b.fc.signal	0.702027	0.474628	1.04178	0.540403	0.068641	1.22417	2.73765	2.57075	1.75239	2.47163	2.52603	0.50164	0.327659	1.09149	0.130123	0.0888858	0.57969	0.0077292	0.525545	1.95529	0.89344	0	0.0038646	1.12059	0.463728	0.726507	0.985368	0.757406	0	0	0	0.069796	0.515137	0.91196	0.443292	0.776316
ihec.chipseq.ihec-chipseq-containerv1.1.4.IHECRE00003808.1.706821fd-c657-4ad5-a143-e15e65116e15.fc.signal	1.90238	1.09113	1.59018	1.48488	1.24001	2.19219	1.91059	2.16046	1.57286	2.44059	2.44372	1.24293	2.14876	2.3587	2.12761	2.54614	1.94683	1.41116	0.745493	0.899171	1.33334	0.876509	1.58765	2.22706	2.39327	1.63823	0.96526	0.608713	0.742259	1.04963	1.13335	0.23263	0.65498	0.778739	0.108927	0.514563
ihec.chipseq.ihec-chipseq-containerv1.1.4.IHECRE00000949.6.e11d45c2-991c-46e2-8d13-bb1e23aff42f.fc.signal	1.95173	0.953199	0.395807	0	0	0.565605	2.56452	5.00237	4.86145	2.90895	2.49687	1.91804	2.64256	0.866554	0.919949	2.34337	0.442648	0.46219	0.617199	0.00890453	0.293861	0.669984	0.469947	0.348646	0	0.371219	0.785005	0.120216	0	0	0.371219	0.224323	0	0	0	0.49692
ihec.chipseq.ihec-chipseq-containerv1.1.4.IHECRE00001002.4.308bde30-3fb4-4075-a143-aa64ea58703c.fc.signal	0.207545	0.116966	0.265171	0.247476	0.258284	0.396037	0.580503	0.471603	0.393748	0.311401	0.261958	0.325535	0.271529	0.191455	0.213159	0.196279	0.189918	0.223589	0.183946	0.169306	0.142365	0.0913926	0.0786837	0.186341	0.151475	0.121627	0.0854541	0.0943338	0.171211	0.14527	0.139122	0.0725669	0.0837807	0.0789592	0.0682104	0.946588
ihec.chipseq.ihec-chipseq-containerv1.1.4.IHECRE00000193.3.aa854cbd-228f-48b3-bc4a-7a1e57daf907.fc.signal	0	2.10117	1.9811	0	0	0.848989	2.1252	4.03422	2.91483	2.42538	1.47342	3.06574	2.12018	1.6048	1.69371	1.68091	1.4648	0.576314	0	0	0	1.47681	2.36807	0.156085	0.0480261	3.25391	0.780443	2.70153	5.40311	5.3311	4.93486	3.33918	2.20925	0	0	0.466019
ihec.chipseq.ihec-chipseq-containerv1.1.4.IHECRE00004605.1.ca94bee3-450c-404f-8e72-f443f0a32f9b.fc.signal	0.59258	2.02411	1.74679	2.42469	3.91784	2.50761	1.73731	2.0478	3.01961	1.86291	3.41064	1.75627	2.24452	2.44835	1.89848	1.91746	1.79656	1.80843	1.46697	0.924397	0.81156	0.985994	0.798764	1.01682	1.93404	2.13552	2.03359	2.96508	2.59295	2.52899	1.1851	0.597306	0.205452	0.329402	0.345015	0.22973
ihec.chipseq.ihec-chipseq-containerv1.1.4.IHECRE00001893.4.1ce16d7a-b11b-4cc6-9954-df2d097852d0.fc.signal	0.634148	2.07911	0.767893	1.05299	1.05096	3.20897	2.722	1.20426	2.97656	4.11799	4.60577	1.49881	1.76093	1.25783	0.691809	0	0	0.628917	2.02145	0.583995	0	0	0	0	0.860924	0.720718	0.397944	2.38884	3.45747	0.152737	0.997252	1.88643	0.0179691	0	0	0.325726
ihec.chipseq.ihec-chipseq-containerv1.1.4.IHECRE00003814.1.e3fd041d-f794-414d-802b-cfe9e9d53c6e.fc.signal	1.63119	1.25214	1.24752	1.42334	1.34088	1.11345	1.0767	1.91269	1.93067	1.67498	1.40085	2.23327	1.59941	0.988011	0.530333	0.782931	1.4513	0.342148	0.778948	1.40045	1.45189	0.921077	0.765978	0.960781	1.90495	0.97552	0.263036	1.58793	1.84942	1.24864	0.198643	0.466402	0.511654	1.53021	1.3019	0.557971
ihec.chipseq.ihec-chipseq-containerv1.1.4.IHECRE00000224.3.98331644-3ccd-45b3-bad7-e0e81208e171.fc.signal	0.178408	0.229584	0.37152	0.22508	0.22179	0.37972	0.495286	0.956939	1.85389	1.31936	0.670005	0.681248	0.856329	1.25382	1.33267	0.982215	0.330092	0.117489	0.279512	1.19719	1.28482	0.797397	0.423477	0.401297	0.500315	0.415186	0.8318	1.19932	1.27705	0.811986	0.573528	0.40029	0.258684	0.753462	1.1892	0.429285
ihec.chipseq.ihec-chipseq-containerv1.1.4.IHECRE00001335.1.16baff19-56fb-479e-97b6-edd56ebc9920.fc.signal	1.78766	0.487547	0.708401	1.02393	0.266318	0.300616	1.02309	0.728566	0.318073	0	0.100651	0.347363	0.154854	0.261614	0	0.510263	0.751244	0.628375	0.547311	0.544725	0.211944	0.645876	0.599698	0.532265	0.195852	0	0	0	0.0875084	0.980515	0.667035	0.608363	0.585633	1.16285	1.74648	0.0561798
ihec.chipseq.ihec-chipseq-containerv1.1.4.IHECRE00004610.2.100e7289-c631-4bb0-9eef-015950828bf4.fc.signal	0.40029	0.918045	3.15712	4.61559	5.15606	1.84678	1.53718	2.35384	1.63864	0.942016	2.75683	1.4385	1.83096	1.86624	2.54678	1.41475	1.63972	2.39121	0.865641	0.450244	0.557737	1.26229	0.805916	0.891314	2.01229	3.65348	1.93224	3.75762	3.6156	2.03364	1.75875	1.41791	2.16172	0.341384	0	0.115445
ihec.chipseq.ihec-chipseq-containerv1.1.4.IHECRE00003818.1.3d6cbb41-685c-49c7-85eb-8977ab8f14b3.fc.signal	1.4598	1.10184	0.143578	1.47119	1.87266	1.37585	3.168	1.6708	2.38057	1.57807	3.58094	1.14049	1.67055	1.07648	0.996916	1.35749	1.7457	1.60906	0.734572	2.31302	1.42133	1.51068	0.653683	0.574978	1.25927	2.3411	0.316076	0.698935	0.667898	1.46422	1.55659	1.9697	1.54563	0.568055	0.462954	0.711712
ihec.chipseq.ihec-chipseq-containerv1.1.4.IHECRE00001990.1.14fdd58f-89fa-40e4-a658-f79765679f58.fc.signal	2.61171	3.50001	2.64652	2.49201	3.70859	3.51674	5.881	5.21578	8.05933	6.23576	5.5442	6.58349	4.00677	2.37966	0.949824	1.00805	1.98551	1.74239	1.10928	2.40602	1.33587	0.91382	1.76419	1.44819	0.966	0.810259	0.887421	1.76065	0.656809	1.56894	0.401801	1.48742	1.68645	0.798062	1.39767	0.912
ihec.chipseq.ihec-chipseq-containerv1.1.4.IHECRE00003816.1.3579346a-a108-4e99-ba8a-c53f4809c6bb.fc.signal	0.948145	0.97315	1.36856	0.451737	0.382809	1.03926	1.34775	1.33016	0.733542	1.31374	1.58675	1.26561	1.48357	0.827486	0.332431	0.615501	1.13646	0.593426	0.352394	0.252899	0.479248	0.638089	0.348854	0.45327	0.419527	1.34766	1.00065	0.550247	0.922905	1.15567	1.05887	0.726887	0.521311	0.345359	0.368624	0
ihec.chipseq.ihec-chipseq-containerv1.1.4.IHECRE00003676.3.edac7fd7-5249-4224-ba52-76d331cfbbb5.fc.signal	5.80068	5.48677	2.62056	1.6164	2.75859	4.29114	6.82158	6.50473	2.4704	3.71249	3.36871	2.04161	2.54023	2.25925	5.05187	4.97767	1.87804	2.19298	1.18817	1.76975	1.06998	1.05004	0.451802	0.57024	0.326826	0.500065	0	0.580496	1.43059	1.04871	1.35314	1.04024	0.989894	0.508236	0.482392	0.70328
ihec.chipseq.ihec-chipseq-containerv1.1.4.IHECRE00001965.2.b75058ba-d142-4ae0-9acf-08c2d019a7dc.fc.signal	2.58598	2.53798	2.15756	1.78978	1.37741	2.01625	3.20448	2.92024	4.3243	3.09887	2.53532	4.13943	1.50044	0.585828	2.1128	2.83362	2.41761	1.80564	2.1898	1.42814	2.71959	2.89016	2.44929	3.3957	6.06215	7.09913	5.24545	5.00424	5.7698	6.09024	4.67786	3.87591	2.28654	0.295531	0.568643	0.26601
ihec.chipseq.ihec-chipseq-containerv1.1.4.IHECRE00001952.2.52215347-885a-4412-918b-b787711b8d37.fc.signal	0	0.0854668	0.478465	0	0	0.365801	0.544417	1.00768	0	0	1.04626	0.374519	0.392924	0.326837	0.664407	0.550005	1.776	1.34178	0.659325	0.680433	0.469001	0.870778	1.63357	1.44515	1.06608	1.34181	0.114457	0.935363	1.18877	1.81313	0.574551	0.414587	0.224452	1.05199	0.937583	0.388889
ihec.chipseq.ihec-chipseq-containerv1.1.4.IHECRE00000964.7.68ad223e-c775-4c49-8f3f-4ec63b3e920b.fc.signal	0.689884	1.45706	1.08225	0.621927	0.824755	1.8516	1.22962	1.50587	1.26101	2.11198	2.1885	2.55642	0.805068	1.06231	0.716333	0.848696	1.42797	0.849355	1.54547	0.82991	0.901073	0.663726	0.486334	1.22632	0.513267	0.321285	1.04386	1.15335	0.574161	0.691924	0.835643	1.46226	2.37164	0.894234	0.238406	0.456954
ihec.chipseq.ihec-chipseq-containerv1.1.4.IHECRE00003716.2.bdafba4d-384d-4886-a6c9-d1ddd966b153.fc.signal	0.580456	0.723711	1.05494	1.55771	1.59424	1.14791	1.25561	1.14262	2.06037	2.07258	1.02029	2.66062	1.72499	0.979788	0.571085	0.300572	0.620749	0.929549	0.753937	0.27064	0.267431	0.281195	0.585131	0.336302	0.379789	0.589621	0.524748	0.136234	0.356181	0.96867	1.09371	0.86343	0.588379	0.876534	0.347352	0.539216
ihec.chipseq.ihec-chipseq-containerv1.1.4.IHECRE00003684.3.b5459224-ca8f-46dd-880a-e16781c88032.fc.signal	0	0.265166	0.871055	0.215144	0.31622	0.39755	0.00978153	0.21943	0.397253	0.298663	0.474043	0.158195	1.0461	1.00605	0.238347	0.519336	0.0396033	0	0	0	0.0527313	0.558947	0.484844	0.120861	0	0	0	0.204513	0.551708	0.119177	0.413143	0.515769	0.14347	0.134795	0.139358	0.363804
ihec.chipseq.ihec-chipseq-containerv1.1.4.IHECRE00000974.7.9dac3370-6335-4df0-bea0-9e684edfa350.fc.signal	0.496629	0.720679	1.15796	0.444197	0.0209986	0.454461	0.615441	0.438914	0.378516	0.851211	0.911471	1.10161	0.713879	1.34996	0.454416	0.680536	0.940837	1.48214	0.727949	0.954673	0.733183	0.578001	1.26233	0.981958	1.88978	1.11856	0.734043	0.731242	1.30489	1.68717	0.731502	0.770744	1.0051	0.210875	0.473652	0.701754
ihec.chipseq.ihec-chipseq-containerv1.1.4.IHECRE00004647.3.6c7e93ea-bf0c-48a2-82fb-1c49e3dc143b.fc.signal	2.12686	2.12728	1.58253	1.12716	1.9895	3.23256	3.10164	2.30547	2.18701	2.36946	2.01241	1.25098	1.42723	1.7089	1.32452	1.77272	2.02853	1.05209	0.805657	1.16596	0.775079	1.58788	1.47326	0.704564	0.483538	0.950705	1.19481	1.93153	2.00671	1.05828	1.39708	1.88738	1.12851	0.757276	0.617406	0.0938967
ihec.chipseq.ihec-chipseq-containerv1.1.4.IHECRE00001852.4.e1095ee8-c1a0-47db-b726-788ab3dbb842.fc.signal	0.811442	1.2865	0.555537	0.319674	0.620161	0.787541	0.662585	0.976496	1.17009	0.783685	0.705008	0.705008	0.519886	0.560592	0.470406	0.340161	0.437354	0.274595	0.293878	0.124359	0.185126	0.478234	0.379499	0.332445	0.171236	0.0840753	0.027768	0.468206	0.441207	0.138069	0.0246827	0.328588	0.177407	0.298506	0.287549	0.601889
ihec.chipseq.ihec-chipseq-containerv1.1.4.IHECRE00003693.3.f2b1cfa1-231f-48d8-af6a-ed3f48905f6f.fc.signal	0.560541	0.729369	0.54052	0.0965698	0.147548	0.335486	0.611085	0.57964	0.306632	0.6178	0.978167	0.592388	1.08076	1.20472	2.53271	0.547866	0.69979	0.563782	0.375843	0.349237	0.287328	0.408947	0.812746	0.657889	0.391884	0.147585	0.937041	0.4301	0.897348	0.628106	0.407384	0.453981	0.0462373	0.202623	0.428651	0.480467
ihec.chipseq.ihec-chipseq-containerv1.1.4.IHECRE00000223.3.555de7dc-c653-4909-9c33-caf14688e0ce.fc.signal	0.522494	0.582073	0.695487	0.475367	0.395798	0.852289	1.21197	0.809933	1.2002	1.29396	1.24756	1.23745	1.01736	1.13479	1.03602	0.750968	0.535035	0.532204	0.301517	0.393964	0.322353	0.124177	0.384637	0.554543	0.862674	0.563374	0.435085	0.66094	0.474348	0.675116	0.861743	0.870305	0.572732	0.297645	0.312115	0.528139
ihec.chipseq.ihec-chipseq-containerv1.1.4.IHECRE00001039.6.a3034dad-cf3f-4b0e-b7ac-4dfa7b52d765.fc.signal	2.96633	2.60551	0.869396	2.18096	5.81571	13.8711	17.4926	13.7239	14.0045	9.84231	4.36093	5.58523	3.41278	3.80338	2.84642	2.24463	0.482808	1.22685	1.65488	2.85186	2.51344	0.588268	0.888428	0.627145	1.99582	1.9784	2.77968	4.35232	3.03837	0.975502	0.231452	1.47821	2.74731	2.58806	1.41625	0.526718
ihec.chipseq.ihec-chipseq-containerv1.1.4.IHECRE00000126.3.4655431f-8c56-4476-831c-eb227cec568c.fc.signal	7.75487	12.9824	3.59915	2.23063	6.06668	12.1673	16.1479	31.4848	21.6936	9.99486	31.202	57.492	38.6721	36.8134	26.4769	14.0024	12.5218	5.55248	6.1575	6.78037	8.42157	6.37003	2.91875	1.60093	2.34916	1.98709	1.56953	0.987528	1.61442	2.81089	0.422401	0.951402	1.77956	0.222496	0	0.169154
ihec.chipseq.ihec-chipseq-containerv1.1.4.IHECRE00001891.4.41bb4ab6-1e8d-4527-bfe1-5ddf65dcaa7f.fc.signal	0.347972	0.577765	0	0	0	1.45416	0.866276	0.214965	0.40418	0.145228	0	0.515174	0.135004	0.492974	0.47402	0	0	0	0	0	0	0	0	0	0	0.467962	0.35913	0.243891	0.701152	0	0	0	0	0.164299	0.598481	0.0344828
ihec.chipseq.ihec-chipseq-containerv1.1.4.IHECRE00004635.3.13102329-ee3d-4773-b2d1-9ab40cd17100.fc.signal	0.102186	0.118571	0	0	0	0.119185	0.351635	0.0743913	0.0195093	0.194209	0.626762	0.689113	0.321994	0.325656	0.0805585	0.0833104	0.608047	0.795246	0.358574	0.147539	0.022312	0.169266	0.0743793	0	0.269533	0.650101	0.580577	0.490299	0.33908	0.321744	0.312482	0.556155	0.152459	0	0	0.245283
ihec.chipseq.ihec-chipseq-containerv1.1.4.IHECRE00001889.4.440b0def-8afc-49ae-ab48-eb6e55baaba4.fc.signal	5.79281	3.79062	0.587576	1.79867	2.42682	7.73288	10.5684	13.788	9.88738	5.70431	7.65638	5.70521	3.09081	3.13237	3.06657	2.70997	3.23416	5.80182	2.61099	2.97745	1.5023	0.561727	0.860004	2.32364	3.01003	3.35867	3.36112	0.978313	0.970433	1.33747	2.21197	0.927074	1.95281	1.40837	2.7064	0.361345
ihec.chipseq.ihec-chipseq-containerv1.1.4.IHECRE00003400.1.b3d30ae7-78a7-458d-9ccf-f1436025286b.fc.signal	0.581529	1.35422	1.18773	0.190698	0.76555	0.943236	0.323595	0.344054	0.400319	0.883785	1.59795	1.43589	1.57049	1.72621	0.162917	0.0699936	0.443717	0.0698224	0	0.326804	0.533064	0.444463	0.70925	0.983493	1.64546	1.15731	0.770338	1.36649	0.335712	0	0.321527	0.576857	0.193862	1.14898	0.70925	0.590278
ihec.chipseq.ihec-chipseq-containerv1.1.4.IHECRE00001044.7.93646603-f0c6-4b5c-9750-3c77b569d934.fc.signal	3.39338	4.05749	5.49813	6.24476	12.6142	20.7583	22.3727	16.5339	7.89356	3.58651	7.3362	15.479	13.8306	10.4425	5.78724	2.78073	2.64354	2.89896	3.78809	4.47923	2.71224	1.90916	1.55182	1.41839	1.28885	1.0132	1.90153	2.19013	3.70328	1.85698	1.11758	0.849512	0.32768	0.873797	2.1945	0.176667
ihec.chipseq.ihec-chipseq-containerv1.1.4.IHECRE00001235.5.b69b018c-be0b-42b3-9bd0-adb684b6c71f.fc.signal	0.868004	0.522658	0.641097	0.896749	0.884888	1.04319	1.68578	1.01662	1.27393	1.60169	1.862	1.79704	0.708439	1.61235	0.895508	0.491295	0.904004	2.25633	2.12826	0.977884	0.819207	1.53966	1.02444	1.1638	1.16502	0.919103	1.32435	0.815384	1.01914	1.03971	0.755982	0.724733	0.615753	0.417972	0.341918	0.564356
ihec.chipseq.ihec-chipseq-containerv1.1.4.IHECRE00004900.1.b52b6048-f5e8-441d-8082-83c6ea7d797d.fc.signal	2.11641	2.31169	1.70633	0.656677	1.61813	3.50347	1.47964	2.25643	3.53246	3.04908	2.24418	2.82733	1.99146	4.71607	4.86304	3.16365	3.85401	5.64016	5.92798	6.9966	6.86723	5.74658	2.40503	1.97619	3.37658	5.33783	3.01362	5.8042	5.81559	3.59117	3.59808	3.16339	3.17741	2.78913	1.21022	0.577236
ihec.chipseq.ihec-chipseq-containerv1.1.4.IHECRE00003686.3.867f20aa-cd84-4630-be8b-4d90cccd43d7.fc.signal	0.427238	0.915946	0.936428	0.460675	0.46682	0.95012	1.30227	0.713908	1.70727	0.757627	1.05654	0.698931	1.0907	1.98612	1.50854	1.0997	0	0	0.0859927	0.664812	0.110565	0.636137	0.324903	0.634808	0.42045	0.814957	0.39992	0.00273093	0.3385	0.195197	0.322144	0.367806	0.258617	0.238578	0.68458	0.475059
ihec.chipseq.ihec-chipseq-containerv1.1.4.IHECRE00000864.3.14e2d66e-78ce-42e0-867f-4b49c7b19bff.fc.signal	1.55541	1.71975	2.03832	0.832483	2.26608	4.10259	3.35012	3.4121	5.45904	4.99632	5.02515	2.81819	2.40591	3.48129	4.41539	3.27803	3.50435	3.78833	2.77783	4.43087	3.3978	2.7078	1.49343	2.1104	4.28853	2.95225	2.25024	3.57211	3.86616	4.11988	2.2877	2.91041	4.04779	2.19255	0.861721	0
ihec.chipseq.ihec-chipseq-containerv1.1.4.IHECRE00003847.4.2b3ec079-53bd-4903-ae08-424fc11f8e29.fc.signal	0	0	0.345492	1.43711	1.40805	2.73506	2.61601	4.74036	4.45346	2.0225	2.45257	1.25228	0.331802	0.100858	0	0	0	0	0	0	0.0393926	0.52752	0.237838	0	0	0	0	0.582063	1.13805	0	0	0	0	0	0	0.211957
ihec.chipseq.ihec-chipseq-containerv1.1.4.IHECRE00001901.1.bd86e759-1531-4112-8c3a-ef0446d756a3.fc.signal	1.11193	1.36093	0.442094	1.18559	1.63391	1.05736	1.01365	0.756858	1.00877	2.49732	2.93803	2.25029	1.68192	1.45194	1.43285	0.731085	1.12157	0.737569	0.735227	1.36863	1.25543	1.30421	0.544821	0.337199	0.506254	0.625614	0.77911	0.626666	0.642503	1.10272	0.79016	1.06009	0.89193	1.13629	1.14451	0.5
ihec.chipseq.ihec-chipseq-containerv1.1.4.IHECRE00001954.2.fc509fae-cfc8-4cd1-b6e1-cb05b98526c1.fc.signal	0	0.528076	0.119744	0	0	0.942271	0.376882	0.588904	0.800904	0.65172	0.832309	1.60973	1.96112	1.05808	0.8618	0.512326	0.909438	0.352582	0.255191	0.38913	0.579345	1.16397	0.600542	1.94333	0.690387	1.88345	1.58909	3.50269	1.48605	0.266962	0.932468	1.65694	0.394831	0.011858	0.55602	0.37037
ihec.chipseq.ihec-chipseq-containerv1.1.4.IHECRE00000957.7.e974118a-1765-49cc-99dd-3d99dcd758cf.fc.signal	0.840895	0.407821	0.8941	0.395291	0	0	0.174892	0.783537	0.649758	0.363848	0.757273	0.553279	0.318148	0.91471	0.335674	0.10691	0.44517	0.383667	0.164181	0.183614	0.495322	0.333011	0.0390431	0.266017	0.284688	0.409484	0.653917	0.167176	0.165021	0.15565	0.364483	0.254965	0.110247	0.111979	0.20053	0.110687
ihec.chipseq.ihec-chipseq-containerv1.1.4.IHECRE00004641.3.2af65a74-ad9a-47d1-bb59-7449ff40f2d9.fc.signal	0.603168	0.717717	0.644082	0.849996	0.486938	0.733727	0.806148	0.887988	0.879541	1.72834	2.0353	1.69848	1.40765	1.47228	2.24825	1.50176	0.971077	0.998749	0.895563	0.778361	0.715629	0.68996	0.900392	1.00443	0.73146	0.456616	0.583915	0.994928	1.09182	1.3845	1.56705	1.04257	0.857583	0.774761	0.805633	0.340641
ihec.chipseq.ihec-chipseq-containerv1.1.4.IHECRE00002063.1.fc1674f3-b9c6-4107-8983-478acef979ab.fc.signal	5.26343	1.90839	0.987817	1.99022	3.884	4.6146	3.4924	4.87512	3.28392	1.7631	2.18845	3.37317	3.4514	2.73674	1.82655	1.56936	1.77718	0.867158	1.35602	2.03698	2.05257	0.680964	0.809568	1.70088	1.21398	0.259222	1.11934	1.91423	1.78271	1.73595	0.730659	1.37941	2.14439	1.2596	1.07016	1
ihec.chipseq.ihec-chipseq-containerv1.1.4.IHECRE00001875.2.6632043e-47cf-4bfd-b8e1-020b2411b571.fc.signal	0.505309	1.00305	1.89599	0	0.4321	0.87791	1.68153	1.59934	0.292462	0.599632	0.5302	0.968702	0	0	0	0.403981	0.741118	0.703807	0.751722	1.32473	1.2834	0.126229	0	0.703379	1.20969	0.570274	0.387547	0	0.576178	1.26675	0.389346	0.928565	0.587674	0.696438	2.12658	0.395161
ihec.chipseq.ihec-chipseq-containerv1.1.4.IHECRE00004643.3.7b895a57-db9e-4407-9979-fc4adf5592cc.fc.signal	1.31658	1.86111	1.84631	1.41009	1.62704	2.44689	2.09458	1.42475	1.54531	1.70862	0.699535	0.870227	1.06992	0.738312	0.895397	0.551211	0.224915	0.633281	0.494332	0.875184	0.248906	0	0.0231359	0.526108	0.622491	0.358418	0.934672	0.947445	1.12225	1.13116	0.961892	1.09833	0.662596	0.227574	0	0.719697
ihec.chipseq.ihec-chipseq-containerv1.1.4.IHECRE00003809.1.88fb2a51-3313-49d0-b432-b95b6b91fc4b.fc.signal	3.68923	2.93294	3.13656	2.30154	2.64028	2.66769	3.861	3.82306	5.53878	5.43196	4.52958	3.12431	2.74736	3.74933	3.40151	1.88061	1.23008	1.75925	1.54993	1.90821	1.93856	1.00139	0.660935	0.626418	0.984337	1.59379	1.39954	1.22287	1.39977	1.19301	0.776565	1.47438	1.08995	1.08256	1.65505	0.448
ihec.chipseq.ihec-chipseq-containerv1.1.4.IHECRE00000221.3.7d6e7c7b-090f-4b2a-a7ba-f833c718a8ac.fc.signal	0.245574	0.271759	0.132682	0.17264	0.294827	0.309805	0.488422	0.615797	0.989076	0.779214	0.470802	0.720095	0.567129	0.438424	0.460578	0.291332	0.167631	0.356597	0.390531	0.188547	0.0896579	0.172844	0.227625	0.339842	0.400538	0.291123	0.306668	0.307775	0.131946	0.195008	0.300787	0.14416	0.102122	0.178655	0.121917	0.84
ihec.chipseq.ihec-chipseq-containerv1.1.4.IHECRE00003675.3.83112ba3-4a46-4bcb-b23c-b8a94da18e77.fc.signal	1.67652	3.26357	3.54857	0.794488	2.8032	3.30122	3.88075	6.21719	5.05916	4.2132	2.85693	2.61793	1.31907	1.34871	1.66412	1.28798	0.796304	1.28796	0.847412	0.956579	0.752267	0.387235	0.410359	0.875521	0.756244	0.753052	0.693846	0.610585	1.13421	0.777107	0.848217	0.712059	0.583531	0.756795	0.428554	0.636571
ihec.chipseq.ihec-chipseq-containerv1.1.4.IHECRE00002086.1.61135aae-0e5d-4a79-9f3a-0fb631125d88.fc.signal	1.50861	2.80694	2.50986	2.51002	1.90429	2.96391	4.04752	3.57313	3.06452	5.8604	1.87145	2.41448	3.83096	2.44187	1.56028	2.27754	1.46254	1.68817	2.31405	2.01574	1.40838	1.71637	1.03892	0.861078	0.107171	0.130338	0.285698	0.281462	1.29581	0.607526	0.204763	0.95524	0.0879339	0	0.151699	1
ihec.chipseq.ihec-chipseq-containerv1.1.4.IHECRE00004884.1.cdb41994-86e2-4949-bf91-2378fd47bfa2.fc.signal	2.42384	2.19733	2.34498	1.89236	3.73035	4.63964	4.12384	3.84668	5.94309	4.21934	3.54482	3.04793	6.1466	5.80377	3.23292	2.10677	3.78352	3.11977	3.24435	4.84194	3.80812	4.18562	1.97386	1.99869	3.2403	5.66855	5.44594	5.26531	9.86991	11.0222	9.15646	5.63188	3.01792	5.92438	5.07522	0.596491
ihec.chipseq.ihec-chipseq-containerv1.1.4.IHECRE00003679.3.9ac74a4d-9d70-4efc-945e-29c0f04f171f.fc.signal	1.03448	1.78832	0.973921	1.23902	1.01084	1.974	3.23776	1.63821	1.68506	0.477749	1.37687	1.54898	2.04846	0.800039	0.755867	0.847204	0.884273	0.148019	0.0506515	0.487348	0.435236	0.366323	0.675729	0.564104	0.27681	0.286807	0.200087	0.583886	0.0352988	0.117163	0.261922	0.477468	0.485946	0.289484	0.0777076	0.894309
ihec.chipseq.ihec-chipseq-containerv1.1.4.IHECRE00003680.3.f291fb29-a363-426c-a2c2-33a98c6182ef.fc.signal	1.21936	2.665	3.40657	5.97571	6.03611	5.23174	6.38281	4.51605	3.89713	1.13936	1.53558	0.982413	0.288144	0.554459	0.410571	0.259289	0.0507488	0.567116	0.46553	0.886968	0.680244	0.28576	0	0	0	0	0	0.059889	0.192664	0.81843	0.262908	0.423472	0.368149	0.22133	0.14948	0.605489
ihec.chipseq.ihec-chipseq-containerv1.1.4.IHECRE00003402.2.b9e005f4-fbbb-49ef-81b0-40cfa3806f30.fc.signal	1.50796	1.22493	0.981573	1.27981	2.46922	2.20031	2.62141	2.58042	0.374363	1.19812	1.76306	0.500266	0.441566	1.48737	1.12254	0.741012	0.98137	1.15983	0.444609	0.590161	0.588143	0.535735	0.947899	0.745939	0.0936897	0.423559	0.311123	0.53532	0.213451	0	0	0.290503	0.99804	0.710795	0.0809668	0.329193
ihec.chipseq.ihec-chipseq-containerv1.1.4.IHECRE00003695.3.976830f0-f131-4dc5-bdfd-64d83fdc4635.fc.signal	0.222236	0.839681	0.65966	0.620249	1.02531	0.526017	0.818331	0.614727	0.917654	2.13156	3.04072	1.78756	2.31078	2.34842	2.72271	1.43171	0.954998	0.55274	0.172963	0.262964	0.640001	0.413453	0.616063	0.507717	0.825628	0.597778	0.524635	0.872033	0.6371	0.419073	0.624471	0.582251	0.535884	0.549942	0.601933	0.555972
ihec.chipseq.ihec-chipseq-containerv1.1.4.IHECRE00001997.1.3ac72c63-5790-4eab-ab70-1f2408156b61.fc.signal	3.52472	0.833773	0.481238	0.316923	1.99887	4.78432	4.84857	4.46874	3.47208	4.82518	4.67603	3.11258	1.50156	2.36316	1.72292	1.22773	0.731196	1.20502	1.71563	1.00287	2.15266	0.864811	1.51645	0.232815	0.87414	0.249152	0	0.493797	0.835387	1.39403	0.868826	0.310285	0.84788	1.43134	0.605976	0.822222
ihec.chipseq.ihec-chipseq-containerv1.1.4.IHECRE00001887.4.92e33eb4-60fb-4aba-99b3-db60d30e791f.fc.signal	0.487966	1.37192	1.19939	1.36062	1.50818	2.68732	4.76536	3.96618	3.91354	3.86716	4.05757	2.35921	0.928337	0.674583	0.987764	2.06681	0.770495	0.64653	0.388364	0.300318	1.16242	1.29865	0.527315	0.141664	0.766695	1.66104	0.841719	0.899402	0.481944	0.808034	0.954531	0.971448	0.965367	0.208306	0	0.233509
ihec.chipseq.ihec-chipseq-containerv1.1.4.IHECRE00001015.4.9280a4bd-15d9-4bff-baed-11156e36abac.fc.signal	0.961971	1.21481	0.974935	0.155016	0.23136	0.282641	0.627315	1.06259	2.68067	2.59516	2.53974	1.91228	2.25987	1.29597	1.02693	1.24043	0.998061	0.595222	1.67275	1.17768	0.346681	0.510676	0.45316	0.228815	0.516	0.603873	0.851145	0.77447	0.694885	0.350843	0.341821	0.193474	0.079456	0.340601	0.913614	1
ihec.chipseq.ihec-chipseq-containerv1.1.4.IHECRE00004617.2.4b42183d-fbd0-4b87-afb1-913c17cc15e7.fc.signal	1.4448	0.569797	0.430699	0.635956	0.0874848	0.32975	0	0	0.327511	1.20926	1.03617	1.20028	0.392577	1.69609	1.42743	1.05036	0.624699	0.0179458	0.10543	0.502482	0.150294	0.318534	0.0179456	0.33648	0.0044864	0.24451	0.816598	1.44256	0.495771	0.23105	0.468837	0.592248	0.0157024	0.208618	0.351325	0.767551
ihec.chipseq.ihec-chipseq-containerv1.1.4.IHECRE00001902.1.526cb17b-4947-475e-9954-5626d82b7161.fc.signal	3.66919	2.99365	2.10307	2.44303	3.79133	2.1007	1.34358	4.60331	3.58574	1.86298	3.41977	6.00662	3.21624	2.36153	2.28798	2.33755	1.53982	2.30022	1.85481	1.38399	2.50947	0.848331	1.54268	1.11677	0.121898	0.0351521	2.38457	2.96857	2.01564	1.26722	0.870768	0.459011	1.09451	0.995457	1.10465	0.435897
ihec.chipseq.ihec-chipseq-containerv1.1.4.IHECRE00003811.1.705a3dcb-b728-43db-b37f-bbceaf83732a.fc.signal	3.15646	2.55852	1.72604	2.0133	2.52048	2.81831	2.31852	3.36406	3.52164	3.67456	3.03734	3.16176	3.57303	1.75121	1.76299	2.95231	2.59875	1.52823	1.19135	1.62744	1.4746	0.820714	1.66144	1.12982	0.562237	1.03115	0.804413	1.29138	2.03974	2.85057	2.2475	1.82216	1.22359	1.43877	1.888	0.488095
ihec.chipseq.ihec-chipseq-containerv1.1.4.IHECRE00001957.2.0bd574cb-6c79-4f0e-a131-98ee1a6088f8.fc.signal	2.39177	0.112712	0	0	0	0.533853	0.917396	1.41986	0.469457	0.187279	1.29674	0.753292	2.52439	1.01375	0.865454	0.511614	0.0199728	0.0823878	0.546838	0.0948708	0.839127	0.291513	0.819011	1.70536	1.827	2.37369	1.22017	2.34962	1.71326	2.87394	1.86269	1.23349	0.153084	0.556723	0	0.233503
ihec.chipseq.ihec-chipseq-containerv1.1.4.IHECRE00004606.2.411a52db-8794-484a-8712-a21b0a7c3495.fc.signal	0.331505	0.951708	1.8553	0.564861	1.4916	2.85845	1.15965	1.19717	1.08924	1.39014	3.146	2.08274	3.04605	3.03348	1.77287	0.386746	1.63878	0.887475	1.00069	0.345357	0.782557	2.19914	0.469704	0.208446	0	0.557497	0.572598	0.56504	1.44136	1.00696	0.720772	0.0326482	0	0	0	0.674757
ihec.chipseq.ihec-chipseq-containerv1.1.4.IHECRE00003696.3.61e7591e-7d42-4bac-a82f-41dc0577b027.fc.signal	0.0832123	0.106599	0.668595	0.521158	0.648188	1.3634	1.86851	1.99404	2.14731	3.2154	3.60818	2.03836	3.72751	5.48141	4.33015	2.15059	2.08306	1.86703	1.63934	1.45976	2.13858	1.74587	1.09188	1.07875	1.61892	1.17255	1.74863	0.805891	1.34627	1.08932	1.38492	1.43509	0.875453	1.24512	2.24751	0.848188
ihec.chipseq.ihec-chipseq-containerv1.1.4.IHECRE00001956.2.6c45d08b-377b-419c-a177-44262ce42f4b.fc.signal	0.15858	0.044915	0.88348	0.92979	0	1.34122	1.66554	1.5169	0.653816	1.11095	0.765518	0.908214	0.714496	1.59089	0.525593	0.316286	0.0278474	0.306704	0.610428	0.469976	0.15858	0.345992	0.0345992	0.43249	0.0374825	0.391697	0.337344	1.3248	1.24247	0.951244	0	0.329379	0.161069	0.259789	0.503374	0.126506
ihec.chipseq.ihec-chipseq-containerv1.1.4.IHECRE00001961.2.058af969-8786-43c5-84e7-d3c325107d07.fc.signal	0	0	0.284048	0.401018	0.298871	0.302358	0.492553	1.21031	1.46795	0.752178	0.599139	1.76304	1.69646	0.757376	0.713343	1.40521	0.81254	0.836482	0.907415	1.02644	0.17827	0.0957647	0.135607	0	0	0.0398443	0.294124	0.269756	0.714149	0.810465	0.624557	0.443432	0.339629	0.314876	0.259049	0.361111
ihec.chipseq.ihec-chipseq-containerv1.1.4.IHECRE00001050.8.a9a09927-f961-43dc-bcc9-a3c995bbca26.fc.signal	2.32401	1.10876	0.45185	0.823854	2.40069	2.52365	2.82584	4.41591	4.88021	3.77284	3.92948	5.05435	3.02854	1.90794	0.834812	1.97677	2.33029	0.0659512	0.552157	0.958678	0.453584	0.454816	0.508973	1.19482	1.03725	1.39638	0.332417	1.252	0.886937	0	0.48078	0.587914	0.0994734	0.249357	0.552923	0.909677
ihec.chipseq.ihec-chipseq-containerv1.1.4.IHECRE00003683.3.9d98dd69-4d9c-4c81-bc8f-9c0f23e13a7b.fc.signal	0.538196	0.525602	1.14737	1.09435	0.824974	0.0530337	0.184636	1.55174	0.304766	0.613986	0.517118	0.411661	0.538345	1.90852	1.95813	1.00838	0.633848	0.577483	0.83283	0.548019	0.324097	0.21999	0.0432124	0.573267	0.314797	0	0.375166	0.75819	0.828903	0.522485	0.498913	0.1591	0.655144	1.1274	0.672295	0.534399
ihec.chipseq.ihec-chipseq-containerv1.1.4.IHECRE00004614.1.0ac6fcf9-3ed9-4ad3-9178-9d485c424be8.fc.signal	0.605259	0.469485	1.36309	1.15963	0.947071	1.31466	0.923438	2.76612	2.40224	3.31294	3.72403	2.43213	2.09416	1.90071	0.418585	0.976816	0.549638	0.761759	0.448575	0.120515	0.679193	0.263909	0.535456	0.742892	0.866304	0.156497	0.0490117	0.77485	1.0647	0.186647	0.422326	0.329985	0.206408	0.610288	0.0575901	0.826211
ihec.chipseq.ihec-chipseq-containerv1.1.4.IHECRE00001958.3.3cd86255-36f1-4b55-a6a7-d6b5647cff3a.fc.signal	1.36248	1.08325	1.49956	1.63495	1.61456	2.18381	3.43709	5.94959	4.59498	1.97215	1.50106	2.83643	2.8629	0.968193	1.63811	1.62459	1.94072	2.30146	1.7687	2.46369	1.63371	2.43473	1.705	1.40556	2.19316	4.29801	3.9871	6.14133	5.96229	4.12324	2.37351	2.05791	1.49963	0.927029	0.899516	0.48289
ihec.chipseq.ihec-chipseq-containerv1.1.4.IHECRE00002076.1.483aa0c8-5543-4e25-b16f-2f222c5a2d5b.fc.signal	3.26219	3.22832	2.20377	0.933425	0.922489	2.05182	1.97508	1.36554	2.82125	4.9499	3.41972	1.2598	3.93078	5.71929	2.93581	1.51214	1.36615	3.58363	1.33421	2.61364	2.02636	0.384724	0.588213	2.3264	2.24149	0.712804	0.814999	4.17766	1.69636	1.37876	1.00782	0.429021	0.263554	0.236848	0.511995	1
ihec.chipseq.ihec-chipseq-containerv1.1.4.IHECRE00002058.1.0fc0f90b-b2ac-4c17-952e-d39560131bf4.fc.signal	2.72115	2.64679	2.00693	1.92639	2.61125	3.90959	4.99751	3.65637	4.56965	5.35897	3.49887	2.64012	2.4384	1.28161	1.14653	2.10296	1.02786	1.33324	1.47418	1.30209	1.65403	0.395796	0.868914	0.364614	0.432231	0.572009	1.01856	0.731001	0.255187	1.31648	1.94709	0.773791	0.339547	0.666555	0.778157	1
ihec.chipseq.ihec-chipseq-containerv1.1.4.IHECRE00001878.2.e386caa6-13f2-44b9-82dc-f7880f6e8e17.fc.signal	1.56561	0.383844	0	0	0	0	0.161871	1.19604	0.921892	0.0820157	1.23784	1.06624	0.757237	1.20213	0.762239	1.9144	0.119697	0.121492	0.651611	0.579422	0.957487	1.06027	0.57756	0.411768	0.812742	0.568608	0.311908	0.935728	0.213405	0.218413	1.74173	0.801275	1.0248	0.624861	0	0.323529
ihec.chipseq.ihec-chipseq-containerv1.1.4.IHECRE00001027.7.cd19865b-26c6-4f71-a2cb-2c7271712e2b.fc.signal	1.02815	0.0468917	0.652308	0.874502	0.411262	0.670698	0.259289	0.582647	1.14817	1.17228	1.44742	0.479519	1.38152	1.18193	1.15391	0.567264	0.11559	0.842568	1.06966	0.25922	0.207668	0.80197	0.357304	0.385078	0.398922	0.608852	0.671428	0.163533	0.553775	0.961069	0.916372	0.262846	0.149981	0.775764	0.362962	0.278689
ihec.chipseq.ihec-chipseq-containerv1.1.4.IHECRE00000242.3.60fb688a-cd94-4204-878d-aedbff00484b.fc.signal	0.5397	0.476248	0.545491	0.45669	0.448992	0.652428	0.645613	0.420442	0.616489	0.745247	0.814492	0.999837	1.15777	1.33135	1.51948	1.30416	0.901892	0.790413	0.994764	0.897319	0.867135	0.714138	0.447018	0.436613	0.499516	0.377212	0.595832	0.790945	0.758976	0.708232	0.450922	0.398764	0.511415	0.437196	0.361709	0.129268
ihec.chipseq.ihec-chipseq-containerv1.1.4.IHECRE00003838.5.15c4be13-1cb6-4f0a-9012-ac7bfa4a2475.fc.signal	0.504968	2.67633	2.01185	0.976239	4.77189	19.9081	19.3862	18.5194	8.40338	2.96248	2.72679	5.8996	2.1377	1.60938	1.70427	0.100994	0.23986	0.39135	0.597545	0.0336645	1.18667	1.33817	0	0	0	0.015508	0.901794	0.15149	0	0	0.0673291	2.39439	0.063121	0	0	0.707865
ihec.chipseq.ihec-chipseq-containerv1.1.4.IHECRE00003685.2.cb8ce07d-5bf2-4abf-a883-851526414fcb.fc.signal	0.0690507	0.915065	1.21172	0.857013	0.357813	0.61057	0.528584	0.34078	0.138627	0.861521	2.43085	1.89954	1.7697	0.829216	1.93229	0.303294	0.0163227	0.166353	0.725136	0.547792	0.929227	0.502224	0.599607	0.0863133	0.968422	0.789493	0.252664	0.792676	0.420618	0	0.199305	0.076274	0.36427	0.528612	1.32607	0.468503
ihec.chipseq.ihec-chipseq-containerv1.1.4.IHECRE00003833.4.ec16fc35-ccb2-4f91-92dd-1cc5fac441b7.fc.signal	0.873409	0.658645	1.11313	0.897382	0.93803	0.965129	1.0631	0.854649	0.623268	0.913213	0.83718	0.926761	1.28569	0.781692	0	0	0.200113	0.610759	0.195946	0.241706	0.30244	0.43903	0.456508	0.925523	1.15691	0.364391	0.72746	0.173016	0	0.592003	1.08395	0.777524	1.50294	0.383551	0.31268	0
ihec.chipseq.ihec-chipseq-containerv1.1.4.IHECRE00004728.1.8beb4625-34f3-4c76-87f5-2108669b4ebf.fc.signal	0.752108	2.01474	0.641233	0.522679	0.605353	0.875484	0.557067	1.43604	0.981445	1.13771	1.29372	1.10556	2.60617	0.244433	0	0.414399	0.365964	0	0	0.676421	0.446715	1.58912	0.280316	0.886115	0.860306	0.113874	0.155752	0.253508	0.130206	0.459059	0.162439	0.450983	0	0	0	0.0820896
ihec.chipseq.ihec-chipseq-containerv1.1.4.IHECRE00002005.1.1ff1e0cf-fe7a-4485-b51f-e180baac3300.fc.signal	3.51827	1.5391	2.092	3.0041	2.89678	3.25805	5.61384	5.26888	4.89746	3.58876	5.8803	3.03278	2.02853	2.12131	1.20506	0.939879	0.802041	0.74878	2.29687	2.68074	1.0933	1.56716	1.62651	0.475308	0.749883	1.54438	0.983253	0.145143	0.566409	0.176748	0.355607	0.264795	0.860166	0.782707	1.1602	1
ihec.chipseq.ihec-chipseq-containerv1.1.4.IHECRE00004664.3.88322dc5-ffd0-48cb-8071-68d28d8e1eea.fc.signal	1.39237	1.47775	1.5934	1.03963	1.53976	1.54026	1.03617	3.02195	2.34366	1.63715	2.62041	3.7128	3.77311	1.57052	1.39518	1.47111	1.66913	0.800335	0.235241	0.0476437	0.866607	1.0423	0.345018	1.01849	1.29666	0.451044	1.33116	0.720678	0	0	0.19653	0.44666	0.56282	0.759399	0.44666	0.273333
ihec.chipseq.ihec-chipseq-containerv1.1.4.IHECRE00001936.1.2c3a006d-4902-4554-a0ba-f4040c3979e5.fc.signal	0.0876283	0.0978393	0.665251	0.440613	0.815465	1.10705	1.27957	1.66127	1.14888	0.528202	0.0075702	0.293051	1.09886	0.770726	0.298588	0.625822	0.424603	0.825249	0.842152	0.437236	0.0270989	0.589748	0.591261	0.665684	0.245113	0.459523	0.565049	0.478194	0.659455	0.424787	0.420262	0.587296	0.510618	0.043271	0	0.2
ihec.chipseq.ihec-chipseq-containerv1.1.4.IHECRE00004609.2.ff95f1fe-813e-4cf7-a1c8-3ae5ac2c2c17.fc.signal	0.0284331	0.632648	1.04328	0.685059	1.39692	1.45378	0.701948	1.60661	2.20019	1.60486	2.70767	2.75113	2.91465	3.47984	2.415	0.911946	0.753265	0.361789	0.834316	0.831727	1.0397	0.968594	1.45559	1.50001	0.671059	2.1984	1.7257	0.342982	1.4129	0.790832	0.462037	0.159936	0.106624	0.0657515	0.53312	0.167449
ihec.chipseq.ihec-chipseq-containerv1.1.4.IHECRE00000972.6.cf621cfe-3687-4632-9cb9-1d96c4cbf6b0.fc.signal	4.15947	5.12213	2.35441	1.12152	2.79068	1.81806	5.02263	3.64107	1.09487	2.6861	1.55262	0.91712	1.31557	0.882337	0.11352	0.643183	0.541712	0.232116	0.686056	0.997289	0.689499	1.96924	2.40044	0.23918	0.0843362	0.97636	0.0776601	0.61169	0.877018	0	0.967775	2.03117	0.144442	1.56711	0.468599	0.549383
ihec.chipseq.ihec-chipseq-containerv1.1.4.IHECRE00001962.2.719bf6dc-a72b-46ff-9660-2f00ca7238e3.fc.signal	3.36395	2.53641	1.57586	2.35034	3.72893	4.56954	6.42784	6.91582	5.38959	7.07397	9.44617	11.0523	11.4311	7.56682	7.75244	9.22201	10.4347	10.8685	15.9278	16.8252	15.965	9.38535	3.10081	2.45021	7.59922	10.1527	10.749	13.1805	14.7143	15.7664	16.5487	12.951	10.4796	9.34418	10.4606	1
ihec.chipseq.ihec-chipseq-containerv1.1.4.IHECRE00003837.4.b0a69b43-094d-48ec-bc60-f9af8670e969.fc.signal	1.79317	0.807117	1.80515	2.80866	4.13311	4.47432	5.59236	7.83863	10.0766	2.68768	5.46254	9.45545	5.60171	5.98041	3.36817	0.596055	0	0	0	0	0.467916	0.5896	0.809499	0	0	0	0	0	0	0	0	0	0	0	0.433052	0.441341
ihec.chipseq.ihec-chipseq-containerv1.1.4.IHECRE00000983.7.a8cf4d02-7de5-4d62-b6f2-913c0f5454c6.fc.signal	1.27287	1.27954	0.193874	0.813494	1.27526	1.58627	2.78403	2.62219	3.32756	1.8119	0.952112	0.649565	1.63903	1.28376	0.207974	0.439951	0.845352	0.879264	0.269668	0.44192	0.899023	0.425568	0.350221	0.966598	0.966367	0.82684	0.278019	0.343908	0	0.469249	0.163052	0.614978	0.318815	0.517148	0.0899497	0.701389
ihec.chipseq.ihec-chipseq-containerv1.1.4.IHECRE00000184.3.e49570a0-926e-4a06-8cdb-e56c6d55c91c.fc.signal	5.68882	0.979376	3.24474	4.8086	6.39613	7.28274	17.1822	20.4811	13.5926	3.01805	2.74253	8.72865	20.8164	28.7716	16.4926	14.4827	9.16806	6.55297	9.39762	5.37164	5.40515	4.13405	0.585956	2.35975	3.87372	2.70443	2.69889	4.09096	1.89829	8.08838	2.81801	3.59738	2.56507	0.289045	2.96791	0.166667
ihec.chipseq.ihec-chipseq-containerv1.1.4.IHECRE00003819.1.15862055-4b77-42a2-9c80-a7361014730f.fc.signal	5.09641	3.65251	2.44952	3.23565	4.39295	5.29429	5.00112	6.50848	7.55172	4.62576	4.32805	4.65255	3.75121	4.4469	4.25492	2.78585	2.47796	1.88873	1.80343	2.45097	2.63766	2.1797	1.58172	1.3513	1.52048	2.3744	3.63849	3.18724	2.95042	2.75687	1.95729	1.79028	0.744919	0.802864	1.11635	0.359551
ihec.chipseq.ihec-chipseq-containerv1.1.4.IHECRE00003715.2.e8a2a442-a331-474b-9c0f-ad5c0953942a.fc.signal	1.58707	1.19266	0.982618	1.37481	1.78959	1.35946	0.518787	1.55209	2.02711	1.96029	1.44339	0.460331	0.937455	0.9328	0.44246	1.2329	1.45889	1.48739	2.20492	2.13759	1.08036	0.728588	0.518868	1.54186	1.03219	0.571172	1.42095	1.22239	1.51749	1.65024	1.0078	1.03566	1.14408	0.519944	0.518784	0.302168
ihec.chipseq.ihec-chipseq-containerv1.1.4.IHECRE00001904.1.30aebd5d-55b8-4958-834c-27c8c0a165bb.fc.signal	0	0	0	0.203045	0.665072	0.769234	0.626248	0.311073	0.473696	0	0.210316	0.364063	0.465173	1.26948	0.721265	0	0	0	0	0	0.40406	0.165864	0.0290023	0.557347	0.181507	0.101319	0.635872	0.239821	0.519577	0	0.74064	0.6371	0.403729	0.263538	0	0.367925
ihec.chipseq.ihec-chipseq-containerv1.1.4.IHECRE00003826.4.93a8f270-5d77-4704-ada1-4b6b1a7c8853.fc.signal	5.99437	6.85017	3.83796	4.25917	13.8006	60.831	39.1882	36.6634	10.5235	7.88084	10.6572	30.2978	29.4963	14.1137	8.91648	2.59651	1.24817	3.40636	2.02879	2.37945	2.48381	1.24817	1.09371	1.23982	0.722183	0.542681	1.27739	2.45173	1.01686	0.688787	4.52926	2.84281	1.87479	1.97869	6.5654	0.149746
ihec.chipseq.ihec-chipseq-containerv1.1.4.IHECRE00003396.1.f283c7ad-e125-498d-831d-e15ed9c8164f.fc.signal	0.425732	1.3331	0.485453	0.757306	0.495726	0.516112	1.58309	2.18406	5.35258	2.87466	2.2596	1.99374	0.666674	0	0.299174	0.963957	0.543161	0.608046	0.645382	0.341359	0	0.30482	0.372053	0.557823	1.24318	0.0637685	0	0.37459	0.557362	0.634714	0.238827	0.544129	0	0	0	0.514563
ihec.chipseq.ihec-chipseq-containerv1.1.4.IHECRE00003730.1.3f439d72-e3f6-44c0-a502-169344c6ad35.fc.signal	1.30461	1.2264	1.44914	0.498274	1.10858	1.42514	0.913836	0.511368	0.832173	1.82142	1.33867	0.289611	0.348576	1.07485	0.927751	0.939968	0.532608	0.990112	0.940169	0	0.23027	1.52311	0.976835	0.00285507	0.195282	0.958021	0.866854	0.736517	0.146831	0.433043	0.0233198	0.366273	0.22026	1.22742	1.33054	0.453782
ihec.chipseq.ihec-chipseq-containerv1.1.4.IHECRE00003694.3.61c30d06-38bd-4873-b3e9-1676bf3449d1.fc.signal	0.143655	0.153516	0.171344	0	0	0.147984	0.258653	0.302344	0.124778	0.302923	0.723226	0.535149	0.941234	1.60341	1.29229	0.349073	0.421814	0.112529	0	0	0.00168573	0.408904	0.0748839	0.151412	0.045196	0.101519	0.280319	0.147805	0.140001	0.156012	0.190958	0.147255	0.104431	0.235034	0.636766	0.484526
ihec.chipseq.ihec-chipseq-containerv1.1.4.IHECRE00001966.2.f603ad07-1fa1-4eda-9e31-ea07130b3846.fc.signal	0.380612	0	0	0	0	0.0767648	1.13894	1.39945	0.361146	0.505113	0.203594	0.657504	0.273683	0	0	0.0818544	0.365915	0.584069	1.45508	0.597428	0.192747	0	0	0.208337	0.389397	0.256758	0.171401	0.776039	0.137878	0.110802	0.391061	0.856594	0.915148	0.266908	0.45312	0.0655738
ihec.chipseq.ihec-chipseq-containerv1.1.4.IHECRE00003843.4.c2c52d4b-c9da-43f3-925f-8359bbb97ee0.fc.signal	0	0	0.391109	3.66824	2.49124	6.01302	8.24356	10.2474	2.15534	0	2.5256	0.203943	1.23334	0.590949	0	0	0	0	0	2.5299	4.53951	0	0	0	0	0	0	0	0	0	3.06879	1.69041	0	0	0	0.272076
ihec.chipseq.ihec-chipseq-containerv1.1.4.IHECRE00003398.1.f0bdf12d-8bcf-4989-949c-4d32dbd60ffe.fc.signal	3.18071	2.01232	2.15977	0.928721	0	1.48695	3.17704	2.18456	1.69537	2.52098	1.64377	1.28606	0.900989	0.977616	0.630743	2.30502	1.45949	4.25322	1.23836	0.64863	0.604406	0	0	0	0	1.4521	2.35143	1.15722	0.493866	2.06396	0.28009	2.05659	0.434877	0.987687	0.959288	0.401163
ihec.chipseq.ihec-chipseq-containerv1.1.4.IHECRE00000942.6.57b4ba27-01c8-4621-88e8-a90fc9665acf.fc.signal	1.37335	1.49868	1.44298	0.609726	0	1.07249	0.803686	1.38098	0.585747	0.915862	1.15089	0.505939	0.74541	0.864951	0.736819	0.466361	1.45387	0.0802213	1.12353	0.701846	1.48849	0.178889	0.612936	1.3774	0	0	0.61144	0.428908	0	1.80579	1.24817	0.406132	0.573295	0	0	0.86039
ihec.chipseq.ihec-chipseq-containerv1.1.4.IHECRE00003404.1.0fdae11f-7f58-4d45-8594-d429c2e066c7.fc.signal	0.293157	0.201821	0.853917	0.741634	0.38366	0.285486	1.16732	0.958442	0.615047	0.749975	0.514375	2.60895	3.84355	1.93051	0.885378	1.0195	0.470128	0.577222	0.309407	0.392377	0.140505	0.211945	0.192615	1.1369	0.773918	0	0	0.860101	1.41661	0.690647	0.524583	0.567114	0	0.0068204	0.65641	0.208092
ihec.chipseq.ihec-chipseq-containerv1.1.4.IHECRE00003401.1.04bbdaed-a320-4540-aa2d-1d676d505c81.fc.signal	0.256234	1.50541	2.03663	0.479313	0	0.706303	1.54393	1.49461	1.15196	0.230703	1.04934	1.02548	0.988893	0.287831	0	1.01041	0.980884	0.0295974	0	0	0	0.0373674	0.80073	0.229543	0.549863	2.01263	1.47344	1.07836	0.966241	1.08463	1.19792	0.644983	1.23176	0.424158	0	0.429487
ihec.chipseq.ihec-chipseq-containerv1.1.4.IHECRE00004607.2.654f15ab-b67f-4220-9161-30be6d438771.fc.signal	0	1.12675	1.14696	1.28084	2.54655	1.79116	1.21515	2.88509	2.45308	1.39704	1.58905	1.15122	1.85008	1.03577	0.560838	1.50668	0.12997	1.22286	0.942288	0.538057	1.00545	0.063145	0.778078	1.11663	0.318284	0.937252	0.260205	0.224796	0.563341	0.444596	0.28289	0	0	0	0	0.805687
ihec.chipseq.ihec-chipseq-containerv1.1.4.IHECRE00001964.2.194197dc-d3ad-4faf-839a-1e28c390e1c7.fc.signal	4.03312	1.24339	1.26496	1.34353	2.26805	2.83612	3.71826	5.20592	6.76144	5.54944	3.86842	3.77505	3.9639	2.50487	1.60757	1.99182	1.43023	2.54786	3.70418	2.06493	2.01394	3.01174	6.15959	11.0903	14.4475	8.92497	6.19913	7.46384	7.9566	9.16131	5.62138	3.24387	3.35663	2.3411	1.54734	0.174528
ihec.chipseq.ihec-chipseq-containerv1.1.4.IHECRE00001008.4.a169f921-cefd-41e3-aba6-62149b95f327.fc.signal	1.69131	1.82351	0.867863	0.491953	0.751465	1.61859	2.26942	0.949654	1.24865	1.17229	1.7303	2.11391	1.74278	2.41077	1.67246	1.41583	0.617252	1.23559	0.679024	1.18506	1.18646	1.51441	0.892916	1.1731	0.761951	0.865258	1.18909	1.34144	1.20052	0.946299	0.816272	0.540238	1.16469	0.543389	0.920566	0.610169
ihec.chipseq.ihec-chipseq-containerv1.1.4.IHECRE00000238.3.b63d6dc1-6fc0-4b8d-9bff-172e3f638785.fc.signal	0.438697	0.375296	0.437909	0.27254	0.155763	0.230151	0.63755	0.755763	0.482404	0.487497	0.493677	0.550894	0.34284	0.224536	0.100245	0.118849	0.126205	0.147684	0.0997855	0.0901668	0.185987	0.216407	0.138043	0.155137	0.148166	0.12384	0.120242	0.307024	0.180155	0.144187	0.278145	0.364969	0.379259	0.283434	0.10529	0.727273
ihec.chipseq.ihec-chipseq-containerv1.1.4.IHECRE00000243.3.6e43a1d4-827b-4226-ab35-bcd9e4427ba9.fc.signal	1.21914	0.928447	1.27462	1.47419	1.79638	1.73458	1.94184	1.89436	1.47	0.987931	0.979672	1.11663	1.4203	1.69189	0.783959	0.513207	0.589807	0.486149	0.487554	0.630503	0.954497	1.29011	1.02941	0.939796	0.528781	0.331843	0.514879	0.77525	0.476736	0.350002	0.32109	0.418794	0.351362	0.278155	0.219991	0.715302
ihec.chipseq.ihec-chipseq-containerv1.1.4.IHECRE00003804.1.99f64bff-6a7f-4116-8a49-8ea2121e3dc6.fc.signal	1.33922	1.08769	1.56395	1.29029	1.58288	3.0558	2.43834	3.32139	3.64018	4.10547	3.28584	2.08065	1.97483	1.08182	1.76995	2.12624	1.27653	1.20922	1.37929	1.58086	1.10851	1.17017	0.824111	1.16767	1.95986	1.38093	1.04361	0.473141	0.945946	0.938147	0.998784	0.559687	0.679122	0.385645	1.13237	0.74
ihec.chipseq.ihec-chipseq-containerv1.1.4.IHECRE00001973.1.61dbfaab-48a0-49aa-b249-2516c02981de.fc.signal	2.53849	2.28795	2.20092	2.22273	1.60614	1.7619	1.27145	1.74442	3.16409	4.10557	1.9106	2.25653	4.04131	2.85016	1.08502	1.67469	2.55139	0.798017	1.1558	1.22267	1.23525	2.10457	1.65898	2.45415	0.836678	0.322671	0.039308	0.58962	0.900212	2.17102	0.268781	0	0.250995	0.798962	0.888602	1
ihec.chipseq.ihec-chipseq-containerv1.1.4.IHECRE00000775.1.672aeb75-b003-40bb-88b0-79458561e736.fc.signal	2.67114	2.56568	2.46758	0.596013	0	1.07432	3.12493	2.51417	1.74641	3.74548	2.75455	3.35302	3.3138	3.9319	3.14456	4.17717	2.10453	0.488085	1.90339	0.699059	1.55755	1.23132	0	0	0	0.632836	0.323772	3.70374	1.97698	2.26151	2.43322	2.18305	0.983579	2.03586	2.16969	0.128788
ihec.chipseq.ihec-chipseq-containerv1.1.4.IHECRE00001959.2.a16168d3-492b-4fa9-9ed9-f6132409aea8.fc.signal	0.381693	0.287821	0.916932	0.60037	0.530993	1.22914	1.4649	2.08806	1.48599	0.748212	0.858103	1.28542	0.67001	1.56527	1.01801	0.0687669	0.810345	0.443748	0.591682	0.472274	0.117314	0.995185	0.784264	0	0	1.2138	1.26568	0.930497	0.942721	0.210507	0	0	0	0.191471	0.912237	0.434944
ihec.chipseq.ihec-chipseq-containerv1.1.4.IHECRE00003678.3.651f7635-fa04-4a73-ad9d-b88c234511f0.fc.signal	1.33883	1.52662	0.829179	1.86933	2.08515	2.05829	2.44502	2.89483	2.49244	1.65836	1.1974	0.607216	1.11939	2.49253	1.87896	0.0170674	0.308141	0.448202	0.738176	0.538927	0.597473	0.595034	0.302745	0.22484	0.292618	0.870584	0.439303	0.536654	0.0979447	0.180974	0.303602	0.614081	0.56171	0.647958	0.378326	0.630923
ihec.chipseq.ihec-chipseq-containerv1.1.4.IHECRE00000240.3.8f250bd6-ace7-4938-8056-c658c54331a9.fc.signal	1.80335	0.615004	0.481178	0.710949	0.698993	1.68127	3.60884	2.95908	2.13951	1.31026	1.85598	1.26904	1.42319	1.90272	1.27598	0.724324	0.497451	0.412855	0.146829	0.690933	1.1117	0.977025	1.14385	0.541193	0.13946	0.463349	1.13159	1.07301	0.738238	0.648895	0.666518	0.567734	0.689273	0.467797	0.238162	0.635979
ihec.chipseq.ihec-chipseq-containerv1.1.4.IHECRE00002067.1.986e393c-de82-4afc-818b-4cc2a632dc28.fc.signal	4.87263	3.0073	1.67022	2.23524	2.51637	2.7753	2.8374	4.58859	2.80838	1.79753	3.91638	5.00451	2.8393	3.00662	3.06495	4.24249	2.57918	1.02211	1.07711	1.39949	3.03346	1.1064	1.51308	1.47643	1.30057	0.51651	1.0991	0.194165	0.340925	1.27244	0.522096	0.261755	0.748714	0.717741	0.505151	1
ihec.chipseq.ihec-chipseq-containerv1.1.4.IHECRE00003677.3.486b8afb-6747-4d4a-93ee-788cf88097fc.fc.signal	1.77793	3.23567	4.27826	3.11938	4.17124	6.2413	7.19862	6.46167	5.33124	4.3775	1.90202	1.56777	0.817972	1.33392	0.201449	0.349812	0.0798569	0.176327	0.546865	0.168105	0.616118	0.758846	0.613906	0.147659	0.223527	0.341789	0.369372	0.289514	0.363484	0.563492	0.467165	0.720062	0.233016	0.237436	0.359976	0.581182
ihec.chipseq.ihec-chipseq-containerv1.1.4.IHECRE00001021.4.fe2297ab-7a22-4ba1-b2e8-9748d9ff6f48.fc.signal	1.99877	1.19806	1.41319	0.806731	0.831285	0.628672	2.62736	3.56198	1.47838	1.81089	1.2164	1.35049	0.961642	1.0808	1.11412	1.4032	0.624398	0.561101	1.05133	1.74098	0.261062	0.198706	0.834925	1.16684	1.19545	1.23657	1.18133	0.468633	0.428265	0.536196	0.447136	1.00087	0.899224	0.698572	0.601062	0.810811
ihec.chipseq.ihec-chipseq-containerv1.1.4.IHECRE00000992.7.d770a09a-2cad-4524-8aaf-69b927e47c59.fc.signal	1.05297	0.598076	0.620364	0.37969	0.545752	1.84289	4.75081	2.79012	3.6695	2.26549	2.3763	1.1225	1.47459	1.23205	0.850609	0.626437	0.690794	1.50544	0.977296	1.02497	0.79501	0.457894	1.05065	0.636566	0.854908	1.12685	1.19029	1.1674	1.27549	1.51293	0.713061	0.964208	1.05098	1.07609	1.62168	0.647349
ihec.chipseq.ihec-chipseq-containerv1.1.4.IHECRE00001900.1.eba0146b-fc0a-4798-98b6-8f831ec2d14a.fc.signal	0.820676	1.4221	1.69964	1.33742	1.26541	1.45459	1.27289	1.23449	1.19641	1.30843	1.11517	2.04991	1.38407	2.06818	3.31148	1.74713	0.458804	0.377362	0.468874	0.641149	0.857976	0.315951	0.872169	1.06034	1.00854	0.668639	0.705946	0.464013	0.582629	0.627893	0.583601	0.566851	0.988107	1.18449	0.995443	0.475676
ihec.chipseq.ihec-chipseq-containerv1.1.4.IHECRE00001955.3.e3f14527-a39d-40b4-9738-20c86afa593c.fc.signal	1.23643	1.58582	0.93695	0.571393	0.627861	1.20183	1.42769	1.57766	0.658667	0.668046	1.64512	1.0185	0.639465	1.38718	1.29829	1.12458	0.863376	0.406757	0.255025	0.355275	0.910496	1.00551	1.22836	0.799464	0.826358	0.308555	0.391039	0.404317	0.859489	0.696164	0.43084	0.567405	0.387023	0.659402	0.857619	0.422619
ihec.chipseq.ihec-chipseq-containerv1.1.4.IHECRE00001025.7.9c7e2dd7-abf1-40e7-80a7-163dc7b3844f.fc.signal	1.35261	0.77482	1.88899	0.887149	1.03471	1.20085	1.99025	1.40466	1.97261	1.6067	1.52809	1.07353	0.765764	0.710584	0.752573	1.02808	1.00734	1.40902	0.542163	0.438551	0.939305	0.906623	0.148695	0.688091	1.01127	1.18849	0.822855	0.886658	0.177958	0.761273	0.258807	0.54254	0.824253	1.11209	0.474873	0.52
ihec.chipseq.ihec-chipseq-containerv1.1.4.IHECRE00001903.1.a4b839f4-cb72-4000-8141-3e889aede665.fc.signal	0	0	0.0783236	0.457331	0.463735	0.163041	0.0491427	0.203897	1.04234	0.465844	0.633856	0.243775	0.139458	0.540526	0.771098	0.710924	0.471926	0.435571	0.632852	1.4715	1.19533	1.11427	0.213699	0.245206	0.125605	0	0.0253259	0.61691	0.924001	0.909706	0.0889585	0.715815	0.515392	0.556648	0.197469	0.217822
ihec.chipseq.ihec-chipseq-containerv1.1.4.IHECRE00000236.3.2c1c8672-6452-4ab8-881a-a766bd324041.fc.signal	1.06124	1.02312	0.804054	0.672174	0.668644	1.36089	1.38813	0.816671	1.07468	1.09587	0.965485	1.68636	1.72395	1.47536	1.40763	1.00449	0.960886	1.16951	1.5183	1.24972	0.732898	0.703924	0.760925	0.639028	0.714957	0.806082	1.01916	0.725469	0.544954	0.87744	1.33293	1.09133	0.383444	0.313434	0.647708	0.624317
ihec.chipseq.ihec-chipseq-containerv1.1.4.IHECRE00002065.1.b81732b7-0852-42a0-916a-8784920a02a3.fc.signal	0.813049	0.635037	0.97937	1.79396	2.38292	1.72601	2.11753	3.82677	3.50564	1.05135	2.65666	4.4849	2.98495	1.41972	1.14945	1.936	1.61697	1.05695	0.548992	1.03492	0.34889	1.35391	2.40741	1.76746	0.756687	0	0	0.640922	0.789807	3.16818	1.80216	1.7917	0.889072	0.609327	0.497816	0.75
ihec.chipseq.ihec-chipseq-containerv1.1.4.IHECRE00000235.3.077c5772-92ce-4a32-a06f-48c1b9a6f571.fc.signal	1.24072	0.801769	0.682998	0.537506	1.02266	1.72355	1.52294	1.21963	1.57446	1.5471	1.29245	0.951535	1.16356	1.72096	1.6542	1.08316	0.849497	0.808255	1.06453	1.60231	1.29721	0.777338	1.27358	1.59608	1.15422	1.01353	1.38331	1.70281	1.97425	2.32118	1.89639	1.18605	1.24957	1.47947	1.47166	0.595792
ihec.chipseq.ihec-chipseq-containerv1.1.4.IHECRE00000233.3.c81f88e2-7199-4952-a0ac-fbf221a68e22.fc.signal	0.5919	0.423997	0.565643	0.566617	0.601578	0.675035	0.595022	0.559561	0.699833	1.06829	1.07619	1.00154	1.08818	0.777829	1.18534	1.30066	0.62648	0.368685	0.510233	0.821396	0.95736	0.814765	0.740256	0.765732	1.00149	0.921041	0.645729	0.845422	1.23027	0.873328	0.683252	0.649277	0.537333	0.613349	0.521489	0.552795
ihec.chipseq.ihec-chipseq-containerv1.1.4.IHECRE00000230.3.93bed2a7-7118-417a-9bcf-494520ff91da.fc.signal	1.1504	0.69739	0.324378	0.263925	0.385357	0.841886	1.38686	1.62917	1.37567	1.14147	1.41199	1.6992	2.10856	1.65264	1.63678	1.41057	1.01902	0.677264	0.969803	1.66824	1.80698	1.56344	1.17005	1.21045	1.2059	1.04484	1.11627	1.4604	1.69624	1.72874	1.30468	1.02794	0.87704	0.608598	0.598863	0.919598
ihec.chipseq.ihec-chipseq-containerv1.1.4.IHECRE00001888.4.5d335139-80db-490f-af5c-5cf1e8a1a3de.fc.signal	0	0.163375	0.367112	0	0	0.288477	0.277455	0.0355808	0.87909	1.11387	0.18772	1.61513	1.11442	1.46427	0.414761	0	0	0	0	0.0331224	0.451929	0.0756633	0	0	0.326427	1.3336	1.54877	2.43101	1.68643	0.955921	1.12287	0.866558	0.0251263	0	0	0.0458716
ihec.chipseq.ihec-chipseq-containerv1.1.4.IHECRE00003803.1.d5373538-03e5-4aea-a61c-f80d029c4d74.fc.signal	1.73144	1.46352	2.45147	2.00337	1.19604	0.547748	1.23342	0.737422	0.162916	0.580778	1.22021	1.35724	1.74356	0.694131	0.761451	3.87498	2.38798	1.14842	2.63955	0.648388	2.29262	1.86671	1.17875	1.50185	1.07774	0.344997	0.51206	0.850755	1.34286	0.046244	1.38102	1.36276	0.165759	0.292899	1.19028	0.9
ihec.chipseq.ihec-chipseq-containerv1.1.4.IHECRE00004616.1.bdf8440d-f4c1-4471-9c29-b1cf45563873.fc.signal	0.599152	0.732639	0.201583	0.513105	0.91631	0.943754	1.59411	1.57155	0.415861	0.749834	0.412114	1.49957	1.2797	0.479501	0.821533	1.00175	0	0	0.268729	0.43363	0.210473	0	0.726937	0.928522	0.833786	0.70246	0.0152687	0.265708	0.68076	1.31554	0.58332	0.305373	0.27789	0.335911	0.45806	0.753138
ihec.chipseq.ihec-chipseq-containerv1.1.4.IHECRE00000980.8.339aed23-3831-43ff-b152-c5545f91df38.fc.signal	2.28804	0.84923	0.591564	1.18645	2.47229	1.8739	0.0613529	3.28171	0.754444	0.508343	2.57159	0.246886	1.93726	0.0475572	0.657715	2.37889	2.33544	0.905052	1.19063	1.13596	0.934147	0.449488	0	0	0	1.38237	0.549041	2.61832	0.884892	0.368845	0.160508	1.40144	2.24387	1.11186	0.545352	0.108597
ihec.chipseq.ihec-chipseq-containerv1.1.4.IHECRE00003691.3.e70a956a-e876-473f-ae67-333f104e486a.fc.signal	0.452234	0.477644	0.370194	0.308357	0.627584	0.750656	0.830456	0.921823	1.15695	2.5295	3.36068	1.3245	1.26901	1.9765	1.87423	1.19236	0.346937	0.250062	0.645339	0.653729	1.25857	0.634757	0.985757	0.617284	1.60475	1.38007	1.03308	0.96523	0.84063	0.738133	1.39429	1.17187	0.409512	0.0568379	0.507381	0.606465
ihec.chipseq.ihec-chipseq-containerv1.1.4.IHECRE00003810.1.c695043f-867f-4d87-b518-a1edfe717a8b.fc.signal	1.36503	2.05135	3.01507	2.5644	2.00426	1.75856	2.37868	4.09689	3.42305	3.85884	4.21878	3.16672	2.05517	2.88068	2.96805	2.26058	1.91215	0.602787	1.35444	2.24055	1.88651	1.79116	1.3775	1.39859	2.58795	1.5953	1.8299	0.956904	0.997645	1.34004	1.73837	1.47634	0.657481	0.42239	1.04234	0.324324
ihec.chipseq.ihec-chipseq-containerv1.1.4.IHECRE00000099.3.e8d8915f-2a7b-434d-ae6f-f1c573d41250.fc.signal	2.64368	2.42363	4.29537	2.0551	2.69622	11.9695	14.2859	9.17517	10.5387	7.87991	4.55765	17.3159	21.7528	10.4446	8.47941	6.17385	4.2035	6.43257	3.47249	5.75156	2.86442	3.35306	4.88772	2.5365	1.85002	3.09	2.4784	1.03215	1.57393	3.8667	0.0718995	0.182513	1.1938	1.24826	1.94337	0.147541
ihec.chipseq.ihec-chipseq-containerv1.1.4.IHECRE00003817.1.49aa2390-1029-4804-9d85-ae2b9507e615.fc.signal	1.39582	0.995737	1.30601	2.75465	2.82662	2.50032	3.08066	2.93395	2.70874	3.26603	2.23904	1.76642	2.09957	2.04517	2.62558	1.89104	1.00857	1.07155	0.875539	0.751959	0.464995	0.491447	0.145541	0.225555	0.616531	0.888443	1.30028	1.36644	0.738014	0.648354	0.455797	1.05116	0.946079	1.07445	0.666434	0.586777
ihec.chipseq.ihec-chipseq-containerv1.1.4.IHECRE00000222.3.752eff28-f561-4493-9961-9376765e5593.fc.signal	0.876989	1.10482	1.29577	1.3352	1.37228	1.1623	1.07533	1.58352	2.19598	1.21813	1.31597	1.36636	1.15894	0.858471	0.915065	1.34639	0.994239	0.391097	1.08034	1.59767	1.40874	1.24501	0.843463	0.426322	0.50768	0.935515	1.17782	1.25977	1.6323	1.76934	1.61502	0.870033	0.135246	0.494526	0.983706	0.513784
ihec.chipseq.ihec-chipseq-containerv1.1.4.IHECRE00000231.3.9f5b0463-4f76-4b11-9c3e-298af7f4a26f.fc.signal	1.36981	1.44243	1.09637	1.06439	1.26647	1.47252	1.40395	0.866438	1.1344	1.18029	1.57441	1.65857	1.03443	1.00918	1.07691	1.03722	0.817068	0.721368	0.985743	0.953215	1.03276	1.06305	1.14687	0.950563	0.412955	0.636725	1.14244	1.07044	0.705946	0.317964	0.394715	0.564603	0.358512	0.176966	0.11572	0.498387
ihec.chipseq.ihec-chipseq-containerv1.1.4.IHECRE00001935.1.9f989b17-6131-4e53-a04c-2c3b0ade703c.fc.signal	0.186639	0.507544	0.437608	0.550523	1.43107	1.09376	0.853219	0.0473127	0.139248	0.491159	0.4882	0.400126	0.283395	0.368705	0	0	0.363559	0.222263	0.204178	0.373569	0.280786	1.016	0.669301	0.641271	0.494616	0.332238	0.647402	0	0.249333	0.187897	0.14611	0.722661	0.627574	0.848396	0.990168	0.118644
ihec.chipseq.ihec-chipseq-containerv1.1.4.IHECRE00003682.3.da9e495d-70d1-4135-9b7b-7d3c249e647d.fc.signal	2.85419	2.33093	2.65926	2.14956	1.09879	4.68827	11.4663	6.24589	6.20955	3.88744	1.96234	1.21623	1.65998	2.14286	0.378249	0.467959	1.95612	1.79703	1.19336	0.392964	0.174729	0.755883	0.45897	0.289154	0.337322	1.20647	0.768832	0.714959	0.2957	0.174744	0.20591	0.364618	0.47507	0.661343	0.907154	0.585621
ihec.chipseq.ihec-chipseq-containerv1.1.4.IHECRE00001236.5.94801060-fc98-4727-a392-ae741c9cf8fc.fc.signal	1.66201	1.4464	1.26339	0.950566	1.70352	0.929766	0.815325	1.47756	2.31383	2.38643	1.87992	1.62414	2.49685	2.82877	2.57912	2.52204	2.00236	0.657939	2.02247	0.917014	1.23804	1.51747	1.52863	1.92443	1.12095	0.285069	0.621142	0.821543	1.53462	2.62709	2.61484	2.22542	1.17156	1.42594	0.894039	0.564696
ihec.chipseq.ihec-chipseq-containerv1.1.4.IHECRE00000303.2.89d09183-5d60-46a5-b09a-bec32e88d696.fc.signal	6.5211	3.20032	4.29255	6.5834	9.50872	13.5432	20.4064	13.4201	10.1672	6.83993	11.3751	30.3329	37.6122	32.0489	27.1597	16.2041	10.419	5.72826	7.90084	4.61354	9.13633	8.53904	5.89713	3.06656	5.07273	6.28631	6.72122	4.0764	7.02694	3.79261	4.3574	3.01049	2.01323	2.025	1.76088	0.0811908
