	chr14:74943713-74943862	chr14:74943863-74944012	chr14:74944013-74944162	chr14:74944163-74944312	chr14:74944313-74944462	chr14:74944463-74944612	chr14:74944613-74944762	chr14:74944763-74944912	chr14:74944913-74945062	chr14:74945063-74945212	chr14:74945213-74945362	chr14:74945363-74945512	chr14:74945513-74945662	chr14:74945663-74945812	chr14:74945813-74945962	chr14:74945963-74946112	chr14:74946113-74946262	chr14:74946263-74946412	chr14:74946413-74946482	chr14:74946483-74946562	chr14:74946563-74946712	chr14:74946713-74946862	chr14:74946863-74947012	chr14:74947013-74947162	chr14:74947163-74947312	chr14:74947313-74947462	chr14:74947463-74947612	chr14:74947613-74947762	chr14:74947763-74947912	chr14:74947913-74948062	chr14:74948063-74948212	chr14:74948213-74948362	chr14:74948363-74948512	chr14:74948513-74948662	chr14:74948663-74948775	Expression
ihec.chipseq.ihec-chipseq-containerv1.1.4.IHECRE00001019.4.8179c079-b296-4030-830a-f12b3bc5acd1.fc.signal	0.549313	0.872619	0.15664	0.622047	0.839455	0.496603	0.569762	0.545192	0.190552	0.729259	1.16885	0.972676	1.54912	1.57435	1.21473	1.29548	1.95954	2.29663	2.34975	1.81792	1.29391	1.98705	2.33195	2.15563	0.947185	1.90548	2.17926	1.98057	2.48357	1.83002	2.76615	2.25102	2.01177	1.49662	1.72912	0.556522
ihec.chipseq.ihec-chipseq-containerv1.1.4.IHECRE00004888.1.fd25c27d-77c4-4595-b48c-e5f0d2d321a9.fc.signal	0.828179	0.85748	0.0106045	0.142682	1.66527	1.06004	0.678545	1.02469	0.624348	0.58177	0.587598	0.3536	0.5022	0.629106	1.32735	1.09722	1.09285	1.58654	1.36481	1.12091	1.48707	1.03978	1.73782	1.81479	0.655535	0.906049	1.84604	0.781125	1.09562	0.637581	0.514906	1.43907	1.30368	0.286443	0.623878	0.321705
ihec.chipseq.ihec-chipseq-containerv1.1.4.IHECRE00003690.3.bb55a212-99c2-4448-84cc-6786b9df2691.fc.signal	0.248512	0.521126	0.0723286	0.0370979	0.545236	0.0370991	0.561925	0.54709	0.142809	0.570675	0.813274	0.493326	1.18889	1.46602	1.15293	0.634303	0	0.109434	1.87995	2.0975	3.12227	0.410477	0.504043	1.8529	1.43925	1.65808	3.62604	2.41333	1.91364	1.10799	0.658023	0.580477	0.324555	0.710327	0.905605	0.498201
ihec.chipseq.ihec-chipseq-containerv1.1.4.IHECRE00000987.6.289adc7a-9e11-437f-b6f6-57bfdeddcb3b.fc.signal	0.686094	0.908246	0.280685	0	0	0	0	0	0	0	0.141601	0.63733	1.26273	1.84125	0.455727	0.74857	1.31028	1.10634	0.254551	0	0.0045064	0.567942	0.797901	0.275462	0.334435	0.493259	0.175894	0	0.0946611	0.54529	0.0372638	0.346335	0.806404	0.231153	0.997586	0.530885
ihec.chipseq.ihec-chipseq-containerv1.1.4.IHECRE00000949.6.e11d45c2-991c-46e2-8d13-bb1e23aff42f.fc.signal	0	0	0	0	0.376674	0.0963918	0	0	0	0.386055	0.151685	0.322383	0.514476	0.388748	0.364232	1.17445	0.858814	1.66219	1.34858	1.3923	1.13727	1.11878	0.611035	1.85122	1.46099	0.0684511	0	0.421418	0.207958	0.299542	0	0.228532	1.49082	1.11977	0.897773	0.502747
ihec.chipseq.ihec-chipseq-containerv1.1.4.IHECRE00001002.4.308bde30-3fb4-4075-a143-aa64ea58703c.fc.signal	0.0042534	0	0	0.0762719	0.147339	0.122171	0.310626	0.20525	0.10459	0.381581	0.452348	0.50368	0.570011	0.705501	0.870706	1.06893	1.04705	1.30846	1.0732	0.842406	0.643714	0.881405	0.80787	0.858166	0.701439	0.394935	0.420344	0.514997	0.717766	0.386721	0.191062	0.208792	0.380756	0.423907	0.404545	0.28853
ihec.chipseq.ihec-chipseq-containerv1.1.4.IHECRE00001233.5.d6317c97-f6d6-4ceb-8b71-b3b4801f5d92.fc.signal	0.068356	0.292069	0.232867	0.137446	0.302441	0.0351945	0.560391	1.04597	0.0734693	0.0208174	0.251487	0.188716	0.0488617	0.321653	1.0539	1.40609	1.67153	1.50921	1.36924	0.86772	0.743406	1.08564	1.57413	1.4289	0.901651	0.503748	0.449418	1.43723	1.31166	1.0627	1.48148	0.642096	2.09372	2.55732	1.48309	0.447619
ihec.chipseq.ihec-chipseq-containerv1.1.4.IHECRE00000193.3.aa854cbd-228f-48b3-bc4a-7a1e57daf907.fc.signal	0	2.86061	1.04461	0	0	0	1.05657	1.0413	1.80098	0.0120065	1.44351	2.51016	1.59655	1.21744	4.43858	1.18721	4.78014	4.76677	6.09778	4.02986	0.0960523	5.10292	5.46312	6.77911	1.42096	2.46335	3.09779	0.180098	2.10084	1.81304	0	0.744405	1.16891	0	2.95584	0.734375
ihec.chipseq.ihec-chipseq-containerv1.1.4.IHECRE00004605.1.ca94bee3-450c-404f-8e72-f443f0a32f9b.fc.signal	1.80373	0.0687302	0	0	0.661334	0.583086	1.03578	0.808205	0.661258	2.26822	5.0887	2.87973	1.91745	1.33201	3.67609	3.49836	3.29689	2.55344	6.21655	4.79067	6.28798	2.27768	3.14012	4.92791	5.17173	3.91579	2.15209	3.63346	2.11612	3.51605	4.25527	3.33481	4.66917	2.986	3.34668	0.465359
ihec.chipseq.ihec-chipseq-containerv1.1.4.IHECRE00001893.4.1ce16d7a-b11b-4cc6-9954-df2d097852d0.fc.signal	0.135704	0	0	0	0.601964	1.01525	0	0	0	0	0	4.03282	13.556	6.87059	4.44532	10.2568	12.7562	8.60509	8.33867	6.44759	2.31022	3.72705	3.80873	3.66881	0.943376	1.95062	1.27166	0.461383	1.15019	1.78484	0.189804	0	0	1.35854	3.79331	0.480214
ihec.chipseq.ihec-chipseq-containerv1.1.4.IHECRE00000224.3.98331644-3ccd-45b3-bad7-e0e81208e171.fc.signal	0	0.121038	0.511322	0.505456	0.548964	0.798839	0.484132	0.26412	0.200046	0.192603	0.586275	0.773591	0.856771	0.779587	0.615848	0.390309	0.621021	0.570152	0.580425	0.720927	0.544723	0.272897	0.557027	1.04021	1.06863	1.16012	0.762434	0.707084	0.802845	0.548052	0.326196	0.455478	0.543701	0.264444	0.0740027	0.43349
ihec.chipseq.ihec-chipseq-containerv1.1.4.IHECRE00001335.1.16baff19-56fb-479e-97b6-edd56ebc9920.fc.signal	0.9062	1.98998	0.304195	0.0833413	0.609286	1.34588	1.6584	1.85428	0.995916	0.0333365	1.31038	4.10765	2.72519	1.55885	1.59821	1.17289	0.779492	1.84023	0.76851	0.576505	0.610338	1.52151	0.702886	0.99053	2.26232	1.28299	0.237523	0.4705	0	0.543341	0.762933	0.137513	0.604223	2.42439	0.774878	0.414835
ihec.chipseq.ihec-chipseq-containerv1.1.4.IHECRE00000228.3.8bd2a4a9-ace6-4e3a-b0aa-9993e4990638.fc.signal	0	0.00297387	0.38976	1.00359	0.926107	0.44747	0.720453	0.645626	0.382284	0.676115	0.571725	1.24476	1.43543	1.54835	1.22152	1.78852	3.06358	2.89086	2.62122	2.47893	1.94829	1.8606	2.33121	1.61592	1.52129	1.77738	0.792	1.03515	1.21503	1.25097	1.91196	1.37711	0.993325	0.535212	0.927566	0.559971
ihec.chipseq.ihec-chipseq-containerv1.1.4.IHECRE00004610.2.100e7289-c631-4bb0-9eef-015950828bf4.fc.signal	1.49454	2.41256	0.496391	0	0.645801	0.877977	2.41791	3.24518	3.48538	9.13512	7.74301	3.98595	3.95182	6.33559	5.09199	5.26543	4.75836	6.08474	5.02676	2.70713	8.62534	6.40233	5.32692	3.38132	3.18647	3.59744	3.63481	3.91573	4.21126	6.10581	4.60355	3.82701	6.40715	5.22006	9.38073	0.388418
ihec.chipseq.ihec-chipseq-containerv1.1.4.IHECRE00003818.1.3d6cbb41-685c-49c7-85eb-8977ab8f14b3.fc.signal	0.503254	0.76955	1.60469	0.885421	0.854814	0.373846	0.773921	0.642161	0.653684	0.605584	2.97283	2.01665	1.59791	2.00039	2.24744	0.684287	0.83155	1.52775	1.25183	0.507426	0.758638	1.40495	2.30589	3.13362	2.77411	0.911422	1.06791	0.969852	2.70491	2.73025	3.07155	3.6113	3.96804	3.34615	3.08471	0.238806
ihec.chipseq.ihec-chipseq-containerv1.1.4.IHECRE00000665.1.5571d7d7-4894-4e51-8082-c8a874cb2438.fc.signal	2.1331	1.31117	1.88106	2.26902	3.41812	2.02552	2.00916	0.905128	0.363357	2.01881	2.6435	2.19828	2.8084	3.92642	4.50836	3.65628	2.2633	9.25619	10.7662	7.52835	7.94919	3.69682	3.76227	4.3291	2.98606	5.23476	2.53215	2.18939	3.50389	3.48664	3.58173	2.99623	3.53249	4.38527	5.2882	0.522794
ihec.chipseq.ihec-chipseq-containerv1.1.4.IHECRE00003676.3.edac7fd7-5249-4224-ba52-76d331cfbbb5.fc.signal	0.450701	0.707693	0.631338	0.422516	0.371772	1.01148	0.923473	0.527472	0.425595	1.26265	2.12622	1.77386	1.28843	2.43147	2.05259	1.73568	2.32986	3.14037	3.90148	1.16844	3.24628	3.02687	2.94876	4.27965	1.7118	2.20458	0.887072	0.862656	0.782248	0.815665	0.158808	0.572147	0.759121	0.866091	1.18994	0.60414
ihec.chipseq.ihec-chipseq-containerv1.1.4.IHECRE00001965.2.b75058ba-d142-4ae0-9acf-08c2d019a7dc.fc.signal	1.39598	1.29299	0.469878	0.958226	1.31946	1.20773	2.45853	3.21099	0.473114	1.15589	1.40689	1.86271	2.35563	2.48618	2.57563	1.53527	1.46957	1.29398	1.93176	1.93615	1.65494	2.02448	2.17724	2.42554	1.22218	1.26415	0.571305	1.61396	1.90724	1.19467	0.629992	0.990445	1.26227	0.942902	1.09058	0.582181
ihec.chipseq.ihec-chipseq-containerv1.1.4.IHECRE00001952.2.52215347-885a-4412-918b-b787711b8d37.fc.signal	1.67689	0.637105	1.35553	1.38773	2.15181	2.00014	2.23095	2.64343	0.430214	2.373	2.72335	0.501006	2.02857	1.21918	0.579721	2.5073	3.58651	3.17756	3.47751	1.90957	0.974507	1.16495	1.50948	2.59397	2.38614	3.03482	2.62776	1.5807	1.87024	2.25856	1.9356	1.56675	0.913035	1.46247	3.72719	0.594349
ihec.chipseq.ihec-chipseq-containerv1.1.4.IHECRE00000964.7.68ad223e-c775-4c49-8f3f-4ec63b3e920b.fc.signal	0	0	0	0.0377017	0.32689	0.310273	0.486845	0.851983	0.218562	0	1.93367	2.0095	0.913892	1.36313	0.791172	2.86902	1.50715	1.41582	1.76051	1.16733	1.8499	1.69393	2.3804	1.76162	0.897355	0.844372	0.705437	0.405191	0.925291	0.684861	1.57272	0.79718	0.955717	1.33597	0.840529	0.448077
ihec.chipseq.ihec-chipseq-containerv1.1.4.IHECRE00003684.3.b5459224-ca8f-46dd-880a-e16781c88032.fc.signal	1.12412	1.93612	0.499856	0.371229	0.198271	0.542075	0.544184	0.44294	0	1.08616	1.21902	1.95509	1.30129	1.62231	1.6105	1.08862	1.80955	2.04791	2.19645	0.256943	1.44543	1.8774	1.23101	1.58047	1.73199	1.1755	1.30807	0.954945	0.390314	0.0609192	0.39589	0.598032	0.701429	0.463142	1.84392	0.483212
ihec.chipseq.ihec-chipseq-containerv1.1.4.IHECRE00000974.7.9dac3370-6335-4df0-bea0-9e684edfa350.fc.signal	0.113405	0	0.533072	0.417718	0.289621	0.858492	0.406675	0.258085	0.389774	0.249288	0.704303	0.63729	0.993422	0.695685	0.978984	1.3364	1.81732	0.833476	0.564471	1.01441	1.6191	1.50708	1.24706	1.36	1.40371	1.11451	0.519701	0.961429	0.892749	1.09472	1.97448	1.26685	0.759583	0.708599	2.14093	0.875182
ihec.chipseq.ihec-chipseq-containerv1.1.4.IHECRE00001030.7.2cec18a6-acf1-4ec3-b511-04e126f82363.fc.signal	0.171442	0	0	0	0	0.200674	0.904158	0.763429	0.429781	0.482443	0.265819	1.28638	0.455551	0.46959	0.443211	0.265752	1.00529	1.69462	1.83486	1.2841	1.53356	2.17229	2.931	3.25701	3.23768	1.94061	2.0566	1.79862	4.22706	5.18109	5.30771	3.40926	1.42513	1.59097	4.33039	0.289474
ihec.chipseq.ihec-chipseq-containerv1.1.4.IHECRE00004647.3.6c7e93ea-bf0c-48a2-82fb-1c49e3dc143b.fc.signal	0.445181	0.684436	0.652783	0.369725	0.36252	0.201961	0.455421	0.761258	0.624714	1.17932	1.44738	0.975874	0.777125	0.984938	1.12086	1.29724	0.824982	1.98228	2.10436	1.79003	1.31663	1.87464	1.5622	0.916876	0.923043	1.09456	0.873664	1.12093	1.29267	0.940127	1.63837	1.67491	1.09656	0.721651	1.28089	0.130081
ihec.chipseq.ihec-chipseq-containerv1.1.4.IHECRE00001852.4.e1095ee8-c1a0-47db-b726-788ab3dbb842.fc.signal	1.14192	0.625077	0.281982	0.169693	0.494433	0.339387	0.540897	0.984997	0.556911	1.08518	2.04714	1.85696	3.41535	4.07624	2.12086	3.19582	3.6409	4.64098	3.86741	1.51181	1.07418	2.42528	1.7422	1.33338	1.94637	1.5587	1.2642	1.17682	0.711847	0.400122	0.651805	0.509883	0.733925	0.578203	0.3918	0.354864
ihec.chipseq.ihec-chipseq-containerv1.1.4.IHECRE00003693.3.f2b1cfa1-231f-48d8-af6a-ed3f48905f6f.fc.signal	2.09321	0.878905	0.662896	0.256312	0.904544	0.582711	0.859178	0.975685	0.0951483	0.565274	0.608466	0.720803	0.599842	0.728959	1.0783	1.29139	1.44529	1.60656	2.34037	0.640235	2.95385	1.19441	2.20399	2.6923	2.17853	2.3677	2.27381	1.94397	1.39141	0.658199	0.506239	0.791083	0.533773	0.692718	1.42058	0.456991
ihec.chipseq.ihec-chipseq-containerv1.1.4.IHECRE00000223.3.555de7dc-c653-4909-9c33-caf14688e0ce.fc.signal	0.0098886	0.108114	0.277549	0.307149	0.278489	0.729893	0.639562	0.321046	0.556442	1.23621	1.94606	1.18978	0.829083	0.811331	0.541308	0.763832	0.800895	0.458212	0.397942	0.512313	0.478904	0.279072	0.161325	0.27137	0.474515	0.682897	0.423279	0.629104	1.44174	1.23475	0.759199	0.458547	0.340056	0.1561	0.355968	0.471098
ihec.chipseq.ihec-chipseq-containerv1.1.4.IHECRE00000250.2.a39935bf-2e13-411b-a0e6-5df09e4383e1.fc.signal	1.82923	0.988658	0.817529	0.21098	1.44585	1.29062	0.415777	0.630138	1.51246	1.28555	2.66687	1.50172	1.53047	3.84406	3.30149	0.965415	3.1202	2.98155	2.63956	2.1741	1.22653	1.0133	2.90786	2.52908	2.15123	2.50999	0.741596	2.65702	2.11803	1.59558	0.889595	2.80207	1.77408	2.05893	0.709188	0.401214
ihec.chipseq.ihec-chipseq-containerv1.1.4.IHECRE00001022.4.65d6531d-7428-4454-855d-d39b585d5301.fc.signal	0.277763	0.0537447	0	0.149972	0.389312	0.528814	0.931468	0.541752	0.143878	0.537632	0.984022	1.0603	0.968024	1.8837	2.29611	2.50336	2.89676	2.77648	2.53928	2.01192	1.64046	2.82394	2.94476	2.17596	1.74803	1.17433	0.94941	1.40952	2.18536	2.25919	1.64703	0.735325	0.954187	1.33824	1.66822	0.36036
ihec.chipseq.ihec-chipseq-containerv1.1.4.IHECRE00001039.6.a3034dad-cf3f-4b0e-b7ac-4dfa7b52d765.fc.signal	0.262135	0.220241	0.218363	0.154301	0.318558	0.0223986	0.37331	0.261317	0.288693	0.181678	1.34878	1.28899	0.666981	0.360626	1.22192	1.36812	2.31033	2.46901	1.80678	0.800017	0.434241	1.03049	1.41926	0.276858	1.2041	1.42594	0.311092	1.13214	2.11874	2.27527	1.85749	0.442146	2.4736	2.26707	1.84112	0.424419
ihec.chipseq.ihec-chipseq-containerv1.1.4.IHECRE00000126.3.4655431f-8c56-4476-831c-eb227cec568c.fc.signal	3.87179	3.79661	2.50533	0.569607	2.4031	2.73	4.73541	2.78056	0.872966	1.56725	3.17489	6.05661	6.30515	5.18727	4.30449	6.66482	8.51769	9.63241	8.69559	5.81392	7.73492	10.0996	11.0752	9.94486	5.54543	6.88602	5.34435	4.35449	2.82388	3.19927	2.53093	4.60651	5.47623	4.28362	3.86151	0.591348
ihec.chipseq.ihec-chipseq-containerv1.1.4.IHECRE00001891.4.41bb4ab6-1e8d-4527-bfe1-5ddf65dcaa7f.fc.signal	0.778668	0.0284101	0	0	0.404214	0.32595	0.426768	0.964482	0.326011	0.232393	0.282818	0.203813	1.13419	1.83987	1.03903	0.972758	0.636737	0	0.215331	0.484171	1.05989	0.786767	0.953568	0.554559	0.17738	0.823139	0.711643	0.477174	0.383507	0.653387	0.548256	0.111406	0.880249	0.719591	0.570574	0.376095
ihec.chipseq.ihec-chipseq-containerv1.1.4.IHECRE00004635.3.13102329-ee3d-4773-b2d1-9ab40cd17100.fc.signal	0.807402	0.730921	0.369576	0.503703	0.694019	0.989137	0.815923	0.304459	0.234146	0.225605	0.138174	0.613484	0.777857	0.989162	1.37213	1.10135	0.814811	0.645891	0.433978	0.357462	0.687157	0.814178	1.04591	0.907056	0.706778	0.999666	0.633028	0.431752	0.503712	0.169519	0.559832	0.485455	0.397624	0.548857	1.13512	0.44695
ihec.chipseq.ihec-chipseq-containerv1.1.4.IHECRE00001889.4.440b0def-8afc-49ae-ab48-eb6e55baaba4.fc.signal	0.271954	0.502317	0.0148293	0	0.50868	0.749878	1.209	0.846696	0.995088	0.213356	0.954352	1.35892	1.06104	2.45915	1.82537	1.54745	2.8035	1.55631	1.14731	0.594368	0.664943	2.2238	3.38181	3.31397	3.06317	0.989053	1.83233	2.77759	0.382692	0.969563	1.86142	2.35216	1.3011	0.678768	1.18344	0.6
ihec.chipseq.ihec-chipseq-containerv1.1.4.IHECRE00001235.5.b69b018c-be0b-42b3-9bd0-adb684b6c71f.fc.signal	0.420267	0	0	0.24345	0.465295	0.146085	0.350536	0.905134	0.00140827	0.110446	0.396115	1.81849	1.35756	0.875755	0.684091	1.14807	1.32328	1.9892	1.95897	1.11589	0.614598	0.898252	2.18258	0.91436	1.24236	1.33	0.785738	0.527566	1.35153	0.758689	0.548074	0.602897	0.638143	0.501479	0.215208	0.499216
ihec.chipseq.ihec-chipseq-containerv1.1.4.IHECRE00004900.1.b52b6048-f5e8-441d-8082-83c6ea7d797d.fc.signal	0.639012	0.219936	0.324552	0.207009	0.771155	2.84047	1.76659	2.02935	0.65283	3.94532	2.08566	3.07742	1.40067	2.13084	1.72703	1.68148	2.23236	3.03664	2.49896	3.25952	4.15421	3.52545	4.30899	5.87038	5.58501	6.90776	2.70761	4.15571	3.18055	1.97006	2.09011	2.14106	4.97129	3.02615	4.80333	0.544238
ihec.chipseq.ihec-chipseq-containerv1.1.4.IHECRE00000227.3.cbba33e3-8091-43f4-8be2-0ec669b6bf51.fc.signal	0	0	0.109406	0.25524	0.282963	0.314057	0.4993	0.428902	0.255386	0.646077	0.668876	0.227844	0.292003	0.299567	0.076484	0.115707	0.574336	0.574496	0.29584	0.389441	0.541764	0.643357	0.780965	1.33943	1.50722	0.921764	0.479444	0.375913	0.484097	0.286763	0.0895501	0.05156	0.281069	0.474198	0.476671	0.409308
ihec.chipseq.ihec-chipseq-containerv1.1.4.IHECRE00003686.3.867f20aa-cd84-4630-be8b-4d90cccd43d7.fc.signal	0.844265	0.596539	0.131035	0.0218475	0.363083	0.31263	0.846359	0.748106	0.165158	0.232058	0.177462	0.967822	0.975893	0.781298	1.20433	1.27359	1.25856	1.26269	1.03843	0.906056	1.8619	1.93291	6.00915	6.93036	5.09848	2.39793	2.12779	3.00388	2.25334	1.65581	0.745334	0.383596	0.506471	0.671898	1.24481	0.457916
ihec.chipseq.ihec-chipseq-containerv1.1.4.IHECRE00000864.3.14e2d66e-78ce-42e0-867f-4b49c7b19bff.fc.signal	1.43681	0.683287	1.84804	3.03152	2.98482	2.34826	3.95314	2.76502	1.40481	3.38987	5.99789	4.29556	2.44611	3.82892	5.03994	6.20032	7.17159	10.9743	9.46461	6.15171	3.97141	4.46009	5.05254	6.43207	6.2836	3.00414	2.94073	0.534818	1.98786	2.83405	1.49632	0.964349	1.86965	3.24776	2.53927	0.219355
ihec.chipseq.ihec-chipseq-containerv1.1.4.IHECRE00001954.2.fc509fae-cfc8-4cd1-b6e1-cb05b98526c1.fc.signal	1.90183	2.31495	0.739195	0.650889	1.56743	0.621414	0.543845	1.51548	0.700806	1.90814	1.85112	1.72723	2.95623	2.37855	2.60598	2.66015	1.94883	1.54463	2.93182	2.3144	1.59669	2.23745	2.83039	3.67371	1.89457	1.43173	1.72347	2.39995	2.71183	1.61746	1.41694	2.08676	1.01879	0.522695	2.48578	0.587765
ihec.chipseq.ihec-chipseq-containerv1.1.4.IHECRE00000957.7.e974118a-1765-49cc-99dd-3d99dcd758cf.fc.signal	0.205854	0	0	0	0	0.107226	0.388877	0.793513	0	0	0.0476107	0.74177	0.28113	0.213903	0.81928	0.747304	1.19458	1.22803	0.88474	0.788404	0.858629	0.971866	1.46963	1.69688	1.40667	0.381284	0.214435	1.30067	1.2736	0.770128	0.256831	0.449732	0.369785	0.281582	0.572975	0.375921
ihec.chipseq.ihec-chipseq-containerv1.1.4.IHECRE00004641.3.2af65a74-ad9a-47d1-bb59-7449ff40f2d9.fc.signal	1.09132	0.73168	0.860025	0.579765	0.349983	0.827387	0.857438	0.701326	0.47888	0.720841	0.926998	0.781859	0.501776	0.861648	0.946417	1.03661	0.973576	2.85629	2.81605	1.14553	1.13694	2.22772	1.5562	1.59188	1.73922	1.6017	1.5787	1.23755	0.904487	1.77349	1.31832	1.50881	1.12234	1.31757	2.15611	0.281369
ihec.chipseq.ihec-chipseq-containerv1.1.4.IHECRE00000221.3.7d6e7c7b-090f-4b2a-a7ba-f833c718a8ac.fc.signal	0	0	0.01444	0.438175	0.491389	0.294839	0.809569	0.651346	0.110659	0.285431	0.682529	0.814509	0.465614	0.458208	0.327218	0.596133	0.919694	0.521137	0.276849	0.464947	0.625723	0.670933	0.417278	0.471041	0.590016	0.307692	0.0739257	0.248573	0.635917	0.554093	0.312857	0.29572	0.282144	0.2799	0.418077	0.477396
ihec.chipseq.ihec-chipseq-containerv1.1.4.IHECRE00003675.3.83112ba3-4a46-4bcb-b23c-b8a94da18e77.fc.signal	1.83013	0.677194	0.0777112	0.28679	1.15086	1.61404	1.72721	1.55236	0.353401	1.14161	2.24622	1.19341	2.14259	2.79215	1.7107	1.53154	1.51368	4.12054	7.80735	4.33781	5.13918	5.78222	5.19754	7.70653	6.2634	3.06353	1.79306	1.59295	1.47071	1.42427	1.30159	0.647575	0.702728	0.645449	1.71275	0.461739
ihec.chipseq.ihec-chipseq-containerv1.1.4.IHECRE00004884.1.cdb41994-86e2-4949-bf91-2378fd47bfa2.fc.signal	0.727287	0.0242044	0.540672	0.126612	1.61075	1.00142	0.374884	1.20731	1.15508	0.802622	1.95091	1.06737	1.88788	0.799973	1.98967	2.75827	3.73434	3.07665	4.30118	3.35488	2.6894	0.936728	2.55334	5.03768	1.55361	1.51181	2.69292	1.87311	1.65966	1.32631	1.62257	1.70082	1.80377	3.72887	2.49801	0.572483
ihec.chipseq.ihec-chipseq-containerv1.1.4.IHECRE00000969.7.07e61421-b434-44b9-b0ec-8515d70faad3.fc.signal	0	0	0	0	0	0.310502	1.13687	0	0.173641	0.56586	0	0	0.177823	0.608701	0.436059	1.7541	2.48499	4.07789	3.85109	0.712588	1.27181	0.542993	1.51891	0.924372	0.301732	0	0	0	0.64293	0.439554	1.15163	0.515818	0.428738	0.302329	0.615021	0.423881
ihec.chipseq.ihec-chipseq-containerv1.1.4.IHECRE00003679.3.9ac74a4d-9d70-4efc-945e-29c0f04f171f.fc.signal	2.41259	1.45531	0.0990791	0.602843	1.20973	0.773527	0.984952	0.717666	0.196762	1.32557	1.90043	1.61158	2.01692	2.81617	2.95312	3.88805	4.41246	4.96888	6.90941	2.40749	2.12278	1.88843	2.24889	2.86468	2.67608	2.04716	1.26082	1.25696	1.20856	0.81996	1.34358	0.788274	0.586771	0.933471	1.68271	0.563528
ihec.chipseq.ihec-chipseq-containerv1.1.4.IHECRE00003680.3.f291fb29-a363-426c-a2c2-33a98c6182ef.fc.signal	0.698853	0.790697	0.43134	0.757427	0.355434	0.398036	0.775305	0.149297	0.344818	0.686884	0.950451	0.67681	0.635129	0.698095	1.90612	2.39036	3.87768	7.2941	9.58163	2.30919	5.45994	3.65299	3.11708	2.02756	1.953	0.170261	0.299054	0.449465	0.386518	1.03409	1.29711	0.53478	0.425988	0.43569	1.1573	0.445363
ihec.chipseq.ihec-chipseq-containerv1.1.4.IHECRE00003695.3.976830f0-f131-4dc5-bdfd-64d83fdc4635.fc.signal	1.2475	1.13496	0.324842	0.260153	0	0.298119	0.15187	0.077341	0.326244	0.412089	1.17015	0.992968	0.800308	1.32906	1.93525	2.91697	1.21377	3.67502	3.24589	0.89928	3.40359	1.81008	2.56676	2.47675	2.29248	2.40643	1.88885	2.68489	1.31218	1.78897	1.96061	1.10265	0.753827	2.39093	3.33062	0.504447
ihec.chipseq.ihec-chipseq-containerv1.1.4.IHECRE00000784.3.589e1f11-0874-4698-ac02-5c217aac91a6.fc.signal	1.08718	0.916123	1.69899	3.65001	3.11094	2.27686	2.73431	2.24697	1.19604	6.85992	7.42612	5.39418	2.57249	2.31202	1.75393	1.90142	2.57181	5.14336	5.17443	2.89571	5.51397	5.4875	3.92094	4.34862	2.47452	1.61781	2.59898	3.19692	1.99023	1.58416	1.61982	2.49536	2.007	0.943037	1.63212	0.334711
ihec.chipseq.ihec-chipseq-containerv1.1.4.IHECRE00001015.4.9280a4bd-15d9-4bff-baed-11156e36abac.fc.signal	0	0	0.103387	0.275905	0.474805	0.429124	0.744687	0.113708	0.372857	0.732399	0.991285	1.89324	1.41839	2.77057	2.00536	2.19968	4.23272	4.1333	2.8835	1.31203	1.22788	1.77028	1.91596	2.89902	0.967889	0.51484	0.440827	0.795143	1.7107	2.06919	0.989277	0.760423	0.957514	1.31769	1.7065	0.432749
ihec.chipseq.ihec-chipseq-containerv1.1.4.IHECRE00001957.2.0bd574cb-6c79-4f0e-a131-98ee1a6088f8.fc.signal	1.24011	0.396796	0.696641	2.11242	0.811502	0.886413	1.88516	0.174784	0.856466	4.10494	2.22975	0.426976	2.39859	0.716607	2.27973	1.04876	1.0113	0.908942	0.99559	2.03184	2.87277	1.3109	1.64497	2.97633	2.71169	3.81776	2.10356	0.801139	0.0145581	0.384523	2.23618	1.82276	0.589266	0.492592	0.652963	0.621108
ihec.chipseq.ihec-chipseq-containerv1.1.4.IHECRE00004606.2.411a52db-8794-484a-8712-a21b0a7c3495.fc.signal	0.969282	0.959134	0.505237	1.65734	2.43826	0.934864	1.12928	0.803664	0.323971	1.71261	1.94867	0.957365	0.819734	0.437719	0.739566	0.782485	1.7352	2.27764	2.84653	0.21659	0	1.75027	1.24341	0	0	0.404302	1.50667	1.16167	0.829728	0.144493	0	0.429586	1.10076	0.968904	1.25123	0.558065
ihec.chipseq.ihec-chipseq-containerv1.1.4.IHECRE00003696.3.61e7591e-7d42-4bac-a82f-41dc0577b027.fc.signal	3.63772	5.3763	2.32102	1.74151	4.44294	3.32532	3.59246	4.25521	2.4451	4.1063	3.67128	4.72088	4.54679	8.15521	7.57004	8.7082	10.3643	7.08275	7.49169	5.76287	10.2313	10.2876	11.7025	11.0436	11.8963	10.6825	7.72712	11.2772	12.5933	11.6741	8.41387	7.53673	6.34557	8.7498	11.3028	0.572752
ihec.chipseq.ihec-chipseq-containerv1.1.4.IHECRE00000943.7.e73b84a4-42ef-4b6b-83f9-72b6584af2ee.fc.signal	0.0987679	0.001016	0.204031	0.0327179	0.182467	0.446884	0.363724	0.609547	0.190193	0.208029	0.682146	0.925414	0.891349	0.85054	1.25944	0.73928	1.55021	1.02082	1.0942	0.919516	0.909837	0.895098	0.946035	0.925016	0.707294	0.846211	0.740864	1.03689	1.00629	0.140492	0.669547	0.523946	0.511853	0.509795	0.23194	0.77284
ihec.chipseq.ihec-chipseq-containerv1.1.4.IHECRE00004615.1.8cd5cefc-1c86-42bb-a689-d60dd071a471.fc.signal	2.23895	1.22111	0.100716	0.975618	0.95887	1.76449	2.72328	2.3058	0.226649	0.211947	0.514043	0.998381	1.17876	2.68841	2.18924	2.28679	1.99418	3.77678	5.45463	1.79385	1.38687	2.13794	3.33801	4.50033	4.86649	2.66436	2.38796	2.40438	3.11772	0.930701	1.19027	1.6759	1.28108	1.5296	2.88428	0.490468
ihec.chipseq.ihec-chipseq-containerv1.1.4.IHECRE00001050.8.a9a09927-f961-43dc-bcc9-a3c995bbca26.fc.signal	0	0	0	0	0.502495	0.235052	0.624486	0.68964	0	1.07869	1.30824	0.890394	3.24717	1.15272	1.57767	1.26563	1.68284	1.25504	0.606872	0.0267656	0.959655	1.26921	1.27861	1.54828	1.42949	0.612078	1.36505	0	0.187281	0.429246	0.430147	0.865523	1.31151	0.359401	0.453845	0.951389
ihec.chipseq.ihec-chipseq-containerv1.1.4.IHECRE00003683.3.9d98dd69-4d9c-4c81-bc8f-9c0f23e13a7b.fc.signal	1.6087	1.28853	0.742478	0.0314272	0.624621	0.569623	0.608908	0.879975	0.245525	0.218026	0.351594	0.872117	1.68138	2.72831	1.55864	1.00815	1.57535	1.22515	2.31718	1.36774	3.40549	2.22598	1.90854	2.1682	2.35481	1.61118	1.45469	1.1589	1.61067	0.69337	0.614802	0.345702	0	0	0	0.53905
ihec.chipseq.ihec-chipseq-containerv1.1.4.IHECRE00001958.3.3cd86255-36f1-4b55-a6a7-d6b5647cff3a.fc.signal	1.94469	1.53525	0.968061	0.561435	1.58475	3.22842	2.77769	2.71478	0.766093	2.22263	3.11153	2.82526	4.39016	4.17613	3.22126	2.38458	3.48565	3.06166	1.95726	1.43784	2.66294	3.91274	4.29558	3.60121	3.48071	2.47894	2.48126	3.96017	4.15723	4.09008	5.30374	4.71363	3.52245	3.28478	3.80335	0.571008
ihec.chipseq.ihec-chipseq-containerv1.1.4.IHECRE00001854.4.9795bbe6-24d0-4d23-b44e-724aab1b2c12.fc.signal	0.423364	0.860964	0.305821	0.135745	0.212358	0.101288	0.309225	0.336729	0.33444	0.490794	0.214063	0.215845	0.305585	0.677197	0.42786	0.170059	0.225426	0.280564	0.422834	0.39201	0.313007	0.393025	0.647968	0.0553713	0.109322	0.300828	0.25487	0.24448	0.0857783	0	0.285979	0.419808	0.00591093	0.550951	0.592338	0
ihec.chipseq.ihec-chipseq-containerv1.1.4.IHECRE00001027.7.cd19865b-26c6-4f71-a2cb-2c7271712e2b.fc.signal	0.344167	0.196348	0.301166	0	0.862176	0.470041	0.704363	0.372055	0.135566	0.214639	0.736252	0.643822	0.826353	1.15233	0.902966	1.2061	0.376982	1.33715	0.919613	0.175107	0.539104	1.20769	0.663625	1.18089	1.12889	1.4879	1.07234	1.00468	0.605953	0.709035	0.660579	1.34481	1.35607	0.643346	1.1916	0.395225
ihec.chipseq.ihec-chipseq-containerv1.1.4.IHECRE00000242.3.60fb688a-cd94-4204-878d-aedbff00484b.fc.signal	0	0.0240477	0.1456	0.236348	0.217245	0.288811	0.660586	0.824572	0.81462	0.955643	1.3767	1.80034	1.77383	0.832131	0.463526	0.375353	0.599448	0.638363	0.746149	0.867364	0.954063	1.06199	1.10591	1.39048	1.389	1.21473	0.860993	1.16186	1.55841	0.999437	0.979311	1.02705	0.758767	0.732771	1.04575	0.552101
ihec.chipseq.ihec-chipseq-containerv1.1.4.IHECRE00003685.2.cb8ce07d-5bf2-4abf-a883-851526414fcb.fc.signal	1.37806	1.14894	0.714146	0.579198	0.598023	0.302887	0.472455	0.811461	0.227553	0.764372	0.86172	0.886591	1.02744	0.973171	2.45482	1.77677	1.10186	2.35126	2.39472	0.829888	3.62418	2.36065	1.80136	2.04468	1.22002	0.430947	0.508356	0.869025	0.353347	0.747642	0.391938	0.596804	0.646702	0.39082	1.17727	0.492251
ihec.chipseq.ihec-chipseq-containerv1.1.4.IHECRE00004604.3.044a44f4-7a76-4042-adca-64782b5c2f81.fc.signal	0	0.260681	1.03638	1.14002	0.444215	1.0883	2.5779	2.59991	0.671142	1.97862	2.84522	2.22039	3.24923	2.41576	0.922558	1.12437	3.94765	4.38593	5.25295	2.75935	3.65363	1.69285	1.48378	4.28272	2.25538	2.39035	0.62481	0.560815	1.42056	0.936349	1.08839	1.19297	4.26672	3.51088	0.988136	0.302395
ihec.chipseq.ihec-chipseq-containerv1.1.4.IHECRE00004728.1.8beb4625-34f3-4c76-87f5-2108669b4ebf.fc.signal	0.721168	0	0.441366	1.07103	0.438658	0.565121	1.45313	0.71308	0	1.29432	0.608199	0.901479	1.23788	1.4854	1.27504	1.63427	2.54882	3.29937	3.24466	0.55464	2.44758	4.20382	4.75408	6.04665	3.19608	1.62923	1.15555	2.86577	1.61552	0.429288	0.675757	0.349891	0.462853	1.22172	1.22196	0.500944
ihec.chipseq.ihec-chipseq-containerv1.1.4.IHECRE00004664.3.88322dc5-ffd0-48cb-8071-68d28d8e1eea.fc.signal	2.19537	1.10921	1.99295	0.94007	1.05633	0.760488	1.63927	1.98817	1.45672	1.41126	1.94985	2.25732	2.43806	2.38803	0.507765	0.84174	2.71892	5.36357	4.2607	2.53974	2.16975	2.53734	2.38372	2.5726	0.517907	0.484925	1.0358	0.994633	0.433767	0.61134	1.0665	1.36987	2.23294	1.99601	1.78243	0.282946
ihec.chipseq.ihec-chipseq-containerv1.1.4.IHECRE00004609.2.ff95f1fe-813e-4cf7-a1c8-3ae5ac2c2c17.fc.signal	1.27432	1.41823	0.574042	0.273692	1.21388	1.12086	1.86018	1.77366	0.504687	4.70252	3.40873	6.5331	4.54259	5.42273	5.5568	3.96144	6.0035	6.27005	8.59544	3.55557	4.93892	3.72152	3.34116	4.94838	3.35894	1.07519	2.19844	1.78276	2.25769	2.44996	2.52259	3.77304	2.87734	2.67021	7.19702	0.48865
ihec.chipseq.ihec-chipseq-containerv1.1.4.IHECRE00001962.2.719bf6dc-a72b-46ff-9660-2f00ca7238e3.fc.signal	1.0708	0.610464	0.320909	1.51669	1.99357	1.61671	2.27412	1.66216	1.31357	1.85045	4.54328	4.26468	1.65936	3.50102	3.10799	3.87687	4.18285	3.95871	3.12946	3.64192	4.77466	3.25929	4.85423	5.53791	5.10866	7.53744	5.07613	3.58545	3.97999	4.72085	3.40189	2.93877	3.9147	4.78138	6.21538	0.721741
ihec.chipseq.ihec-chipseq-containerv1.1.4.IHECRE00000983.7.a8cf4d02-7de5-4d62-b6f2-913c0f5454c6.fc.signal	0	0	0	0	0.860462	0.529051	0.133839	0.644462	0	0	0.326316	1.2716	0.653365	0.58806	1.81272	2.08186	1.93374	3.34306	1.23728	1.3505	1.81017	0.694067	2.53571	2.64989	1.98946	1.93197	1.94983	2.26793	5.6854	2.10368	1.65341	2.28643	1.71285	1.10196	2.62798	0.405702
ihec.chipseq.ihec-chipseq-containerv1.1.4.IHECRE00000184.3.e49570a0-926e-4a06-8cdb-e56c6d55c91c.fc.signal	6.72671	1.09403	0	0	1.86916	5.29569	3.78778	1.42763	2.5925	0.564319	5.08559	1.19624	6.99797	13.2406	3.49189	4.06915	6.36823	4.01964	3.01139	1.58203	6.77816	4.49594	4.06282	5.83378	6.3203	5.30852	1.71514	4.98746	3.98367	2.85621	5.71413	4.81241	3.13432	1.46612	3.0224	0.564298
ihec.chipseq.ihec-chipseq-containerv1.1.4.IHECRE00003694.3.61c30d06-38bd-4873-b3e9-1676bf3449d1.fc.signal	1.28454	0.859835	0.0924973	0	0	0.649455	0.487067	0.577926	0.21324	0.398903	0.783462	0.899689	0.931405	0.469363	0.785403	1.701	1.33655	2.06072	2.16118	1.14997	2.34459	3.42616	2.62654	3.03436	3.43216	2.25863	1.23062	1.44008	1.6558	0.963996	0.370635	0.37095	1.12268	1.8277	1.58603	0.390318
ihec.chipseq.ihec-chipseq-containerv1.1.4.IHECRE00004607.2.654f15ab-b67f-4220-9161-30be6d438771.fc.signal	0	0	0	0.138919	0.53049	0.737675	0.583541	0.661895	0.0530418	0.826061	0.922086	2.92954	1.52582	2.36447	1.61128	1.05349	0.884194	1.26317	1.48327	0.397859	0	0	0.223807	0.459775	1.76341	0.401629	0.146496	0	0.457207	0.30057	0.570915	0.810926	0.141445	0.371293	0.1777	0.580645
ihec.chipseq.ihec-chipseq-containerv1.1.4.IHECRE00001964.2.194197dc-d3ad-4faf-839a-1e28c390e1c7.fc.signal	0.554598	1.50994	0.727018	0.838415	1.58349	2.18326	2.24966	2.71662	1.91346	2.51532	1.36407	1.54144	0.906318	2.89015	2.92555	2.83284	2.41986	2.99886	1.42752	1.39976	1.26808	3.29768	4.51751	4.47447	3.40352	1.28933	1.67592	1.30139	0.423899	0.176876	0.226209	1.38216	1.85537	2.66503	2.13087	0.60717
ihec.chipseq.ihec-chipseq-containerv1.1.4.IHECRE00004618.1.40df65f6-ad48-44fa-bfba-39b465419c5e.fc.signal	3.87128	2.03736	1.13484	0.783226	0.506811	0.993073	0.900073	0.838909	0.205414	1.26309	1.95519	3.11388	0.948554	2.37901	2.73909	3.50361	3.90139	3.91539	3.84682	1.16023	2.74652	3.55119	5.06025	2.91287	3.86424	2.57288	1.60925	1.01885	2.81426	1.30122	0.755755	0.839639	0.961175	0.509769	1.18722	0.450684
ihec.chipseq.ihec-chipseq-containerv1.1.4.IHECRE00001008.4.a169f921-cefd-41e3-aba6-62149b95f327.fc.signal	0.484991	0.425097	0.208908	0.356038	0.616705	0.261788	0.984166	0.888313	0.253007	0.619296	0.271323	1.96019	1.39151	1.15381	2.31872	0.750007	2.01334	4.03979	2.18088	1.30114	1.71161	1.4574	1.92357	2.08287	1.47984	0.430307	1.44277	1.98026	1.14068	1.8495	0.654366	1.71314	1.10911	1.44206	1.54669	0.426829
ihec.chipseq.ihec-chipseq-containerv1.1.4.IHECRE00000238.3.b63d6dc1-6fc0-4b8d-9bff-172e3f638785.fc.signal	0.153481	0.0820146	0.15073	0.0454833	0.109287	0.179052	0.624126	0.488489	0.213468	0.422477	0.412845	0.406988	0.504832	0.664141	0.268935	0.0191382	0.49383	1.40009	1.56167	1.41422	1.1345	0.759152	0.595696	0.659808	0.469124	0.242172	0.410112	0.593447	0.747093	0.271977	0.397558	0.403705	0.253383	0.0257871	0.0464049	0.352352
ihec.chipseq.ihec-chipseq-containerv1.1.4.IHECRE00000243.3.6e43a1d4-827b-4226-ab35-bcd9e4427ba9.fc.signal	0	0	0	0.010469	0.178523	0.500055	0.848462	0.675746	0.230324	0.307154	0.67222	0.794637	0.834624	0.706698	0.146711	0.636423	2.16042	3.02561	2.8734	2.37129	1.4769	0.804625	1.50841	2.05076	1.3715	1.35825	0.806227	0.657981	0.872788	1.07412	0.855441	0.682103	1.14425	1.07861	0.827338	0.590062
ihec.chipseq.ihec-chipseq-containerv1.1.4.IHECRE00000775.1.672aeb75-b003-40bb-88b0-79458561e736.fc.signal	0.972271	0.766249	2.37597	3.4192	2.61966	0.890354	3.47324	2.42093	1.32452	3.02929	3.52728	4.55253	2.92492	3.80611	5.48212	5.53358	5.13132	9.36244	8.87221	6.58125	5.09206	8.09187	5.14603	8.38622	6.36262	5.2736	2.10354	1.77929	2.51904	4.58925	2.61227	0.885467	2.31057	2.27211	1.96111	0.43617
ihec.chipseq.ihec-chipseq-containerv1.1.4.IHECRE00003678.3.651f7635-fa04-4a73-ad9d-b88c234511f0.fc.signal	0.329225	0.797446	0.356002	0.577133	1.07718	0.797331	1.59689	0.788112	0.143879	1.76811	1.69737	2.55094	2.30708	1.49006	2.65845	2.1022	2.70645	4.34889	4.68413	2.04048	2.66804	3.41183	2.99561	1.78344	2.00044	2.81948	2.01441	1.33535	0.953516	0.365785	0.50233	1.22666	0.844383	0.358763	0.687668	0.430435
ihec.chipseq.ihec-chipseq-containerv1.1.4.IHECRE00000240.3.8f250bd6-ace7-4938-8056-c658c54331a9.fc.signal	0	0	0.0275495	0.503243	0.433986	0.0339528	0.233485	0.222177	0.354011	0.867505	1.14406	1.19343	0.447416	0.191605	1.03112	1.31983	1.4005	2.42817	2.36657	2.55646	2.16914	1.6625	1.93553	1.20995	0.375792	0.0351277	0.301909	0.520674	0.60316	0.68976	1.41667	0.885873	0.728702	1.2923	1.46951	0.264516
ihec.chipseq.ihec-chipseq-containerv1.1.4.IHECRE00003677.3.486b8afb-6747-4d4a-93ee-788cf88097fc.fc.signal	0.591257	0	0.0549559	0.728502	1.95155	1.37962	0.815209	1.59528	0.228806	0.0423692	0.59785	1.12769	1.3778	2.07855	3.63255	3.26649	2.94962	3.26763	4.54603	2.01521	1.91898	1.84421	2.01491	2.33099	1.97063	1.5013	1.03054	1.50339	1.1844	0.171149	0.339332	0.708617	0.612034	1.10272	1.10711	0.543379
ihec.chipseq.ihec-chipseq-containerv1.1.4.IHECRE00001021.4.fe2297ab-7a22-4ba1-b2e8-9748d9ff6f48.fc.signal	0	0	0	0.0405341	0.498739	0.470923	0.629863	0.605714	0.347499	1.14433	0.398574	0.255269	1.65687	0.891503	1.2874	2.92968	1.78567	1.89615	2.09313	1.58572	1.58034	1.83943	2.19108	1.47709	0.835131	0.901208	1.00024	0.552402	1.05942	1.4163	1.68651	0.960518	0.747738	1.0655	0.160006	0.298507
ihec.chipseq.ihec-chipseq-containerv1.1.4.IHECRE00000001.4.8e4a8d6c-26e0-4b8d-aa08-7875973212d4.fc.signal	0.388254	0.0137104	0	0	0	0.0278819	0.544559	1.01746	0.447638	0.535933	0.142412	0	0.190384	0.390313	0	0	0.0553539	0.225037	0.152927	0.154312	0.162323	0.207344	0.685592	0.667114	0.0517124	0.25776	0.258461	0.649478	0.680966	1.0952	0.338999	0	0	0.349999	1.04071	0.258242
ihec.chipseq.ihec-chipseq-containerv1.1.4.IHECRE00001955.3.e3f14527-a39d-40b4-9738-20c86afa593c.fc.signal	0.874019	1.31207	0.559754	1.06129	1.22191	0.901329	2.41207	1.74008	0.815251	1.72943	1.62262	1.61657	2.30652	1.14975	1.22155	2.25747	2.24841	2.64209	2.49218	2.50454	2.06174	3.06206	2.69357	2.25308	2.01251	2.26617	1.66851	1.89566	2.8179	2.43085	1.92824	2.24435	2.84516	2.70053	1.85333	0.599833
ihec.chipseq.ihec-chipseq-containerv1.1.4.IHECRE00001963.2.fedd976d-b28a-4be3-ac2b-5bf744440420.fc.signal	0.88372	1.07599	0.798582	0.741487	2.14569	1.40607	3.215	3.86084	1.17019	2.15311	4.47058	2.66151	2.73627	3.88416	2.20382	3.57379	5.45915	5.94529	5.56983	4.02478	3.42447	4.5405	6.50862	5.52695	5.24776	5.72006	4.53013	3.35737	3.47936	2.21262	3.58652	4.82557	6.22046	7.06132	5.90528	0.800693
ihec.chipseq.ihec-chipseq-containerv1.1.4.IHECRE00001025.7.9c7e2dd7-abf1-40e7-80a7-163dc7b3844f.fc.signal	0	0	0	0	0	0.0852445	0.187969	0.178169	0.222144	0.259539	1.44335	1.2625	1.68951	2.44096	1.78896	1.59446	3.20665	2.86957	2.37434	1.78165	2.88645	2.10887	4.09892	5.45567	2.79601	1.56074	2.53231	3.05998	3.60379	3.74801	3.28599	8.83066	6.3386	2.42741	4.17355	0.428571
ihec.chipseq.ihec-chipseq-containerv1.1.4.IHECRE00000236.3.2c1c8672-6452-4ab8-881a-a766bd324041.fc.signal	0.295773	0.170745	0.148162	0.417699	0.468588	0.597097	0.92232	0.905821	0.806533	0.985451	1.21753	1.24169	1.47139	1.46056	1.13131	1.20794	1.8994	1.82734	1.44563	1.16615	1.05779	1.20812	1.66665	2.23693	1.65743	1.44138	1.65016	1.80343	2.41047	2.16143	1.64611	1.43448	1.22784	0.986607	1.24969	0.470776
ihec.chipseq.ihec-chipseq-containerv1.1.4.IHECRE00000235.3.077c5772-92ce-4a32-a06f-48c1b9a6f571.fc.signal	0.0061706	0.176257	0.653366	0.816949	0.614898	0.760026	0.834817	0.672909	0.690237	0.66232	1.08039	1.41082	1.33176	1.43082	1.08484	0.920203	1.11976	1.12543	1.22952	1.28052	1.33227	1.86423	2.01928	1.9551	2.98944	3.16106	1.89219	1.52375	1.77714	1.76542	1.65492	1.98114	2.16557	1.97909	1.82363	0.51207
ihec.chipseq.ihec-chipseq-containerv1.1.4.IHECRE00000233.3.c81f88e2-7199-4952-a0ac-fbf221a68e22.fc.signal	0	0.0792615	0.397206	0.571571	0.770926	0.802588	0.887053	0.658066	0.72647	1.06711	0.938728	0.980438	1.12186	1.30866	1.02377	1.28466	2.43464	2.85528	2.70224	2.39659	1.70592	1.68866	1.87556	1.32904	1.34162	1.8276	1.88414	1.38162	1.58097	1.3037	0.723748	1.00195	0.937234	0.687931	1.07193	0.55902
ihec.chipseq.ihec-chipseq-containerv1.1.4.IHECRE00000230.3.93bed2a7-7118-417a-9bcf-494520ff91da.fc.signal	0.0114528	0.151457	0.493294	0.510376	0.536042	0.985191	1.27256	0.749973	0.564256	0.83348	0.801361	0.60341	0.959863	1.34546	1.24747	1.0229	1.46449	1.77518	1.62502	1.80829	1.56809	1.3567	1.8367	1.9126	2.05486	2.11488	1.98182	1.90625	1.99809	1.82268	1.42392	1.41539	0.901572	0.817735	1.44233	0.474003
ihec.chipseq.ihec-chipseq-containerv1.1.4.IHECRE00001888.4.5d335139-80db-490f-af5c-5cf1e8a1a3de.fc.signal	0	0	0	0.0309816	0.83177	1.33611	1.15704	0.497583	0.0307699	0.461937	0.194283	0.0603832	0.731209	0.668575	0.504634	0.475208	1.37445	2.06046	1.35432	1.68352	2.86852	2.28052	2.30453	2.18852	1.85412	0.827503	0.892092	1.42704	0.314268	1.03663	2.8334	4.20116	2.51949	2.08852	3.33743	0.376308
ihec.chipseq.ihec-chipseq-containerv1.1.4.IHECRE00003803.1.d5373538-03e5-4aea-a61c-f80d029c4d74.fc.signal	1.06616	1.27158	0.249666	0	0	0	0.459983	0.486138	0.0395541	0.578563	0.947668	0.790577	0.771238	0.304583	0.941679	1.38102	0.288626	0.393486	1.15928	0.736008	0.761231	0.231078	3.16665	4.15402	2.1211	1.11231	0.597307	2.33677	2.7469	2.24148	2.10375	4.1875	3.29316	2.68413	2.64145	0.414815
ihec.chipseq.ihec-chipseq-containerv1.1.4.IHECRE00000225.3.d3516206-786f-4b11-864f-1792d77e2a36.fc.signal	0.211645	0.138679	0.224035	0.321825	0.330105	0.48636	0.334633	0.127736	0.141174	0.145187	0.430156	0.530408	0.521027	0.710236	0.576308	0.398647	0.459916	0.357527	0.288824	0.356651	0.475593	0.480133	0.683543	0.802984	0.548465	0.36237	0.315505	0.245942	0.270747	0.157008	0.216312	0.409464	0.461623	0.333599	0.30154	0.350222
ihec.chipseq.ihec-chipseq-containerv1.1.4.IHECRE00004616.1.bdf8440d-f4c1-4471-9c29-b1cf45563873.fc.signal	0.849226	1.30102	0.717693	0.952941	1.16974	1.73779	2.425	0.436684	0.329808	2.52881	0.93018	1.9363	1.48427	1.50485	2.82353	1.67669	2.10121	3.05696	3.56882	1.37599	1.41123	0.93154	0.894263	0.917337	0.245473	0.799658	0.61562	0.830366	0.305872	0.68413	0.514645	0.607755	0.677985	0.907093	1.1595	0.536815
ihec.chipseq.ihec-chipseq-containerv1.1.4.IHECRE00004608.1.6d8749d8-24c7-4e6d-8992-3543e47f35de.fc.signal	1.27678	1.55882	1.88301	1.28851	1.16511	0.748852	0.704125	0.288681	0.347356	0.922377	0.971666	1.26504	1.98084	2.38128	3.52056	4.37754	3.48279	3.56493	3.52538	1.65024	3.80123	3.43158	2.24368	3.38959	4.36059	3.19882	1.47732	0.982134	1.67717	0.589451	1.32137	0.912989	0.14082	1.57485	1.488	0.521981
ihec.chipseq.ihec-chipseq-containerv1.1.4.IHECRE00000980.8.339aed23-3831-43ff-b152-c5545f91df38.fc.signal	0	0	0	0	0.829491	0.349192	1.43135	1.53519	0	0	1.9857	1.88466	0.162665	0.376262	0	1.31227	3.07667	2.56829	1.01123	0.0398201	1.06995	1.47455	1.04368	3.09401	1.78562	2.49522	0.411313	1.91665	1.16832	2.13938	1.02387	0.70245	2.85474	1.81338	0.828856	0.370066
ihec.chipseq.ihec-chipseq-containerv1.1.4.IHECRE00003691.3.e70a956a-e876-473f-ae67-333f104e486a.fc.signal	1.75545	0.659259	0.741263	0.615069	0	0.38277	0.86116	1.05358	0.12298	0.684485	0.206594	0.360338	1.88172	2.00937	2.04879	0.958982	0.867566	0.839574	0.998397	0.591742	3.94466	2.72093	3.01009	3.36728	3.10087	3.02361	2.32328	1.37691	2.29488	0.0551981	0.315414	1.07881	0.0252291	0.0488923	1.76496	0.48817
ihec.chipseq.ihec-chipseq-containerv1.1.4.IHECRE00004681.3.c6a7774b-6eaf-490c-a1c8-9eecf570b062.fc.signal	0.756134	0.0957449	0	0	0	0.030064	0.990971	0.598541	0.166163	1.49153	1.14761	1.44083	1.57093	1.99175	1.26734	1.65662	2.48929	3.00638	2.80719	1.92164	1.46686	1.94129	4.01685	5.30357	3.76078	2.51011	3.64154	3.34633	7.37071	7.0026	5.23324	6.6593	5.34446	2.65176	4.12943	0.154303
ihec.chipseq.ihec-chipseq-containerv1.1.4.IHECRE00000099.3.e8d8915f-2a7b-434d-ae6f-f1c573d41250.fc.signal	1.62252	0.862981	2.93176	0.492176	0	0.930381	0.23229	0	0	0.297003	2.53194	1.12837	6.06451	8.644	2.2516	3.00184	3.13464	3.30405	3.6473	2.75889	3.93974	7.43072	11.9663	9.49717	3.01241	6.9756	3.19385	0.673363	3.94022	0.497764	2.01127	2.8405	4.83691	2.57156	4.52273	0.52955
ihec.chipseq.ihec-chipseq-containerv1.1.4.IHECRE00000222.3.752eff28-f561-4493-9961-9376765e5593.fc.signal	0	0.298858	1.51722	1.73394	1.05728	1.08682	0.785681	0.848612	1.21112	0.76036	0.929378	1.76873	1.7175	1.63777	1.89424	1.76206	1.66961	1.31829	1.23755	1.06928	1.16642	1.55347	1.81679	2.43917	2.89897	3.42022	3.49018	2.85594	2.68982	1.88386	1.29861	1.57251	1.15581	1.13199	1.3937	0.460103
ihec.chipseq.ihec-chipseq-containerv1.1.4.IHECRE00000231.3.9f5b0463-4f76-4b11-9c3e-298af7f4a26f.fc.signal	0	0.0465074	0.193803	0.326376	0.472752	0.732505	0.902316	0.668935	1.23035	1.56121	2.30846	2.59362	2.91281	2.50128	1.82747	2.68788	2.63021	1.78415	1.24219	1.50615	1.39823	1.47434	1.99829	1.7954	0.922269	0.766664	0.791198	0.578229	0.58568	0.860656	0.918201	1.06817	1.54675	1.25129	0.458288	0.609375
ihec.chipseq.ihec-chipseq-containerv1.1.4.IHECRE00003682.3.da9e495d-70d1-4135-9b7b-7d3c249e647d.fc.signal	2.17121	0.799104	0.428449	0.570404	0.441151	0.288994	0.153962	0.372914	0.223436	0.851679	0.968637	0.938411	1.11454	2.00167	2.90044	5.19328	3.72225	7.57075	9.69393	3.35008	7.74497	5.51501	5.34525	3.70632	2.15095	1.31696	1.21835	2.06395	0.523729	0.467694	0.353133	0.161202	0.585145	0.793847	0.82873	0.352239
ihec.chipseq.ihec-chipseq-containerv1.1.4.IHECRE00004603.3.7d97a6bf-d33b-47aa-868b-891cee1e0474.fc.signal	0.305268	0.743211	0.657819	1.13	1.59694	0	0.0942294	1.21024	0.829577	2.40398	3.10445	2.00957	2.92779	2.83754	0.445654	1.91426	1.99093	1.88653	1.75195	1.04225	4.19309	2.11794	1.81114	2.13773	1.15247	1.68938	1.48197	0.613738	0.442046	0.153939	0	0.538917	0.468777	1.01651	1.32072	0.574751
ihec.chipseq.ihec-chipseq-containerv1.1.4.IHECRE00001236.5.94801060-fc98-4727-a392-ae741c9cf8fc.fc.signal	0	0	0	0.437024	1.08851	0.284859	0.488747	1.19614	0.385219	0.727505	1.34844	0.593129	1.23717	2.7968	1.35851	1.90109	2.85946	3.16715	1.56482	1.73999	2.57456	1.6909	1.58308	2.37845	1.75487	0.547162	0.83723	1.15938	2.39129	0.905428	0.903371	0.621634	0.991672	0.126532	0	0.379208
ihec.chipseq.ihec-chipseq-containerv1.1.4.IHECRE00000303.2.89d09183-5d60-46a5-b09a-bec32e88d696.fc.signal	4.90511	7.68563	3.16149	1.11123	3.18865	4.15899	2.8026	1.84156	1.55772	2.75371	5.65671	3.83457	4.89991	12.8033	12.9074	12.0106	12.1487	12.1381	12.3449	14.6966	13.8173	13.0269	14.3133	12.4178	11.69	11.3755	8.10027	7.12915	4.72868	3.9898	3.93851	2.84441	4.93949	8.77932	9.86576	0.532093
