	chr5:79983071-79983220	chr5:79983221-79983370	chr5:79983371-79983520	chr5:79983521-79983670	chr5:79983671-79983820	chr5:79983821-79983970	chr5:79983971-79984120	chr5:79984121-79984270	chr5:79984271-79984420	chr5:79984421-79984570	chr5:79984571-79984720	chr5:79984721-79984870	chr5:79984871-79985020	chr5:79985021-79985170	chr5:79985171-79985320	chr5:79985321-79985470	chr5:79985471-79985620	chr5:79985621-79985770	chr5:79985771-79985920	chr5:79985921-79986070	chr5:79986071-79986220	chr5:79986221-79986370	chr5:79986371-79986520	chr5:79986521-79986670	chr5:79986671-79986820	chr5:79986821-79986970	chr5:79986971-79987120	chr5:79987121-79987270	chr5:79987271-79987420	chr5:79987421-79987570	chr5:79987571-79987720	chr5:79987721-79987870	chr5:79987871-79988020	chr5:79988021-79988159	Expression
ihec.chipseq.ihec-chipseq-containerv1.1.4.IHECRE00001548.1.3dc7fe6c-3810-4c39-b1cb-839043a609f3.fc.signal	0.911943	0.955831	0.350736	0.544127	1.33675	0.95547	0.27736	0.181009	0.414113	0.670989	0.610524	0.544037	0.0524744	0	0.658915	0.70483	0.20281	0	0.251098	0.410493	1.23353	0.162086	0.112138	0.140787	0	0	0.183622	0.43838	0	0	0	0	0.423934	0.183334	0.367925
ihec.chipseq.ihec-chipseq-containerv1.1.4.IHECRE00004888.1.fd25c27d-77c4-4595-b48c-e5f0d2d321a9.fc.signal	0.406358	0.632922	0.614078	1.01286	0.518618	0.820592	0.509853	0.354092	1.42089	0.703241	0.254865	1.30244	0.658244	0.462927	1.11661	1.08435	0.946467	0.831895	1.38476	0.0636039	0.240133	0.716597	0.558523	1.32775	1.38041	0.737835	2.45874	1.97162	1.11108	1.66733	0.809891	1.06017	0.525555	0.844319	0.531477
ihec.chipseq.ihec-chipseq-containerv1.1.4.IHECRE00003690.3.bb55a212-99c2-4448-84cc-6786b9df2691.fc.signal	0.0090628	0.18528	0.639751	0.298059	0.0179854	0.296377	0.0488157	0.495666	0.0454963	0.392568	0.0392779	0	0	0	0	0.875473	0.656668	0.221148	0	0	0.204202	0.395474	0.967912	0.258722	0	0	0.398408	0.194739	0	0	0	0	0	0	0.502075
ihec.chipseq.ihec-chipseq-containerv1.1.4.IHECRE00000987.6.289adc7a-9e11-437f-b6f6-57bfdeddcb3b.fc.signal	0.348171	0.26915	0	0	0.0502398	1.37956	0.586876	0	0	0	0.0942297	0.268585	0	0	0	0.389167	0.238875	0	0	0	0	0	0.227773	0.1545	0	0.129839	0.21684	0	0	0.139594	0.718425	0.386275	0.290575	0.282897	0.624434
ihec.chipseq.ihec-chipseq-containerv1.1.4.IHECRE00000949.6.e11d45c2-991c-46e2-8d13-bb1e23aff42f.fc.signal	0.296794	0	0	0	0.772906	0.253139	0	0.329817	0.053123	0	0.0509717	0.554605	0.454732	0	0	0	0	0	0	0	0.0785321	0.425288	0.237708	0.259786	0	0	0.0267147	0.38524	0	0.564816	0.45335	0	0	0	0.591678
ihec.chipseq.ihec-chipseq-containerv1.1.4.IHECRE00001002.4.308bde30-3fb4-4075-a143-aa64ea58703c.fc.signal	0	0.238755	0.586475	0.763481	1.49613	0.306815	0.20879	1.3908	0.596468	0.203351	0.0735048	0.0780645	0.651827	0.793212	0.511235	0.28092	0.299578	0.255091	0.614592	0.620048	0.379476	0.836114	2.7181	1.1702	0.206088	0.244198	0.293218	0.266683	0.861587	0.0245068	0	0	0.081683	0.441618	0.807566
ihec.chipseq.ihec-chipseq-containerv1.1.4.IHECRE00000868.3.f6951f12-890b-447a-bf19-25234f29276d.fc.signal	0.545131	0.842473	1.64486	0.560156	0.776495	1.82259	1.35246	1.19676	0.849103	1.2692	1.49346	0.764053	0.435016	0.972232	1.37471	1.2375	1.14381	0.369659	0.305847	1.20029	0.989651	1.64865	1.67534	1.19323	0.428953	0.119421	0.491405	1.25315	2.7891	1.34462	1.10369	1.3081	0.882343	0.262082	0.584775
ihec.chipseq.ihec-chipseq-containerv1.1.4.IHECRE00001375.1.70472333-cf93-4f75-9795-a7c0cfbd4b2b.fc.signal	1.48017	0.785346	0.237429	1.16517	1.16019	0.320372	0.12457	0.598406	0.315636	0.213157	1.01643	0.853029	0.185555	0	0.362952	0.477352	0.267717	0.552623	0.660545	1.84401	2.78344	1.73581	0.816851	0.610895	0.64735	0.464872	0.375741	0.163683	0.0856632	0.902654	0.42022	0.580409	0.517231	0.596491	0.686275
ihec.chipseq.ihec-chipseq-containerv1.1.4.IHECRE00000704.1.66176b59-ae1e-4572-9837-187809968b90.fc.signal	2.00478	2.13167	1.60457	1.35335	4.0892	2.33462	0.784906	0.909125	1.1048	1.34901	1.05771	0.778252	1.2266	0.560953	0.481166	1.97494	1.63829	0.743689	1.83193	0.0887301	0.601161	0.722868	1.03158	0.442683	0.237865	0.508718	0.58733	0.68794	0.594881	0.197417	0.964034	0.79045	0.745376	1.74597	0.62807
ihec.chipseq.ihec-chipseq-containerv1.1.4.IHECRE00000193.3.aa854cbd-228f-48b3-bc4a-7a1e57daf907.fc.signal	1.95111	0.461965	0	0.939409	2.0437	1.28894	0.546969	1.62817	1.35548	0.814095	0.570553	2.24036	1.02948	0	0	0	0	2.26316	0.940897	0	0.508806	0.536778	0	0.601543	0.59539	0	0	0	0	0	0.184294	1.13693	0.758796	0.449205	0.685039
ihec.chipseq.ihec-chipseq-containerv1.1.4.IHECRE00001546.1.967ca253-1932-4175-8466-de89b0808edb.fc.signal	0.0400008	0	0	0	0	1.27714	0.750378	0	0	0.11616	0.891783	0.0643551	0	0	0	0	0	0.21673	1.58356	0.390609	0	1.26697	1.75323	0.829457	0	0	0	0	0	0	0.205946	1.4519	0.653862	0.650952	0.45283
ihec.chipseq.ihec-chipseq-containerv1.1.4.IHECRE00004605.1.ca94bee3-450c-404f-8e72-f443f0a32f9b.fc.signal	0.0809329	1.13782	0.591143	1.23853	1.73245	0.794286	1.16577	1.28699	0.994725	1.10451	0.886467	0.0331772	0	0	0.379467	0.709129	0.801879	0.456975	0	0	0.135111	0.682669	0.635255	0.796351	0.594925	0	0	0	0	0.044024	0.627064	0.362796	0.839048	1.74323	0.593607
ihec.chipseq.ihec-chipseq-containerv1.1.4.IHECRE00001893.4.1ce16d7a-b11b-4cc6-9954-df2d097852d0.fc.signal	0.0627842	0.810998	0.361003	0	0	0	0	0	0.023402	0.893425	1.168	2.00483	0	0	0	0	0.670944	0.763054	1.25117	1.23977	0	0	0	0.400289	1.48943	0.857548	0	0	0	0	0	0	0	0	0.495951
ihec.chipseq.ihec-chipseq-containerv1.1.4.IHECRE00003814.1.e3fd041d-f794-414d-802b-cfe9e9d53c6e.fc.signal	0.181002	0.196821	0.178274	0.207241	0.690676	0.395876	0.693225	0.494866	0	0.0357517	0.743088	0.597165	0.398155	0.138202	0.958863	0.508886	0.377437	0.599666	0.499208	0.321776	0	0	0.0592965	0.286533	0.470465	0.368425	0.688537	0.420379	0	0.213273	0.863901	0.652771	0.0142338	0	0.529762
ihec.chipseq.ihec-chipseq-containerv1.1.4.IHECRE00000237.3.a5cd5780-31d9-4de0-9c6f-91eeeabb1306.fc.signal	0.0412712	0.348114	0.482694	0.391179	0.409123	0.193795	0	0	0	0	0	0.0253184	1.51394	2.24416	1.78938	1.51014	0.143552	0	0	0	0	0	0	0	0	0	0.39885	2.18654	3.46184	1.73061	0.127163	0	0.168819	0.404144	0.660256
ihec.chipseq.ihec-chipseq-containerv1.1.4.IHECRE00000224.3.98331644-3ccd-45b3-bad7-e0e81208e171.fc.signal	0	0	0	0	0	0.258444	0.409366	0.0941052	0	0	0	0	0.149389	0.447415	0.141741	0	0	0	0	0	0	0	0	0	0.0627368	0.4355	0.245776	0.0493431	0.269794	0.16891	0	0	0.192707	0.266214	0.635204
ihec.chipseq.ihec-chipseq-containerv1.1.4.IHECRE00001892.4.1a48d1e3-a2d4-434f-8cee-d284ec0da60a.fc.signal	0.760358	0.206753	0	0	0	0	0	0	0	0.57189	0.254418	0.532469	0.485143	0.465766	0.767215	0	0	0.241178	1.31991	0.99017	0.942593	0.0877475	0	0	0.67859	0.501279	0	0	0	0.525014	0.646824	0	0	0	0.671296
ihec.chipseq.ihec-chipseq-containerv1.1.4.IHECRE00001335.1.16baff19-56fb-479e-97b6-edd56ebc9920.fc.signal	1.36555	0.842558	1.02836	1.28053	0.980396	1.05467	0.949212	1.23822	1.38232	1.18187	0.692736	0.93274	0.325975	0.355714	0	0	0	0.242304	1.59356	1.36402	0.667757	1.26662	0.932703	0.357828	0.695313	0.652942	1.41861	0.654568	0.455358	0.746007	1.26051	1.04541	0.221956	0.663487	0.402439
ihec.chipseq.ihec-chipseq-containerv1.1.4.IHECRE00000228.3.8bd2a4a9-ace6-4e3a-b0aa-9993e4990638.fc.signal	0	0	0	0.271183	0.425675	0.108473	0	0	0	0	0	0.215409	0.39059	0.23696	0.495669	0.71464	0.195474	0.00562987	0	0	0	0	0	0	0	0	0.544622	1.89062	0.957793	0.365619	0.0322307	0.898014	1.52355	1.44306	0.527439
ihec.chipseq.ihec-chipseq-containerv1.1.4.IHECRE00001488.1.8a6af925-1821-4fc7-84d7-e838a44be225.fc.signal	1.36145	1.50548	0.808699	1.83026	1.18141	0.656466	0.978673	0.663631	0.658215	0.91871	0.441262	0.683309	1.39632	0.199918	0.557375	0.305025	0.978826	1.43072	1.52901	0.956142	2.2122	0.584992	0.0915189	1.06357	0.969582	0.346973	1.69103	0.628676	0.240377	0.407182	0.57272	0.686455	0	0	0.386029
ihec.chipseq.ihec-chipseq-containerv1.1.4.IHECRE00004610.2.100e7289-c631-4bb0-9eef-015950828bf4.fc.signal	1.01042	1.09734	0	0	0	0.202442	0.420656	1.52059	0.906972	0.915078	0.691876	0.742131	0.272497	0	0	0	0	0	0	0.467209	0.0186883	0	0	0	0.397187	0.6664	0.478716	0.834998	0.755355	0	0	0.128093	0.555069	0.126711	0.615819
ihec.chipseq.ihec-chipseq-containerv1.1.4.IHECRE00003818.1.3d6cbb41-685c-49c7-85eb-8977ab8f14b3.fc.signal	1.19401	0.312115	1.26273	1.36502	0.462822	0.527536	0.340274	0.278243	0.66961	0.750562	0.36707	0.111137	0.521282	0.0597637	0.607193	0.134121	0.522715	0.590938	0.933871	0.421926	0	0.505398	1.53061	0.756401	0.841065	1.08675	0.450025	0.50286	0.103818	0	0.136592	0.807587	0.0275533	0.531125	0.514286
ihec.chipseq.ihec-chipseq-containerv1.1.4.IHECRE00001990.1.14fdd58f-89fa-40e4-a658-f79765679f58.fc.signal	0.858864	1.54904	0.309545	0.387868	1.71212	0.374626	1.37447	2.08015	1.82328	0.0959936	0.414796	0.37246	0.399143	0.578618	0.957748	0.223348	0.676636	0.329871	0	0.744055	0.873329	0.497707	0.275232	0.0361398	0.326843	0.117803	0	0.191161	0.372194	0	0.89306	0.296966	0.191358	0.491627	0.873051
ihec.chipseq.ihec-chipseq-containerv1.1.4.IHECRE00000234.3.004bcd0c-68a8-42c5-b5aa-454db7d061e9.fc.signal	0	0	0.11922	1.16281	1.98331	0.811534	0	0	0	0	0	0.0829992	0.419323	0.371502	0.180529	0.17799	0.118702	0	0	0	0	0	0	0	0	0.0153808	0.580733	1.29099	1.31625	0.676746	0.0239836	0.178005	0.983306	1.32817	0.606557
ihec.chipseq.ihec-chipseq-containerv1.1.4.IHECRE00000665.1.5571d7d7-4894-4e51-8082-c8a874cb2438.fc.signal	0.0554612	0.531613	0.576505	0.330301	0.0836115	0.516169	0.669779	0.855748	1.95042	1.90215	1.04641	1.39974	0.686388	0.108769	0.985846	1.22249	1.16531	0.676553	0.630766	1.03744	0.877418	0.554607	0.573521	0.620019	0.551092	0.538603	0.766037	0.583452	0.514118	0.594059	0.385797	0.371201	0.102041	0.293227	0.544776
ihec.chipseq.ihec-chipseq-containerv1.1.4.IHECRE00003816.1.3579346a-a108-4e99-ba8a-c53f4809c6bb.fc.signal	0.146272	0.058599	0.329627	0.596024	0.483083	0.160182	1.08601	0.583479	0.0662229	0.147633	0.817659	0.70046	1.06614	0.590741	0.664517	0.928219	0.769393	0.484234	0.79207	0.794547	0.665721	0.780268	1.54848	0.954634	0.517316	0.546826	1.07383	1.07233	1.24561	0.818744	0.875387	0.506852	0.445517	1.20779	0.262956
ihec.chipseq.ihec-chipseq-containerv1.1.4.IHECRE00003676.3.edac7fd7-5249-4224-ba52-76d331cfbbb5.fc.signal	0.747927	0.554602	0.513989	0.0435925	0.589166	1.22725	0.657027	0.516188	0.450851	0.154574	0.133743	0	0.213845	0.376775	0.384877	0.305447	0.472046	0.391022	0.722967	0.0658398	0	0	0.163288	0.132134	0.606319	0.519333	0.757576	1.25046	0.861432	0.568176	0.317708	0	0	0.549439	0.664474
ihec.chipseq.ihec-chipseq-containerv1.1.4.IHECRE00003688.3.0aa4929d-9f0e-4abf-945b-21dad34e75e4.fc.signal	0.250169	0.554158	1.01771	0.802946	0.976888	0.611281	0.438397	1.82706	0.904191	0.0500448	0.0692795	0.523382	0.58688	0.681616	0.301902	0.832148	0.270878	0.606212	0.592736	0.432961	0.178795	0.448884	1.55716	1.02762	0	0.151886	2.05696	1.52604	0.0269472	0	0	0	0.105849	0.467214	0.455645
ihec.chipseq.ihec-chipseq-containerv1.1.4.IHECRE00001965.2.b75058ba-d142-4ae0-9acf-08c2d019a7dc.fc.signal	1.25358	1.83092	1.26651	0.699108	0.303859	0.311296	0.112799	0.867721	0.515414	0.360706	0.067591	1.02107	0.979813	0.442473	0.386067	0.0551717	0.494943	0.60937	0.429562	0.203208	0.699347	0.752009	0.691741	0.286612	0.490643	0.895721	0.378929	0.30897	0.327652	0.701348	0.137597	0	0.0891519	0.601149	0.459834
ihec.chipseq.ihec-chipseq-containerv1.1.4.IHECRE00000022.3.dfea9345-a570-4c36-afd3-060bffee6f21.fc.signal	2.01126	2.2666	1.16933	1.27061	1.0107	1.30108	1.92006	1.05215	0.886753	2.04541	0.6085	0.479087	0.771456	0.433628	0.723039	0.262953	0.677675	0.550671	1.16161	0.822052	0.725437	0.265015	0.556128	0.736336	0.73	0.487319	1.03744	0.812499	0.729382	1.96917	2.35086	0.646908	0.2677	0.311646	0.6125
ihec.chipseq.ihec-chipseq-containerv1.1.4.IHECRE00000194.3.b1e4c4c4-c6d4-40c1-a695-e34b416693ed.fc.signal	3.13618	1.85307	0.736225	2.05868	0.585217	1.40284	0.987372	1.49205	0.797396	0.53693	2.42481	2.2354	0.134262	0	0	0.382249	1.10034	0	0.868306	0.620487	1.04271	2.26339	3.6706	1.666	1.50321	1.38501	2.63261	3.22302	0.242825	0	0	0	0	0.506434	0.670165
ihec.chipseq.ihec-chipseq-containerv1.1.4.IHECRE00001952.2.52215347-885a-4412-918b-b787711b8d37.fc.signal	0.892426	1.2855	0.689012	0.0700353	0.922865	1.55645	0.0442336	0.277909	0.304595	0.768526	0.748358	1.02961	0.720765	0.0154217	0.313872	0.311966	0.0175728	0.241299	3.28811	1.61521	0.987461	0.90764	0.761673	0.864433	0	0	0	0.0657778	0.460406	0.0773559	0.186922	0.415926	0.0915769	0.623508	0.446301
ihec.chipseq.ihec-chipseq-containerv1.1.4.IHECRE00000886.3.656fbaec-dfab-4967-84ac-8cd7cc42a743.fc.signal	0.974663	2.54299	1.57699	0.11165	0.474498	1.17583	0.456538	0.610283	0.547906	1.75412	1.90924	0.771045	1.34755	0.60671	0.0604875	0.0141107	0.336066	0.628511	0.37473	1.02823	1.88788	0.617267	0.474656	1.286	1.20165	0.991865	1.36741	1.36381	0.901562	1.44879	1.66697	1.02377	0.00318307	0.0402994	0.592199
ihec.chipseq.ihec-chipseq-containerv1.1.4.IHECRE00000188.3.deb161f9-8c5a-42cb-af84-131a7fc1593f.fc.signal	0.530755	0.62622	0.687502	0.922089	0.662965	0.194198	0.144257	0.388729	0.804611	0.694126	0.678676	0.473377	0.476891	0	0	0.203158	0.474397	0.507694	0.739368	0.841611	0.538943	0.294713	0.663293	0.316391	0	0	0	0.178874	0.052803	0	0.112587	0.224179	0.00810107	0.404368	0.420359
ihec.chipseq.ihec-chipseq-containerv1.1.4.IHECRE00000160.3.56b2af9a-69f7-4eb1-8688-9440739bee08.fc.signal	0	0.0648048	1.41484	1.85164	0.706061	1.22206	1.47345	2.87004	0.274333	1.13654	0.714787	0.800536	0	0	0.378957	1.66878	1.68483	3.68635	1.46083	1.76542	0.151201	0	0	0	1.08426	1.12486	0	0	0	0	0	1.22714	1.09634	0	0.641286
ihec.chipseq.ihec-chipseq-containerv1.1.4.IHECRE00000343.2.43c6f7a4-d039-46a2-872e-bb5eb8075426.fc.signal	0.51279	0.506594	0.262233	0	0.437278	0.627121	0.866163	0.729001	0	0.573549	0.212044	0	0	0.229081	0.665001	1.36119	0.897529	0.136326	0	0	0.548416	1.02564	0.905953	0.275181	0.0133522	1.02602	0.43836	0.498405	0.25292	0.674808	1.27586	0.777896	0.213635	0.508503	0.683168
ihec.chipseq.ihec-chipseq-containerv1.1.4.IHECRE00003716.2.bdafba4d-384d-4886-a6c9-d1ddd966b153.fc.signal	0.140705	1.14173	1.00381	0.488656	1.41032	0.756676	0.651359	0.36979	0.302544	0.838972	0.78815	0.527748	0.813894	0.282653	0.384002	0.0411767	0.0478284	0.692888	0.23081	0.142264	0.339112	0	0	0.191123	0.771938	0.466157	0.581093	0.386159	0	0.0810419	1.05051	0.249301	0.76664	0.702586	0.655462
ihec.chipseq.ihec-chipseq-containerv1.1.4.IHECRE00000153.3.4632c7b2-2ae2-40a1-bd27-50236900252a.fc.signal	0.241868	0	0	0	0.321975	1.35519	0.679518	0.152013	0.515801	0.864511	0	0	0.680392	0.74693	0	0	0	0	0.033194	1.54956	0.795664	0.4941	1.19622	0.827424	1.50149	3.39892	1.72157	0.915673	0.0509173	0.519692	1.27754	1.68481	0	0	0.560791
ihec.chipseq.ihec-chipseq-containerv1.1.4.IHECRE00003684.3.b5459224-ca8f-46dd-880a-e16781c88032.fc.signal	0.527754	0.529418	0	0	0.305844	0	0.0761786	0.212633	0.40757	0	0.0949156	0.516762	0	0	0	0	0	0	0	0.202486	0.991268	1.41301	0.779418	0.195635	0.390185	1.10066	0.292011	0	0	0	0.379663	0.232016	0.160304	0.350531	0.454128
ihec.chipseq.ihec-chipseq-containerv1.1.4.IHECRE00000974.7.9dac3370-6335-4df0-bea0-9e684edfa350.fc.signal	0.112521	0.541946	0.735147	1.00154	1.09957	0.853675	0.317232	0.635855	0.148651	0.183285	0.273023	0.605883	0	0	0.225025	1.02987	1.19102	0.593833	0	0.445757	0.489034	0.772196	0.387742	0.348201	0	0	0.136023	0.780178	0	0	0.270604	0.627757	0.298219	1.83837	0.60219
ihec.chipseq.ihec-chipseq-containerv1.1.4.IHECRE00000261.2.55f7971e-ddc8-4e1e-a2b7-5640ae93b614.fc.signal	0.801945	1.19675	0.71366	0.272198	0.727321	1.45983	1.30241	0.754732	0.918004	0.988592	1.03338	0.935688	1.26769	0.491618	0	0.349312	0.569837	0.527279	0.687432	1.99679	1.10065	0.501283	0.741773	0.906247	0.42707	1.17236	2.12641	0.838057	0.752344	0.783806	1.90996	0.85041	0.38312	0.368437	0.611429
ihec.chipseq.ihec-chipseq-containerv1.1.4.IHECRE00001471.1.c36bbd63-78f2-464a-952f-d221dd832d3f.fc.signal	0.346414	0.257973	0.238008	0	0	0.0817371	0.240237	0.164826	0.134803	0.743675	0.319774	0.433877	0	0	0.211837	0.80517	0.0432385	0	0	0	0.63546	0.538905	0	0.156895	0.169264	0	0.418569	0.651187	0	0	0.662535	0.726615	0.252802	0	0.355372
ihec.chipseq.ihec-chipseq-containerv1.1.4.IHECRE00004647.3.6c7e93ea-bf0c-48a2-82fb-1c49e3dc143b.fc.signal	1.56305	1.61526	1.0964	0.858289	0.828796	1.16521	0.836377	0.909632	0.648409	0.557179	1.01152	0.730138	0.638417	0.352889	0.375034	0.427548	0.49438	0.568147	0.43679	0.689278	0.555435	0.472611	0.469508	0.426118	0.577361	0.714819	0.78102	0.84722	0.509901	0.35584	0.431996	0.488846	0.543391	0.586854	0.481328
ihec.chipseq.ihec-chipseq-containerv1.1.4.IHECRE00001852.4.e1095ee8-c1a0-47db-b726-788ab3dbb842.fc.signal	0.981971	0.681222	0.579194	0.582441	0.379815	0.154778	0.775753	0.76695	0.91343	0.956056	0.733595	0.963787	0.539037	0.0612753	0.370245	0.865016	0.789151	0.406496	0.577649	0.502284	0.605582	0.791363	0.936115	0.735739	0.651938	0.624814	0.621953	0.404488	0.21939	0.618704	0.829766	0.47722	0.328708	0.143557	0.672897
ihec.chipseq.ihec-chipseq-containerv1.1.4.IHECRE00000785.3.abe8a11d-fe94-45b1-960f-4d4d046be685.fc.signal	1.30091	1.02725	0.687498	0.873188	1.09368	1.56979	0.648647	0.173391	0.957239	0.412449	0.489959	0.172587	0.186391	0.447403	0.701566	0.419393	0.678903	0.932772	0.916766	0.586186	1.01517	0.456664	0.970123	0.859714	0.7124	0.644596	0.665187	0.585555	1.33224	0.417321	0.629073	0.666636	0	0.817786	0.625835
ihec.chipseq.ihec-chipseq-containerv1.1.4.IHECRE00003693.3.f2b1cfa1-231f-48d8-af6a-ed3f48905f6f.fc.signal	0.247335	0	0.254558	0.397532	0.161259	0.237844	0.341343	0.314104	0.0238257	0.34425	0.033768	0.686517	0.568271	0.263021	0	0	0	0.207521	0.178564	0.171282	0.524787	0.307605	0.128444	0.243774	0.220745	0.273856	0	0	0	0	0.296803	0.0892792	0	0.1809	0.546218
ihec.chipseq.ihec-chipseq-containerv1.1.4.IHECRE00000223.3.555de7dc-c653-4909-9c33-caf14688e0ce.fc.signal	0	0	0	0	0	0	0	0	0	0	0	0.0802488	0.337975	0.363806	0.441312	0.261283	0	0	0	0	0	0	0	0	0	0	0.407931	0.66874	0.0824779	0	0	0	0	0	0.591241
ihec.chipseq.ihec-chipseq-containerv1.1.4.IHECRE00000318.2.9cc4804f-5850-46a5-b627-ca441aa97c73.fc.signal	0.937154	0.173317	0.238374	0.318584	0.523917	0.660308	1.94804	0.425362	0	0	0.263763	0.421085	0	0.172404	0.586278	0	0	0.619838	1.65838	0.484374	0.275026	0	0.16126	0.61554	0.0443927	0.207167	0.668188	2.37042	1.0375	0.126844	0	0	0	0	0.492063
ihec.chipseq.ihec-chipseq-containerv1.1.4.IHECRE00001914.1.d83c61fb-c563-40ff-afb5-9fc097a52b75.fc.signal	0	0	0	0	0	1.57872	1.23818	0.00900687	0	0	0.629724	0.412175	0.180785	1.03507	0.146063	0	0.708154	1.66267	0.18503	0	1.04357	0.673386	1.71724	4.23041	1.79379	0.0841724	1.09677	0.255343	0	0	0	0	0	0	0.574115
ihec.chipseq.ihec-chipseq-containerv1.1.4.IHECRE00000250.2.a39935bf-2e13-411b-a0e6-5df09e4383e1.fc.signal	0.273091	1.51857	1.43001	0.382542	0	0.0663657	0.469588	0.421735	1.55593	0.456019	0.127143	0.404506	0.156264	0.495961	0.545411	0.637361	0.490142	0.196057	0.398851	1.28479	1.18324	0.553119	0.108322	0.962859	0.265342	0.276781	0.556582	0.576631	0.286957	0.548015	0	0.246265	0.554303	1.00393	0.421875
ihec.chipseq.ihec-chipseq-containerv1.1.4.IHECRE00001447.1.93be3d5e-de27-4323-a7cc-c9b7ee0319de.fc.signal	0.809712	0.68936	1.61176	1.33729	2.01665	0.928249	1.11555	1.32977	0.68675	1.78344	1.14575	1.67833	1.12823	0.515059	0.206725	0.903741	0.492167	0.182198	0.311838	0.331692	0.483967	0.613167	1.0105	1.56185	1.57788	1.30823	0.26981	0.904608	0.304811	0	1.43119	2.31603	0.953696	1.1255	0.582667
ihec.chipseq.ihec-chipseq-containerv1.1.4.IHECRE00001549.1.f6d26e48-e432-43c5-8ad8-8ec3b14cf9c0.fc.signal	1.36855	1.20712	1.52032	0.721546	0.530824	1.03495	0.50072	0.334907	1.58825	1.68325	0.630045	0.934891	0.284243	0	0.11184	0.621543	1.56717	1.08376	2.07831	1.8486	1.39367	0.95453	0.647293	1.15007	0.46097	0.270189	0	0.229204	0.587133	0.0389128	0.687502	1.335	0.933608	0.435352	0.548872
ihec.chipseq.ihec-chipseq-containerv1.1.4.IHECRE00001039.6.a3034dad-cf3f-4b0e-b7ac-4dfa7b52d765.fc.signal	0.208715	0.0732427	0.652143	0.362655	1.50887	0.707149	0.182702	0.84449	0.463034	0.657376	2.82587	2.57841	0.6418	0.130434	0.4857	0.860479	1.25309	1.47353	0.950763	0.34519	0.161581	0.487592	0.510418	0.643497	0.228199	0.497569	0.385352	0.395673	0.0788011	0.169217	0.206743	0.160731	0.221638	0.0334117	0.680995
ihec.chipseq.ihec-chipseq-containerv1.1.4.IHECRE00000055.3.f7f2e0ed-3f12-40ea-ab1e-c5e10f8d62d8.fc.signal	1.03298	0.158327	0	0	0	0	0	0	0	0	0.731118	0.880167	0	0	0	0	0	0	0	0	0	0	0.39292	0.738215	0.580524	0.952155	0.400057	0.00995167	0	0	1.3674	1.47476	0.520336	0	0.576159
ihec.chipseq.ihec-chipseq-containerv1.1.4.IHECRE00003828.3.9b92fd9a-9859-4ffd-96f8-490b60d6c4db.fc.signal	1.14515	0.414733	0.992106	0.527818	0.274185	0.759989	0.679081	1.36927	1.29003	0.847466	0.608535	1.40088	1.23591	0	1.47386	2.81163	1.95499	0.801819	0.0378644	0.475226	0.726554	0.119679	0.859918	1.66586	1.22946	0.0081138	1.27653	0.510682	0.256937	0.630152	0.808655	1.2494	0.629536	0.725632	0.437859
ihec.chipseq.ihec-chipseq-containerv1.1.4.IHECRE00004602.2.741c4143-cd13-4cda-85a5-e7102d67912b.fc.signal	1.45855	0.470704	0.015406	1.13472	1.11747	0	0	1.55021	0.694974	0	0.0461141	1.04117	0.0283765	0	0	0	0	0.0638472	0.528513	0.53206	0.549825	0.595946	0.6095	1.45453	0.518119	0.353885	0	0	0	0	0	0.319236	0.574638	0.260288	0.619438
ihec.chipseq.ihec-chipseq-containerv1.1.4.IHECRE00000126.3.4655431f-8c56-4476-831c-eb227cec568c.fc.signal	0	0.325413	0.722004	0	0	0.105539	0.442247	0.145154	0	1.05517	1.96062	1.65473	1.18622	0.604678	1.00824	0.796418	0.462515	0.35683	0.26132	0.418282	0.714676	1.18991	0.601354	0.610215	0.0881474	0.162364	0.181906	0.296891	0	0	0.267033	0.727541	0.185546	0.41467	0.554913
ihec.chipseq.ihec-chipseq-containerv1.1.4.IHECRE00001891.4.41bb4ab6-1e8d-4527-bfe1-5ddf65dcaa7f.fc.signal	0	0	0.19022	1.65967	0.378894	0.33134	1.78128	0.120219	0.984473	1.09654	0.0613653	0	0	0	0	0.656275	0.460587	0	0.312675	1.51515	2.5976	0.850959	0	0	0	0.387776	0.82636	0.540649	0	0.086056	0.978598	0.260283	0	0	0.672308
ihec.chipseq.ihec-chipseq-containerv1.1.4.IHECRE00004635.3.13102329-ee3d-4773-b2d1-9ab40cd17100.fc.signal	0.916648	0.395674	0.770869	0.742636	0.357158	0.0242563	0.0546145	0.424366	1.49648	1.255	0.745227	0.488513	0.328021	0.0963409	0.36592	0.398817	0.889153	0.675738	0.352956	0.585456	0.762305	0.729358	1.44963	0.429312	0.226811	0.737729	0.512949	0.281465	0.401542	0.307739	0.0880168	0	0.0548844	0.633665	0.472637
ihec.chipseq.ihec-chipseq-containerv1.1.4.IHECRE00001889.4.440b0def-8afc-49ae-ab48-eb6e55baaba4.fc.signal	0.572356	0.183971	1.62145	2.24177	2.53741	1.5819	1.25068	1.58465	0.887423	0.460597	0.582166	0.515962	0.862753	0.945238	0.985993	1.09422	1.80735	1.44875	0.85996	0.377725	0	0.694983	1.27049	1.47971	0.649833	0.414886	1.08235	0.698693	0	0.158781	0.683448	0.237004	0	0	0.501873
ihec.chipseq.ihec-chipseq-containerv1.1.4.IHECRE00001517.1.def76da7-e51f-466f-a75e-d4cb918f9d1a.fc.signal	0.615509	0.703316	3.56362	0.93259	1.59784	0.615675	1.75981	0.826896	0	0.00621727	1.4653	1.38605	2.07718	0.926373	0.0380192	0.467498	0	0.10849	1.7433	0.150801	0	0.298078	1.64457	1.31578	1.69755	1.9434	1.26724	0.457504	0.447643	0.469427	0	0	0	0	0.313589
ihec.chipseq.ihec-chipseq-containerv1.1.4.IHECRE00003848.5.cbe12698-0ab5-4b3e-9969-24f7116515b6.fc.signal	0	0	0	0	0	0	0.765097	0.225524	0	0	0	0	0	0	0	0	0	0.16052	0.848153	0.723167	0.288676	0.297628	0.711287	0.00297647	0	0.241094	0.413729	0.349316	0.616207	0.267863	0	0.0744117	0.568464	0.378877	0.0742857
ihec.chipseq.ihec-chipseq-containerv1.1.4.IHECRE00001044.7.93646603-f0c6-4b5c-9750-3c77b569d934.fc.signal	1.79076	1.47358	1.48651	0.904483	1.16229	0.783418	0.25194	0.272842	0.976815	0.502116	0.157195	0.953229	1.56502	1.68928	0.748706	0.476698	0.534519	0.569153	0.492924	0.118744	0.686801	0.775065	0.986552	0.826507	0.759146	0.587975	0.706462	0.449298	0.0794949	0.442731	1.71939	0.69815	0.212884	0.485098	0.596685
ihec.chipseq.ihec-chipseq-containerv1.1.4.IHECRE00001235.5.b69b018c-be0b-42b3-9bd0-adb684b6c71f.fc.signal	0	0.894254	1.29753	0.628478	1.01338	0.844703	0.154555	0	0	0	0	0.0555357	0.859177	0.54646	0	0	0.0233793	0.707182	0	0	0	0	0.610818	0.850232	0	0	0	0.589257	2.17014	0.292245	0	0	0.105862	0.565447	0.464286
ihec.chipseq.ihec-chipseq-containerv1.1.4.IHECRE00004900.1.b52b6048-f5e8-441d-8082-83c6ea7d797d.fc.signal	0.717785	1.3842	0.51126	0.13286	0.360141	0.169575	0.289055	0	0.0172187	0.38426	1.42262	0.278237	0.397458	0.0229579	0.398965	0.620613	0	0	0	0	0.058113	0.251649	0	0	0.345609	0.594703	0	0.109426	0.539693	0.157828	0.462875	0.394531	0.0842262	1.41454	0.623978
ihec.chipseq.ihec-chipseq-containerv1.1.4.IHECRE00000810.3.4c807da6-ffa8-4451-adb2-428243de39ad.fc.signal	4.46031	3.39301	0.931223	2.83351	0	0.884821	2.17361	5.73122	5.85328	1.18777	0	1.80686	2.42814	0	1.2104	2.83426	0	0	0	1.17842	2.64191	0.410557	1.35103	1.10562	0	1.07679	1.50882	1.19284	2.72398	0	0	0	0	0	0.654867
ihec.chipseq.ihec-chipseq-containerv1.1.4.IHECRE00003842.2.aaff33ab-ed7b-4de9-8003-f28b910ee10b.fc.signal	4.60799	5.57841	1.18392	1.06083	0.39867	1.04904	0.824249	0	0.674387	1.08651	0.33926	1.37205	1.13183	1.08339	1.74778	0.690406	1.8222	1.61355	1.79836	0.0218549	1.40809	2.09184	0.675249	1.06994	0.799277	0.69102	0.6638	0	0	0	0	0	0	0	0.28972
ihec.chipseq.ihec-chipseq-containerv1.1.4.IHECRE00000227.3.cbba33e3-8091-43f4-8be2-0ec669b6bf51.fc.signal	0	0	0.136445	0.557646	0.514141	0.470637	0.496344	0.118648	0.541826	1.17066	0.581375	0.276845	0.963026	0.815553	0.42865	0.578789	0.707933	0.59324	0.059324	0	0	0.152265	0.59324	0.401426	0	0	0.978846	2.05662	1.24196	0.258126	0	0.157143	0.681515	1.42746	0.406375
ihec.chipseq.ihec-chipseq-containerv1.1.4.IHECRE00003806.1.2dfc8185-75fc-483f-9a76-86d609a673b1.fc.signal	0	0	0.0827112	0.359411	0.134829	0.595454	0.304161	0.115058	0.754999	0.195206	1.20876	0.901313	0.412355	0.586901	0.363434	0.563835	0.923368	0.497676	0.597342	0.342291	0.313234	0.388016	0.391707	0.297599	0	0	0.0833058	0.653961	0.462838	0.26766	0.268571	0.462519	0.212472	0.39947	0.582904
ihec.chipseq.ihec-chipseq-containerv1.1.4.IHECRE00003686.3.867f20aa-cd84-4630-be8b-4d90cccd43d7.fc.signal	0.0378902	0.210769	0.18214	0	0	0	0	0	0	0.080541	0.328953	0	0	0	0	0	0	0	0	0.348055	0.0614256	0.436851	0.613147	0.28499	0.28256	0	0.144384	0.240405	0	0	0	0	0	0	0.5
ihec.chipseq.ihec-chipseq-containerv1.1.4.IHECRE00000864.3.14e2d66e-78ce-42e0-867f-4b49c7b19bff.fc.signal	0.324052	0.131675	1.27844	0.874024	0.846609	0.902007	1.26443	0.843759	0.672424	0.841549	0.783229	0.489894	0.61022	1.08579	0.294136	0.499495	0.474575	0.418144	0.444382	0.652049	0.742614	0.650345	0.346592	0.467043	0.0277821	0.0730808	0.548863	0.673453	0.310995	0.251621	0	0.0497387	0.357137	0.362962	0.865574
ihec.chipseq.ihec-chipseq-containerv1.1.4.IHECRE00003847.4.2b3ec079-53bd-4903-ae08-424fc11f8e29.fc.signal	0.304209	0.676526	2.86501	0.544852	0	0.513072	1.48926	0.703942	0	0	0	0	0	0	0	0.646915	0.699227	0	0.70377	0.658366	0.853603	1.75261	0.118052	0	0.145294	2.47557	0.0161632	0.0750407	1.06988	0.167997	1.21684	0.953491	0.41772	0.0440981	0.709524
ihec.chipseq.ihec-chipseq-containerv1.1.4.IHECRE00001954.2.fc509fae-cfc8-4cd1-b6e1-cb05b98526c1.fc.signal	0.304948	0.0484073	0.35876	0.0309789	0.390851	0.740283	0.419822	1.06818	0.658729	1.14417	0.215917	0.595943	1.05279	0.621056	2.14223	2.1093	0.471491	0	0.379033	0.204723	0.237118	0.568169	0.761947	0.828228	1.20649	0.256137	0.262313	0.509269	0.456246	0.205948	2.38645	0.360488	0	0.110561	0.436916
ihec.chipseq.ihec-chipseq-containerv1.1.4.IHECRE00000957.7.e974118a-1765-49cc-99dd-3d99dcd758cf.fc.signal	0.185208	0.661813	0.761744	0.757193	0.915211	1.50288	0.23151	0.608153	0	0	0	0	0.425136	0.656653	0.180998	0	0	0.105232	0.526158	0	0	0.521949	0.593507	0.147324	0	0.324114	1.27266	0.729652	0	0	0	0	0.197836	0.467865	0.843023
ihec.chipseq.ihec-chipseq-containerv1.1.4.IHECRE00001458.1.90311c59-c092-4716-8ced-a612dc9a7683.fc.signal	0.144046	0.123539	1.13559	1.17351	0.768903	0.579027	0.413146	0.211222	0.660454	0.881191	1.72964	1.35156	0.472534	0.018852	0.398481	0.622196	0.684159	1.92829	2.15494	2.05793	2.53775	0.353615	0.960575	0.124827	0	0	0.0614517	0.405815	0.323728	0.961721	1.1442	0.524439	0.870067	0.630538	0.296578
ihec.chipseq.ihec-chipseq-containerv1.1.4.IHECRE00001913.1.7dd02c2b-e08d-4010-8330-5cb791ced7b2.fc.signal	0	0	0	0	0	0	0	2.19714	0.873141	0	0	0	0	0	0	0	0	0	0	0.628321	2.2546	5.70511	0.0331868	0	0	3.31511	0.952306	1.04019	3.26889	0	0	0	0	0	0.606032
ihec.chipseq.ihec-chipseq-containerv1.1.4.IHECRE00004641.3.2af65a74-ad9a-47d1-bb59-7449ff40f2d9.fc.signal	0.496831	0.718199	0.629135	0.14584	0.375715	0.520099	0.718435	0.507489	0.129985	0.88691	1.23419	1.85448	1.74355	1.18986	0.736377	0.437769	1.18814	1.33149	1.44073	1.23123	0.884682	1.01501	1.48216	1.19958	0.391989	0.224261	0.685382	0.817173	0.311153	0.479204	0.625149	0.12195	0.22701	0.120244	0.492308
ihec.chipseq.ihec-chipseq-containerv1.1.4.IHECRE00002063.1.fc1674f3-b9c6-4107-8983-478acef979ab.fc.signal	1.23561	0.249793	0	0.1023	1.18951	1.37234	0.642856	0.990031	0.605398	1.15463	1.68387	2.25834	1.47202	1.30003	1.0909	0.628242	0.180519	0.7561	1.15524	0.623226	0.833204	1.04208	0.854467	0.428179	0.288708	1.00269	1.57377	0.579392	0	0.0817843	0.354208	0.295652	0.701405	0.370275	0.784926
ihec.chipseq.ihec-chipseq-containerv1.1.4.IHECRE00004713.2.73d0436f-3c8c-4e5c-a1fe-dc4d41b2902f.fc.signal	0.803014	0.667283	0.626303	0.339524	0.498921	0.195237	0	0	0.815996	1.57023	0.800166	0.644076	0.0900318	0	0	0.18727	0.610171	0.738819	0.244	0.261758	0.420484	0.0706224	0.240856	0.520368	0.23259	0.268098	0.228317	0.318539	0.153446	0	0.247085	0.15212	0	0.324224	0.668113
ihec.chipseq.ihec-chipseq-containerv1.1.4.IHECRE00000229.3.201bcc7c-a1bc-4b3d-b4a1-a8869234c0b1.fc.signal	0.0418497	0.514232	0.725495	0.495326	0.672845	0.386685	0.381968	0.824011	0.44945	0.0701973	0	0.163982	0.517603	0.772832	0.92397	0.635036	0.202452	0.40488	0.231463	0	0.02025	0.350255	1.19922	1.01363	0.268586	0.163344	0.295561	0.48205	0.788288	0.519956	0.131622	0.313114	0.595901	0.452163	0.565217
ihec.chipseq.ihec-chipseq-containerv1.1.4.IHECRE00003660.4.f57dabc7-264e-43f4-83fd-08369e826dea.fc.signal	0.138593	0.0777563	0.46651	0.396585	0.971641	1.0431	0.841147	1.05483	0.110364	0	0.195645	0.406339	0.225744	0.37624	0.137955	1.19118	0.691695	0	0.300992	0.486659	1.28602	0.932231	0.697552	2.16919	0.714957	0.19301	1.4708	2.18972	1.32205	0.0877893	0.464029	0.29697	1.83806	0.642784	0.517572
ihec.chipseq.ihec-chipseq-containerv1.1.4.IHECRE00003809.1.88fb2a51-3313-49d0-b432-b95b6b91fc4b.fc.signal	0.551834	0.17468	0.0587619	0.200741	0.203693	0.166953	0.00925427	0.137851	0.820854	1.153	0.591202	0.694649	0.579859	0.224318	0.672825	0.803203	0.829031	0.507109	0.213895	0.245689	0.24155	0.735116	0.676138	0.341597	0.217559	0.116831	0.324519	0.257453	0.280302	0.321539	0.278107	0.13062	0	0.00786187	0.661017
ihec.chipseq.ihec-chipseq-containerv1.1.4.IHECRE00000221.3.7d6e7c7b-090f-4b2a-a7ba-f833c718a8ac.fc.signal	0	0	0	0.470091	0.916999	0.881041	0.146429	0	0	0	0	0.0944297	0.504339	0.642859	0.393674	0.425548	0.38731	0.0188286	0.123309	0.38534	0.426431	0.272307	0	0	0	0	0	0.721806	1.31005	0.382752	0	0.729465	1.39111	0.459132	0.653595
ihec.chipseq.ihec-chipseq-containerv1.1.4.IHECRE00003675.3.83112ba3-4a46-4bcb-b23c-b8a94da18e77.fc.signal	0.925874	0.365111	0.175085	0.186655	0.365669	0.113895	0	0.398197	0.339322	0	0.34768	0.556182	0.0934965	0.242523	0.261866	0.00351333	0	0.287201	0.734764	0.955417	0.894079	0.134336	0.57307	0.530615	0.257781	0.273406	0.0665117	0.431002	0.191718	0.0749394	0.243802	0.466171	0.274139	0.4523	0.812865
ihec.chipseq.ihec-chipseq-containerv1.1.4.IHECRE00002086.1.61135aae-0e5d-4a79-9f3a-0fb631125d88.fc.signal	0.246377	0.086556	0.382538	0.877463	1.65218	2.21276	0.703319	0.21662	0.989812	3.67602	1.89726	0.789882	0.513332	0	0	0	0.334142	0.680741	0.360185	0.563103	0.0521005	0.0708537	0.225798	0	0.0833597	0.639807	0.794519	0.0491813	1.23159	0.582904	0	0	0.384522	0.292832	0.849741
ihec.chipseq.ihec-chipseq-containerv1.1.4.IHECRE00004884.1.cdb41994-86e2-4949-bf91-2378fd47bfa2.fc.signal	0	0	0	0	0	0.613318	0.530841	0.0820265	0.442403	0.723046	0.765171	0	0	0	0.622929	0.962717	0	0	0.711653	0.0503508	0	0.534937	0.448067	0.497171	0	0.0215152	0.564644	0	0	0.142711	1.81295	0.169431	0	0	0.512821
ihec.chipseq.ihec-chipseq-containerv1.1.4.IHECRE00003692.4.3bf09a2c-baea-4256-b5b7-ae913b7ca17e.fc.signal	2.10562	0.746396	0.974792	0.313548	0.948465	0.182752	0.380502	0.580623	0.839424	1.25473	0.427532	0.31228	0.581613	0.446457	1.17271	0.470176	0.403209	0.837869	1.32925	0.666327	1.31391	1.2662	0.942372	0.344533	0.185746	1.181	0.610113	0.0221589	0.939013	0.132943	0.935617	0.441391	0	0.12205	0.431267
ihec.chipseq.ihec-chipseq-containerv1.1.4.IHECRE00003687.3.2e985412-e008-4f6e-8fa0-b55dc4eeddb6.fc.signal	0.860764	0.695025	0.0654784	0.689118	1.19357	0.904036	1.32915	1.31734	0.370078	0.612732	0.737421	1.22549	0.327895	0	0.105986	0.714429	0.47027	0.369387	0.501244	0	0	0	0.135491	0.279507	0.11274	0.627506	1.00781	0.779005	0.610733	0.145731	0.559739	0.168915	0.122546	0.503958	0.647059
ihec.chipseq.ihec-chipseq-containerv1.1.4.IHECRE00000247.3.cbe182ef-6b41-4546-a41c-524edcebe7f8.fc.signal	0	0	0	0	0	0	0	0	0	0	0.288601	0.27015	0.0731937	0.370622	0.608947	0.475663	0	0	0	0	0	0	0	0	0	0	0.125586	1.02074	1.50214	0.69746	0.0307393	0.403211	0.854931	0.444566	0.669512
ihec.chipseq.ihec-chipseq-containerv1.1.4.IHECRE00001851.4.41736f40-6f67-4bdc-bc7e-afd139847fe8.fc.signal	0.251782	0.177198	0	0.1715	0.20111	0.0999057	0.454235	0.683171	0.284554	0.334083	0.277054	0.40324	0.519642	0.265463	0	0.221987	0.62788	0.575819	0.868588	1.73336	2.2591	0.914277	0.484639	0.316895	0	0.281832	0.183166	0	0	0	0	0	0.381901	0.550625	0.59167
ihec.chipseq.ihec-chipseq-containerv1.1.4.IHECRE00003679.3.9ac74a4d-9d70-4efc-945e-29c0f04f171f.fc.signal	0.540866	0.519455	0.968586	1.94227	0.413425	1.00376	0.709192	0.49766	0.236618	0.838678	1.07156	1.56695	0.346077	0.435395	1.22229	1.13854	0.918104	1.29624	0.118616	0.616714	1.02691	1.87885	1.56793	1.46112	0.793927	1.00815	1.21435	0.936238	1.04369	0.089311	0.807826	0.378178	0.347475	0.343351	0.823009
ihec.chipseq.ihec-chipseq-containerv1.1.4.IHECRE00003680.3.f291fb29-a363-426c-a2c2-33a98c6182ef.fc.signal	0.156002	0.0532347	0.0239556	0.234969	0.738824	0.219922	0	0	0.378121	0.19704	0.300887	0.188534	0.161035	0.0519038	0.332858	0.447341	0.229567	0.508534	0.287545	0.363466	0.307522	0.852168	1.372	0.622064	0.187711	0.107823	0.752102	0.40607	0.0119778	0	0.408468	0.384069	0	0	0.87234
ihec.chipseq.ihec-chipseq-containerv1.1.4.IHECRE00003821.3.18c7c517-acd2-418c-a70e-986e331348db.fc.signal	0.806066	0.789175	0.390362	0.371379	1.72179	1.61148	0.438904	0.186293	0.834796	0.390754	0.187509	2.53421	0.571866	0.341839	1.48126	0.523319	1.35666	0.658582	0.691348	0.89044	0.60981	1.19293	1.27084	1.73816	0.569486	0.795442	0.618135	1.68976	1.17308	0.513109	0	0	0	0.726395	0.456044
ihec.chipseq.ihec-chipseq-containerv1.1.4.IHECRE00000121.3.6767ca98-deae-49f6-b4ac-75d0144cef28.fc.signal	0.76669	1.14152	0.113882	0.110912	1.66794	2.41556	0.731295	0.126108	0.233464	0.232413	0.218432	0.356011	0.026852	0	0.0987229	0.528093	0.0650318	0.208239	0.994108	0.453152	0.848948	0.435666	0.437518	0.152712	0.456345	0.941041	0	0	0	0	0.0159339	0.427909	0.108082	0	0.480226
ihec.chipseq.ihec-chipseq-containerv1.1.4.IHECRE00003695.3.976830f0-f131-4dc5-bdfd-64d83fdc4635.fc.signal	0.0433881	0.0795987	0.13044	0.331694	0.543625	0.282548	0.0589572	0.578012	0.369473	0.14356	0.750104	0.981718	0.268614	0.14906	0.593535	0.194057	0.381088	0.296039	0.185619	0	0	0	0	0	0	0.07031	0.338214	0.441608	0.492264	0	0	0	0	0.22765	0.520179
ihec.chipseq.ihec-chipseq-containerv1.1.4.IHECRE00003825.5.7e6f312b-3e7d-4ced-adc8-a790c0432db2.fc.signal	1.4808	1.00641	0.220355	0	0	0.737686	0.935723	2.12737	3.23082	2.01017	0.378764	0.9845	0.754604	0.222392	1.51575	1.50616	0.407018	0.356962	0.88537	0	0	0.834449	0.684147	1.62937	2.3361	0.923667	0.507566	1.11419	1.23126	0	1.9759	1.91848	0.944115	0.896673	0.577689
ihec.chipseq.ihec-chipseq-containerv1.1.4.IHECRE00001997.1.3ac72c63-5790-4eab-ab70-1f2408156b61.fc.signal	0.439645	0.236936	0.421437	0.665455	1.34884	0.336944	0.149536	0.870275	0.82202	1.01896	1.30631	0.419156	1.19788	1.1201	0.932683	0.331873	0.0176876	0.750291	0.595433	1.29147	1.30785	1.50484	0.731314	0.903997	0.735266	1.24587	0.0581399	0.529062	0.0285913	0	0.333589	0.47022	1.52773	0.859549	0.881356
ihec.chipseq.ihec-chipseq-containerv1.1.4.IHECRE00000784.3.589e1f11-0874-4698-ac02-5c217aac91a6.fc.signal	0.33241	1.29652	0.140901	1.64317	0.936748	0.101495	0.507108	0.711683	0.721053	1.02204	1.23711	0.853276	0.795191	1.07171	0.860759	1.28823	0.854625	0.711258	0.134436	1.11679	1.39458	0.864096	0.648941	0.131262	0	0.108748	0.872102	0.42059	1.33211	0.151378	0.406552	0	0.160189	1.07534	0.716332
ihec.chipseq.ihec-chipseq-containerv1.1.4.IHECRE00001315.1.5337f9d4-38ae-4c5a-8963-01aa95f9c5b5.fc.signal	1.37442	0.201048	0	1.1688	1.46841	0	0.294484	0.266118	0	0.382615	0.177478	0.337572	0.981259	0.0544017	0.384192	0.150803	0	0.115338	0.862851	0.15953	0.376422	0.613116	1.77048	1.45106	0.563792	1.36088	0.324327	0.374094	0.4063	0.636685	0.790534	0.160982	0	0	0.463087
ihec.chipseq.ihec-chipseq-containerv1.1.4.IHECRE00000239.3.9e4848b7-a913-4011-92b1-1d083e775db4.fc.signal	0	0	0	0	0.367952	0.456768	0	0	0	0	0	0.210111	0.699209	0.959781	0.820148	0.484175	0	0	0	0	0	0	0	0	0	0	0.514333	1.54705	1.54925	0.670222	0.195229	0.704641	0.9401	0.448714	0.639535
ihec.chipseq.ihec-chipseq-containerv1.1.4.IHECRE00003822.3.77ca98f2-545d-4aeb-bc0c-48db2083d121.fc.signal	1.25918	1.02322	0.39316	0.832441	1.24487	0.670612	1.26572	0.560556	0.381734	0.942351	0.808207	0.949553	0.0250709	0	0	0.00626773	0.463812	0.0912667	0	0.130055	0.184769	0.854247	1.36079	1.58384	0.375558	0.762578	0.745132	0.269442	0.322788	0.106551	0.432474	0.0250709	0	0.617186	0.565041
ihec.chipseq.ihec-chipseq-containerv1.1.4.IHECRE00004617.2.4b42183d-fbd0-4b87-afb1-913c17cc15e7.fc.signal	1.03278	0.480936	0.848131	0.239929	1.09756	0.503193	0	0.20663	0.345728	0.376859	0.917602	0.251032	0.613752	0.114404	0.834559	1.33038	1.75217	0.287229	0.977611	0.873204	0.284932	0.375122	1.31692	0.554095	1.33937	0.988504	0.762428	0	0	0.0044864	0.498549	0.1456	0.0770669	0.66069	0.637405
ihec.chipseq.ihec-chipseq-containerv1.1.4.IHECRE00000891.3.26bc37a9-c73c-42b9-835b-56fe5f674b6a.fc.signal	2.31453	2.80711	1.56262	1.41353	0.653392	1.29427	2.7064	1.53061	2.41214	2.99507	2.58885	2.3269	0.643922	0	0.10573	0.612835	0.642185	1.06629	2.04735	1.98484	0.861571	1.85171	2.67965	0.815165	1.13049	1.78589	2.0394	0.23316	0.788756	1.65089	2.47913	0.759473	0.0318467	0.400142	0.58864
ihec.chipseq.ihec-chipseq-containerv1.1.4.IHECRE00000347.2.cd7f0ec3-4b46-44a0-af6d-9383f8acb018.fc.signal	0.556873	1.83559	1.69617	1.11932	0.426542	0.705234	0.438922	0.382815	0.777624	0.682514	1.32973	1.1143	0.473369	0.597322	0.646064	0.591276	0.456065	1.66953	1.75996	1.55746	0.995784	1.47085	0.853977	1.65459	1.53195	0.911232	0.351092	0.520604	0.802066	0.694511	0.444188	0.55603	0.392779	0.195617	0.605096
ihec.chipseq.ihec-chipseq-containerv1.1.4.IHECRE00003836.3.5c9cb736-993f-45fe-be70-bfabfbcef3f6.fc.signal	2.31939	1.1648	0.710231	1.64407	1.42257	1.22112	1.27485	1.40439	1.43115	1.82781	1.18272	2.42073	1.05886	0.030724	0.657895	0.212484	0.371861	0.838646	0.924155	0.673285	1.31786	2.56267	0.858765	0.376936	1.36703	1.18369	0.438264	0.513287	0.860142	0.611831	0.949485	0.95476	0.394238	0.303913	0.486172
ihec.chipseq.ihec-chipseq-containerv1.1.4.IHECRE00001902.1.526cb17b-4947-475e-9954-5626d82b7161.fc.signal	2.24579	1.19641	0.284327	0.340541	0	0.133444	0.414525	0.739103	0.418424	0.183672	0.128288	0.585406	0.245042	0	0	0.522983	0.992043	1.38216	0.604097	0.486438	0	0	0.275887	0.526718	0	0.215789	0.510285	0.34373	0.10935	0.518888	1.12603	0.341184	0.544494	0.336816	0.563107
ihec.chipseq.ihec-chipseq-containerv1.1.4.IHECRE00003824.4.96c109c2-5b12-4d08-bc59-f48ccc7c2f4a.fc.signal	1.36922	0.37073	0.92297	0.294366	0.0378792	0.535205	0.493873	0.454962	0.778028	0.26014	1.05251	2.31908	1.10234	0.0567431	0.0518084	0.660205	0.518618	0.474621	0.221026	0.716472	1.67282	1.44829	0.10148	1.40919	1.65335	0.51674	1.02347	0.0455825	0	0	0	0.587169	0.202301	0	0.725389
ihec.chipseq.ihec-chipseq-containerv1.1.4.IHECRE00003811.1.705a3dcb-b728-43db-b37f-bbceaf83732a.fc.signal	0.243755	0.700019	0.258844	0.122205	0.202963	0.770649	0.755702	0.0175657	0.25523	0.166923	0	0.22597	0.66762	1.14442	0.903517	0.730583	0.639812	0.475041	0.606085	0.483645	0.246952	0.638958	0.458428	0.291258	0.191327	0.137546	0.66525	0.655864	0.480951	0.298369	0.36109	0.20812	0	0.106771	0.624204
ihec.chipseq.ihec-chipseq-containerv1.1.4.IHECRE00001908.1.6595c262-e2a7-4360-ae08-dca9de90347a.fc.signal	0.271521	0.829015	0.44712	0.0357025	0.162161	0.494421	0.322038	0.0272876	0.345182	0.332188	0.459808	0.482319	0.451832	0.170111	0.109477	0.512764	0.238374	0	0.0662187	0.398806	0.462094	0.583131	0.276537	0.604358	0.140624	0.169244	0.593043	0.448034	0	0	0	0.0855515	0.618674	0.212827	0.596685
ihec.chipseq.ihec-chipseq-containerv1.1.4.IHECRE00001526.1.0e718f27-6389-4dde-bde1-b61702fbbf81.fc.signal	1.14826	1.63566	0.212036	0.654085	1.28163	1.79902	0.455645	0.845896	0.579784	0.906461	0.691841	0.781166	0.49087	0.00564707	0.840183	0.964013	0.615667	0.923803	0.883279	1.18124	2.76953	2.2551	0.724616	0.615084	0.960228	0.656299	0.145755	0.476155	0.0255712	0.0924593	0.613942	1.01454	0.256959	0	0.465753
ihec.chipseq.ihec-chipseq-containerv1.1.4.IHECRE00001916.1.f84a631d-885b-4535-bad7-e4cb346c7bb1.fc.signal	0.313867	0.653993	0.0722216	1.3419	1.01213	0.919676	0.286574	0.523112	0	1.39628	3.22775	1.33722	0.64015	0	0.432136	0.610629	0.994874	1.29741	0.814235	0	0.518371	0.974862	0.64408	0.602693	0.606383	0.570546	0.457493	0	0	0	0	0.79511	0.0727808	0	0.395013
ihec.chipseq.ihec-chipseq-containerv1.1.4.IHECRE00000297.2.8b4bfdaf-6ab3-4b50-a666-38f93813e2e5.fc.signal	2.04108	2.56665	0.452493	0.761007	0.177296	1.53423	1.15289	0.572768	0.317883	1.98424	2.00659	1.51596	2.44073	0.352017	0.628839	0.0952902	0	0.0934192	0.70185	0.5704	0.0465031	1.35263	1.34675	1.11138	0.370277	0.354785	0	0.76585	1.23909	0.376493	0	0	0	0	0.584039
ihec.chipseq.ihec-chipseq-containerv1.1.4.IHECRE00001957.2.0bd574cb-6c79-4f0e-a131-98ee1a6088f8.fc.signal	1.44394	1.36361	0.954187	0.720943	0.750065	0.368826	0.862777	1.00438	1.26959	1.14939	0.286613	0.709293	0.318063	0	0	0.0407988	0.399113	0.23521	2.10583	0.176513	0.419441	0.419463	0.677906	0.493175	0.32509	0.627861	0.651178	0.335854	0.561012	0.380672	1.00116	0.278137	0	0.261451	0.431694
ihec.chipseq.ihec-chipseq-containerv1.1.4.IHECRE00004606.2.411a52db-8794-484a-8712-a21b0a7c3495.fc.signal	0.288905	0	0	0	0.361195	0.477366	0.585156	0.561635	0.285007	1.09988	0.66298	0.755839	0.210958	0.385837	1.23296	0.0426938	0	0	0	0.420474	0.827386	1.1315	0.786861	0.866241	0.219158	0.650331	0.488988	0	0	0	0	0	0	0.50317	0.627737
ihec.chipseq.ihec-chipseq-containerv1.1.4.IHECRE00001467.1.53674f07-2dec-46cd-b734-95bc5db63053.fc.signal	0.693131	0.286838	0	0	0.459155	0.288492	0.565177	0.98489	0	0	0.049186	0.170532	0.34973	0.124272	0.328804	0.595187	0.379783	0.261513	0.229706	1.55141	0.338832	0.926233	0.98103	0.190892	0	0	0	0	0	0	0	0	0	0.0628007	0.56746
ihec.chipseq.ihec-chipseq-containerv1.1.4.IHECRE00003830.4.1d911208-29b2-4159-abb9-21b476db4aa7.fc.signal	0.634382	0.937885	2.92196	0.951525	0	0.845843	0.475787	0	0	0	0	1.35018	0.935856	0	0	0	1.38326	1.25703	0	0.746956	0.943691	1.39519	1.4676	0.255515	2.12161	2.6458	0.438437	1.49988	0.53721	1.04289	1.5947	0	0	0	0.699507
ihec.chipseq.ihec-chipseq-containerv1.1.4.IHECRE00003845.2.fa3c8e36-edcb-4649-9a8e-5dec7e1c367c.fc.signal	3.27542	1.26304	1.77825	1.20634	0.594714	1.89933	1.79731	1.68104	1.83196	3.19879	1.75525	2.52159	0.927423	0.099132	1.00079	1.33852	1.09503	1.21617	0.707163	1.22596	2.73818	2.12939	1.1029	0.716625	1.28814	1.44357	1.52206	0.578722	0.444131	1.2333	2.80914	0.639907	0.1297	1.09693	0.68256
ihec.chipseq.ihec-chipseq-containerv1.1.4.IHECRE00000226.3.c58b6cf5-4f66-4ab2-bb25-cde31b2aa0eb.fc.signal	0	0	0	0	0	0	0	0	0	0	0	0.0041992	0.554809	1.07849	1.25564	0.844446	0.041992	0	0	0	0	0	0	0	0	0	0.168267	0.682426	0.554835	0.332522	0.209576	0.153522	0.628777	0.462014	0.655827
ihec.chipseq.ihec-chipseq-containerv1.1.4.IHECRE00000232.3.e48fa4c5-7778-4b0d-8c77-20b91a15213e.fc.signal	0	0	0	0.374163	0.73365	0.26167	0	0	0	0	0	0.0325094	0.671985	0.625	0.143756	0	0	0	0	0	0	0	0	0	0	0	0.0978213	1.20319	1.3059	0.132058	0.100267	0.73365	0.535566	0	0.617778
ihec.chipseq.ihec-chipseq-containerv1.1.4.IHECRE00001956.2.6c45d08b-377b-419c-a177-44262ce42f4b.fc.signal	0.380569	1.13016	0.00288327	0.170113	0.383475	1.71542	1.25417	0.504572	0.0086498	0.512527	0.575419	0.281855	0.204189	0.278404	0.114261	0.362864	0.115132	0.539565	0.599919	0.0945993	0	0.565339	1.46283	0.351016	0.370762	0.727989	1.18147	1.51898	0.48816	1.79693	2.29556	0.448907	0.494872	0.719015	0.570175
ihec.chipseq.ihec-chipseq-containerv1.1.4.IHECRE00000152.3.9a3cfb88-6d7d-4b7c-9d6d-96e940ce08cf.fc.signal	0.974052	0.241458	0.401005	0.317137	0.157473	0.889201	0.632467	0.691361	0.844996	0	0	0.259607	1.1535	0	0	0	0	0	0	0	0	0	0	0.372683	0.0535409	0	0	0	0	0.399867	1.0098	0.811548	0	0	0.593237
ihec.chipseq.ihec-chipseq-containerv1.1.4.IHECRE00000332.2.3d98bc1f-c00a-45a1-9387-7764c6e8d313.fc.signal	2.57161	2.08745	2.23129	2.08546	1.4097	0.879615	1.09785	1.05182	1.06557	1.28797	0.314697	0.0994891	0.134246	0.265726	0.915874	1.27893	2.17562	2.19924	1.99752	1.04413	1.58937	1.77458	3.44364	1.14386	1.24131	1.71257	2.12153	1.46671	0.232743	0.266238	2.00714	1.00439	1.09683	0.268365	0.657233
ihec.chipseq.ihec-chipseq-containerv1.1.4.IHECRE00001909.1.245ee420-3705-4794-9ed7-05083df48af9.fc.signal	0.699284	1.04158	2.29195	1.69454	0.618577	0.248708	0	0.17726	0.570376	0.67909	0.945164	0.742556	0.522653	0.394318	0.248738	0.741148	0.5818	1.06559	1.57992	1.40911	1.35762	0.686605	0.911245	0.727396	0.854211	0.626297	1.17289	0.842787	0.474519	0.51516	0.290739	0	0.251601	0.766879	0.369641
ihec.chipseq.ihec-chipseq-containerv1.1.4.IHECRE00000943.7.e73b84a4-42ef-4b6b-83f9-72b6584af2ee.fc.signal	0.328779	0.557602	0.849572	0.623586	0.839277	0.945984	0.684183	0.912314	0.42308	0.977888	0.633941	0.745587	0.260382	0.0292396	0.11594	0.455796	0	0.154866	0.275207	0.396127	0.349043	0.722552	0.736171	0.687993	0.0473972	0.159295	0.908692	0.556593	0.0678991	0.0282226	0.419836	0.332333	0.120984	0.313615	0.6
ihec.chipseq.ihec-chipseq-containerv1.1.4.IHECRE00004615.1.8cd5cefc-1c86-42bb-a689-d60dd071a471.fc.signal	1.56307	2.1841	2.64356	1.5408	0.332166	0.625832	0.882104	2.55755	1.98479	1.83165	1.11412	3.03899	0.554577	0.253931	0.306925	0.369275	0.62313	1.13725	0.827441	1.02058	1.77336	3.48503	1.21936	1.43443	1.74928	0.200844	1.90714	2.0561	1.59242	1.51692	2.09993	1.08502	0.702875	1.01889	0.6875
ihec.chipseq.ihec-chipseq-containerv1.1.4.IHECRE00001379.1.e9be263a-2a4a-4fbf-9846-1e223e21eceb.fc.signal	0.348362	0.491998	1.26755	0.990149	1.09632	0.783945	0.36554	0.706114	1.02703	0.999037	1.19813	0.880512	0.146429	0.29467	0.721611	0.784727	1.28302	0.487674	0.597177	0.713918	0.765615	0.604837	0.565462	0.653744	0.397056	0.251421	0.354763	0.476307	0.33256	0.358039	0.50106	1.20727	0.546546	1.33404	0.49322
ihec.chipseq.ihec-chipseq-containerv1.1.4.IHECRE00001961.2.058af969-8786-43c5-84e7-d3c325107d07.fc.signal	0.0946589	0.487063	0	0	0.365214	0.600251	0.0933203	0.196421	0	0.235373	0.664598	0.171111	0	0	0	0	0.335553	0.269499	0	0.234045	1.17745	0.85943	1.22451	1.15683	0.406335	1.72988	0.290376	0.327054	0	0	0	0	0	0.390743	0.510539
ihec.chipseq.ihec-chipseq-containerv1.1.4.IHECRE00000354.2.04d13593-4781-49ff-ae28-c33a62b39a3c.fc.signal	2.87211	2.2618	0.953242	1.4528	1.25414	1.11616	0.477817	0.795181	0.796237	0.545382	0.803807	0.214504	0.520473	0.795404	0.50689	0	0.224116	1.44833	0.0657351	0.126342	0.503304	0.0500223	0.459355	1.08126	1.96233	0.607848	0.401838	0.173155	0	0.229357	0.574782	0.673503	0.345459	0.53896	0.564516
ihec.chipseq.ihec-chipseq-containerv1.1.4.IHECRE00001050.8.a9a09927-f961-43dc-bcc9-a3c995bbca26.fc.signal	1.94687	1.69951	1.35243	0.71769	1.94523	0.666231	1.27271	2.2367	0.823704	0.217891	1.11265	0.705325	2.7464	0.0299805	1.60683	0.615985	0.663661	0.147906	1.17469	1.03676	1.65308	1.26336	0.569955	0.516091	0	0.0097788	1.54738	0.54234	0.24756	0	0.862452	0.524882	0	0.725552	0.675418
ihec.chipseq.ihec-chipseq-containerv1.1.4.IHECRE00003683.3.9d98dd69-4d9c-4c81-bc8f-9c0f23e13a7b.fc.signal	0.0104607	0	0.271063	0.357489	0.0412487	0.576741	0.0936215	0.719364	0.343473	0	0.326005	0.569624	0.0432124	0	0.390882	0.852477	0.457664	0.473378	0.176778	0.163029	0.760156	1.04301	0.806953	0.378183	0.284814	0.343741	0	0	0	0	0	0	0	0	0.574324
ihec.chipseq.ihec-chipseq-containerv1.1.4.IHECRE00004614.1.0ac6fcf9-3ed9-4ad3-9178-9d485c424be8.fc.signal	0.588168	0.724135	0.450641	0.43558	0.130107	0.52232	0.400078	0.833118	1.33098	1.13889	0.378963	1.02198	0.769293	0.441192	0.736326	0.65935	0.550968	0.309167	0.648617	0.586404	0.879538	1.91191	0.537239	0.416839	0.266272	0.56507	0.581603	0.0694087	0	0.0747051	0.426111	0.294121	0.335625	0	0.6375
ihec.chipseq.ihec-chipseq-containerv1.1.4.IHECRE00001958.3.3cd86255-36f1-4b55-a6a7-d6b5647cff3a.fc.signal	0.267566	0.204556	0.112155	0.599034	0.816279	0.773408	0.902451	1.01426	0.803426	0.663158	0.452773	0.46358	0.729386	0.666812	0.484904	0.301721	0.201099	0.171954	0.698678	0.751015	0.449922	0.245725	0.0018112	0.00349907	0.436514	0.302599	0.20107	0.857182	0.638332	0.265609	0.75134	0.671104	0.225443	0.399314	0.475728
ihec.chipseq.ihec-chipseq-containerv1.1.4.IHECRE00000728.1.a576b355-9f1b-4be4-8c29-c0a8e58c48ba.fc.signal	1.83108	2.00737	1.47094	1.04893	1.29038	0.0235501	0.0560589	0.430124	1.93047	4.08407	1.82714	1.68706	1.23118	0.433245	0.768558	0.96302	1.99863	1.84965	1.02068	0.425665	1.76006	1.34486	1.46682	1.72139	0.331011	0.94826	1.36293	1.57695	2.62433	0.646856	0.974726	0.575938	0.373988	0.83255	0.598628
ihec.chipseq.ihec-chipseq-containerv1.1.4.IHECRE00002076.1.483aa0c8-5543-4e25-b16f-2f222c5a2d5b.fc.signal	1.92002	1.23848	1.48498	0.412544	1.15702	1.1447	0.529636	1.84302	0.142221	1.12532	1.45818	0.187202	0.166919	0.335228	0.339798	2.15028	1.58753	1.78061	0.382822	0.575022	0.0473381	0.10802	0.711732	0.176358	0	0	0.0759108	0.336957	0.495143	0.29856	0.162062	0.411561	0	0.18087	0.858365
ihec.chipseq.ihec-chipseq-containerv1.1.4.IHECRE00002058.1.0fc0f90b-b2ac-4c17-952e-d39560131bf4.fc.signal	0.507697	0.833049	1.0898	1.31314	0.877138	0.502642	0.602211	0.548949	1.21147	0.902767	1.47144	0.774314	0.722607	0.593575	0.817786	0.486371	0.289942	0.541374	1.34627	1.81823	1.98543	0.919837	0.303251	0.818813	0.817753	0.587693	0.580556	0.909158	0.568876	0.374792	0.409504	0.0806128	0.103876	0.658514	0.857944
ihec.chipseq.ihec-chipseq-containerv1.1.4.IHECRE00000743.1.09e06815-2793-4e11-8820-4681b880b4c1.fc.signal	1.07932	0.908224	1.32868	1.534	1.7852	1.90854	1.30721	1.08124	1.35156	1.08291	1.11146	2.34071	0.945504	0.0469998	0.980421	0.883063	2.15077	0.812107	0.341287	1.42228	1.74379	1.8551	1.5664	1.0044	0.753277	1.35799	1.45228	0.705582	0.964975	1.60972	0.854261	1.22685	0.799587	0.7318	0.543517
ihec.chipseq.ihec-chipseq-containerv1.1.4.IHECRE00000738.3.67a5e32d-33dd-4f32-920b-c5d14568aeea.fc.signal	0.994405	0.598609	0.863386	0.915586	0.011232	0.308099	0.784575	0.0183984	0.583861	0.651086	1.98397	1.14911	1.25024	0.0693392	0	0	0	1.19887	0	0.17521	2.42756	2.9833	2.14252	1.95258	1.42221	0.362379	0	0	1.38882	2.01574	0.0937466	0.984958	0.118684	0	0.595442
ihec.chipseq.ihec-chipseq-containerv1.1.4.IHECRE00004905.1.68af8a6c-0e3d-475b-8b36-e8635e2eb67e.fc.signal	2.11455	2.17105	0.179216	0	0.132263	0.700716	0.673611	0.250659	0	0.861169	2.17987	0.656713	0.615799	0.460008	0.644024	0.229706	0.569418	0.446566	0.350503	0.532371	0.563907	0.428445	0.603025	0.507743	0.557167	0	0	0	0	0	0	0.015717	0.864197	1.83899	0.617284
ihec.chipseq.ihec-chipseq-containerv1.1.4.IHECRE00001854.4.9795bbe6-24d0-4d23-b44e-724aab1b2c12.fc.signal	1.27091	2.03542	2.28488	2.43985	2.92223	2.38184	1.81875	1.92437	1.65405	0.971752	1.34767	1.74371	1.34469	0.46762	0.352869	0.521659	0.5458	0.388397	0.259702	0.891648	1.19033	0.675779	0.290431	0.505422	0.742547	0.60299	0.784793	0.401553	0.188127	0.308524	0.300112	0.222034	0.0584977	0.163231	0.606522
ihec.chipseq.ihec-chipseq-containerv1.1.4.IHECRE00001918.1.c154a44f-91a2-4062-881d-72e98844dc88.fc.signal	0.468229	0.110481	0	0.15806	1.69089	0.105678	0.16491	0.205371	0.612913	1.15816	0.75788	1.22764	0	0.026305	1.16253	1.1257	1.09377	0	0	1.30459	1.01002	0.19925	0.863908	0.928526	0.152569	0	0.915366	1.36575	1.18884	0	0	0.363009	0.215701	0.465542	0.435065
ihec.chipseq.ihec-chipseq-containerv1.1.4.IHECRE00000808.1.8af206b7-e06b-4314-a764-ad70944f0481.fc.signal	5.9421	2.48458	1.33664	0.805721	0.56637	1.55358	1.51261	1.56318	0.762362	1.47988	0.853853	1.0642	0.372584	0	0.0451052	0.53175	1.60562	0.893048	0.879734	2.08903	1.84087	2.82005	1.30321	0.80186	0.937076	0.161353	0.18525	1.19104	2.16426	1.19199	0.995058	1.20094	0.205688	0.959865	0.681818
ihec.chipseq.ihec-chipseq-containerv1.1.4.IHECRE00000709.3.6a6e5234-23fa-41fc-9f41-6ee555b180c8.fc.signal	0	0	1.66439	2.79183	2.30876	0.359477	1.24875	1.3652	1.70811	1.27281	1.09036	1.13033	2.35834	0.017632	0	2.08692	0.63418	0	0.227776	1.78737	0.129789	0.821045	0.666444	1.35654	0.367694	1.46213	2.49962	0.427313	2.05076	0.325635	0.671729	0.209339	0	0	0.625259
ihec.chipseq.ihec-chipseq-containerv1.1.4.IHECRE00001027.7.cd19865b-26c6-4f71-a2cb-2c7271712e2b.fc.signal	0.48257	0	0.347694	1.03459	1.41436	0.706374	0.150784	0	0	0	0	0.239046	0.469136	0.41195	0.64735	1.12125	0	1.78274	1.27711	0.639823	0.960153	0.489413	2.54198	1.83146	0.088275	1.46964	1.38684	0.50148	0.11396	0.389815	0.211767	1.71443	0.5509	0.288809	0.770221
ihec.chipseq.ihec-chipseq-containerv1.1.4.IHECRE00000242.3.60fb688a-cd94-4204-878d-aedbff00484b.fc.signal	0	0	0	0	0	0	0	0	0	0	0	0.108118	0.49151	0.25563	0.319222	0.481094	0.0360375	0	0	0	0	0	0	0	0	0	0.214611	0.732306	0.69644	0.185107	0	0.188378	0.46278	0.693028	0.594512
ihec.chipseq.ihec-chipseq-containerv1.1.4.IHECRE00003838.5.15c4be13-1cb6-4f0a-9012-ac7bfa4a2475.fc.signal	1.2069	0.610884	0.129329	0	0.0966593	0.880068	0.225557	1.11201	0.511387	1.28251	0.437349	0.849856	0.968802	0.194774	0.50416	1.14938	0.475576	0	0	0.355104	0.191084	0.313756	0.15228	0	0	0.725177	0.654802	0.119337	0	1.17021	1.10288	0.522783	0.292446	0.243298	0.656827
ihec.chipseq.ihec-chipseq-containerv1.1.4.IHECRE00003685.2.cb8ce07d-5bf2-4abf-a883-851526414fcb.fc.signal	0.0684108	0.351448	0.0578517	0.19021	0.229628	0.371624	0.104884	0.0352961	0.822808	0.0816213	0.0894537	0.412743	0	0	0	0	0	0.0439413	0.218137	0.2354	0.004708	0.175746	0.118906	0	0	0.0329437	0.261474	0	0	0	0.136535	0.665512	0.202446	0	0.550725
ihec.chipseq.ihec-chipseq-containerv1.1.4.IHECRE00004604.3.044a44f4-7a76-4042-adca-64782b5c2f81.fc.signal	0.455258	0	0	0.522969	1.98728	0	0	0	0	0	0	0	0.987363	3.76112	2.70594	0.0711291	0.0597211	0.590677	0.535561	0	0	0	0	0	0	1.40567	0.694518	2.53021	0.235847	0	0	0	0.518752	1.29122	0.779412
ihec.chipseq.ihec-chipseq-containerv1.1.4.IHECRE00004728.1.8beb4625-34f3-4c76-87f5-2108669b4ebf.fc.signal	0.712575	1.16561	0.301364	0.986762	1.93318	1.5448	0.872956	1.25737	1.1235	0.642149	1.32664	2.30344	1.10716	0.32554	0.1173	1.44034	1.07425	1.41422	1.74746	1.55663	0.705666	1.02652	1.05847	1.13491	1.20572	1.15152	0.141082	0.996228	0.293309	0	2.64249	1.13562	0.480377	0.693385	0.598425
ihec.chipseq.ihec-chipseq-containerv1.1.4.IHECRE00002005.1.1ff1e0cf-fe7a-4485-b51f-e180baac3300.fc.signal	0.375877	0.945014	0.758453	0.111404	0.613316	1.08476	1.73817	0.780074	1.00156	0.337587	0.181886	0	1.03734	0.173001	0	0.575935	0.719241	1.87814	1.88392	0.233298	0.0911825	1.0769	0.759672	0.409	0.51871	0.61058	0.541334	0.575312	1.14288	1.07565	1.06464	0.0708933	0.230824	1.00948	0.869144
ihec.chipseq.ihec-chipseq-containerv1.1.4.IHECRE00003832.2.1f43525d-0a83-4caf-ad11-becd1d0bf5b9.fc.signal	4.15892	3.38038	2.21058	1.09014	1.57121	2.59581	2.44049	1.61562	1.88044	2.66951	1.78029	1.30003	0.681737	0.461849	2.03916	1.52648	1.10127	1.21824	1.00241	0.64943	1.87498	1.90907	0.842016	0.454984	0.61207	0.211226	0.353329	0.142073	0.0589747	0.149682	1.07051	0.369106	0.812862	0.343934	0.471111
ihec.chipseq.ihec-chipseq-containerv1.1.4.IHECRE00000195.3.d7bae694-a963-49c0-91a4-12894b97ce77.fc.signal	0.323319	0.325123	0	0.380172	0.44546	1.06516	0.535953	0	0.424517	0.72989	0.483656	0.969458	0.26369	0	0.147818	0.621786	1.02369	2.54258	1.48559	0.13425	0.527831	0.746109	0.992933	0.273297	0	0	0	0	0.126966	0.505525	0.509578	1.0865	0.0851944	0	0.613757
ihec.chipseq.ihec-chipseq-containerv1.1.4.IHECRE00000734.3.6ccbc7fb-c4ab-455f-9ca2-ab402f33bf16.fc.signal	3.03666	2.91364	1.35816	2.01364	2.82892	3.81239	1.77999	2.2682	2.53726	2.24738	4.60912	1.70154	0.573058	0	0.41403	2.06105	1.92216	1.33761	0.755786	1.82612	1.16811	0.597454	1.14691	2.23562	1.11974	0.438063	0.858652	0.927422	1.02614	1.02118	0.975064	0.188931	0.110836	0.91729	0.641813
ihec.chipseq.ihec-chipseq-containerv1.1.4.IHECRE00004609.2.ff95f1fe-813e-4cf7-a1c8-3ae5ac2c2c17.fc.signal	0	0	0.263006	0.842374	0.38645	1.14292	1.60743	1.61114	0.634183	1.29387	0.117291	1.03612	2.55209	0.465618	0.881468	0.749955	2.08825	0.848738	0.588209	1.20143	0.80251	0.38239	1.05472	0.881935	1.31341	1.08457	1.10168	0.740047	0.469146	0.259452	1.47158	0.771293	0.474639	0.584189	0.631915
ihec.chipseq.ihec-chipseq-containerv1.1.4.IHECRE00001962.2.719bf6dc-a72b-46ff-9660-2f00ca7238e3.fc.signal	0.364093	0.74436	0.552506	0.26841	0.354186	0.673591	0.675832	0.681813	0.837433	1.11872	0.90253	0.627907	0.83612	1.46238	1.31166	1.34582	0.486916	0.501507	0.76008	0.286158	1.27915	0.990945	0.346367	0.828981	1.34271	0.748688	0.145378	0.777807	0.777846	1.00417	0.0321531	0.0479445	0.362917	0.376837	0.321888
ihec.chipseq.ihec-chipseq-containerv1.1.4.IHECRE00003837.4.b0a69b43-094d-48ec-bc60-f9af8670e969.fc.signal	0	0	0.276075	2.02742	0.974886	4.08072	3.04834	1.2966	0.701884	3.05868	1.31998	3.54582	1.05253	0	0	0	1.8748	0.586056	0.465874	2.12232	0	0	1.14743	1.44076	0.866381	1.65517	1.3636	0.725348	0.793563	3.5427	2.17271	0	1.02665	1.97373	0.667835
ihec.chipseq.ihec-chipseq-containerv1.1.4.IHECRE00000184.3.e49570a0-926e-4a06-8cdb-e56c6d55c91c.fc.signal	0	0	0	0	0	0	0.466443	0.377115	0	0	0.533078	0.661263	0	0	1.43012	0.449584	0	0	0	0	1.22095	1.39426	0.27537	0	0	0	0	0	0	0	0	0	0	0	0.610487
ihec.chipseq.ihec-chipseq-containerv1.1.4.IHECRE00000270.2.43754eb9-4d4f-4ac8-9c98-cfd7436168c7.fc.signal	0	0	0	0	0	0	0	4.18892	4.63262	4.26679	0	0	0	0	0	0	1.9548	1.8551	1.91422	0	0	0	0.735962	2.55753	0.683446	1.65906	0	0	0	0	0	0	0	3.88737	0.416667
ihec.chipseq.ihec-chipseq-containerv1.1.4.IHECRE00000298.2.c414a3cf-11e8-4e6f-b63b-f32f09459092.fc.signal	0.463766	0.144328	0.462769	2.43695	1.91638	0.760603	0.458464	1.29812	0.621572	0.871795	0.721628	0.241328	0.436689	0	0.768951	0.590423	0.965874	0.450258	0.193538	0.992417	2.52747	3.51539	0.554619	0	0.0628169	1.38328	0.123448	0.470025	0.157591	0	0.205769	0.443341	0	1.42148	0.534676
ihec.chipseq.ihec-chipseq-containerv1.1.4.IHECRE00003805.1.f408b983-67f5-4319-bdfc-18075038ed07.fc.signal	1.73255	0.895821	0	0	0.0995263	1.27279	1.40285	1.11928	1.90492	1.56369	0.85324	0.0616235	0.782965	1.41286	0.633427	0.556325	0	0	0.289154	0.587786	0	0	0.331814	1.55716	0.741845	0.465892	1.9937	1.26667	1.01941	0.967318	0.142038	0.949824	1.59398	1.30854	0.538168
ihec.chipseq.ihec-chipseq-containerv1.1.4.IHECRE00003819.1.15862055-4b77-42a2-9c80-a7361014730f.fc.signal	0	0	0	0.172114	0.747195	0.400469	0.151483	0.0037912	0.286123	0.604813	0.621106	0.352095	0.661741	0.138811	0.0458794	0.337986	0.363025	0.731213	0.532295	0.687033	0.566112	0.498232	0.4457	0.272944	0.170324	0.0346765	0.0891483	0.341782	0.4088	0.308482	0.160491	0	0.0193535	0.0953945	0.624113
ihec.chipseq.ihec-chipseq-containerv1.1.4.IHECRE00003715.2.e8a2a442-a331-474b-9c0f-ad5c0953942a.fc.signal	0.380504	0.395049	0.955801	1.21862	1.21848	0.935689	1.10495	1.77615	2.58676	1.28355	0.355206	0.655093	0.925414	0.411963	0.363991	0.956224	0.842237	0.914937	0.904593	0.657009	1.01371	0.340039	0.363889	0.122366	0.528845	1.01183	1.58008	1.20062	0.402385	0.701561	1.00462	0.13304	0.148575	0.945833	0.488055
ihec.chipseq.ihec-chipseq-containerv1.1.4.IHECRE00003826.4.93a8f270-5d77-4704-ada1-4b6b1a7c8853.fc.signal	0	0	0	0	0	0	0	0	0	0	0	0	0	0.557994	0.632383	0	0	0	0	0	0	0	0	0	0	0	0	0.0075144	1.09439	0.0542681	0.932744	0.165628	0	0	0.697701
ihec.chipseq.ihec-chipseq-containerv1.1.4.IHECRE00000279.2.cf6e92c8-e3ec-4439-b44a-88a19fe6bafe.fc.signal	2.82192	0.341028	1.39724	0.340118	0.693914	1.0104	0.351281	0.851405	0.677135	1.88509	4.77306	1.30764	2.66509	0.513488	0.920844	1.38928	1.60601	1.81325	1.47004	5.77887	1.71043	4.59155	3.46435	1.1071	1.82095	0.837148	0.827688	1.57404	0.81018	0.571173	2.38759	2.76302	0.593325	2.89358	0.616794
ihec.chipseq.ihec-chipseq-containerv1.1.4.IHECRE00003730.1.3f439d72-e3f6-44c0-a502-169344c6ad35.fc.signal	0.100764	2.04396	2.72556	0.960396	0	0.363062	0.4411	0.764674	0.643512	0.204899	0	0.100537	0.411025	0.0596667	0.302279	0.528787	0	0	1.3752	1.77636	0.697076	0.906084	0.322801	0	0	0	0.105637	0.605752	0.639201	0.830613	0.284087	0.871717	0.869114	0.427586	0.621429
ihec.chipseq.ihec-chipseq-containerv1.1.4.IHECRE00000244.3.992f6d96-d5b2-437a-bccb-03e66d23c6c3.fc.signal	0	0	0	0	0	0	0	0	0	0	0	0	0	0	0	0	0	0	0	0	0	0	0	0	0	0	0.16096	0.792244	0.594867	0.0195935	0	0.0429465	0.223322	0.222654	0.655367
ihec.chipseq.ihec-chipseq-containerv1.1.4.IHECRE00003694.3.61c30d06-38bd-4873-b3e9-1676bf3449d1.fc.signal	0.254884	0.142996	0.109587	0.29634	0.757741	0.620956	0.214494	0.194874	0.276027	0.0807923	0.118711	0.282231	0.0401387	0.274704	0.484213	0.405169	0	0	0	0	0.104111	0.653603	0.04512	0.0696553	0.0987977	0.343694	0.258397	0	0	0.289757	0.111637	0	0	0	0.428571
ihec.chipseq.ihec-chipseq-containerv1.1.4.IHECRE00001915.1.f5573e79-d80d-470a-8d12-22719ef4a51e.fc.signal	2.15289	1.24416	0.829441	1.31795	1.31124	0	0	0	0	0.676968	1.21366	0	0	0	1.3291	0.512301	0.975813	2.20778	0.865323	2.77363	0.466176	0.829437	1.62838	2.95793	0.140273	0	0	1.13661	0.584947	0	2.0675	3.36655	0.266277	1.43226	0.616988
ihec.chipseq.ihec-chipseq-containerv1.1.4.IHECRE00001966.2.f603ad07-1fa1-4eda-9e31-ea07130b3846.fc.signal	0	0.113293	0.33542	0.266115	0.186036	0.617398	0	0	0.04831	0.697564	1.06489	0.511021	0.109351	0	0.0911349	0.750338	0.15129	0.111545	0.751498	0.608702	1.05344	0.581031	0.421624	0.359092	0	0.207083	0.586176	0.330178	0.989466	0.209691	0	0	0.13846	0.427454	0.608989
ihec.chipseq.ihec-chipseq-containerv1.1.4.IHECRE00003843.4.c2c52d4b-c9da-43f3-925f-8359bbb97ee0.fc.signal	0	0	0	0	0	1.31179	7.65682	0	0	0	0	0	0	0	0	0	0	0	0	0.11964	7.14669	0.896946	0	0	0	0	0	0	6.22706	2.27314	0	0	0	0	0.59799
ihec.chipseq.ihec-chipseq-containerv1.1.4.IHECRE00000283.2.5515732a-4b77-42d9-acaa-236437d4c528.fc.signal	5.09186	3.76412	0.972005	0.279575	0.343325	0.944826	1.39706	1.75353	2.32688	1.93335	1.24903	0.446337	0.869738	0.425963	0	0.0342048	0.420161	0.215242	0.126512	0.600991	0.613629	1.50929	1.27373	0.308947	0.470426	0.12947	0	0	0	0	0.440287	0.34474	0	0.277505	0.555556
ihec.chipseq.ihec-chipseq-containerv1.1.4.IHECRE00003398.1.f0bdf12d-8bcf-4989-949c-4d32dbd60ffe.fc.signal	0.249052	1.09088	0.398023	1.01717	0.501214	0.751822	0.782578	0.265015	0.257816	0.490103	0.501548	0.211525	0	0	0	0	0.420136	0.8329	0.884496	1.42261	0.199012	1.90224	1.85015	0.523327	2.37355	0.862419	0.822854	0.427506	0.550469	0.882378	1.66883	0.609479	0.319029	2.10428	0.546798
ihec.chipseq.ihec-chipseq-containerv1.1.4.IHECRE00000330.2.a75633c9-8b06-42b2-a9c8-fdd55ba8ffe7.fc.signal	0.998085	1.17333	0.634048	0.49693	0.228095	0.869876	0.521825	0.128379	0.708508	0.809938	0.916299	1.12802	1.42399	1.21754	1.86458	0.737662	0.0991726	0.235638	0.214051	0.446655	0.596801	0.0268369	0.121693	0.171186	0.47383	0.412663	0.263902	0.0647542	0.317536	0.218556	0.342898	1.00646	0.33562	0.551441	0.62987
ihec.chipseq.ihec-chipseq-containerv1.1.4.IHECRE00000013.3.21204e63-5580-42b6-aaaf-3888daa8192c.fc.signal	0	1.22657	2.17303	0.00662287	0.125834	1.60192	1.97069	1.45554	0.238387	1.26608	0.350357	0	0	0.357669	1.02056	0	0.234124	1.1959	3.08934	2.64118	0.997776	0.612482	1.12326	1.02053	0	0	0.880507	0.431491	0	0.738966	0.50997	0	0	0	0.62234
ihec.chipseq.ihec-chipseq-containerv1.1.4.IHECRE00000147.3.e9b176a3-5494-49ee-8d08-7a11a1b815ff.fc.signal	0	0	0.231988	4.53081	0.939026	0	1.84524	2.82401	1.00555	1.09863	1.89994	2.09286	0.0125237	0	0	0	1.0057	1.14116	0	2.68002	1.16269	0	0	0	0	0	0	0	0	0	0	0	0	0	0.602848
ihec.chipseq.ihec-chipseq-containerv1.1.4.IHECRE00003404.1.0fdae11f-7f58-4d45-8594-d429c2e066c7.fc.signal	0.0393337	0.608222	0.959527	0.583673	0.840232	0.206516	0.411006	0.0882493	0.406603	0.908869	0.263966	0.141102	0.553155	0.0568387	0	0.377191	0.544151	0.527626	0.871523	0.342235	0.643497	1.21696	0.755779	1.44258	0.843851	0.435369	0.122039	0	0.378085	0.194354	0.516966	0.0716145	0.514598	0.682594	0.699115
ihec.chipseq.ihec-chipseq-containerv1.1.4.IHECRE00003401.1.04bbdaed-a320-4540-aa2d-1d676d505c81.fc.signal	0	0	1.67456	1.76023	0.747144	0.304132	0.346519	0.162586	0.512195	1.3299	1.78877	1.10504	0	0	0	0.525035	0.338352	0.233853	0.741047	0.0148722	0.808942	0.577491	0.697681	0.749739	0.527403	0.140991	0	0	0.854794	0.913381	0.309838	0.55253	0	0.234814	0.939394
ihec.chipseq.ihec-chipseq-containerv1.1.4.IHECRE00004607.2.654f15ab-b67f-4220-9161-30be6d438771.fc.signal	0	0.301255	0.388335	0.630414	0.0098892	0	0.153352	0.993084	0.384428	1.72498	0.487027	0.81352	0.703367	0.477421	1.50062	0.672099	0.0955878	1.02975	0.341439	0.92176	1.78175	0.0751333	0.622823	0.784184	0.939817	0.576016	0	0.207698	0.582328	0.364036	0.311296	0.570608	0.472369	0.494438	0.660436
ihec.chipseq.ihec-chipseq-containerv1.1.4.IHECRE00001964.2.194197dc-d3ad-4faf-839a-1e28c390e1c7.fc.signal	0.0077184	0.457287	0.298156	0	0.428973	0.638868	1.03302	0.749621	0.396807	0.363145	0.203248	0.355513	0.5079	0.592946	0.287737	0.686501	0.499849	0.052124	0.247473	0.421378	0	0	0.77813	1.06902	0.380506	0.791539	0.366272	0.636421	0.232686	0.319057	1.59469	1.26924	0.75502	0.521323	0.450677
ihec.chipseq.ihec-chipseq-containerv1.1.4.IHECRE00004618.1.40df65f6-ad48-44fa-bfba-39b465419c5e.fc.signal	0.117403	0.638367	1.97613	1.33773	2.32362	0.939989	0.665506	1.04292	0.790033	1.50414	1.46607	1.78668	0.72646	0.342435	1.21944	1.09468	1.34971	0.907361	0.99017	1.6187	0.804887	1.79556	0.547844	1.69488	1.60443	0.654704	1.78252	0.974431	0.389833	0.557645	1.86611	1.87344	0.892715	1.11138	0.62701
ihec.chipseq.ihec-chipseq-containerv1.1.4.IHECRE00000238.3.b63d6dc1-6fc0-4b8d-9bff-172e3f638785.fc.signal	0.0718056	1.0478	1.20469	0.228714	0.00265947	1.1967	1.33233	0.0212757	0	0.242011	0.79784	0.664867	0.446255	0.228035	0.383077	0.123962	0	0.656888	0.619656	0	0	0	0	0	0.0957408	0.763267	0.417536	0.183503	0.765926	0.327114	0	0	0	0	0.794595
ihec.chipseq.ihec-chipseq-containerv1.1.4.IHECRE00000243.3.6e43a1d4-827b-4226-ab35-bcd9e4427ba9.fc.signal	0	0	0.419251	1.15928	1.01577	0.275751	0	0	0	0	0	0.170066	0.300791	0.0705742	0	0	0	0	0	0	0	0	0	0	0	0.436135	1.73929	1.68461	0.191799	0	0	0.503113	1.29387	0.29546	0.979094
ihec.chipseq.ihec-chipseq-containerv1.1.4.IHECRE00000290.2.9036d968-bf50-4310-9e21-078c3dff6fda.fc.signal	0.449084	0.170711	0.703133	2.62181	0.52074	0.550952	0	0.73537	0.094906	0.249312	0.340523	0.195095	0.6143	0.768398	1.71295	1.77928	0.747857	0.735731	0.594579	2.43021	0.704526	0.0316129	0.8732	0.989063	0.909548	0.160574	0.772087	0.0126541	0.923983	0	0	0	0.135497	2.0603	0.508772
ihec.chipseq.ihec-chipseq-containerv1.1.4.IHECRE00001973.1.61dbfaab-48a0-49aa-b249-2516c02981de.fc.signal	0.0219764	0	1.09394	1.80531	1.83739	1.37875	0.583768	0.561874	1.26428	1.70633	2.4773	1.45038	1.06223	0.393301	0.40593	0.69996	0.42735	0.935099	0.25823	0.335698	0.530577	0.603702	1.31957	0.623818	0.347673	0.76412	1.58501	1.91791	1.56753	1.00552	0.194701	0	0.910322	1.23921	0.893035
ihec.chipseq.ihec-chipseq-containerv1.1.4.IHECRE00000775.1.672aeb75-b003-40bb-88b0-79458561e736.fc.signal	0.0126636	0	0.74236	0.53966	1.89786	1.90761	1.03803	0.858302	0.839033	0.557025	0.0458135	0.786714	0.361923	0.0757339	1.52841	1.38675	0.657439	0.517471	0.361417	0.707004	1.03361	0.689614	1.53159	0.899078	0.0800526	0.570503	0.85126	1.27974	0.916403	0.034634	0.154341	0.499062	0.0343196	0	0.75
ihec.chipseq.ihec-chipseq-containerv1.1.4.IHECRE00001959.2.a16168d3-492b-4fa9-9ed9-f6132409aea8.fc.signal	1.61004	0.765189	0.0261876	0.625896	0.0777329	1.26255	0.349647	0.208091	0.282598	0.444586	0.762245	1.18092	1.21129	0.051624	0.148444	0.497364	0	0	0.540635	0.575516	0.517577	0.148283	0.23744	0	0	0.191201	0.47643	0	0	0.921246	0.448665	0	0	0.379431	0.52439
ihec.chipseq.ihec-chipseq-containerv1.1.4.IHECRE00000240.3.8f250bd6-ace7-4938-8056-c658c54331a9.fc.signal	0	0	0	1.01306	1.92854	0.222123	0	0	0	0	0	0.554585	1.10664	0.699744	0.173261	0	0	1.19481	1.94873	0.562043	0.521657	0.50483	0.0134621	0	0	0.319498	1.19964	1.00006	0.899788	0.42884	0	0.39713	1.00965	0.188856	0.901135
ihec.chipseq.ihec-chipseq-containerv1.1.4.IHECRE00002067.1.986e393c-de82-4afc-818b-4cc2a632dc28.fc.signal	0.899635	1.94474	0.685473	1.30937	1.50834	1.07462	0.982105	1.54655	0.777235	0.718628	0.6423	0.255812	0.573197	0.470121	0.815756	0.466763	0.0821059	0.818013	0.921212	0.366764	0	0	0.243353	0.22269	0	0.520388	1.63263	2.37904	0.949116	0.1087	0.789296	0.776974	0	0.15437	0.916314
ihec.chipseq.ihec-chipseq-containerv1.1.4.IHECRE00001460.1.cebcbc5c-1675-466e-a9ba-73e404631121.fc.signal	0.140694	0.0613813	0.858864	0.132483	0	0	0.628672	0.127179	0	0	0	0.642509	0.279343	0	0	0	0.18971	1.94332	0.862019	0	0	0.530802	0.65231	0.0914081	0.757789	0.694181	1.37756	0.153485	0	0	0	0	0	0	0.618357
ihec.chipseq.ihec-chipseq-containerv1.1.4.IHECRE00000246.3.09da5152-42b4-4f12-8b13-d2635a0af815.fc.signal	0	0	0	0.155001	0.94899	0.382759	0	0	0	0	0	0	0	0.0657373	0.160167	0.0382325	0	0	0	0	0	0	0	0	0	0	0	1.63934	3.94519	1.01028	0.0467733	1.68377	2.81561	0.923677	0.590604
ihec.chipseq.ihec-chipseq-containerv1.1.4.IHECRE00003677.3.486b8afb-6747-4d4a-93ee-788cf88097fc.fc.signal	0.546682	0.428118	0.715433	0.773518	0.520097	0.212563	0.398354	1.34473	1.4099	0.145889	0.182972	0.388931	0	0.0463506	1.09961	1.28498	0.332889	0.421342	0.997404	0.902486	0.312302	0.325283	0.360298	1.04055	1.02442	1.64323	1.70821	0.755136	0.5615	0.176871	0.398162	0.846837	0.103225	0.591019	0.743764
ihec.chipseq.ihec-chipseq-containerv1.1.4.IHECRE00000992.7.d770a09a-2cad-4524-8aaf-69b927e47c59.fc.signal	0.0193205	0.505139	1.0717	1.33982	2.03833	0.973216	0.388515	0.53253	0.630256	1.48177	0.988779	0.823398	0.437743	0.0463981	0.475953	0.283568	0.247636	0.541038	1.25333	0.510198	0.680704	0.336549	0.376493	0.667825	0.312762	0.866405	1.59824	0.667814	0.149674	0	0	0.329093	0.0533315	0.480111	0.703416
ihec.chipseq.ihec-chipseq-containerv1.1.4.IHECRE00001900.1.eba0146b-fc0a-4798-98b6-8f831ec2d14a.fc.signal	0.400533	0.764953	1.02954	0.860107	0.835897	0.581461	0.406581	0.422655	0.368189	0.675081	0.576739	0.827674	0.863785	1.12832	1.08306	0.329004	0.729743	1.5531	0.532441	0.310928	0.293481	0.662839	0.597487	0.499324	0.447747	0.341782	0.311034	0.198492	0.12709	0.258683	0.241816	0.232626	0.0121753	0.399466	0.421875
ihec.chipseq.ihec-chipseq-containerv1.1.4.IHECRE00000666.1.82a0e928-74cd-4da1-b128-7df88bbdd398.fc.signal	1.69916	1.19441	0.867018	0.854982	1.05482	0	0	0.350863	0.6538	0.994893	0.766136	0.101211	0.838411	0.0104611	0.194587	0.481236	1.60167	0.8929	0.770077	1.32879	0.893659	1.56901	1.13134	1.26025	0.768245	1.89812	1.57428	0.45822	0.809956	1.17586	1.279	1.30117	0.496269	0.0990982	0.64042
ihec.chipseq.ihec-chipseq-containerv1.1.4.IHECRE00000001.4.8e4a8d6c-26e0-4b8d-aa08-7875973212d4.fc.signal	0	0	0	0.0508835	1.30843	1.58466	0.327108	0	0.167189	2.18073	1.26482	2.90031	3.0166	0.501567	2.18073	0.872292	0	0	0	0	0	0	0	0	0	0	0	1.56592	2.83487	1.43075	1.09011	1.55709	0.559719	0	0.416667
ihec.chipseq.ihec-chipseq-containerv1.1.4.IHECRE00000867.3.bf8314bb-e0a5-4e88-aa06-5fe1c397e2c6.fc.signal	3.24765	1.31282	1.90905	1.2383	1.15805	2.68368	1.26527	0.024043	1.48416	2.67887	0.907376	0.580034	0	0.070598	1.21584	1.34622	1.91787	0.557433	0.307314	0.858366	0.510635	0.586242	0.519272	1.01567	0.676441	1.11978	3.09842	0.820729	0.280556	3.49021	1.13062	1.0099	0.0421425	0.814452	0.648855
ihec.chipseq.ihec-chipseq-containerv1.1.4.IHECRE00001955.3.e3f14527-a39d-40b4-9738-20c86afa593c.fc.signal	0.516375	0.239035	0.406045	0.511863	0.61075	0.402435	0.109203	0.218495	0.258904	0.496506	0.355236	0.341665	0.421497	0.24683	0.275591	0.602224	0.677977	0.352839	0.11245	0.681526	0.36504	0.413303	0.436357	0.905344	0.453583	0.36146	0.892599	0.425134	0.36542	0.994593	0.805732	0.426838	0.01502	0.217197	0.529851
ihec.chipseq.ihec-chipseq-containerv1.1.4.IHECRE00001486.1.72f7bf42-6ca2-40ec-bfe2-6cb0dd420290.fc.signal	0.25002	0.482058	0.614878	1.18137	0	1.08623	0.0423701	0.297838	1.10184	0.538497	3.19136	1.37493	0.605207	0	0.66052	0.826631	0	1.03042	1.1247	0	0.557541	0.825131	4.01008	1.81427	0.244817	0.55853	0.919267	0.0559485	0	0	0	1.30087	0.681803	0.336131	0.445312
ihec.chipseq.ihec-chipseq-containerv1.1.4.IHECRE00000070.3.1d2d8a11-2856-4a11-b3ab-c0927aa2c890.fc.signal	1.41693	1.69801	0.596222	0.964799	0.752151	1.64041	0.778747	0.95235	0.775474	0.346839	0.831098	0.68713	0.71658	1.4626	0.98161	0.562792	1.83561	1.04113	0.19406	0.0621688	1.14194	1.39389	1.02415	0.42976	0.960769	0.732938	0.893267	0.981612	0.41882	0.307574	1.14038	1.06458	1.09286	0	0.366071
ihec.chipseq.ihec-chipseq-containerv1.1.4.IHECRE00000324.2.d6c64f59-e7f2-4192-911d-75da3eaf04e0.fc.signal	3.56321	3.17015	1.75092	2.99336	1.80114	1.27877	0.470817	0.653061	1.08852	0.709644	0.934028	1.93175	1.4404	0.663499	0.796711	2.20313	2.66459	1.02445	0.712086	2.14685	2.23672	0.845543	1.70892	2.62252	2.39484	2.74051	1.77203	2.72336	0.664994	0.500951	1.58462	0.772673	0.677966	1.71662	0.626106
ihec.chipseq.ihec-chipseq-containerv1.1.4.IHECRE00000774.3.0226d0bd-e448-4e8e-922e-bd3e7a7abd00.fc.signal	0	0	0.0043024	0.117957	0.0333436	0	0.276983	0.438345	0.02109	0.291038	0.142871	0.175801	0.283223	0	0.149739	0.675553	0.0358533	0.137893	0.379621	0	0	0.722309	0.595773	0.455914	0	0.148872	0.257796	0.554675	0.162184	0.0315509	0.141303	0.217227	0	0.191176	0.4
ihec.chipseq.ihec-chipseq-containerv1.1.4.IHECRE00000241.3.08293706-8e8b-4758-95ec-77deb87e4257.fc.signal	0	0	0	0	0	0	0	0	0	0	0	0	0.0629645	0.275917	0.497798	0.424769	0.599642	0.0904617	0	0	0	0	0	0	0	0	0	0.0248586	0.9733	0.741928	0.019122	0.271945	1.46687	1.39089	0.512821
ihec.chipseq.ihec-chipseq-containerv1.1.4.IHECRE00001963.2.fedd976d-b28a-4be3-ac2b-5bf744440420.fc.signal	0.492946	0.683917	0.405922	0.489615	0.580803	0.211244	0.225692	0.57534	0.306679	0.273239	0.544086	0.625543	0.470697	0.0648107	0.417032	0.422573	0.278697	0.0343991	0	0	0.411874	0.336326	0.380399	0.744418	0.532287	0.492972	0.948538	0.601262	0.319863	0.273855	0.163	0.543571	0.272314	0.560363	0.558333
ihec.chipseq.ihec-chipseq-containerv1.1.4.IHECRE00000236.3.2c1c8672-6452-4ab8-881a-a766bd324041.fc.signal	0	0	0.186419	1.10097	1.69807	0.925345	0.141813	0	0	0	0	0.181131	0.86846	0.841964	0.594559	0.458809	0.0634884	0	0	0	0	0	0	0	0	0	0.570075	1.73942	1.70751	0.67072	0.26409	0.776892	0.807701	0.448097	0.677582
ihec.chipseq.ihec-chipseq-containerv1.1.4.IHECRE00000882.3.99d1607d-4a89-46a3-95ed-97767dd51f51.fc.signal	1.33434	0.992628	2.44712	0.902517	1.16172	1.0086	0	2.58462	0.52288	0	0	0	0	0.14813	0.849577	0.631172	1.01355	0.110542	0.871181	0.75665	0.481396	1.11339	1.23637	0.881144	0.371668	1.65126	0.903154	0.0593147	0	0	0.289874	1.5676	1.24581	0.871221	0.641566
ihec.chipseq.ihec-chipseq-containerv1.1.4.IHECRE00002065.1.b81732b7-0852-42a0-916a-8784920a02a3.fc.signal	0.448256	0.455516	0.144172	0	0	0	0.302295	0.859058	0	1.07708	0.395828	0.737212	0.990037	1.37434	0.578491	0.588101	0.723722	0.232116	0.280913	0.947316	0.0646442	0.527308	0.0684504	0	1.29656	2.28162	1.5597	0.320429	0	0.506519	0.788979	0.927909	1.02437	0.538912	0.809826
ihec.chipseq.ihec-chipseq-containerv1.1.4.IHECRE00003813.1.0652445e-a604-4bf6-a647-b7142178f30a.fc.signal	0.583928	0.298914	0.47812	0.766465	0.711916	0.254526	0.36624	0.436909	0.246647	0.443204	0.671954	0.614727	0.652128	0.482067	0.13163	0	0.0208247	0.451598	0.765013	0.286047	0.526803	0.933395	0.655125	0.251604	0.110872	0.386748	0.390293	0.146444	0.24275	0.165315	0.137259	0.342146	0.267108	0.16981	0.46
ihec.chipseq.ihec-chipseq-containerv1.1.4.IHECRE00000335.2.a05422f9-2489-4507-8cda-057f9cf37c4f.fc.signal	0.90174	1.02971	2.42596	2.42164	2.61788	1.03475	0.811394	0.556765	1.38145	0.891852	1.06479	1.06451	1.16544	0.395989	0	0.657549	1.09872	0.863459	0.84296	0.0934747	0.213851	0.34907	0.749138	0.212618	0	1.06594	0.965655	0.548872	0	0.585962	0.465574	0	0	0.528156	0.607692
ihec.chipseq.ihec-chipseq-containerv1.1.4.IHECRE00000235.3.077c5772-92ce-4a32-a06f-48c1b9a6f571.fc.signal	0	0	0.353425	0.503925	0.405847	0.161246	0	0	0	0	0	0	0.078846	0.329159	0.485922	0.539038	0.163981	0	0	0	0	0	0	0	0	0.294429	0.508451	0.286705	0.140995	0.007182	0	0	0.330254	1.30374	0.605505
ihec.chipseq.ihec-chipseq-containerv1.1.4.IHECRE00000233.3.c81f88e2-7199-4952-a0ac-fbf221a68e22.fc.signal	0	0	0	0.0708647	0.3543	0.212585	0	0	0	0	0	0.101575	0.607549	0.415818	0.439735	0.501889	0.0421515	0	0	0	0	0	0	0	0	0	0.12974	0.574165	0.767395	0.309504	0.0348965	0.703692	1.36724	1.05542	0.690722
ihec.chipseq.ihec-chipseq-containerv1.1.4.IHECRE00000230.3.93bed2a7-7118-417a-9bcf-494520ff91da.fc.signal	0	0	0.0114053	1.08016	1.43662	0.541056	0.0693093	0	0	0	0.002632	0.201787	0.416269	0.654506	0.606712	0.244776	0.0219333	0.468579	0.458931	0.002632	0	0	0	0	0	0	0.338273	0.85104	0.720268	0.29122	0.195052	0.452635	0.543469	0.685366	0.671429
ihec.chipseq.ihec-chipseq-containerv1.1.4.IHECRE00001888.4.5d335139-80db-490f-af5c-5cf1e8a1a3de.fc.signal	0	0	0.578489	0.94866	0.788505	0.893429	0.387602	0.0640909	0.0251617	0.501266	0.541768	1.5054	1.07172	0	0.776692	0.27739	0	0	0.496596	0.677149	0.744262	0.0744022	0	0	0	0	0.202141	2.08672	0.457192	0.132427	0.712286	0.562565	0.393215	0.592142	0.511335
ihec.chipseq.ihec-chipseq-containerv1.1.4.IHECRE00003803.1.d5373538-03e5-4aea-a61c-f80d029c4d74.fc.signal	0	0.249889	0.524235	0.760165	0.569771	0.0662812	1.31235	0.921827	0.301607	1.5174	0.142866	1.17028	0.808952	0	0	0.338935	2.00567	1.38375	0.995681	1.0184	0.656463	1.04766	1.37231	0	0.361553	1.24671	0.214534	0.164536	2.21263	0.425638	0	0	0	0	0.529762
ihec.chipseq.ihec-chipseq-containerv1.1.4.IHECRE00000225.3.d3516206-786f-4b11-864f-1792d77e2a36.fc.signal	1.63907	0.6492	0.458506	0.232721	0.465494	0.925373	1.12168	1.28012	1.3376	1.4582	1.65913	1.41358	0.278371	0.0905005	0.208618	0.256117	0.961307	1.3586	0.508948	0.120579	0.486549	0.608514	0.270617	1.28433	1.84299	0.938405	0.49504	0.0641848	0.216688	0.225385	0.556797	0.754312	0.45287	1.20591	0.445748
ihec.chipseq.ihec-chipseq-containerv1.1.4.IHECRE00001921.1.dcad099b-2714-4a20-92d0-2cd9bce288ab.fc.signal	1.07229	2.72701	1.12517	0	0.748584	1.24994	0.830114	0.266376	0.170843	0.273491	0	0.0253523	0.557017	0.409674	1.18448	2.01176	0.581178	1.31653	1.57106	0.221025	1.20335	1.79197	0.817709	0.0761629	0.483343	2.06643	1.40762	0.0948531	0.725682	0.622965	0.472129	1.41039	0.135119	0.0196701	0.546497
ihec.chipseq.ihec-chipseq-containerv1.1.4.IHECRE00004616.1.bdf8440d-f4c1-4471-9c29-b1cf45563873.fc.signal	0.745217	0.271813	0.503404	1.49904	0.340303	0.42956	0	0	0.506112	1.2413	0.15574	1.09645	1.32246	0.174092	0	0.0616609	0.209342	0.402728	0.531696	0.277228	0.290558	0.598641	1.11684	0.599434	0.0763433	0	0.134364	1.35605	0.742174	0.451991	0.974293	0.00610747	0	0	0.509434
ihec.chipseq.ihec-chipseq-containerv1.1.4.IHECRE00004608.1.6d8749d8-24c7-4e6d-8992-3543e47f35de.fc.signal	0.887412	0.0772122	0	0.713491	2.22515	0.790116	1.09882	1.9951	1.30361	1.92275	0.352052	0.497557	0.280787	0.275366	0.429907	0.330762	0.80972	0.808937	0.25413	1.48195	0.797888	0.608755	0.62074	0.662478	0.18847	0.220673	0.118357	1.55773	0.822752	0.0305043	0.591447	1.05146	0.11735	0.887351	0.562914
ihec.chipseq.ihec-chipseq-containerv1.1.4.IHECRE00000059.3.7a04d905-73a0-4079-9968-67c3833836fc.fc.signal	0.187316	0	0	0	0	0.54223	1.38022	0	0.384491	1.88298	1.53796	0.0394349	0	1.45909	0.299088	0	0	0.963042	2.79453	0.929186	0.807723	0	0	0	0	0	0.0100544	1.27085	0.388972	1.20307	3.90996	0.174932	0	0	0.477679
ihec.chipseq.ihec-chipseq-containerv1.1.4.IHECRE00003691.3.e70a956a-e876-473f-ae67-333f104e486a.fc.signal	0.107414	0	0.037768	0.401929	0.0533639	0	0.1557	0.283339	0.0518711	0.379585	0.758612	0.279152	0.402192	0	0	0	0.321754	0.348562	0.276016	0.484176	1.25389	0.708154	0.391131	0.345373	0.257012	0.334328	0.0110367	0.240685	0.228701	0	0	0	0	0.134437	0.57619
ihec.chipseq.ihec-chipseq-containerv1.1.4.IHECRE00003810.1.c695043f-867f-4d87-b518-a1edfe717a8b.fc.signal	0.447363	0.540168	0.789198	0.779375	0.523534	0.523326	0.517766	0.431279	1.0581	1.01776	0.368574	0.265129	0.477097	0.146686	0.377144	0.425164	0.455431	0.6863	0.415848	0.286488	0.442502	0.538629	0.667286	0.858004	0.497628	0.298365	0.341701	0.653577	1.17709	0.710996	0.219128	0	0.179263	0.167611	0.572327
ihec.chipseq.ihec-chipseq-containerv1.1.4.IHECRE00004681.3.c6a7774b-6eaf-490c-a1c8-9eecf570b062.fc.signal	0.523583	0.544438	0.290579	0.554243	0.481901	0.918045	0.538776	0.336192	0.174474	0.435168	0.423995	0.00632807	0.334513	0.272104	0.737088	0.194629	0.384102	0.12086	0	0.523001	0.507101	0	0.222804	0.251316	0	0	0.184032	0.305336	0	0.259553	0.233166	0	0	0	0.617647
ihec.chipseq.ihec-chipseq-containerv1.1.4.IHECRE00000099.3.e8d8915f-2a7b-434d-ae6f-f1c573d41250.fc.signal	0	0	0	0.593153	1.86027	0.74769	1.44134	1.0464	1.92975	0.0995532	0	2.01001	0.340691	0	0	0.454621	0.372599	0.554351	0.474435	1.71121	0.622204	0.468729	1.53073	0.13944	0	1.66131	0.697496	0	0	0	0	0	0.213736	0.994256	0.512367
ihec.chipseq.ihec-chipseq-containerv1.1.4.IHECRE00003817.1.49aa2390-1029-4804-9d85-ae2b9507e615.fc.signal	0.373714	0.532686	0.510421	0.122485	0.334363	0.203261	0.105778	0.417574	0.439765	0.234571	0.296985	0.293039	0.024672	0.166716	0.788847	0.673458	0.54371	0.611112	0.222386	0.224594	0.215341	0.150757	0.125947	0.134705	0	0	0	0	0	0	0	0	0	0	0.672794
ihec.chipseq.ihec-chipseq-containerv1.1.4.IHECRE00000222.3.752eff28-f561-4493-9961-9376765e5593.fc.signal	0	0	0.0752666	0.39614	0.268055	0	0	0	0	0	0	0.0409345	0.703764	0.962738	0.307158	0	0.0647029	0.390858	0.2839	0	0	0	0	0	0.00528187	0.235043	1.00479	1.1406	0.564259	0.287598	0.373274	1.40485	1.37624	0.330459	0.597015
ihec.chipseq.ihec-chipseq-containerv1.1.4.IHECRE00000231.3.9f5b0463-4f76-4b11-9c3e-298af7f4a26f.fc.signal	0	0	0	0	0	0	0	0	0	0	0	0	0	0.117375	0.251126	0.0794441	0	0	0	0	0	0	0	0	0	0	0	0.401533	0.696755	0.20551	0	0.170727	0.516334	0.502278	0.5625
ihec.chipseq.ihec-chipseq-containerv1.1.4.IHECRE00003682.3.da9e495d-70d1-4135-9b7b-7d3c249e647d.fc.signal	0.423044	0.47302	0.649245	0.215518	0.695243	0.460203	0.368787	0.394299	0.0538685	0	0	0	0	0	0	0	0.0296734	0.706064	0.530994	0.293127	0.183496	0.704787	0.224585	0	0.0735892	0.561214	0.715761	0.199712	0.0078832	0.0880291	0.262837	0.168205	0.760928	0.68929	0.724409
ihec.chipseq.ihec-chipseq-containerv1.1.4.IHECRE00004603.3.7d97a6bf-d33b-47aa-868b-891cee1e0474.fc.signal	0	0	0	0	1.44583	1.6038	0	0.178238	0.473852	0	0	0.502584	0.934542	1.67576	1.10855	0.469505	0.330392	0	0	0	0	0	0	0	0	0	0	1.44753	1.06939	0.0912926	0	0	0.215454	1.04045	0.797954
ihec.chipseq.ihec-chipseq-containerv1.1.4.IHECRE00001457.1.f36a6625-c0c2-4dbc-9606-c09835fba2ef.fc.signal	0.0698619	0	0	0	0	0.59568	0.357408	1.15562	1.20804	0.483024	0.306204	2.22918	0.341037	0.596638	0	0	0	0	0	0.150249	0.813081	0.14713	1.05959	0.870327	0.946101	0.158392	0	0	0	0	0	0	0	0	0.414815
ihec.chipseq.ihec-chipseq-containerv1.1.4.IHECRE00000321.2.e400c00e-f4bd-4ecb-8a68-235b22580a1f.fc.signal	0.117028	0	0.666792	2.82137	0.488582	1.25696	0	0	0	0	0	0	0.703099	0.784233	0	0.0103897	4.24533	0.533733	0	1.00756	0.051068	1.10257	0.186175	1.29165	3.11806	0	0	0.858077	0.474866	0	0	0	0	0	0.523364
ihec.chipseq.ihec-chipseq-containerv1.1.4.IHECRE00003689.3.342e70ad-a023-4cf1-9866-19dd652b1429.fc.signal	0.164458	0	0.480321	0.290444	0.486543	0.90923	0.561168	0.856156	1.11433	0.704825	0.298896	0.270182	0.247994	0.253215	0.352412	0.341286	0.430726	1.19168	1.20473	0.386348	0.657835	0.744599	0.699188	1.20734	0.542975	0.597795	0.211642	1.05943	1.26285	0.394178	0.421588	0	0	0.246522	0.472678
ihec.chipseq.ihec-chipseq-containerv1.1.4.IHECRE00000060.3.cbf21cc3-59bc-4d31-8242-16b6ee9a92b5.fc.signal	0.667373	0.345589	0.56501	0.678034	1.02297	0.98278	0.596204	0.831028	1.19218	0.447764	0.352794	0.264711	0.24439	0.0673524	0.851835	1.15149	1.12712	0.574737	0.41566	1.22747	1.02523	0.894086	0.530778	0.154612	0.71378	1.38674	0.953629	0.64466	0	0.20416	0.250408	0	0.165848	1.08929	0.483871
