	chr7:88280141-88280290	chr7:88280291-88280440	chr7:88280441-88280590	chr7:88280591-88280740	chr7:88280741-88280890	chr7:88280891-88281040	chr7:88281041-88281190	chr7:88281191-88281340	chr7:88281341-88281490	chr7:88281491-88281640	chr7:88281641-88281790	chr7:88281791-88281940	chr7:88281941-88282090	chr7:88282091-88282150	chr7:88282151-88282240	chr7:88282241-88282390	chr7:88282391-88282540	chr7:88282541-88282690	chr7:88282691-88282840	chr7:88282841-88282990	chr7:88282991-88283140	chr7:88283141-88283290	chr7:88283291-88283440	chr7:88283441-88283590	chr7:88283591-88283740	chr7:88283741-88283890	chr7:88283891-88284040	chr7:88284041-88284190	chr7:88284191-88284340	chr7:88284341-88284490	chr7:88284491-88284640	chr7:88284641-88284790	chr7:88284791-88284940	chr7:88284941-88285090	chr7:88285091-88285240	chr7:88285241-88285390	chr7:88285391-88285540	chr7:88285541-88285668	Expression
ihec.chipseq.ihec-chipseq-containerv1.1.4.IHECRE00003690.3.bb55a212-99c2-4448-84cc-6786b9df2691.fc.signal	0.582369	0.714474	0.642466	0.957218	0.39502	0	0.442711	0.311647	1.47905	2.46073	2.62569	5.10987	4.02382	2.65398	0.213086	0	0.10362	0.459735	1.04367	0.551941	0.700383	0.185513	1.73569	2.09884	1.91509	1.27664	0.71658	0.485524	0.615113	0	0	0	1.16579	1.38261	0	0	0.178059	1.54536	0.704981
ihec.chipseq.ihec-chipseq-containerv1.1.4.IHECRE00000193.3.aa854cbd-228f-48b3-bc4a-7a1e57daf907.fc.signal	0.456469	0	0.642046	0.649331	0	0.987919	2.40116	0	0.369708	0.520171	0	0	0.854092	2.21391	1.29548	0.0713904	0	1.08502	1.16819	2.57149	1.33912	2.48786	2.43306	0.658726	0.80816	0.780684	1.33548	1.77586	0.188104	1.00067	0.395938	0.55466	0	0	0	0.202526	1.66534	1.45536	0.305755
ihec.chipseq.ihec-chipseq-containerv1.1.4.IHECRE00001003.4.e55ccc77-8d92-466a-86b9-0bf035aed6cc.fc.signal	1.29921	1.39224	1.17898	0.481491	0.303236	0.785178	0.487387	0.0355912	1.08041	0.907787	0.741414	0.595032	1.30676	0.946606	0.588426	1.04622	0.514136	0.758032	0.52041	0.369263	0.342309	0.347633	0.305457	0.695312	0.619392	0.56838	0.475321	1.3418	0.543793	0.232055	0.550949	0.229209	0.321744	0.160873	0.0398624	0.808507	0.360177	0.817376	0.745283
ihec.chipseq.ihec-chipseq-containerv1.1.4.IHECRE00000224.3.98331644-3ccd-45b3-bad7-e0e81208e171.fc.signal	0.363029	1.10855	0.708158	0.106055	0	0	0	0	0	0	0	0	0	0	0.0347356	0.337435	0.349422	0.113544	0.44822	0.215144	0	0	0	0	0.0209123	0.758972	0.730583	0.0134436	0	0	0	0	0	0	0	0.0866425	1.26542	1.87509	0.56639
ihec.chipseq.ihec-chipseq-containerv1.1.4.IHECRE00000228.3.8bd2a4a9-ace6-4e3a-b0aa-9993e4990638.fc.signal	0.024653	0.428962	0.351716	0	0	0	0	0	0	0	0	0.269539	0.553871	0.854632	0.931993	1.82062	1.76798	1.67804	3.01422	1.14554	0	0	0	0	0	0.453615	0.351716	0	0	0	0	0	0	0	0	0.174215	1.22114	2.07046	0.687702
ihec.chipseq.ihec-chipseq-containerv1.1.4.IHECRE00000248.2.827ded64-aa40-4620-8391-8dd4ae096d90.fc.signal	0.0501373	0.0299632	0.423554	0.544581	0.493858	0.602521	0.99286	0.80851	0.272818	1.08432	1.90172	0.350232	0	0	0	0.159052	0.753913	0.453342	0.538261	0.855622	1.5829	1.00255	0.631538	0.45524	0.738534	0.670518	0.663343	0.452874	0.10308	0.347691	0.108343	0	0.245296	0.27836	0	0	0	0	0.396226
ihec.chipseq.ihec-chipseq-containerv1.1.4.IHECRE00004610.2.100e7289-c631-4bb0-9eef-015950828bf4.fc.signal	0.0451628	0.200952	0	0.183764	0.176852	0.211628	0.171853	0.585624	0.494652	0.433011	1.67709	1.1244	1.07938	0.62045	0	0	0	0	0.373916	0.669443	0.138767	0.360261	0.0561297	1.28097	0.298883	0	0	0.544394	0.256186	0.154029	0.603104	0.0426976	0.15211	0.572267	0.327291	1.2703	0.792597	0	0.712098
ihec.chipseq.ihec-chipseq-containerv1.1.4.IHECRE00000665.1.5571d7d7-4894-4e51-8082-c8a874cb2438.fc.signal	0.166306	0.246339	0.0991878	0.0164512	0.322537	0.243079	0.427153	0.128441	0.215248	0.0636989	0.235029	0.649137	0.734777	0.27508	0.114351	0.520004	0.592357	0.0772931	0	0.118211	0.127068	0.238949	0.295977	0.301685	0.85822	0.527379	0.301602	0.318307	0.140493	0.309847	0.269475	0	0.223096	0.0760466	0.0934327	0.193555	0	0	0.459662
ihec.chipseq.ihec-chipseq-containerv1.1.4.IHECRE00003816.1.3579346a-a108-4e99-ba8a-c53f4809c6bb.fc.signal	0.196048	0.238664	0.714823	0.315779	0.165466	0.540475	0.872024	0.377732	0.364932	0.381282	0.0705091	0.216118	0.418703	0.147806	0	0	0.757709	0.64368	0.194481	0.367638	0.266071	0.624924	0.330224	0.861221	0.793313	0.565421	0.372792	0.171094	0.407497	0.295405	0.655462	0.472251	0.0711127	0.946914	0.649771	0.383538	0	0.151979	0.234982
ihec.chipseq.ihec-chipseq-containerv1.1.4.IHECRE00001965.2.b75058ba-d142-4ae0-9acf-08c2d019a7dc.fc.signal	4.11003	2.30323	1.12561	1.83914	1.17228	1.51569	1.36812	0.441417	1.20435	1.28007	1.80402	2.08665	1.45329	0.734743	0.15914	0.057355	0.461482	0.380731	0.850179	0.535791	0.330536	0.780717	1.86816	1.77007	1.06069	0.41476	0.71322	0.275902	0.365567	0.766645	1.19244	1.13458	0.795308	1.05709	0.854692	0.508171	0.849688	1.05634	0.404444
ihec.chipseq.ihec-chipseq-containerv1.1.4.IHECRE00001952.2.52215347-885a-4412-918b-b787711b8d37.fc.signal	0.925468	0.0282253	1.00921	0.655031	0.16387	0.934315	1.11185	0.763518	1.27401	0.282123	0.509603	1.28091	1.02883	0.142371	0.748079	0.807816	0.454404	0.8411	0.526074	0.735865	0.328198	0.190563	0.476432	0.700495	1.02859	1.00161	0.549045	0.963643	0.436464	1.2016	0.825631	0	0.162316	0.831635	0	0.107567	1.08506	0.494487	0.332609
ihec.chipseq.ihec-chipseq-containerv1.1.4.IHECRE00000343.2.43c6f7a4-d039-46a2-872e-bb5eb8075426.fc.signal	0	0	0	1.53056	1.08767	0	0	0	0.00466067	0.443501	0.551785	0.331886	0	0	0	0	0	0.527076	0.884571	0	0	0	0.00933913	0.583624	0.218273	0	0	0.0963706	0.472044	0.150831	0.430368	0.640665	0	0	0.215677	0.796777	0.325836	0	0.390625
ihec.chipseq.ihec-chipseq-containerv1.1.4.IHECRE00000964.7.68ad223e-c775-4c49-8f3f-4ec63b3e920b.fc.signal	0.0195948	3.29953	1.26953	0	0	0.673683	0	0	0	0	0.0496314	0.492032	0.431157	1.34723	0.628771	0.781422	0.827388	0.495084	1.51774	0.570663	1.89709	0	0.0152704	0.964208	0.569531	0.987652	1.70021	4.97387	0.835337	0	0	0	0	0	0	0	0	0	1
ihec.chipseq.ihec-chipseq-containerv1.1.4.IHECRE00001249.1.1fccbf88-8984-430d-91d0-4fb767fb9d0a.fc.signal	2.45546	1.84934	2.09655	2.35442	0.883277	0.968312	0.200378	0.341941	0.376908	0	0.627889	2.21147	1.37705	0.0582253	0	0.502873	0.32873	0.378523	0.557514	0	0	0	0	0.0931698	0.575885	0.336241	0.378456	1.72916	1.40098	0.474684	1.36625	0.0054368	0.13592	0.793448	0.52491	0.182025	0	0	0.392344
ihec.chipseq.ihec-chipseq-containerv1.1.4.IHECRE00003684.3.b5459224-ca8f-46dd-880a-e16781c88032.fc.signal	5.02411	3.98847	6.45029	9.41478	6.32923	5.11823	4.73122	10.0011	19.0995	20.9618	21.295	22.0395	8.72515	6.77004	3.30065	9.44853	7.92579	4.08396	4.81194	4.76941	4.73812	3.1609	2.59895	2.65429	2.88876	2.98495	4.60626	5.29795	1.64292	1.59862	2.83457	1.58812	5.70921	5.11655	4.27082	2.50767	2.58568	3.04246	0.593649
ihec.chipseq.ihec-chipseq-containerv1.1.4.IHECRE00000004.3.08828406-540b-464b-b2f8-9402ccb1159b.fc.signal	0.489405	0.954738	0.556585	0.242629	2.22716	1.84702	0.612652	0.383862	0.904467	1.12406	1.49581	0.84287	2.07534	1.51016	0.374643	0.519915	0.209958	0.142359	0.538004	0.545601	0.0319952	1.52397	1.59328	0.970536	0.880732	1.56148	0.519346	0.537523	0.0711757	0	0.209052	0.282821	0.210514	0.41089	0.192998	0	0	0.484115	0.718966
ihec.chipseq.ihec-chipseq-containerv1.1.4.IHECRE00001030.7.2cec18a6-acf1-4ec3-b511-04e126f82363.fc.signal	0	0	0	0.133602	0.608236	0.485185	0.534407	0	0	0	0	0.485636	1.26918	0.457058	0	0	0	0.0971278	0.415743	0.703604	0.993699	0.0573152	0.0997924	0.199779	0.452867	0	0.358819	0.123839	0	0	0	0	0	0	0	0	0	0	0.822485
ihec.chipseq.ihec-chipseq-containerv1.1.4.IHECRE00004647.3.6c7e93ea-bf0c-48a2-82fb-1c49e3dc143b.fc.signal	1.65792	0.970063	0.915328	0.873623	0.599585	0.681034	0.527225	0.704997	0.77423	0.666904	0.977648	1.28166	1.29698	1.05818	0.61073	0.103336	0.297169	0.474601	0.366307	0.695195	0.873725	0.4318	0.364641	0.606535	0.513733	0.481447	0.49776	0.634481	0.548714	0.371583	0.68446	0.319893	0.276914	0.360113	0.261067	0.455567	0.85243	0.638927	0.546952
ihec.chipseq.ihec-chipseq-containerv1.1.4.IHECRE00000346.2.025d75d4-4cee-43c8-be53-43da9bc8c8b5.fc.signal	1.17858	2.97069	0.448322	0	0	0	0	0.822932	0.80096	0	0	0	0.0964922	0.685795	0.690744	0.254049	0	0.532316	1.43425	0.251379	0	0	0	0.0146392	0.53391	0.708754	1.06131	0.39782	0	0	0	0	0	0	0	0	1.08201	2.12241	0.423516
ihec.chipseq.ihec-chipseq-containerv1.1.4.IHECRE00003693.3.f2b1cfa1-231f-48d8-af6a-ed3f48905f6f.fc.signal	0.318087	0.367493	0.432978	0.848161	0.518779	0.149603	0	0.623732	1.70357	3.30335	4.78852	4.46036	1.59257	1.61364	0.615324	0.545335	1.08341	0.287337	0.141237	0.14289	0.377081	0.474376	0.605365	0.326472	0.636737	0.604165	0.503133	0.220687	0.534429	0.04824	0.44394	0.62614	0.381249	1.31023	1.13651	0.200213	0.452431	0.508622	0.740741
ihec.chipseq.ihec-chipseq-containerv1.1.4.IHECRE00000223.3.555de7dc-c653-4909-9c33-caf14688e0ce.fc.signal	0.0312079	0.956284	1.1524	0.178331	0	0	0	0	0	0	0	0	0	0	0	0	0	1.16135	3.29903	1.33522	0	0	0	0	0.421306	0.664282	0.0735614	0	0	0	0	0	0	0	0	0.0133748	0.481493	1.18853	0.595238
ihec.chipseq.ihec-chipseq-containerv1.1.4.IHECRE00000256.2.bbe55afc-e238-438f-888d-003707462d40.fc.signal	5.85009	2.39582	3.99826	2.67894	1.80723	1.83215	0.672048	1.08717	1.10077	0.409238	0.816154	2.16647	3.91517	3.94713	1.36628	0.222137	0.185438	0.865838	0.887689	0.973521	0.190617	0.572716	1.31001	1.53025	1.25463	0.914631	2.01444	1.25779	0.737255	0	0.56279	0.407139	0.855265	1.81957	0.939265	0.794493	2.34369	0.789835	0.440228
ihec.chipseq.ihec-chipseq-containerv1.1.4.IHECRE00000095.3.6e54db0b-4f2c-4117-b257-5209e83f6966.fc.signal	4.8438	2.34554	2.23476	1.82813	2.64546	0.356297	1.3039	0.972998	0.0060766	0	0	0.587548	0.628494	0.411871	1.12538	1.47078	0.422726	0.629967	0.141161	0	1.7581	1.66342	1.53402	0.234542	0.086737	0.46224	0.969319	0.78776	0.873054	1.40372	0.887567	0.925695	0.688136	1.15326	1.03767	0.440425	0	0	0.655822
ihec.chipseq.ihec-chipseq-containerv1.1.4.IHECRE00001891.4.41bb4ab6-1e8d-4527-bfe1-5ddf65dcaa7f.fc.signal	0.092048	0	0.729185	0.669072	0.393844	0.40653	0.0949461	0.615523	1.76528	0.974533	0.667787	1.11108	0.868785	0	0	0	0	0	0	0.301927	0.132159	0	0.137249	0.0915335	0	0	0	0	0	0	0	0	0	0	0	0	0	0	0.718447
ihec.chipseq.ihec-chipseq-containerv1.1.4.IHECRE00003848.5.cbe12698-0ab5-4b3e-9969-24f7116515b6.fc.signal	0.821379	1.56241	3.55635	2.11594	0.645842	0	1.47014	2.05942	2.0009	1.75852	0.445342	1.60142	1.74375	0.985822	0.267882	0.0548841	0.38206	1.60703	1.37929	0.656689	0.44647	0.422658	0.622023	0.446175	0	0.72056	0.986107	0.113677	1.52846	1.22019	0.0714352	0	0	0.105092	0.68085	0.178588	0	0	0.466667
ihec.chipseq.ihec-chipseq-containerv1.1.4.IHECRE00001235.5.b69b018c-be0b-42b3-9bd0-adb684b6c71f.fc.signal	0.926186	2.83211	0.976641	0.622497	0.984821	1.60731	0.572818	0.447168	0.438364	0	0.216297	0.245526	0.26891	0	0.204577	1.38839	0.669643	0.790654	1.18611	0.79045	0.701375	0.38285	1.01697	1.21276	2.56867	0.103082	0	0.663369	0.0672275	0	0	0	0.160729	0.569842	0	0	0.546483	1.0719	0.712375
ihec.chipseq.ihec-chipseq-containerv1.1.4.IHECRE00004900.1.b52b6048-f5e8-441d-8082-83c6ea7d797d.fc.signal	5.47686	9.10518	6.96051	4.36227	7.37803	7.25501	3.71945	4.4885	3.37262	2.55346	2.2342	5.01184	3.53872	3.06009	2.60668	3.12678	3.25242	2.36457	6.32085	5.81185	3.67156	0.425577	3.28055	5.31388	1.91593	3.84566	3.3558	1.70338	1.02721	2.50819	0.784631	0.680186	2.92096	1.93284	1.09578	1.32551	2.43377	4.39904	1
ihec.chipseq.ihec-chipseq-containerv1.1.4.IHECRE00003686.3.867f20aa-cd84-4630-be8b-4d90cccd43d7.fc.signal	1.29187	2.862	2.32225	1.50034	1.47066	3.11668	1.11283	1.89182	4.02588	8.09626	12.4492	11.4625	6.80842	1.79825	0.144982	1.25858	0.922782	3.20206	5.76681	2.44056	2.12624	0.948073	1.64575	2.0644	1.67495	1.90821	2.85749	2.78415	0.841476	0.94192	0.683906	0.391753	1.47837	2.0353	0.475062	0.432565	1.63534	5.76518	0.728933
ihec.chipseq.ihec-chipseq-containerv1.1.4.IHECRE00000864.3.14e2d66e-78ce-42e0-867f-4b49c7b19bff.fc.signal	0.96456	1.09889	0.377694	0.268961	0.121691	0.219357	0.230508	0.544525	0.552802	0.825591	0.0884095	0.309738	0.554208	0.101686	0.213076	0.518895	1.06911	0.686058	1.03576	0.738542	0.102435	0.24958	0.144933	0	0	0.161593	0.736321	1.25568	0.694442	0.163592	0.267285	0.217185	0.472554	0.297069	0	0.150003	0.340749	0.0696164	0.654102
ihec.chipseq.ihec-chipseq-containerv1.1.4.IHECRE00001901.1.bd86e759-1531-4112-8c3a-ef0446d756a3.fc.signal	0.806551	0.168896	0.28529	0.216433	0.212397	0.0642634	0.326248	0.425772	0.63612	0.494157	0.426366	0.476004	1.67918	1.44865	0.988832	0.760852	0.350153	0.302161	0.304676	0.566466	0.787689	0.447465	0.286899	1.17096	1.9075	1.02663	0.227996	0.0675643	0.719127	0.215295	0.0478825	0.739404	0.440895	0.137347	0.18775	0.448468	1.00271	0.791239	0.437236
ihec.chipseq.ihec-chipseq-containerv1.1.4.IHECRE00000109.3.2aaf9761-ce55-4643-a036-4127de3f8454.fc.signal	3.17725	5.53471	3.78492	1.58546	2.01644	2.1552	1.18359	0.733417	0.818654	1.23083	0.821868	1.80241	1.68317	2.50149	2.04611	0.4498	0	0.0349384	2.43765	2.32772	1.66702	0.472233	1.84088	1.5442	1.00079	1.64515	1.18148	1.02809	0.505408	0.625501	0.45333	2.87556	0.507749	0.560746	1.25487	0.0710303	0.0793128	0.556057	0.818375
ihec.chipseq.ihec-chipseq-containerv1.1.4.IHECRE00001954.2.fc509fae-cfc8-4cd1-b6e1-cb05b98526c1.fc.signal	3.21721	2.54206	2.00956	1.38466	1.39166	1.26373	1.24454	3.02062	2.10613	1.05684	1.76189	0.73088	0.843034	0.69728	0.489749	2.11555	1.15611	0.722958	1.26679	0.903274	0.366431	0.353144	0.46136	1.76288	0.905002	0.83421	0.753579	2.27776	3.30064	1.83081	0.710589	0.133724	0.60743	1.49479	1.34169	0.0597557	0.257187	1.43865	0.377451
ihec.chipseq.ihec-chipseq-containerv1.1.4.IHECRE00000957.7.e974118a-1765-49cc-99dd-3d99dcd758cf.fc.signal	1.05942	1.40076	0.558073	0	0	0.23151	0.39988	0	0	0.500903	0.130487	0	0.255826	0.442415	0	0	0	0.412566	1.19134	0.290439	1.00613	0.256775	0	0.45881	0.17258	0.57667	0.175932	0.739329	0.340951	0	0	0	0	0	0	0	0	0	0.768932
ihec.chipseq.ihec-chipseq-containerv1.1.4.IHECRE00004641.3.2af65a74-ad9a-47d1-bb59-7449ff40f2d9.fc.signal	0.919097	1.35274	1.63471	1.25788	0.364554	0.506042	1.39744	1.37721	1.23589	1.12205	1.84462	1.36672	1.06648	0.868146	0.335963	0.246097	0.599603	0.501595	1.12297	1.2032	0.864979	0.532907	0.311814	1.35641	1.77525	0.686181	0.45362	0.451525	0.651073	0.747277	0.767951	0.127081	0.301278	1.03904	0.578505	0.811107	0.894835	0.749052	0.430059
ihec.chipseq.ihec-chipseq-containerv1.1.4.IHECRE00001875.2.6632043e-47cf-4bfd-b8e1-020b2411b571.fc.signal	0.43741	0.423861	0.00522047	0.347606	0	0	0.418208	1.00044	1.08477	0	0	0.403396	0.261669	0	0	0.50231	0.513072	0.969751	0.176182	0.522064	1.54776	1.86101	0.134854	0.918041	0.589074	0	0	1.27997	0.521661	0.253944	0	0.839732	0.600448	0.877592	0	0.249741	0.199803	0	0.521008
ihec.chipseq.ihec-chipseq-containerv1.1.4.IHECRE00003809.1.88fb2a51-3313-49d0-b432-b95b6b91fc4b.fc.signal	0.299355	0.343661	0.457262	0.202413	0.126525	0.198575	0.250797	0.448775	0.275312	0	0.208063	0.203096	0.453946	0.568418	0.223266	0.181206	0.539218	0.35472	0.924593	0.293392	0.380225	0.410687	0.201269	0.240864	0.217795	0.451233	0.118701	0.228099	0.108736	0.162769	0.254729	0.228572	0.264434	1.24799	0.947273	0.266992	0	0.236004	0.388128
ihec.chipseq.ihec-chipseq-containerv1.1.4.IHECRE00004884.1.cdb41994-86e2-4949-bf91-2378fd47bfa2.fc.signal	3.36058	7.4868	4.39283	3.72629	5.5045	5.97812	6.38342	3.2609	4.98148	4.5078	2.80379	4.59193	5.295	4.79948	1.71691	1.32104	1.00143	3.14319	5.72664	3.54113	2.2768	4.28073	2.77795	6.60769	3.01808	3.58323	4.11792	4.43768	1.93253	2.76356	2.38982	0	0.601138	1.35794	1.57999	1.27416	2.82018	4.07268	0.833145
ihec.chipseq.ihec-chipseq-containerv1.1.4.IHECRE00000969.7.07e61421-b434-44b9-b0ec-8515d70faad3.fc.signal	0.393145	0.732878	0.727365	0	0	0.636521	0.439948	0	0	0	0	0	0	0	0	0.15913	0.67814	0	1.18634	0.39068	0.176669	0	0	0	0	0	1.09585	2.62034	0	0	0	0	0	0	0	0	0	0.658167	1
ihec.chipseq.ihec-chipseq-containerv1.1.4.IHECRE00001851.4.41736f40-6f67-4bdc-bc7e-afd139847fe8.fc.signal	0.330862	0.889516	0.493144	0.115274	0.434149	0.312534	0.15001	0.555843	0.346848	0.448201	0.567135	0.519917	0.454639	0.207516	0	0.318229	0.476379	0.328022	0.714274	0.414689	0.158543	0.223565	0.233792	0.861415	1.29915	0.568453	1.65532	1.18311	0.407101	0.126944	0	0	0	0	0	0	0	0	0.504774
ihec.chipseq.ihec-chipseq-containerv1.1.4.IHECRE00003695.3.976830f0-f131-4dc5-bdfd-64d83fdc4635.fc.signal	1.3854	0.681759	0.7337	0.776822	1.33264	1.71316	0.889943	2.02195	2.25678	6.24815	6.42716	7.92937	2.65986	0.580138	0.487736	0.686206	1.5527	1.94821	1.25134	0.868602	0.829598	1.25616	1.32884	1.17454	1.75753	0.900783	0.737909	1.7895	0.986613	0.909413	1.30057	0.607608	0.355847	1.54832	1.42756	0.763742	0.835468	0.987275	0.637771
ihec.chipseq.ihec-chipseq-containerv1.1.4.IHECRE00000784.3.589e1f11-0874-4698-ac02-5c217aac91a6.fc.signal	0.486392	0.367599	0.003074	0.434104	0.371196	0.369514	0.581557	0.609963	0.526048	0.496214	0.590148	0.136115	0.455079	0.0161793	0.241908	0.334086	0.40426	0.902688	0.939865	1.05122	0.610993	0.886707	0.74579	0.406644	0.814524	0.511798	0.147377	0.712482	0.110995	0.0890301	0.561344	0.312177	0.0818277	1.00844	0.223741	0	0.0839546	0.518717	0.597222
ihec.chipseq.ihec-chipseq-containerv1.1.4.IHECRE00001315.1.5337f9d4-38ae-4c5a-8963-01aa95f9c5b5.fc.signal	0.590843	0.266641	0.0806212	0.415794	0.215402	0.293209	0.211282	0.142651	0	0	0	0.390464	0.39349	0.491077	0.420012	0	0	0	0	0.329514	0.654404	0.692898	0.637195	0.295442	0.0234539	0.172933	0.227266	0	0	0	0	0	0	0.208371	0.465971	0.152674	0.311858	0.183844	0.376812
ihec.chipseq.ihec-chipseq-containerv1.1.4.IHECRE00000304.2.a175b974-8d58-4ccd-883e-af1cca915c38.fc.signal	0.0792414	1.79061	1.61111	0.0127356	0	0	0	0	0	0.0363667	0.563914	0.379233	0.048904	0	0	0.177209	1.29538	0.165216	0.348085	1.17715	0.885615	0	0.352515	0.771394	1.51925	0.939168	1.29761	1.67374	0.145834	0	0	0	0	0.397028	0.277292	0.567385	1.13121	0	0.321154
ihec.chipseq.ihec-chipseq-containerv1.1.4.IHECRE00000159.3.1387b91f-3da3-46a2-9c26-4ff123bd6efb.fc.signal	8.16761	4.37595	4.81536	1.69317	3.84292	2.92653	2.46279	0.877425	0	0.632261	2.43838	1.01431	0.620492	1.55992	1.05116	0.926415	4.35126	2.42902	0.84023	0.645901	1.88987	3.5383	0.115028	0.798878	0.344001	2.6319	1.82791	1.07293	0.162061	0	0.804125	0.896873	0	1.05606	1.61247	0.0681138	0.35372	1.15094	0.708267
ihec.chipseq.ihec-chipseq-containerv1.1.4.IHECRE00004617.2.4b42183d-fbd0-4b87-afb1-913c17cc15e7.fc.signal	3.13689	3.75394	1.36161	2.67867	1.9144	1.03498	3.44388	5.63299	2.61701	5.36814	5.21759	4.61114	8.68317	5.6199	1.06189	1.05668	0.798777	2.05918	2.95691	1.65399	2.03078	1.12534	0.449318	1.27654	0.867575	1.05131	0.450799	0.851824	0.860379	0.940913	1.12588	0.388347	0.149006	0.791497	1.13579	1.18532	0.371135	1.80525	0.583583
ihec.chipseq.ihec-chipseq-containerv1.1.4.IHECRE00000718.3.4124a800-a44d-4bfe-b76a-06de52b79d79.fc.signal	1.70418	1.99701	1.19691	1.38542	0.809544	0.198577	0.990599	0.397373	0.853286	1.48827	1.51394	1.39566	1.89041	1.85995	0.27282	0.397743	0.351835	0.391393	0	0.200423	0.505152	0.367836	0	0.263828	0.666581	0.358792	0.129754	1.11684	0.621172	0.115306	0.20291	0.154494	0.239305	0.179913	0.318681	0.093968	0.308123	0.295899	0.429142
ihec.chipseq.ihec-chipseq-containerv1.1.4.IHECRE00001908.1.6595c262-e2a7-4360-ae08-dca9de90347a.fc.signal	0.651456	0.333405	0.940574	0.640171	0.131861	0.0757988	0	0.390241	1.21394	1.07394	1.73167	0.585012	0.870725	0.19014	0	0.0811754	0.583584	0.549402	0.263536	0.120646	0.275186	0.280046	0.0931662	0	0.044959	0.26101	0.242983	0.539376	0.875376	0.870127	0.44707	0.138429	0.302541	0.676551	0.534055	0.733832	0.612533	0.280494	0.321513
ihec.chipseq.ihec-chipseq-containerv1.1.4.IHECRE00000683.3.328e5ec6-9c03-4ff6-adba-ab4b4d0abd9b.fc.signal	1.5872	0.810518	0.265939	0.373639	0.765328	0.731367	0.549263	0.495989	0.417177	1.27123	1.76443	1.85964	1.88696	2.23357	0.571795	0.667537	0.736768	0.7816	0.552247	0	0	0.0150436	0.321903	0.0581653	0	0.106396	0.706342	0.629505	0.165678	0.0358876	0.999987	0.298363	0	0	0.0303503	1.11766	1.48936	1.82256	0.499089
ihec.chipseq.ihec-chipseq-containerv1.1.4.IHECRE00001246.1.32f3ac57-7b9e-4a64-9c91-902a000688fe.fc.signal	1.82352	2.70038	0.771175	0.0985253	1.30886	1.75653	2.66402	2.0608	1.34217	1.53449	0.915597	0.702494	1.10827	1.24609	0.665023	0.615951	0.472795	0.585449	0.716606	0.437906	1.40164	1.08494	0.775024	0.39916	0.584916	0.915454	1.00982	1.07532	1.6149	1.72998	1.2227	0.892413	0.94419	0.827626	0.692224	0.196916	0.504545	0.915952	0.377049
ihec.chipseq.ihec-chipseq-containerv1.1.4.IHECRE00001957.2.0bd574cb-6c79-4f0e-a131-98ee1a6088f8.fc.signal	1.33213	1.4588	0.842968	0.860966	0.539269	0.792017	1.51505	0.892094	0.444469	0	1.03631	1.60345	0.564528	0.521328	0.347169	0.403203	0.455782	0.199523	1.08109	0.262262	0.691595	0.691424	0.496314	0	0	0	0	0.394459	0.211805	0.332854	1.28165	1.51485	0.871039	0.999731	1.50614	0.849934	0.806072	0.845038	0.346154
ihec.chipseq.ihec-chipseq-containerv1.1.4.IHECRE00004606.2.411a52db-8794-484a-8712-a21b0a7c3495.fc.signal	1.47335	2.02808	1.82137	1.64791	1.02202	1.46397	0.165745	0.401802	1.4439	0.637896	0.223515	1.58824	2.60236	1.0484	0.276254	1.5971	1.41629	0.341601	0.789852	0.563689	0.659542	0.80006	0.534948	1.38931	1.01602	1.29974	0.796676	1.1613	1.16763	0.755911	1.23045	0.0326482	0.7078	0.669098	0.0879492	0.087899	0.4847	0.826961	0.666667
ihec.chipseq.ihec-chipseq-containerv1.1.4.IHECRE00000101.3.31b03180-586e-4b42-aa9e-2a124599ee9d.fc.signal	0.652581	0.290342	0.671569	0.7255	0	0.554867	0.525049	0.704982	0.553315	0.96465	2.52569	1.90606	1.36058	1.14969	0	0	0.0824629	0.570371	0.823776	1.47497	0.0160636	0.532804	0.709055	2.82954	0.786839	0.571809	0	0.264562	0.602474	0.304156	1.97222	0.603029	0	0.42466	0.397375	0	0.386581	0.406168	0.502841
ihec.chipseq.ihec-chipseq-containerv1.1.4.IHECRE00000285.2.6cc0e9ae-5c89-42a6-9532-1101bca67655.fc.signal	2.07956	1.7998	1.11109	0	0	0	0	0.0824867	1.00274	1.8926	0.926006	0.618939	1.0986	0.81872	0.273654	0	0.250763	0.195887	0.484033	0.269034	0.248873	0.371746	0.826285	0.428052	0	0.467716	1.26588	1.26463	1.08339	0.0319856	0.61088	0.774657	0.713675	0.765633	0.205941	0.500056	0.375042	0	0.318059
ihec.chipseq.ihec-chipseq-containerv1.1.4.IHECRE00000284.2.c89108d5-e64a-472c-aa03-21ba6f595903.fc.signal	2.72721	1.63283	0.903054	1.21374	0.591717	0.858033	0.143912	0.615671	0.542318	0.766028	1.07295	0.435504	0.484334	0	0	0.662818	0.87947	0.810712	1.05894	0.490756	0.713424	0	0.149292	0.266763	0.126352	0.292179	0.973773	1.52622	0.54717	1.70498	0.677775	0.461143	1.20103	0.657981	0.296049	0.127336	0	0.304814	0.493992
ihec.chipseq.ihec-chipseq-containerv1.1.4.IHECRE00004615.1.8cd5cefc-1c86-42bb-a689-d60dd071a471.fc.signal	0.198784	0.695724	0.550076	2.15571	1.78714	1.97326	2.74166	5.18689	3.23729	3.19534	3.82056	4.09064	4.29972	2.07712	0.89873	1.11832	0.918969	1.84997	1.04861	0.731308	1.99154	0.365958	0.721858	0.980437	0.757127	0.129631	0.526088	1.22733	1.34953	1.52042	1.91136	1.58405	2.46178	2.05641	1.27213	1.86731	1.48545	2.71931	0.863684
ihec.chipseq.ihec-chipseq-containerv1.1.4.IHECRE00001961.2.058af969-8786-43c5-84e7-d3c325107d07.fc.signal	0.441126	0.791023	0.806218	1.40705	0.794806	0.460148	0	0.878489	0.338463	0	1.19409	1.78359	2.09923	2.5765	1.62889	0.216753	0	0	0.713078	0.707653	0.634885	1.24737	0.844248	0.880133	0.938061	2.21711	0.767291	1.70827	1.2017	0	0	0	0	0.288987	0.319407	0.304197	0.304197	0.396607	0.372973
ihec.chipseq.ihec-chipseq-containerv1.1.4.IHECRE00000866.3.0925b7f7-7c86-40ca-bdc0-1ca853709a23.fc.signal	4.33213	3.70849	2.15525	1.13381	0.635717	0.419757	0.566284	0.564818	1.05126	1.06248	1.42505	2.71532	1.86822	1.55716	1.49213	0.893496	0.302111	1.00313	0.574767	0.0106494	0.354113	0.0371156	0.294558	0.497154	0.379166	0.585138	0.593141	0.483927	0.287699	0.712161	0.259752	0.0375432	0.707491	0.667643	0.229561	0.176489	0.237043	0.608702	0.422747
ihec.chipseq.ihec-chipseq-containerv1.1.4.IHECRE00000301.2.f63af210-578b-4bbd-a348-e18bcc93f7a3.fc.signal	4.07661	1.48521	1.65232	3.28902	2.98836	0	0.811888	0.537364	1.56799	0.910075	1.40432	0.697196	0	0	0	1.15346	3.47511	0.83376	0	0	0	0	0	0.688792	1.36852	0.853088	1.96732	1.14724	0.818971	0.891459	1.05707	0.297054	0	0.226661	1.07491	0.635133	0.993413	0	0.449632
ihec.chipseq.ihec-chipseq-containerv1.1.4.IHECRE00003683.3.9d98dd69-4d9c-4c81-bc8f-9c0f23e13a7b.fc.signal	0.409628	0.225474	0.106067	0.911401	1.25514	1.24532	2.31386	3.02687	2.07208	5.59223	9.11092	7.44959	2.59454	2.71063	0.890449	0.86426	2.05655	1.2712	1.12211	0.646242	0.911552	1.21145	0.878044	0.524044	0.776453	0.654534	0.46899	0.362214	0.125711	1.59103	1.75012	0.950686	1.45942	1.33175	1.26889	0.510698	0.286775	0.856278	0.623306
ihec.chipseq.ihec-chipseq-containerv1.1.4.IHECRE00004614.1.0ac6fcf9-3ed9-4ad3-9178-9d485c424be8.fc.signal	6.28614	7.60058	9.17232	7.45026	8.84304	8.15215	5.80105	10.3751	10.9749	8.3807	6.6978	9.40923	11.0725	10.6485	4.74224	4.88178	7.58949	6.40317	5.81692	5.76793	6.84282	4.93271	7.3419	4.1681	3.27741	3.37645	4.68631	6.14655	1.75409	1.62037	2.56995	2.7982	3.39595	3.75234	1.13703	2.08924	1.06534	1.02086	0.593739
ihec.chipseq.ihec-chipseq-containerv1.1.4.IHECRE00001958.3.3cd86255-36f1-4b55-a6a7-d6b5647cff3a.fc.signal	7.28125	7.43855	6.03101	4.64684	5.47644	8.73229	8.16784	8.87213	5.99167	4.32574	4.11826	4.12788	5.22459	3.21506	1.52606	3.72488	3.88602	2.52437	3.37948	3.19491	3.68276	3.12469	2.5611	3.93215	3.65914	1.96879	3.31677	3.83779	2.81017	1.93612	2.54355	2.40124	1.6685	2.65231	1.79725	1.27464	2.04006	2.46739	0.312431
ihec.chipseq.ihec-chipseq-containerv1.1.4.IHECRE00004905.1.68af8a6c-0e3d-475b-8b36-e8635e2eb67e.fc.signal	0.494566	0.674887	0.0670413	0.418001	0.765707	0.0183944	0.689839	0.326501	0	0.535691	0.82729	0.378509	1.15631	0.875765	0.447376	0.622376	1.3886	1.85006	0.439231	0	0	0	0.299402	2.38742	1.0531	0.433024	0.990342	1.6581	0.303669	1.08913	1.39576	0	0.561084	0.761833	0	0.796383	0.44697	0.890596	0.721088
ihec.chipseq.ihec-chipseq-containerv1.1.4.IHECRE00001027.7.cd19865b-26c6-4f71-a2cb-2c7271712e2b.fc.signal	0.417195	2.52233	2.65421	1.09775	0.568317	1.18245	0.290306	0.44726	1.801	0.838342	0	1.06397	2.76245	0.600133	0	0.378139	1.33159	0	0.961554	0.226827	0.36487	0.253055	0.453145	0.417835	0.783854	1.39539	0.43326	0.559688	0.603258	0	0	0	0	0.781035	0.42417	0.054011	1.39535	0	0.798561
ihec.chipseq.ihec-chipseq-containerv1.1.4.IHECRE00000265.2.912f6612-6de1-47ac-b2cb-b08fbdb6d93b.fc.signal	2.5427	2.47376	1.28023	0.480551	1.71246	3.71313	2.32426	0.372651	0.604199	2.87099	2.61722	2.38646	1.46699	1.22353	1.4685	1.4227	0.569591	0.324252	0.49292	0.392989	0.426935	0.678899	0.553662	0.68624	0.396256	0.784477	1.22449	1.77886	1.25193	0.265276	0.402824	0.212682	0.0028254	0.149502	0.296341	0.431232	0.612927	0.870426	0.373185
ihec.chipseq.ihec-chipseq-containerv1.1.4.IHECRE00000242.3.60fb688a-cd94-4204-878d-aedbff00484b.fc.signal	0	0	0	0	0	0	0	0	0	0	0	0	0.161175	0.28741	0.306923	0.106199	0.0589533	0.417287	0.874818	0.466913	0	0	0	0	0	0	0	0	0	0.0556943	0.348946	0.403022	0.10975	0	0	0	0	0	0.686957
ihec.chipseq.ihec-chipseq-containerv1.1.4.IHECRE00003685.2.cb8ce07d-5bf2-4abf-a883-851526414fcb.fc.signal	0.586515	0.822478	0.866412	0.776934	0.428436	0.641797	0.480307	1.42516	1.84583	3.97734	4.8991	6.82897	3.942	3.3236	2.07445	0.886824	1.18502	0.499365	1.56594	1.19667	3.29942	1.51943	1.39031	0.687541	0.722933	1.07654	0.650313	0.18832	0.224415	0.91661	1.03123	0.820909	2.36694	2.64631	2.67768	1.14892	0.41592	1.66092	0.600536
ihec.chipseq.ihec-chipseq-containerv1.1.4.IHECRE00004604.3.044a44f4-7a76-4042-adca-64782b5c2f81.fc.signal	0.295196	3.28927	0.919909	0.280332	0	0	0	0	0	0	0	0.35983	0.26778	0	0	3.5645	5.86974	0.481471	0	0.284686	0.00207373	0	0	0	0	1.13879	2.35013	1.45424	0	0	0	0	0	0	0	0.32277	1.2375	5.42022	0.527242
ihec.chipseq.ihec-chipseq-containerv1.1.4.IHECRE00004728.1.8beb4625-34f3-4c76-87f5-2108669b4ebf.fc.signal	0.662315	0.657739	0.382543	0.415433	1.01612	1.90329	1.05229	0.583826	1.18675	1.66839	2.44872	2.68317	1.27617	0.585298	0	1.1931	1.14164	0.65791	1.45773	0.746105	1.10472	1.00694	2.37346	0.497904	0.0560075	1.6266	1.11837	1.15726	0.72684	1.06564	2.37609	0.277193	1.45349	2.91367	1.61185	1.19208	1.05488	3.65796	0.857627
ihec.chipseq.ihec-chipseq-containerv1.1.4.IHECRE00004664.3.88322dc5-ffd0-48cb-8071-68d28d8e1eea.fc.signal	0.540176	0.167442	0.639673	1.39073	1.12611	0.9883	1.05315	1.00438	0.667868	1.41469	1.35162	0.827891	0.311919	0	0	0.404972	0.729614	0.324573	0.0833765	0.44666	0.199508	0.102191	0.374874	0.377304	0.776898	1.28314	1.23516	0.704825	0.0655101	0	0.00295427	0.956078	1.67515	0.751244	0.27519	0.302907	0.319537	0.44666	0.508039
ihec.chipseq.ihec-chipseq-containerv1.1.4.IHECRE00000353.2.7feba782-dce7-436b-94de-23dd85e832eb.fc.signal	0.9037	1.24491	1.16253	1.47859	0.388255	0.176577	0.930274	1.14424	0.137599	0	0.609395	1.53038	0.25443	0	0	0.050696	0.493979	0.0905105	0	0	0	0.0563447	0.793671	1.12554	1.13769	0.193044	0.0369656	0.397116	0.0844914	0.362256	0.188847	0.608269	1.8059	0.802104	0.976837	0.898407	0.649551	2.30192	0.36227
ihec.chipseq.ihec-chipseq-containerv1.1.4.IHECRE00001962.2.719bf6dc-a72b-46ff-9660-2f00ca7238e3.fc.signal	10.2852	9.64857	10.6866	10.9237	11.3339	9.93484	9.61429	9.2943	7.92362	6.99527	6.8637	6.06502	7.80473	5.83656	3.10202	3.29539	3.01517	2.92182	6.18801	3.93472	3.84508	4.34664	3.98649	3.85904	4.28614	5.26621	7.26716	5.46101	5.80358	7.51167	5.84951	3.76255	4.50341	7.68965	5.4724	5.25874	6.43009	8.64058	0.427418
ihec.chipseq.ihec-chipseq-containerv1.1.4.IHECRE00000308.2.5d1b7c48-8f4b-4d82-81db-8c83f87afb83.fc.signal	5.53878	4.18996	4.28816	3.16879	2.61227	1.07359	0.562265	0.966776	1.19893	2.50763	2.60865	1.67316	1.04572	1.11201	0.728147	0.259776	0	0.167644	0.58545	0.606345	0.662066	1.02542	0.50557	0.208026	0.728221	0.563859	0.773367	1.10762	0.801787	0.859868	0.00990613	0	0	0.808565	0.932161	0.670577	0.639168	1.26286	0.401751
ihec.chipseq.ihec-chipseq-containerv1.1.4.IHECRE00000983.7.a8cf4d02-7de5-4d62-b6f2-913c0f5454c6.fc.signal	0.424254	3.15086	1.65447	0	0	2.28319	0.832687	0	0	0.606335	0	0.10226	0.479569	0.671498	1.00558	0.170434	0.409047	0.647059	0.823124	0.200857	0	0	0	0.0362459	0.815635	0.275714	0.508866	0.389563	0.223999	0.603822	0.438258	0	0	0	0	0	0.208526	0.91598	0.825806
ihec.chipseq.ihec-chipseq-containerv1.1.4.IHECRE00000828.1.45bbe382-78c1-4fac-99df-1349446e9df6.fc.signal	1.76705	1.6454	0.391951	1.55618	0.983556	2.3974	1.43009	1.14672	0.590756	1.74899	1.81555	2.20576	0.778207	0.509659	0	0	0.851881	0.31987	0.474265	0.142252	0	0.537193	0.733807	0	1.04595	0.40256	0	0.430111	0.359624	0.379177	0.396941	0.0820391	0.119153	0.458052	0.772793	0.182769	0.980102	0.391917	0.303665
ihec.chipseq.ihec-chipseq-containerv1.1.4.IHECRE00003715.2.e8a2a442-a331-474b-9c0f-ad5c0953942a.fc.signal	0.493875	0.578606	1.10561	1.17589	1.11364	0.872603	1.18212	2.35212	1.46294	0.89001	1.29359	1.08483	1.59268	1.79866	1.2602	1.33309	1.15819	0.798625	1.19421	0.726843	0.388271	0.381966	0.769336	0.619383	0.433983	1.3326	1.22148	0.583557	0.136785	0.294406	0.686529	0.723224	0.600336	0.0879613	0.727062	1.31773	0.808422	1.19521	0.349442
ihec.chipseq.ihec-chipseq-containerv1.1.4.IHECRE00003694.3.61c30d06-38bd-4873-b3e9-1676bf3449d1.fc.signal	0	0.199891	0.0765513	0.393569	0.992315	1.17048	0.229546	0.807915	2.41705	2.64579	4.69321	4.28923	1.12909	1.31098	0.911668	0.428998	0.61973	0.46671	0.329646	0.314842	0.584703	0.378764	0.566246	1.07514	0.326741	0.0654279	0.205363	0	0	0	0.233312	0.1869	1.15289	0.741413	0.094075	0	0	0	0.891089
ihec.chipseq.ihec-chipseq-containerv1.1.4.IHECRE00004607.2.654f15ab-b67f-4220-9161-30be6d438771.fc.signal	3.98619	7.93773	4.40644	4.22963	2.73647	5.76393	4.64321	3.37706	6.13216	2.48965	3.43606	3.7718	6.36382	2.99369	0.778914	2.74867	1.91496	2.86477	2.03083	1.34114	4.60638	2.43427	2.04421	3.41674	3.5343	2.16508	2.18186	2.61197	2.85857	1.80125	0.38647	0.67454	1.25808	1.60926	0.771065	0.880568	0.556365	0	0.648622
ihec.chipseq.ihec-chipseq-containerv1.1.4.IHECRE00001964.2.194197dc-d3ad-4faf-839a-1e28c390e1c7.fc.signal	1.66132	2.04112	2.1204	0.476306	0.43916	0.406254	0.503947	0.891053	0.55225	0.794381	1.77609	1.565	1.12637	1.06863	0.746993	0.504842	0.0514315	0.596935	0.790229	0.888449	1.0318	0.821739	0.584194	1.12925	1.83203	0.718539	0.389429	0.804612	0.590296	0.532349	0.0502425	0.205386	0.500117	0.00179173	0	0.433301	1.28185	1.96212	0.439394
ihec.chipseq.ihec-chipseq-containerv1.1.4.IHECRE00004618.1.40df65f6-ad48-44fa-bfba-39b465419c5e.fc.signal	0.279476	0.0465444	0.533859	0.543106	1.34783	1.48675	1.86144	3.1012	1.64723	1.1673	0.673339	1.48251	2.12047	1.1556	0.105967	0	0	0.319411	1.74386	0.814736	0.561854	0.62535	0.364613	0.948494	0.532983	1.81569	1.68265	0.241732	0.0302042	0.317534	1.39058	0.807477	1.0199	1.26293	2.49584	1.38183	0.80711	1.12639	0.781302
ihec.chipseq.ihec-chipseq-containerv1.1.4.IHECRE00004655.3.5ad5ea75-e5d4-4eb8-b48f-34fd517b64b3.fc.signal	0.527969	0.918359	0.573508	1.24993	0.382713	0.945406	0.45038	0.637795	1.63766	0.775381	0.722536	0.537289	0.63138	0.924274	0.945326	0.76546	1.35429	0.95889	0.514147	0.341739	0.953554	0.529853	0.396336	0.379383	0.439165	0.774039	1.03419	1.95791	1.1224	1.45209	0.750074	0.998934	0.420601	0.683478	0.946358	0.59587	1.08462	1.46636	0.499299
ihec.chipseq.ihec-chipseq-containerv1.1.4.IHECRE00000775.1.672aeb75-b003-40bb-88b0-79458561e736.fc.signal	0.250121	1.20214	0.0105537	0.321945	0.378776	0.380221	0.627432	0.375081	0.418609	0.81262	0.0781825	0.116527	1.83908	1.48222	0.187474	0.0639152	0.436797	0.177321	0.51242	0.0590342	0.105006	0.467348	0.00241213	0.15367	0.626224	0.0565368	0.491456	0.930297	0.0482319	0	0.32832	0.08879	0.155406	0.309191	0.129083	0.131673	0.269791	0.377969	0.452617
ihec.chipseq.ihec-chipseq-containerv1.1.4.IHECRE00001959.2.a16168d3-492b-4fa9-9ed9-f6132409aea8.fc.signal	1.09744	2.44721	1.64684	0.483582	0.968917	0.923893	0.686653	1.4344	1.24832	1.0479	2.90274	2.71654	1.28111	1.10969	0.600173	0.406235	0.305713	0.767995	0.993649	0.591915	0.922899	1.68406	1.54078	1.08529	1.56879	0.145905	0.387781	0.674208	1.39251	0.691836	0.336864	0	0.110165	1.93252	0.852204	0.286229	0.103647	0.562612	0.380049
ihec.chipseq.ihec-chipseq-containerv1.1.4.IHECRE00000112.3.82db9956-8c8a-45e2-94d6-753768151911.fc.signal	1.23141	0.732216	0.08524	0	0.314601	1.1982	1.66798	1.69368	3.64447	1.64396	1.90403	0.761685	0.498849	0.766959	0	0	0	0.392238	0.759079	1.02067	1.44689	0.27912	0.89085	0.603763	0.329553	0.241652	0.751654	1.8622	0.776759	0.51449	0.410408	1.10019	0.542543	0	0.0695832	1.70021	1.27509	1.45237	0.495238
ihec.chipseq.ihec-chipseq-containerv1.1.4.IHECRE00001900.1.eba0146b-fc0a-4798-98b6-8f831ec2d14a.fc.signal	0.590889	1.40574	0.65121	0.340038	0.749641	1.58098	0.602416	0.208664	0.758473	1.15743	1.19159	0.517798	0.592426	0.750403	0.416115	0.838911	0.645376	0.48427	0.512542	0.524841	1.00244	0.790067	1.25851	0.768409	0.240303	0.506019	1.21812	1.06028	0.501024	0.41702	0.0533935	0.483569	1.57104	1.12832	1.21244	0.289913	0.951679	1.45034	0.46875
ihec.chipseq.ihec-chipseq-containerv1.1.4.IHECRE00001905.1.df1689af-57f6-440c-8357-740ccbe030e5.fc.signal	1.43714	0.411522	0.443321	0.395644	0.432932	0.640996	1.41178	0.753058	0.820699	0.745813	2.17691	2.44299	1.54317	1.32932	0.651549	0.280944	0.14744	0.0067148	0.440517	0.228996	0.224562	0.290236	0.158086	0.47008	0.594201	0.983894	0.405965	1.00116	1.03284	0.512156	0.132946	0.586593	0.092454	0	0	0.0561888	0.664786	0.822301	0.349673
ihec.chipseq.ihec-chipseq-containerv1.1.4.IHECRE00001955.3.e3f14527-a39d-40b4-9738-20c86afa593c.fc.signal	3.61083	3.29771	3.85094	3.48589	2.64169	1.91613	1.4555	0.738425	1.18993	1.00936	1.88556	1.91398	0.95219	0.677639	0.344205	0.169514	0.462357	1.15918	0.780764	0.798129	1.97059	1.65605	1.3821	1.54775	1.66818	0.767924	0.267047	0.331608	0.557773	0.399251	1.02308	1.18742	0.583726	1.01608	1.45462	0.90491	1.23349	0.588594	0.30799
ihec.chipseq.ihec-chipseq-containerv1.1.4.IHECRE00000317.2.3c23d7dd-68a4-4757-a8c9-0e430f641fbf.fc.signal	3.00906	2.50516	1.10295	1.12199	0.847574	0.732179	0.916968	0.296275	1.48385	1.23955	1.04557	1.79306	2.32212	1.89942	1.03212	1.89529	1.41378	0.55112	1.3754	0.290916	0	0.0756121	0.224675	0.455751	1.08144	0.506961	1.0353	1.98923	0.524302	0.617332	0.418481	0	0	0.331869	0.37505	0.953954	1.62432	0.658327	0.34576
ihec.chipseq.ihec-chipseq-containerv1.1.4.IHECRE00000774.3.0226d0bd-e448-4e8e-922e-bd3e7a7abd00.fc.signal	0.798724	0.816275	0.730901	0.629684	0.062567	0.628997	0.291129	1.45403	1.92788	1.60215	1.69684	2.26119	4.45421	2.99219	1.93167	2.15514	0.443149	0.205063	0.202967	0.927962	0.636317	0.0075752	0.367397	0.829484	0.0909024	0.708281	0.927962	0.4886	0.594653	0.499963	0.655254	1.88243	0.28407	0.446937	0.56814	0.0265132	0.0340884	1.1274	0.440716
ihec.chipseq.ihec-chipseq-containerv1.1.4.IHECRE00001963.2.fedd976d-b28a-4be3-ac2b-5bf744440420.fc.signal	18.0683	15.9309	13.5014	13.8067	15.9683	20.2262	16.3155	12.3313	11.9341	9.81433	8.78439	10.3873	10.0022	7.27448	5.46723	6.82843	6.67097	4.93787	7.76297	8.28016	5.25437	4.22724	6.50539	7.61617	7.69833	7.67266	6.53856	5.9968	5.16998	6.26999	8.96789	7.47927	8.00975	8.96161	7.12099	6.28577	5.91367	8.4301	0.493494
ihec.chipseq.ihec-chipseq-containerv1.1.4.IHECRE00001025.7.9c7e2dd7-abf1-40e7-80a7-163dc7b3844f.fc.signal	0.28699	0.448209	0.342719	0	0	0.780901	0.232546	0	0	0	0	0.330491	0.290131	0.435577	0	0.101976	0.854012	0.362975	1.25944	0.553205	0.742842	0.122719	0.0187171	0.360924	0.223669	0.790123	1.26593	0.100968	0	0	0	0	0	0	0	0	0	0	0.664
ihec.chipseq.ihec-chipseq-containerv1.1.4.IHECRE00000236.3.2c1c8672-6452-4ab8-881a-a766bd324041.fc.signal	0.24721	1.58326	1.37387	0.0378168	0	0	0	0	0	0	0	0.114801	0.769611	2.00144	2.78395	4.06366	2.37706	1.81938	1.87755	1.00949	0.0474023	0	0	0	0	0.433628	0.940208	0.757847	0.275555	0.0243108	0	0	0	0	0	0.302586	1.44951	3.03318	0.635359
ihec.chipseq.ihec-chipseq-containerv1.1.4.IHECRE00004703.3.ff0deec0-0a6b-4d27-8ce7-758715469921.fc.signal	0.440436	1.3843	1.32956	0.964106	0.908234	1.74874	0.82943	1.01009	1.52064	3.02363	2.86928	0.940613	1.36542	1.69021	0.820061	1.02007	1.38683	0.974143	0.632868	1.31366	1.611	0.69618	1.83308	0.853305	0.838717	1.47856	0.703786	0.626275	0.678266	0.421876	0.838903	0.477561	1.20592	0.765701	0.206844	0.679747	0.552636	0.328299	0.439815
ihec.chipseq.ihec-chipseq-containerv1.1.4.IHECRE00000124.3.7fe1ce38-bbc5-43fa-a5e9-edea03584032.fc.signal	3.13557	1.53382	0.802873	0.476985	0.425801	1.32196	1.66746	0.41412	1.0937	1.53176	1.44757	2.12038	1.65097	1.23207	0.711858	0.76388	0.599603	1.1294	1.94256	1.21224	0.648237	1.29148	0.795145	0.90174	0.81727	0.889753	1.60006	2.46048	1.06605	0.548753	0.200518	0.50299	0.739196	1.80716	0.840748	0	0	0	0.870567
ihec.chipseq.ihec-chipseq-containerv1.1.4.IHECRE00000831.3.4e376f30-4003-4c7e-977c-588c33e2f5b4.fc.signal	1.25367	0.65949	0.747289	0.966009	0.65377	0.483532	0.842853	1.02386	0.792536	0.516707	1.65811	1.69574	1.47129	1.03136	0.156621	0.316114	0.287767	0.267746	0.427668	0.818266	0.0241638	0.400483	0.0957973	0.378671	0.174152	0.259886	0.581807	0.297064	0.551474	0.19166	0.349864	0.444122	0.405518	0.869313	0.714124	0.336314	0.433966	1.47056	0.446721
ihec.chipseq.ihec-chipseq-containerv1.1.4.IHECRE00003813.1.0652445e-a604-4bf6-a647-b7142178f30a.fc.signal	0.361882	0.45236	0.987555	1.1206	0.867425	0.823535	0.820531	0.248849	0.434263	0.231874	0.0893084	0.609792	0.27737	0.344673	0.396306	0.299147	0.299018	0.203239	0.54985	0.634896	0.186178	0.35059	0.142605	0.742182	0.501548	0.181945	0.170851	0	0.0391421	0.384352	1.03591	0.727712	0.387111	0.235039	0.325301	0.392628	0.42348	0.257649	0.34188
ihec.chipseq.ihec-chipseq-containerv1.1.4.IHECRE00000235.3.077c5772-92ce-4a32-a06f-48c1b9a6f571.fc.signal	0.0456801	0.389718	0.276822	0	0	0	0	0	0	0	0	0	0.404467	0.90381	1.04652	1.65229	1.11282	0.862352	3.1094	2.17282	0.288915	0	0.237835	0.378964	0.536146	1.13682	0.533455	0.0255271	0	0	0	0	0	0	0	0.0497154	0.976907	1.11017	0.580952
ihec.chipseq.ihec-chipseq-containerv1.1.4.IHECRE00000233.3.c81f88e2-7199-4952-a0ac-fbf221a68e22.fc.signal	0.118125	0.490138	1.12089	0.811421	0.010632	0	0	0	0	0	0	0	0.0456909	0.402722	0.716274	1.43076	1.69275	1.39371	2.00198	1.07836	0.15948	0	0	0	0	0	0	0	0	0	0	0	0	0	0	0.0259893	0.689765	1.59312	0.639854
ihec.chipseq.ihec-chipseq-containerv1.1.4.IHECRE00000230.3.93bed2a7-7118-417a-9bcf-494520ff91da.fc.signal	0.512723	0.975766	0.421939	0.0321153	0	0	0	0	0	0	0	0.10645	0.49766	0.912917	0.699486	0.517101	0.169773	0.0843596	0.682532	0.913912	1.34476	0.766018	0.186872	0.209683	0.454537	1.37293	2.10654	1.42939	0.484354	0.031584	0	0	0	0	0	0.00877333	0.592662	1.22693	0.787356
ihec.chipseq.ihec-chipseq-containerv1.1.4.IHECRE00000094.3.78702c15-fd78-4925-ac56-ecb614183d13.fc.signal	0	0.918021	0.859486	1.09208	2.57126	0.902529	0	1.39	2.95705	1.63179	0.633738	2.96775	2.90153	0.91933	0.215806	1.08833	1.77576	0.00977333	0	0.265571	0.24186	0.23016	1.20005	1.75512	1.8932	0.831139	1.08892	1.43084	0.334039	1.1616	0.612484	1.08117	2.3537	2.10638	1.66415	0.427453	0	0.336287	0.783942
ihec.chipseq.ihec-chipseq-containerv1.1.4.IHECRE00004616.1.bdf8440d-f4c1-4471-9c29-b1cf45563873.fc.signal	0.910403	1.47641	0.46724	0.618641	0.75437	1.27557	0.586468	0.219869	0.238191	1.04756	1.1331	0.864322	0.784945	0.679548	0.0356269	0.400114	0.51618	0.460222	0.452023	0	0.60084	1.66763	0.375632	0.615647	1.01249	0.217609	1.13183	0.558039	0.552172	0.66277	0.224639	0.204613	1.45682	1.67364	1.44461	1.05065	0.573851	0	0.537037
ihec.chipseq.ihec-chipseq-containerv1.1.4.IHECRE00004608.1.6d8749d8-24c7-4e6d-8992-3543e47f35de.fc.signal	0.660264	0.652737	0.0239351	0.280246	1.50779	1.77592	0.0556279	0.725436	1.64471	2.06798	1.36535	0.896142	1.4233	1.47567	0.366499	0.69129	0.630995	0.551186	0.513055	0.458616	1.51976	0.866518	0.823217	2.21811	1.68886	0.732945	1.73381	0.821136	0.079798	0.826148	0.625814	0.958889	1.05083	1.71186	0.952887	0	1.52196	2.917	0.771845
ihec.chipseq.ihec-chipseq-containerv1.1.4.IHECRE00000980.8.339aed23-3831-43ff-b152-c5545f91df38.fc.signal	0	0	0	0	0	0	0	0	0	0	0	0	0	0	0	0	0	0	0	0	0	0	0	0.106981	1.53629	1.51222	1.19912	0	0	0	0	0	0	0	0	0	0	0	0.842767
ihec.chipseq.ihec-chipseq-containerv1.1.4.IHECRE00003691.3.e70a956a-e876-473f-ae67-333f104e486a.fc.signal	2.07094	1.80278	2.32643	2.21603	1.59616	3.2949	0.547272	2.87566	3.28083	5.95683	8.01875	7.65393	2.56272	2.08193	1.88477	1.98102	1.18173	0.873497	1.31802	1.46021	2.90654	0.990976	1.02555	0.891385	1.33038	0.519988	0.690219	2.62486	1.82703	1.41637	1.87535	0.260233	0.444756	2.21759	1.12297	0.550446	0.457368	0.321557	0.583966
ihec.chipseq.ihec-chipseq-containerv1.1.4.IHECRE00004681.3.c6a7774b-6eaf-490c-a1c8-9eecf570b062.fc.signal	2.16434	1.43311	2.12684	1.02177	1.14044	1.04542	0.531691	1.62073	1.9045	2.93014	2.46523	1.70995	1.05846	0.13063	0.840903	1.29089	0.276403	0	0.499916	1.01862	2.65368	1.97715	1.79159	1.10849	1.43081	0.725041	2.17807	1.17841	0.84368	1.03213	0.432177	0	0	0.277965	0.183369	0	0.0227461	0.42649	0.447106
ihec.chipseq.ihec-chipseq-containerv1.1.4.IHECRE00000222.3.752eff28-f561-4493-9961-9376765e5593.fc.signal	0.322181	1.04308	0.760518	0.0805485	0	0	0	0	0	0	0	0	0.457044	1.48599	1.24842	0.717378	0.18601	0.454647	1.31485	1.14144	0.289175	0.351244	0.137329	0.203352	0.467428	0.536075	0.394793	0.314271	0.246927	0.0554596	0	0	0	0	0	0.0356526	0.39614	0.360549	0.666667
ihec.chipseq.ihec-chipseq-containerv1.1.4.IHECRE00000231.3.9f5b0463-4f76-4b11-9c3e-298af7f4a26f.fc.signal	0	0	0	0	0	0	0	0	0	0	0	0	0.595423	2.28146	4.52594	7.32333	4.88263	2.86869	3.89405	1.64931	0.742722	0.124484	0	0	0	0	0	0	0	0	0	0	0	0	0	0.0062242	1.38585	2.91743	0.510157
ihec.chipseq.ihec-chipseq-containerv1.1.4.IHECRE00004603.3.7d97a6bf-d33b-47aa-868b-891cee1e0474.fc.signal	0	0	0	0	0	0	0	0	0	0	0	0	0	0	0	1.01415	1.99695	0.373621	2.6724	2.46562	0.486681	0.11828	0	0	0	0	0.391254	0.260836	0.347781	0.304309	0	0	0	0	0	0	0.276388	1.54133	0.355372
ihec.chipseq.ihec-chipseq-containerv1.1.4.IHECRE00001236.5.94801060-fc98-4727-a392-ae741c9cf8fc.fc.signal	1.71159	3.75317	4.12458	0.774216	2.16645	2.10874	1.26659	0	0	0.848978	0.139206	2.25618	1.69784	0.823482	1.09228	3.65719	1.44997	1.27339	3.96345	1.18443	4.79942	0.63852	0	0.608014	2.1586	0.959047	1.42574	3.88399	0.553455	0	0	0	0	0	0	0	0.0088804	0.808557	0.881703
