	chr2:61836038-61836187	chr2:61836188-61836337	chr2:61836338-61836487	chr2:61836488-61836637	chr2:61836638-61836787	chr2:61836788-61836937	chr2:61836938-61837087	chr2:61837088-61837237	chr2:61837238-61837387	chr2:61837388-61837537	chr2:61837538-61837687	chr2:61837688-61837837	chr2:61837838-61837987	chr2:61837988-61838137	chr2:61838138-61838287	chr2:61838288-61838437	chr2:61838438-61838587	chr2:61838588-61838737	chr2:61838738-61838887	chr2:61838888-61839037	chr2:61839038-61839187	chr2:61839188-61839337	chr2:61839338-61839487	chr2:61839488-61839637	chr2:61839638-61839787	chr2:61839788-61839937	chr2:61839938-61840087	chr2:61840088-61840237	chr2:61840238-61840387	chr2:61840388-61840537	chr2:61840538-61840687	chr2:61840688-61840837	chr2:61840838-61840987	chr2:61840988-61841137	chr2:61841138-61841205	Expression
ihec.chipseq.ihec-chipseq-containerv1.1.4.IHECRE00003690.3.bb55a212-99c2-4448-84cc-6786b9df2691.fc.signal	0.00185513	0.751919	0.430274	0.0797707	0.487764	0.306015	0.313425	0.145861	0.338099	0	0	0	0	0.309296	0.94293	0.64751	0.302511	1.21805	1.02939	0	0	0.150233	0.386354	0.33922	2.09585	2.40459	0.239261	0	0	1.60624	0.916118	0.433826	0.730984	0	0	0.370115
ihec.chipseq.ihec-chipseq-containerv1.1.4.IHECRE00000987.6.289adc7a-9e11-437f-b6f6-57bfdeddcb3b.fc.signal	1.37045	0.388573	0.359137	0	0	0	0.220282	0.456023	0	0	0	0	0	0	0.285153	0.751825	0.215949	0.181751	0	0	0.307837	0.561743	0.0477173	0.244386	0.659042	0.274923	0.505468	0.724642	0.47921	0	0	0	0.0254725	0.690128	0.733098	0.571984
ihec.chipseq.ihec-chipseq-containerv1.1.4.IHECRE00000949.6.e11d45c2-991c-46e2-8d13-bb1e23aff42f.fc.signal	0.264841	0.342123	0.278629	0.235414	0.204821	0	0.18166	0.469947	0.537082	0.627922	0.13822	0.230417	0.854958	0.587785	0.0908301	0	0	0.712326	0.549517	0	0	0	0.432855	0.0890453	0.0582941	0.58531	0.0580393	0.355382	0.241658	0	0	0	0	0.0601056	0.353565	0.657025
ihec.chipseq.ihec-chipseq-containerv1.1.4.IHECRE00001002.4.308bde30-3fb4-4075-a143-aa64ea58703c.fc.signal	0	0	0.0290389	0.738063	1.94825	0.895122	0.122542	0.250595	0.0517256	0.507454	0.578262	0.126183	0.0725973	0.127953	0.304086	0.411206	0.0716899	0.181547	0.0991644	0.217466	0.0344837	0.0154269	0.859714	0.642762	0.638236	1.61326	0.990473	0.816162	0.580078	0.506561	0.47296	0.935982	0.753504	1.05222	1.05137	0.446667
ihec.chipseq.ihec-chipseq-containerv1.1.4.IHECRE00000237.3.a5cd5780-31d9-4de0-9c6f-91eeeabb1306.fc.signal	0.481671	0.155952	0.110988	1.46593	2.96157	3.27355	1.98092	0.601265	0.234018	0.728924	0.568619	0.27596	0.0151104	0	0	0	0	0.0498192	0.282459	0.815158	1.47179	1.49484	1.71016	1.42124	1.50067	1.10285	0.0389987	0	0	0	0.307146	0.817963	0.971083	0.312798	0	0.443038
ihec.chipseq.ihec-chipseq-containerv1.1.4.IHECRE00000224.3.98331644-3ccd-45b3-bad7-e0e81208e171.fc.signal	0	0	0	0.0125704	0.386679	0.679911	1.35455	0.910572	0.194534	0.409856	1.15118	1.05072	0.116521	0	0	0	0	0	0.0492959	0.907609	1.58904	0.700619	0.360648	0.531866	1.10996	0.917833	0.356596	0.117872	0	0	0.303896	0.554231	0.687142	1.57902	1.88964	0.2
ihec.chipseq.ihec-chipseq-containerv1.1.4.IHECRE00001892.4.1a48d1e3-a2d4-434f-8cee-d284ec0da60a.fc.signal	0	0	0.649531	0.718801	0.154573	1.06125	0.387449	1.20676	0.0321803	0	0	0.474659	1.0539	0	0	0	0	0	0	0	0	0	0	0	0	0.0115091	0.880245	0.237331	0.647768	2.41145	0.166137	0.312421	1.12911	0	0	0.625866
ihec.chipseq.ihec-chipseq-containerv1.1.4.IHECRE00000228.3.8bd2a4a9-ace6-4e3a-b0aa-9993e4990638.fc.signal	0	0	0.0029634	0.503228	0.59515	0.581027	0.458458	0.0770102	0	0.307529	0.741854	0.114847	0	0	0	0.286212	0.38854	0.084652	0.0121867	0.754003	1.47911	0.61799	0.352982	0.302146	0.0111856	0	0	0	0	0.0277149	0.227347	0.414157	0.229138	0.114988	0	0.169903
ihec.chipseq.ihec-chipseq-containerv1.1.4.IHECRE00001990.1.14fdd58f-89fa-40e4-a658-f79765679f58.fc.signal	0.733098	0.416349	0	0.144366	0.642718	0.273644	0	0	0.486773	0.078742	0	0	0.359601	0.414235	0.360073	0	0.26745	0.676274	0.116607	0	0	0	0	0	0.489232	1.51679	1.34606	0.115242	0.451963	0.0368935	0.345213	0.615446	1.59308	0.0380744	0	0.316176
ihec.chipseq.ihec-chipseq-containerv1.1.4.IHECRE00000234.3.004bcd0c-68a8-42c5-b5aa-454db7d061e9.fc.signal	0.0422972	0	0	0.660889	1.82388	2.16736	2.01635	1.66399	0.346133	1.09099	1.78076	1.33714	0.299977	0	0	0	0	0	0	0.698713	1.28077	1.26025	2.5256	2.02562	1.35255	0.916651	0.132044	0	0	0.0794855	0.727305	2.22439	2.4928	1.54896	1.49901	0.727273
ihec.chipseq.ihec-chipseq-containerv1.1.4.IHECRE00000665.1.5571d7d7-4894-4e51-8082-c8a874cb2438.fc.signal	0.252174	0.428306	0.347469	0.412797	0.898143	0.132317	0.125589	0.255393	0.177086	0.154965	0.236752	0.12436	0.373879	0.237459	0.486456	0.0800746	0.22963	0.152902	0.229721	0.0627947	0.243305	0.0508339	0.00631587	0.253069	0.337549	0.220813	0.0185093	0.323048	0.486767	0.222383	0.0270667	0.283867	0.266353	0.315156	0.2291	0.329193
ihec.chipseq.ihec-chipseq-containerv1.1.4.IHECRE00003676.3.edac7fd7-5249-4224-ba52-76d331cfbbb5.fc.signal	0.584473	1.35633	1.41235	1.21247	0.946812	0.413413	0.756793	1.36994	1.16317	0.797652	0	0	0.19663	0.433715	0.338845	0.723059	0.600428	0.969826	0.338855	0.440415	1.00414	0.0555115	0.991404	1.53149	1.54777	0.999402	0.494037	0.8524	0.815264	1.24331	0.588868	0.401927	1.02541	0.574865	1.26633	0.392361
ihec.chipseq.ihec-chipseq-containerv1.1.4.IHECRE00001965.2.b75058ba-d142-4ae0-9acf-08c2d019a7dc.fc.signal	0.439318	0.336291	0.433604	0.288389	0	0.387301	0.337387	0.50527	0.0643976	0	0.299322	0.0908959	0	0.226701	0.676703	0.888175	0.887863	0.936556	0.454029	0	0.192677	0.301331	0.372197	0.0867161	0.34517	0.418839	0.468369	0.435514	0.829127	0.910313	1.35936	0.007632	0.172451	0.798281	0.470829	0.691358
ihec.chipseq.ihec-chipseq-containerv1.1.4.IHECRE00001952.2.52215347-885a-4412-918b-b787711b8d37.fc.signal	1.51233	0.445935	0.731508	1.02732	1.97437	1.70102	0.97638	1.76724	1.50476	0.557814	0.324625	0.602944	0.344972	0.342436	1.25173	1.16942	0.513977	0.762144	0.749556	0.158255	0.52671	0.573191	1.87841	1.43107	1.79786	1.97903	0.897393	1.22477	1.51504	0.625122	0.467535	0.642058	0.83571	0.248859	0.079345	0.752941
ihec.chipseq.ihec-chipseq-containerv1.1.4.IHECRE00003846.4.a8b62515-f113-4847-973f-317b45173002.fc.signal	2.59868	1.82094	0.72865	0.135628	0.673375	0.498907	0.429063	0.202597	0.668438	1.06884	0.128785	1.35162	0.674188	1.29168	1.19029	0.356246	0.127213	0.944087	0.369151	0	0.563496	0.157949	0.139167	0.841647	2.06535	0.9723	1.79788	0.40686	2.47571	0.755681	0.173218	0.0785168	0.448914	0.40426	0.473056	0
ihec.chipseq.ihec-chipseq-containerv1.1.4.IHECRE00003684.3.b5459224-ca8f-46dd-880a-e16781c88032.fc.signal	0.523093	0.573714	1.26119	0.558635	0.170219	0	0.36695	0.244674	0	0	0	0.453485	0.329772	0.528275	0.0805625	0	0.108933	0.568438	0.518872	0.229909	0.381774	0.489342	0.122336	0.121306	0.624658	0.490947	0.168544	0.279764	0.366602	0.0880991	0.218012	0.11599	0.0866825	0.77721	0.180601	0.363128
ihec.chipseq.ihec-chipseq-containerv1.1.4.IHECRE00003693.3.f2b1cfa1-231f-48d8-af6a-ed3f48905f6f.fc.signal	0.103759	0.857815	0.77335	0.408168	0.25108	0	0.163474	0.739439	0.921151	0.563019	0.380372	0.256958	0.224412	0.503067	0.623761	0.0698894	0.274887	0.826727	0.107368	0	0	0	0.178914	0.290955	0.430089	0.0586225	0	0.118563	0.453789	0.745668	0.495567	0.189865	0.438686	0.116154	0	0.307692
ihec.chipseq.ihec-chipseq-containerv1.1.4.IHECRE00001039.6.a3034dad-cf3f-4b0e-b7ac-4dfa7b52d765.fc.signal	0.238733	0.605994	1.45207	0.415618	0.209054	0.298648	0.713907	1.00089	1.00084	0.747473	0.843647	0.0970606	0.604762	0.684722	0.900576	0.996899	1.7345	1.11064	0.291182	0	0	0.0472859	1.80079	1.44525	0.499225	1.0209	2.23309	2.6055	1.64049	1.01039	0.288048	0.0447972	0.37331	0.328646	0.582793	0.410526
ihec.chipseq.ihec-chipseq-containerv1.1.4.IHECRE00004635.3.13102329-ee3d-4773-b2d1-9ab40cd17100.fc.signal	0.323356	0.274091	0.291235	0.3919	0.583879	0.723304	0.317475	0.215147	0.657213	0.612449	0.0218318	0	0.431779	1.30626	0.96144	0.29441	0.295931	0.779747	0.804208	0.103644	0.1829	0.0268253	0	0.242704	1.04406	0.684251	0.399974	0.766474	0.615099	0.611163	0.373056	0.476885	0.395186	0.0780356	0.139865	0.0858586
ihec.chipseq.ihec-chipseq-containerv1.1.4.IHECRE00001044.7.93646603-f0c6-4b5c-9750-3c77b569d934.fc.signal	0.728191	0.954282	1.15197	0.196272	0.105728	1.0738	1.17292	0.67732	0.909288	1.08669	0.244496	0.494114	0.498742	1.04459	0.91986	1.99933	1.39232	0.850954	0.34692	0.4956	0.042952	0.723576	1.4465	1.04611	0.671299	0.281851	0.438217	1.15166	1.76262	1.08112	0.598972	0.491833	0.43516	0.894697	1.21663	0.517787
ihec.chipseq.ihec-chipseq-containerv1.1.4.IHECRE00001235.5.b69b018c-be0b-42b3-9bd0-adb684b6c71f.fc.signal	0	0.672884	0.0424247	0.217073	0.564077	0.778348	0.926486	0.810642	0.11389	1.23753	2.05944	0.0509747	0	0.0601779	0.57684	0.623257	0.171413	0	0.0233835	1.40356	0.0310342	0	0.7468	0.906909	1.33538	0.990531	0.075106	0.199058	0.460911	0	0.296145	1.25279	1.37308	0.357594	0.409135	0.371257
ihec.chipseq.ihec-chipseq-containerv1.1.4.IHECRE00003686.3.867f20aa-cd84-4630-be8b-4d90cccd43d7.fc.signal	0	0	0	0	0	0	0.0264618	0.486679	0.270255	0	0	0	0	0.0652426	0.274076	0	0.125589	0.637535	0.0559841	0	0	0.141956	0.475405	0.0819207	0.366173	0.137869	0	0	0.03752	0.189442	0.0590813	0.0918937	0.253097	0.123396	0.338413	0.324176
ihec.chipseq.ihec-chipseq-containerv1.1.4.IHECRE00001954.2.fc509fae-cfc8-4cd1-b6e1-cb05b98526c1.fc.signal	0.239035	0.328145	0.653583	0.171417	0.265214	0.875139	1.72048	0.205137	0	0	0.0101052	0.771741	0.411929	0.248434	0.388258	1.07065	1.82596	1.07335	0.0445476	0.165792	0.896189	0.905994	1.07823	0.822964	1.65364	0.928501	0.879517	1.09172	0.706861	1.1982	0.539006	0.559562	0.381316	0.0044344	0.119925	0.765306
ihec.chipseq.ihec-chipseq-containerv1.1.4.IHECRE00000957.7.e974118a-1765-49cc-99dd-3d99dcd758cf.fc.signal	0	0	0	0.568324	0.69462	0	0	0.490426	0.0883946	0.509321	0.122069	0	0	0	0	0.391462	0.239928	0	0	0	0.480802	0.115542	0	0.432313	0.0166988	0	0	0	0	0.990413	0.197846	0	0.034788	0.482084	0	0.496241
ihec.chipseq.ihec-chipseq-containerv1.1.4.IHECRE00004641.3.2af65a74-ad9a-47d1-bb59-7449ff40f2d9.fc.signal	0.434587	0.857927	0.744442	0.973962	0.970995	0.324781	0.295837	0.413232	1.0112	0.757239	0.768573	0.431382	1.16285	1.43329	1.32413	0.947723	1.12883	1.29641	0.469647	0.652243	0.973272	0.315634	0.744085	0.967879	0.988794	0.917431	1.20449	0.755017	0.202426	0.683239	0.406568	0.597734	0.598587	0.293759	0.387493	0.0971429
ihec.chipseq.ihec-chipseq-containerv1.1.4.IHECRE00002063.1.fc1674f3-b9c6-4107-8983-478acef979ab.fc.signal	0.21549	0.167125	0.498162	0.641512	1.09124	0.776863	0	0.290749	0.552225	0.53134	1.47967	0.533094	0.50758	0.418941	0.283277	0.39712	0.977977	1.46902	0.26217	0.321128	0.389723	0.195154	0.211178	0.768024	0.753615	0.546213	0.662505	0.83158	0.784052	1.63952	1.41741	0.578686	1.15033	1.04091	1.03794	0.323353
ihec.chipseq.ihec-chipseq-containerv1.1.4.IHECRE00004713.2.73d0436f-3c8c-4e5c-a1fe-dc4d41b2902f.fc.signal	0.325993	0.296913	0.724605	0.155017	0	0	0	0.362784	0.851662	0	0.396033	1.18283	0.621443	0	0.342839	0.3365	0.0778429	0.862128	0.253775	0	0	0	0	0.495094	0.626081	0.937633	1.00826	0.258616	0.270657	0.292082	0.454709	0.111861	0.536418	0.977928	0.887439	0.835
ihec.chipseq.ihec-chipseq-containerv1.1.4.IHECRE00000221.3.7d6e7c7b-090f-4b2a-a7ba-f833c718a8ac.fc.signal	0	0.277445	0.619046	2.58925	2.08458	2.31447	2.33754	0.678142	0.197808	0.811718	1.08655	0.318542	0	0	0	0	0.250393	1.16458	0.318554	0	0	0	0.388835	0.707583	0.0590855	0	0	0	0	0	0.37189	1.23103	1.3717	1.08143	1.06526	0.354651
ihec.chipseq.ihec-chipseq-containerv1.1.4.IHECRE00003675.3.83112ba3-4a46-4bcb-b23c-b8a94da18e77.fc.signal	0.428913	1.78856	0.96166	0.0708011	0.216934	0.234889	0.0659902	0.4373	0.412101	0.190603	0.573148	0.22533	0.352041	0.384211	0.219404	0.197292	0.230432	0.275093	0.144578	0.402111	0.468413	0.0062644	0.35631	0.408883	0.355562	0.0255873	0.530354	0.771676	0.294303	0.67106	0.448817	0.47013	0.578501	0.0522679	0.247617	0.221774
ihec.chipseq.ihec-chipseq-containerv1.1.4.IHECRE00002086.1.61135aae-0e5d-4a79-9f3a-0fb631125d88.fc.signal	0.71657	0.33174	0	0.189325	0.300344	0.366557	0.035208	0.791203	0.430377	0.731077	0.839748	0.229989	0	0.0583491	0.608322	0.00871333	0.33324	0.778691	1.06577	0.297452	0.232879	0.543061	1.53032	0.985416	0.428261	0	0	0	0	0.209887	0.984005	0.0592341	0.107178	0.882049	0.696484	0.145985
ihec.chipseq.ihec-chipseq-containerv1.1.4.IHECRE00001851.4.41736f40-6f67-4bdc-bc7e-afd139847fe8.fc.signal	0.0947624	0.131038	0.74604	0.384491	0	0	0	0	0	0.159002	0.337372	0.0142273	0.221097	0.305012	0.58508	0.479034	0.78258	0.467019	0.378234	0.378349	0.622433	0.454471	0.310743	0.112746	0.400341	0.484921	0.464318	0.57496	0.0112577	0.293221	0.258183	0.381413	0.216551	0.387896	0.472962	0.631579
ihec.chipseq.ihec-chipseq-containerv1.1.4.IHECRE00003679.3.9ac74a4d-9d70-4efc-945e-29c0f04f171f.fc.signal	0.798088	1.29653	1.24409	0.230947	0.0266305	0.347203	0.321366	0.273887	0.877897	0.646221	0.280941	0.0965475	0.353095	1.40795	0.940978	0.630549	0.69626	0.298132	0	0.280142	0.0894354	0.0071814	0.280435	0.269948	0.708197	0.524314	1.15261	0.701513	0.272267	0.278678	0.0145595	0.0451111	0.353081	0.38019	0.594979	0.232
ihec.chipseq.ihec-chipseq-containerv1.1.4.IHECRE00003680.3.f291fb29-a363-426c-a2c2-33a98c6182ef.fc.signal	0	0	0	0	0	0	0.332122	0.480438	0.0156248	0.285629	0.911398	0.0280687	0	0	0.0200582	0.257481	0.00408167	0	0	0.00661867	0.323766	0.0916871	0.017911	0.338108	0.216508	0.00632667	0	0.00874287	0.306735	0.233504	0.153173	0.378189	1.89563	0.609017	0.0184332	0.149123
ihec.chipseq.ihec-chipseq-containerv1.1.4.IHECRE00003695.3.976830f0-f131-4dc5-bdfd-64d83fdc4635.fc.signal	0.823082	0.881217	0.418262	0.857753	0.320619	0.268588	0.616074	0.725782	0.233443	0	0	0.233065	0.354167	0.411392	0.695457	1.1379	1.60828	1.34312	0.167357	0	0	0.021093	0.463314	0.255585	0.745982	0.0503117	0.358471	0.988257	0.44629	0.877736	0.12937	0.327639	0.341714	0.39937	0.21093	0.311189
ihec.chipseq.ihec-chipseq-containerv1.1.4.IHECRE00001997.1.3ac72c63-5790-4eab-ab70-1f2408156b61.fc.signal	0.242994	0.323149	0.763595	0.36768	0.494334	1.42558	0.569364	0.432883	0.389492	0.167505	0	0	0.400923	0.0761535	0	0	0.430449	0.965855	0	0.322277	0.503027	0.267571	0.501128	0.136521	0.498362	0.0532196	0.57151	0.319207	1.24938	1.36047	1.42364	0.547149	0	0.444603	1.65797	0.105769
ihec.chipseq.ihec-chipseq-containerv1.1.4.IHECRE00003835.4.bcf78771-4438-44b9-b60f-ce0703898bd2.fc.signal	0	0	0	0	0	0.342409	0.974429	2.05777	1.21318	1.97981	0	1.46673	1.49313	2.6178	2.31525	0.614032	1.35471	0	0	0	0	0.234895	0.893683	0.0490125	0	1.08052	0.458008	0	0	1.08465	0.810395	1.10022	0.183434	0	0.180568	0.767568
ihec.chipseq.ihec-chipseq-containerv1.1.4.IHECRE00000239.3.9e4848b7-a913-4011-92b1-1d083e775db4.fc.signal	0	0	0.204596	1.48134	2.34572	2.18086	2.04755	0.675641	0.512279	2.69464	3.90001	1.27198	0	0	0	0	0	0	0.245973	0.864953	0.777494	0.482197	1.92225	1.87784	0.255347	0	0	0	0	0.156226	1.0609	0.939164	0.0125152	0.114679	0.448291	0.388889
ihec.chipseq.ihec-chipseq-containerv1.1.4.IHECRE00003824.4.96c109c2-5b12-4d08-bc59-f48ccc7c2f4a.fc.signal	0.596101	0.452971	0.779669	0.21011	0	0	0	0.451192	0.290831	0	0.95977	0.619256	0.659985	0.811895	0.362565	1.75241	2.05659	0.27096	0	0.412181	1.01123	0.0937485	0.390976	0.863108	0.296867	0.74013	0.0370065	1.01893	0.767282	1.88748	0.273864	0.0330015	0.545137	0.3374	0.692825	0.262032
ihec.chipseq.ihec-chipseq-containerv1.1.4.IHECRE00001957.2.0bd574cb-6c79-4f0e-a131-98ee1a6088f8.fc.signal	1.67527	0.69282	1.08187	0.616624	0.584654	0.6574	0.702689	1.45931	1.3228	2.37687	0.893912	0	0.0884025	0.561825	0.681719	0.154813	0.417934	0.686011	1.25208	0.342901	0.683115	0.275514	0.590036	0.661183	0.242937	0.689438	0	0.0088172	0.792072	1.36332	1.49314	1.21602	1.16262	1.09866	0	0.633987
ihec.chipseq.ihec-chipseq-containerv1.1.4.IHECRE00003696.3.61e7591e-7d42-4bac-a82f-41dc0577b027.fc.signal	0.261583	0.109647	0.276746	0.247351	0.197493	0.673201	0.89595	1.36056	0.252571	0	0	0	0.170506	0.254547	0.583225	1.55677	0.714804	0.418697	0.00730133	0.0934559	0.982615	0.218105	0	0	0	0.0409995	0.325259	0.221746	0.912324	1.12985	0.362023	0	0	0.131739	0.470538	0.383399
ihec.chipseq.ihec-chipseq-containerv1.1.4.IHECRE00003845.2.fa3c8e36-edcb-4649-9a8e-5dec7e1c367c.fc.signal	1.24454	1.67322	0.618801	0.718193	0.31614	0.160426	0.227579	0.818556	1.69916	1.08611	0.602926	0.736239	0.953426	1.10326	1.30388	0.904293	1.46947	0.929761	0.263699	0.317856	0.307055	0.679002	0.194369	0.202666	0.910161	0.749225	0.349958	0.891296	1.65256	0.861173	0.27698	0	0.0123312	0.511924	0.854243	1
ihec.chipseq.ihec-chipseq-containerv1.1.4.IHECRE00001956.2.6c45d08b-377b-419c-a177-44262ce42f4b.fc.signal	0.634055	0.203077	0.308258	1.10405	1.43954	0	0.199167	0.392829	0.183853	0	0.156168	0.268405	0	0.213003	0.867562	0.714691	0.303899	0.46578	0.0263505	0	0	0	0	0	0.182629	0.173376	0.0484975	0.67631	0.654844	0	0	0.154163	0.560133	1.00795	0.459331	0.240964
ihec.chipseq.ihec-chipseq-containerv1.1.4.IHECRE00000943.7.e73b84a4-42ef-4b6b-83f9-72b6584af2ee.fc.signal	0.657439	0.192212	0.235063	0	0.19064	0.244558	0.619351	0.81839	0.552694	0.257258	0.239351	0.177033	0.0730787	0.471072	0.172645	1.28118	1.10177	0.708791	0.434701	0	0.150923	0.298561	0.983407	0.390462	0.545295	1.37182	0.803054	0.623471	0.733016	0.654224	0.233936	0.496139	0.310241	0.818839	1.26965	0.716981
ihec.chipseq.ihec-chipseq-containerv1.1.4.IHECRE00004615.1.8cd5cefc-1c86-42bb-a689-d60dd071a471.fc.signal	1.36585	0.938386	0.694482	1.36969	0.73466	0.537276	0.466759	0.648335	0.0601565	0.34729	0.591918	0.318241	0.763716	0.461614	0.513603	0.340024	0.128015	0.40107	0.451513	0.54657	0.725341	0.736791	0.758475	0.535347	0.668602	0.42315	0.227868	0.641235	0	0.475798	0.456373	1.17655	0.900928	0	0	0.278075
ihec.chipseq.ihec-chipseq-containerv1.1.4.IHECRE00001961.2.058af969-8786-43c5-84e7-d3c325107d07.fc.signal	0	0.410666	0.733922	0.631898	1.52119	0.608425	1.2217	1.87487	0.380295	0	0	0	0.376444	0.23195	0.374818	0.637219	0.824556	0.390401	0	0.417056	0.337678	0.483406	0.950289	0.380247	0.536148	0.0722469	0.243001	0.541227	0.77989	0.585122	0.362301	0.279629	0.560473	0.417192	0.404137	0.70297
ihec.chipseq.ihec-chipseq-containerv1.1.4.IHECRE00001050.8.a9a09927-f961-43dc-bcc9-a3c995bbca26.fc.signal	0	0	0.503898	0.323397	0.112813	0.713109	0.383564	0.395675	0	0	0	0	0	0.486186	0	0.521107	0	0	0.800129	0	0	0	0.738016	0.548114	0	1.0575	0.0768111	0	0.449539	0.630644	1.00028	0.195543	0.132523	0.494776	0	0.917391
ihec.chipseq.ihec-chipseq-containerv1.1.4.IHECRE00003683.3.9d98dd69-4d9c-4c81-bc8f-9c0f23e13a7b.fc.signal	0.263207	0	0	0	0.392264	0.207987	0.420346	0.208209	0	0	0	0	0.106067	0.357487	0.357592	0.990939	0.453734	0.689444	0.0549985	0	0	0	0	0	0	0	0	0.0569618	0.251617	0.45211	0.258464	0.183581	0.0846215	0.636683	0.379291	0.5
ihec.chipseq.ihec-chipseq-containerv1.1.4.IHECRE00002076.1.483aa0c8-5543-4e25-b16f-2f222c5a2d5b.fc.signal	0.880237	0.125313	0.209656	0.233875	0.324463	0.432568	0.884563	0.540879	0.421361	0.155837	0.299403	0.174165	0.655042	0.0506072	0.0682788	1.54647	1.32047	0.743207	1.30774	1.22956	1.51835	0.228213	0	0.65198	0	0.55884	0.09314	1.16905	1.27614	2.68261	0.740476	0.37256	0.423787	0.582134	2.39377	0.215789
ihec.chipseq.ihec-chipseq-containerv1.1.4.IHECRE00002058.1.0fc0f90b-b2ac-4c17-952e-d39560131bf4.fc.signal	0.413801	0.995424	1.09972	0.579527	0.371564	0.625512	0.90243	0.71055	0.890016	0.687687	0.473114	0.251348	0.260633	0.247892	0.345234	1.28157	1.18243	0.848213	0.896919	0.733301	0.459354	0.364588	0.779122	0.987569	0.377497	0.390868	0.53405	0.0472961	0.163448	0.133189	0.122726	0.45896	0.405334	0.487721	0.17453	0.356436
ihec.chipseq.ihec-chipseq-containerv1.1.4.IHECRE00003838.5.15c4be13-1cb6-4f0a-9012-ac7bfa4a2475.fc.signal	0.184752	1.4229	0.236515	0	0	0	0	0	0.0471425	0.454239	0.0355979	0.448393	0.0308614	0.341007	0.448644	0.242108	0.379275	0.164015	0.0863958	0.370505	0.142969	0.350266	0.953791	0.0968774	0	0	0	0	0.28631	0.31922	0.210203	0.685993	0.549906	0.446608	1.01266	0.576923
ihec.chipseq.ihec-chipseq-containerv1.1.4.IHECRE00003685.2.cb8ce07d-5bf2-4abf-a883-851526414fcb.fc.signal	0.0486497	0.563242	0.660411	0.403529	0.922916	0.482298	0.166499	0.464001	0.572968	0.198719	0.0582683	0.212574	0.238842	0.115036	0.233458	0.728015	0.909125	1.49583	0.809912	0	0	0	0.210713	0.23938	0.989987	0.373509	0	0	0.367878	0.0250919	0	0	0	0	0	0.292254
ihec.chipseq.ihec-chipseq-containerv1.1.4.IHECRE00004604.3.044a44f4-7a76-4042-adca-64782b5c2f81.fc.signal	0	0	0.142492	0.613473	1.12656	0.542098	1.1299	1.00113	0.0263129	0.427262	0.926054	0.83191	0	0	0	0	0	0	0	0.273289	2.35093	0.534088	0.313205	0.69018	2.57733	1.61195	0.864731	0.26216	0	0	0.308234	1.72547	0.0990606	0	0.227262	1
ihec.chipseq.ihec-chipseq-containerv1.1.4.IHECRE00004728.1.8beb4625-34f3-4c76-87f5-2108669b4ebf.fc.signal	0	0.161463	2.1577	0.370163	0.400363	0.378737	0.333624	0.0404611	0	0	0	0.16842	1.07097	0.387504	0.766911	0.68733	0.0104295	0.844604	0.593049	0.439123	0.499926	0.135222	0.0126617	0.512077	0.580135	0.523381	0.270181	0.0336368	0.63954	0.101679	0.764947	1.33718	0.381699	1.1314	1.60789	0.429348
ihec.chipseq.ihec-chipseq-containerv1.1.4.IHECRE00002005.1.1ff1e0cf-fe7a-4485-b51f-e180baac3300.fc.signal	0	0.176818	0.569464	0.244188	0.267494	0.447754	1.41848	0.264476	0.392185	0.335026	0.111042	0	0.460878	1.26054	0.822722	0.957785	1.27325	0.604387	0.574789	0.317455	0.607314	0.115074	0.559858	0.430744	2.27712	0.720934	1.49182	0.662004	0.512319	0.249733	0.479799	1.0755	0.761702	0.421643	0.73009	0.5
ihec.chipseq.ihec-chipseq-containerv1.1.4.IHECRE00003832.2.1f43525d-0a83-4caf-ad11-becd1d0bf5b9.fc.signal	0.486284	0.5194	0.366733	0.158516	0.0203538	0.13071	0.76597	1.65256	0.47263	0.408636	0.0935545	0.364809	0.112288	0	0	0.252881	0.989959	0.531887	0.304202	0.540277	0.558664	0.0910326	0.167562	0.1837	0.286292	0.710216	0.02083	0.157186	0.985677	0.388011	0	0.16435	1.02929	0.308794	0	0.453782
ihec.chipseq.ihec-chipseq-containerv1.1.4.IHECRE00003837.4.b0a69b43-094d-48ec-bc60-f9af8670e969.fc.signal	0	1.97035	3.18819	0	0	0.451479	2.01289	0	1.11486	1.3802	0	0.277471	2.5493	0.184548	0	0.25653	1.72094	2.06403	0.089923	0	0	0	0	0	0	0	0	0.647048	1.94114	0	0	0	0.238517	2.13981	0	0
ihec.chipseq.ihec-chipseq-containerv1.1.4.IHECRE00003826.4.93a8f270-5d77-4704-ada1-4b6b1a7c8853.fc.signal	0.448912	0.226201	0.645058	2.94026	3.25012	0.665503	2.26347	1.77633	0.199339	0.187346	0.913474	0	0	0	0	0	0	0	0.184697	1.43464	0.482853	0.072368	0	0	1.38644	0.38712	0	0	0	0	0	0	0	0	0.00690721	1
ihec.chipseq.ihec-chipseq-containerv1.1.4.IHECRE00003694.3.61c30d06-38bd-4873-b3e9-1676bf3449d1.fc.signal	0	0	0.252125	0.149267	0	0	0	0	0	0	0.273283	0.116952	0	0.176863	0.218298	0	0	0	0	0.15052	0.129196	0.278662	0.391143	0.100033	0.627272	0.487974	0.470395	0.0200695	0	0.257965	0.111751	0	0	0	0	0.217021
ihec.chipseq.ihec-chipseq-containerv1.1.4.IHECRE00001915.1.f5573e79-d80d-470a-8d12-22719ef4a51e.fc.signal	0	0.950493	0.776509	0	0.04145	1.79075	0.500412	0	0	0	1.05351	2.18615	0.56719	1.42103	2.00042	1.15878	0.994108	0	0	0	0	0.210468	2.58641	0.588944	1.60533	2.15005	2.3861	1.51143	2.20453	0.144006	0.4431	2.09944	2.90692	1.10713	0	0.45082
ihec.chipseq.ihec-chipseq-containerv1.1.4.IHECRE00001966.2.f603ad07-1fa1-4eda-9e31-ea07130b3846.fc.signal	0.533748	0.420874	0.448946	0.649708	0.43414	0	0	0.619257	0.971231	0.126829	0.440563	0	0	0.172361	0.956327	0.351825	0.671434	1.02463	0.844406	0.016688	0	0.481689	1.5998	0.85607	0.842195	0.450574	0.594076	1.31157	0.403304	0.697211	0.307059	0	0	0.584068	2.45148	0.303922
ihec.chipseq.ihec-chipseq-containerv1.1.4.IHECRE00003827.1.2bef3df7-5fcc-4d31-9411-95e1295b79d5.fc.signal	1.77937	0.791405	0	0.0504622	0.255274	0.39839	0.498504	0.244047	0.531198	0.378553	1.43032	0.54878	0.965594	0.572528	0.382241	0.0101987	0	0.0251362	0.409122	0.0119229	0	0	0.135826	0.101824	0	0	0.461528	0.398528	0.548074	0.851675	0.533536	0.211385	0.699454	0.316083	0.33376	0.176991
ihec.chipseq.ihec-chipseq-containerv1.1.4.IHECRE00001964.2.194197dc-d3ad-4faf-839a-1e28c390e1c7.fc.signal	0	0	0.813443	0.744342	0.4046	0.496047	0.259439	0.671323	0.528999	0.678439	0.273658	0.353165	0.499633	1.23722	0.678569	0	0.550342	0.51666	0.0500682	0	0.250246	0.537556	0.0352841	0	0.382232	0.803616	0.759095	0.36529	1.31369	1.53782	0.225962	0.210586	0.577499	0.368727	0	0.646154
ihec.chipseq.ihec-chipseq-containerv1.1.4.IHECRE00004618.1.40df65f6-ad48-44fa-bfba-39b465419c5e.fc.signal	1.38455	0.341819	1.12879	0.0708855	1.05776	1.18113	0.350989	1.24558	0.88569	0.0162971	0.450034	0.89683	0.591897	1.83189	1.14462	0.961166	0.904935	0.538091	0.0806982	1.91504	1.35251	0.354659	1.20576	0.22744	0.921018	1.70343	1.51294	1.08815	0.461386	0.005258	0.221267	0.468523	1.58933	0.891532	1.77593	0.468013
ihec.chipseq.ihec-chipseq-containerv1.1.4.IHECRE00000238.3.b63d6dc1-6fc0-4b8d-9bff-172e3f638785.fc.signal	0	0	0	0.531893	1.37489	0.64625	0.159568	0.79784	0.319136	0.707418	0.569126	0	0	0	0	0	0	0	0	0	0	0.178276	0.795347	0.521255	0.79784	0.255309	0	0.19946	1.11694	1.37222	1.02122	1.07708	1.24192	0.489342	0.79784	0.312057
ihec.chipseq.ihec-chipseq-containerv1.1.4.IHECRE00000243.3.6e43a1d4-827b-4226-ab35-bcd9e4427ba9.fc.signal	0	0	0.148053	0.731633	0.58402	0.758867	1.53403	1.6909	0.461243	2.76587	3.66625	0.554314	0	0	0	0	0	0	0.105288	0.734445	0.873562	0.936127	1.0578	0.436138	2.31565	3.7591	1.84577	0.880712	0.920103	0.202593	1.4491	1.33936	0.106924	1.57009	1.68108	0.047619
ihec.chipseq.ihec-chipseq-containerv1.1.4.IHECRE00001973.1.61dbfaab-48a0-49aa-b249-2516c02981de.fc.signal	0.26196	0.707477	0.438696	0.449277	0.0371816	0.659865	0.733765	0.514381	0.392705	1.26197	1.37146	1.39004	0.061968	0.42728	0.477158	0.563976	0.412022	1.03007	0.359608	0.556713	0.504697	0.527798	0.461443	0.862663	0	0	0	0	0.207187	0.559635	0.319004	0.432421	0.567852	0.249092	0.747221	0.170213
ihec.chipseq.ihec-chipseq-containerv1.1.4.IHECRE00003678.3.651f7635-fa04-4a73-ad9d-b88c234511f0.fc.signal	0.393992	0.196875	0.416694	0	0.167685	1.31685	1.26659	0.892254	0.357157	0.64714	0.135439	0	0	0	0.21778	0.20299	0.0346221	0.95306	0.677147	0.570625	0	0.0060856	0.254901	0.177301	0.561316	0.328615	1.14744	0.995595	0.497696	0.165099	0	0	0	0	0	0.0985915
ihec.chipseq.ihec-chipseq-containerv1.1.4.IHECRE00000240.3.8f250bd6-ace7-4938-8056-c658c54331a9.fc.signal	0	0	0	0.19496	0.432466	0.175004	0.534487	0.227392	0	0.0463643	0.40233	0.583853	0.272608	0	0	0	0	0	0	0.57866	0.49797	0.0578622	1.22169	1.01319	0.455793	0.0851714	0	0	0	0	0	0.0501963	0.376766	1.03842	0.729515	0.368098
ihec.chipseq.ihec-chipseq-containerv1.1.4.IHECRE00002067.1.986e393c-de82-4afc-818b-4cc2a632dc28.fc.signal	1.3592	1.71016	1.8577	2.46195	1.10273	0	0	0.0952415	0.948868	0.498196	0.837823	0.683819	0.364937	0.368585	0.189689	0.501698	0.837973	1.6898	0.183174	0	0	0	0.411584	0.246323	0.502914	0.788254	0.939308	0.722459	0.508086	0.326701	0.103304	1.67878	1.58515	0.489586	1.40848	0.154229
ihec.chipseq.ihec-chipseq-containerv1.1.4.IHECRE00003677.3.486b8afb-6747-4d4a-93ee-788cf88097fc.fc.signal	0.47839	0.678562	0.404694	0.63978	0.530871	0.150714	0.0574435	0.157272	0	0	0.384927	0.171898	0.339311	0.24592	0.128225	0.958952	0.0480096	0	0	0	0	0.107025	0.915007	0.50919	0.422449	0.158294	0	0.0663465	1.0454	0.533111	0.0896829	0.168632	0.377504	0.440407	0.887575	0.207547
ihec.chipseq.ihec-chipseq-containerv1.1.4.IHECRE00001021.4.fe2297ab-7a22-4ba1-b2e8-9748d9ff6f48.fc.signal	0.671816	0.0191307	0	0	0.255258	0.0645201	0.246637	0.431291	0.0997147	0	0	0	0	0	0	0	0	0	0	0	0	0	0.175249	0.522891	0.461908	0.492202	0.250967	0.685746	1.12383	0.766486	0.498177	1.426	0.881482	0.2294	0.479602	0.446602
ihec.chipseq.ihec-chipseq-containerv1.1.4.IHECRE00000992.7.d770a09a-2cad-4524-8aaf-69b927e47c59.fc.signal	0.0314314	0.539926	0.487298	0.29822	0.248863	0.484695	0.815183	0.91747	0.188585	0.718422	0.381663	0.0583726	0.0044902	0.189304	0.0133057	1.10144	0.870528	0.816555	0.0763334	0	0.392139	0.738926	1.17404	0.503706	0.818187	0.875021	1.32612	0.844076	0.900909	1.0663	0.582862	0.480012	0.85304	0.508348	0.376756	0.421687
ihec.chipseq.ihec-chipseq-containerv1.1.4.IHECRE00001955.3.e3f14527-a39d-40b4-9738-20c86afa593c.fc.signal	0.149387	0.88618	1.04788	1.27232	1.23824	0.848558	0.475456	0.654694	0.674318	0.42963	0.43665	0.262765	0.420366	0.1867	0.490763	0.61256	0.558613	0.430951	0.970225	0.827514	0.235438	0.361367	0.460388	0.285662	0.16298	0.753959	1.48822	0.970396	0.233521	0.553244	0.652394	1.19643	0.816753	1.01563	0.88187	0.349206
ihec.chipseq.ihec-chipseq-containerv1.1.4.IHECRE00000236.3.2c1c8672-6452-4ab8-881a-a766bd324041.fc.signal	0	0	0.0904439	0.461306	0.646049	0.629093	0.412707	0.119399	0.149077	0.597279	0.573719	0.218501	0.115659	0	0	0	0	0	0.0747122	0.665283	0.817141	0.288523	0.316961	0.610256	0.834751	0.540883	0.104038	0	0	0	0.387873	0.901675	0.724176	0.522338	0.477868	0.363333
ihec.chipseq.ihec-chipseq-containerv1.1.4.IHECRE00002065.1.b81732b7-0852-42a0-916a-8784920a02a3.fc.signal	0.153755	0.886641	0.578506	0.882677	0.542473	0	0.700885	0.844113	0.330587	0.66272	0.644241	0	0	0.198114	0.577787	0.450526	0.240604	0.699184	0.196648	1.34472	0.755994	0.374293	1.51525	0.139135	0.0813312	0.426634	0.0836764	0.784335	1.23001	0.634559	1.47714	0.178722	1.47239	1.03102	0.57945	0.554455
ihec.chipseq.ihec-chipseq-containerv1.1.4.IHECRE00000235.3.077c5772-92ce-4a32-a06f-48c1b9a6f571.fc.signal	0	0	0.206514	1.10541	1.01251	0.344362	0.284302	0.245992	0	0.264844	0.989371	0.608616	0.0229135	0	0	0	0	0	0	0.00950987	0.453635	0.608957	0.862529	0.906569	0.733908	0.53224	0.0305475	0	0	0.0276912	0.432261	1.08796	0.755773	0.274039	0.564456	0.42437
ihec.chipseq.ihec-chipseq-containerv1.1.4.IHECRE00000233.3.c81f88e2-7199-4952-a0ac-fbf221a68e22.fc.signal	0.0940812	0	0.00949487	0.397083	0.620832	0.564325	0.596336	0.217869	0.262285	1.07977	1.81724	1.16714	0.0958094	0	0	0	0	0	0	0.0231431	0.302081	0.537843	1.26996	1.0564	0.274249	0.265155	0.0271951	0	0	0	0.116842	0.586056	0.921566	0.52536	0.0610851	0.278455
ihec.chipseq.ihec-chipseq-containerv1.1.4.IHECRE00000230.3.93bed2a7-7118-417a-9bcf-494520ff91da.fc.signal	0.0683301	0	0.139793	0.473902	0.363268	0.31624	0.435814	0.366074	0.11539	0.677692	1.26077	0.705719	0.0294967	0	0	0	0	0	0.142564	0.801728	1.05365	0.520589	0.640419	1.09402	2.25305	1.74921	0.920979	0.28759	0	0.0784044	1.07753	1.29484	1.0073	1.14686	1.2529	0.305419
ihec.chipseq.ihec-chipseq-containerv1.1.4.IHECRE00004608.1.6d8749d8-24c7-4e6d-8992-3543e47f35de.fc.signal	0.25564	1.18892	0.599242	1.00406	0.85448	0.315311	0.406765	0.251756	0	0.49886	1.23937	0.287261	0	0.50773	0.459812	0	0	0.0120948	0.540881	0.404241	0.529235	0.57951	0.714236	0.184736	1.41358	0.244747	0.764608	0.356672	0.378508	0.131218	0	0.00167973	0.489481	0.406551	1.16808	0.257485
ihec.chipseq.ihec-chipseq-containerv1.1.4.IHECRE00003691.3.e70a956a-e876-473f-ae67-333f104e486a.fc.signal	0.335811	0.221338	0.601604	0.269544	0.222398	0.353872	0.150119	0.193985	0.247259	0.156214	0.28908	0.0272479	0.385115	0.260418	0.316855	1.29898	0.717312	0.444965	0.0108607	0	0	0	0	0.228951	0.275267	0.104508	0.243923	0.392343	0.429193	0.361957	0.331574	0.569537	0.415681	0.249667	0.234555	0.372549
ihec.chipseq.ihec-chipseq-containerv1.1.4.IHECRE00000222.3.752eff28-f561-4493-9961-9376765e5593.fc.signal	0	0.0122064	0.402606	0.930578	0.820294	0.625986	0.83961	0.429473	0.0887435	0.495272	0.720816	0.787485	0.220197	0	0	0	0	0	0.190626	0.58168	0.52623	0.16507	0.738613	1.27779	0.632918	0.994548	0.690111	0	0	0.0298737	0.140239	0.149139	0.350533	0.817707	0.848285	0.45122
ihec.chipseq.ihec-chipseq-containerv1.1.4.IHECRE00003682.3.da9e495d-70d1-4135-9b7b-7d3c249e647d.fc.signal	0	0	0.230032	0.598988	0.315089	0.100149	0.359748	0.506206	0.258891	0.286514	0.492815	0.270531	0.164261	0.393517	0.320004	0	0.222137	0.717568	0.243168	0.516526	0.599314	0.0854305	0.375942	0	0	0.0880291	0.396443	0.972119	0.76431	0.922865	0.792757	0.736436	0.253114	0.131836	0.316044	0.180769
ihec.chipseq.ihec-chipseq-containerv1.1.4.IHECRE00000321.2.e400c00e-f4bd-4ecb-8a68-235b22580a1f.fc.signal	0	0	1.60112	0.772897	2.66487	0	0	0	0	0	0	1.05939	3.62463	0.383172	0	0	0.265972	1.43475	0	0	0.236387	1.66883	1.882	0.374141	0.495555	1.30981	2.23649	2.35768	1.43774	1.18414	0	0	0	0	0	0.761905
ihec.chipseq.ihec-chipseq-containerv1.1.4.IHECRE00001236.5.94801060-fc98-4727-a392-ae741c9cf8fc.fc.signal	0	0	0	0	0	0.401717	1.17058	0.923431	0	0.553122	1.14274	0	0	0	0	0	0.668975	0.179956	0	0	0	0.0203716	0.669632	0	0.590503	0.61246	0.350631	0.64624	0.0930868	1.15418	0.185477	0.875333	0.995438	0.296565	1.2697	0.299465
ihec.chipseq.ihec-chipseq-containerv1.1.4.IHECRE00003689.3.342e70ad-a023-4cf1-9866-19dd652b1429.fc.signal	0.538217	0.993872	0.452345	0.587385	1.59357	0.797025	0.327037	0.250095	0	0.157689	0.180847	0.0430716	0.432031	0.89794	1.27296	1.23166	0.930628	0.747898	0.505124	0.0991957	0.295094	0.0427308	1.03123	0.705325	1.03253	1.07392	1.04851	0.726397	0.118242	1.14154	0.824957	1.59479	0.933461	0.492414	0.832194	0.899083
