	chr21:28877370-28877519	chr21:28877520-28877669	chr21:28877670-28877819	chr21:28877820-28877969	chr21:28877970-28878119	chr21:28878120-28878269	chr21:28878270-28878419	chr21:28878420-28878569	chr21:28878570-28878719	chr21:28878720-28878869	chr21:28878870-28878909	chr21:28878910-28879019	chr21:28879020-28879109	chr21:28879110-28879169	chr21:28879170-28879319	chr21:28879320-28879469	chr21:28879470-28879619	chr21:28879620-28879769	chr21:28879770-28879919	chr21:28879920-28880069	chr21:28880070-28880219	chr21:28880220-28880369	chr21:28880370-28880519	chr21:28880520-28880669	chr21:28880670-28880819	chr21:28880820-28880969	chr21:28880970-28881119	chr21:28881120-28881269	chr21:28881270-28881419	chr21:28881420-28881569	chr21:28881570-28881719	chr21:28881720-28881869	chr21:28881870-28882019	chr21:28882020-28882169	chr21:28882170-28882319	chr21:28882320-28882453	Expression
ihec.chipseq.ihec-chipseq-containerv1.1.4.IHECRE00004888.1.fd25c27d-77c4-4595-b48c-e5f0d2d321a9.fc.signal	0.732567	0.187245	0.516424	0.661817	0.558143	0.437274	0.142021	0	0	0	0	0.0559338	0.493213	1.16477	1.32212	0.372962	0.43948	0.0175792	0.923004	1.09298	0.0937557	0.113935	0.718198	0.668104	0.175792	0.349053	0.298866	1.40055	1.02331	0.112917	0.159068	0.479631	0.411554	0.593247	0.387358	0.181789	0.655814
ihec.chipseq.ihec-chipseq-containerv1.1.4.IHECRE00003690.3.bb55a212-99c2-4448-84cc-6786b9df2691.fc.signal	0.882704	0.589753	1.60804	1.46039	0.00733627	1.48321	0.880351	0	0.262364	2.14854	1.87099	0.0758736	0	0	0	0.0927291	0.500726	0.371653	0.28392	0.303525	0	0.319006	0.246066	0.833051	0.34682	0	0.26525	1.40961	2.12411	1.81904	0.281907	0.481785	0.466913	0.354494	0.152003	0	0.191983
ihec.chipseq.ihec-chipseq-containerv1.1.4.IHECRE00000987.6.289adc7a-9e11-437f-b6f6-57bfdeddcb3b.fc.signal	0.0141947	0.54991	1.01927	0.340065	0.10048	0.472324	0	0	0	0	0	0	0	0	0	0	0.227918	0.327663	0	0.411663	0.850694	0.485751	0.845354	0.524237	1.00704	0.669332	0.506628	0.94788	2.33497	2.04945	2.60763	2.32066	3.00046	1.54618	1.01098	1.79261	0.631813
ihec.chipseq.ihec-chipseq-containerv1.1.4.IHECRE00000949.6.e11d45c2-991c-46e2-8d13-bb1e23aff42f.fc.signal	0.288596	0.331281	1.14936	0.782845	0.24367	0.0356195	0.250001	0	0	0.278967	0.459087	0	0	0	0	0	0.635855	2.09723	1.55146	0.157965	0.860988	0.958509	0.574004	0	0	0.248387	0.582497	1.0034	1.39925	0.761982	1.51866	3.32814	3.58895	0.827558	1.50946	0.359669	0.769322
ihec.chipseq.ihec-chipseq-containerv1.1.4.IHECRE00001002.4.308bde30-3fb4-4075-a143-aa64ea58703c.fc.signal	0.0344837	0	0	0	0.0971427	0.980457	0.615505	0.0980064	0.0608003	0	0	0	0	0.0578757	0.22575	0.259116	0.434519	0.00405773	0	0	0.0280293	0.0773637	0.338721	0.240482	0.266348	0.0674655	0.225408	1.13818	1.51785	0.609085	0.126442	0.655165	1.12621	0.316342	1.00752	0.08508	0.642105
ihec.chipseq.ihec-chipseq-containerv1.1.4.IHECRE00001375.1.70472333-cf93-4f75-9795-a7c0cfbd4b2b.fc.signal	0.720362	0.6083	0.571772	0.80103	0.32122	0.430194	0.0676935	0.580679	0.825017	1.09744	0.156011	0	0.168054	0.47589	0.62865	0.158043	0.237341	0.941883	0.748155	0.87087	0.0812855	0.199667	0.180851	0.388066	0.229598	0.386278	0.146206	0.323743	0.761826	0.126646	0.46811	0.89603	0.773741	0.686875	0	0.0926919	0.605263
ihec.chipseq.ihec-chipseq-containerv1.1.4.IHECRE00004605.1.ca94bee3-450c-404f-8e72-f443f0a32f9b.fc.signal	3.55834	2.11505	1.41216	1.8208	0.624556	0.734714	0.681556	1.41577	1.12348	1.73733	0.319923	0.859725	0.762422	0.35547	0.93363	1.52536	1.06422	0.988479	2.30895	1.72989	1.30732	1.98914	0.712035	1.79417	1.11162	0.734766	0.557027	0.620225	2.37411	0.86035	0	0.141569	0.411359	0.244125	1.14888	0.222852	0.0238095
ihec.chipseq.ihec-chipseq-containerv1.1.4.IHECRE00001893.4.1ce16d7a-b11b-4cc6-9954-df2d097852d0.fc.signal	0	0	0	0	0.32449	1.10407	0	0	0.754682	2.38978	0.33692	0.465555	3.42896	3.93788	0.730306	0.530087	1.08713	0.700794	1.54662	2.31108	0.125783	0.873236	0.327734	0	0	0	0	1.3528	1.28466	0.966541	0.435934	0	0	0	0	0	0.254717
ihec.chipseq.ihec-chipseq-containerv1.1.4.IHECRE00000224.3.98331644-3ccd-45b3-bad7-e0e81208e171.fc.signal	0	0	0	0	0	0	0	0	0	0	0	0.191497	0.951188	1.48279	1.30947	0.931687	1.0782	0.416638	0.0574361	0	0	0	0.106069	0.108823	0	0	0	0.0776761	0.44822	0.387394	0.608693	0.907487	0.995697	0.149406	0	0	0.386139
ihec.chipseq.ihec-chipseq-containerv1.1.4.IHECRE00001892.4.1a48d1e3-a2d4-434f-8cee-d284ec0da60a.fc.signal	0.168946	1.08535	0.133958	0	0.57282	1.58384	1.85833	0.217217	0	0	0	0	0	0	0	0	0	1.19871	0.329848	0	0	0	0	0	0	0	0	0.525083	1.55583	0.493781	0	0.87343	2.11877	0.925869	0	0	0.171296
ihec.chipseq.ihec-chipseq-containerv1.1.4.IHECRE00000228.3.8bd2a4a9-ace6-4e3a-b0aa-9993e4990638.fc.signal	0	0	0	0	0	0	0	0	0	0	0	0.0579669	0.763563	1.75721	1.83774	0.95977	0.495028	0	0	0	0	0	0.223284	0.83692	0.644034	0.0383155	0	0	0	0	0.20201	0.518555	0.362472	0.0657413	0	0	0
ihec.chipseq.ihec-chipseq-containerv1.1.4.IHECRE00001488.1.8a6af925-1821-4fc7-84d7-e838a44be225.fc.signal	0.960129	0.0145461	1.41787	2.29285	0.620692	0.850449	0.684853	1.01622	0.674528	1.19655	1.20128	0.715272	0.586208	1.80183	1.40946	0.460468	0.653558	1.64383	1.88997	0.952965	0.132123	0	1.19035	1.23362	0.151408	0.368889	0.297952	0.498947	0.859018	2.26139	1.44151	0.228213	0.324302	2.75703	1.31223	0.538685	0.487288
ihec.chipseq.ihec-chipseq-containerv1.1.4.IHECRE00004610.2.100e7289-c631-4bb0-9eef-015950828bf4.fc.signal	1.16626	2.32452	2.93697	1.13984	0.226831	1.04084	2.94897	2.54334	1.73412	2.69812	1.44111	0.862441	0.587092	0	0	0.581783	0.765137	1.20357	0.450993	0.13343	0	0.0255167	0.980051	1.38706	0.16835	0.245944	1.38227	0.567942	0.818674	0.742156	0.013343	0	0	0.933396	2.17238	0.507831	0.0823529
ihec.chipseq.ihec-chipseq-containerv1.1.4.IHECRE00003818.1.3d6cbb41-685c-49c7-85eb-8977ab8f14b3.fc.signal	1.35716	2.27644	0.658039	0.443338	1.02764	0.891515	0.952474	0.604347	0.151105	0	0	0	0.10669	0.592062	0.479685	0.582015	0.933776	0.388577	0.389223	0.224588	0.556436	0.497325	0.367008	0.172026	0.97202	0.206377	0.368148	1.36045	0.768879	0.575665	0.0712309	0.226982	0.0169665	0.174049	0.259728	0	0.760684
ihec.chipseq.ihec-chipseq-containerv1.1.4.IHECRE00001990.1.14fdd58f-89fa-40e4-a658-f79765679f58.fc.signal	0.896292	0.494517	0.966338	0.490703	0.480005	0.840817	0.329334	0.866775	0.315175	0.57957	0.159382	0	1.18483	2.31814	1.24793	1.15899	0.552503	0.278182	1.14321	0.57273	0.346926	0.0233016	1.71047	2.36064	0.935369	0	0.438052	1.37919	3.38001	1.21695	0.96585	1.03538	1.21481	1.42465	0.70379	0.49848	0.511945
ihec.chipseq.ihec-chipseq-containerv1.1.4.IHECRE00000665.1.5571d7d7-4894-4e51-8082-c8a874cb2438.fc.signal	1.3063	4.10576	2.43121	4.67717	2.27554	2.82646	2.90474	3.84547	2.6968	2.17387	1.26632	0.837511	0.478495	0.328117	0.36132	0.26869	0.417428	0.286827	0.214144	0.184558	0.466651	0	0	0	0.424887	0.261937	0.28765	0.96837	0.360009	0.537498	0.536909	0.791256	0.55723	0.301069	0.0888516	0.394514	0.610442
ihec.chipseq.ihec-chipseq-containerv1.1.4.IHECRE00003676.3.edac7fd7-5249-4224-ba52-76d331cfbbb5.fc.signal	0.6965	0.694476	0.65171	0.437857	0.524228	0.479307	0.340662	0.294584	0.207268	0.269286	0	0	0	0.08653	0.549176	0.71278	0.401181	1.30722	0.247223	1.34007	0.955141	1.12013	0.962529	0.281015	0.502978	0.655714	0.545797	0.182464	0.495479	0.641971	0.103709	0.22097	0.932424	0.445917	0.326741	0.458225	0.262238
ihec.chipseq.ihec-chipseq-containerv1.1.4.IHECRE00001965.2.b75058ba-d142-4ae0-9acf-08c2d019a7dc.fc.signal	0.43825	0.649925	1.22155	0.655034	0.739471	1.15158	1.01079	1.12703	0.731236	0.540566	0	0.717955	0.678899	0.335282	0.437585	1.39442	0.798533	0.472739	1.10245	0.609265	0.702933	0.809398	0.503023	0.735575	0.623992	0.400183	0.139516	0.935415	0.849211	0.724819	0.766296	0.580565	1.38398	1.38525	0.495072	0.567968	0.385159
ihec.chipseq.ihec-chipseq-containerv1.1.4.IHECRE00001232.5.c85debd1-3d92-448f-90c2-50b50f17d029.fc.signal	0.0181067	0	0	0	0	0	0	0	0.05432	0.431725	0	0	0	0	0.371853	1.15298	0.248061	0	0	0	0	0	0.468963	1.0729	0.388709	0	0.0633733	0.403684	0.592408	0.215964	0.518412	0.341712	0	0	0.423696	0.0729672	0.680851
ihec.chipseq.ihec-chipseq-containerv1.1.4.IHECRE00000194.3.b1e4c4c4-c6d4-40c1-a695-e34b416693ed.fc.signal	0	0.956577	0.946941	1.25792	2.16508	0.849703	0.348513	0.545216	1.15746	0	0	0	0	0	1.39302	1.15902	0.183479	0.242844	0.917279	0.0198587	0	0.224251	1.47102	0.552776	0.457298	0.110215	0.599223	0.308943	3.90229	1.7411	0.385981	0	0.767154	0.841941	0	0.212851	0.303704
ihec.chipseq.ihec-chipseq-containerv1.1.4.IHECRE00001952.2.52215347-885a-4412-918b-b787711b8d37.fc.signal	0.391004	0.942085	0.49201	1.30357	1.19842	0.510443	0.860578	0.854404	0.171107	0	0	0	0.102205	0.718947	1.10819	1.11228	1.31806	0.614139	0.723822	1.27095	0.310865	0.501491	0.798225	0.59487	1.59291	0.109334	0	1.27085	2.81033	1.57103	1.35438	0.650899	0.0996437	0.939478	1.10465	0.844268	0.316176
ihec.chipseq.ihec-chipseq-containerv1.1.4.IHECRE00000188.3.deb161f9-8c5a-42cb-af84-131a7fc1593f.fc.signal	0.422528	0.467299	1.03254	0.055964	0.87024	1.21722	1.11937	0.453212	0.159654	0.336081	0.23605	0.107925	0	0	0.321793	0.302206	0.786294	0.142708	0.585959	0.898394	0.655444	0.221902	0.915724	0.286475	0.476891	0.609905	0	0.0015466	0.416835	0.515697	0.753115	0.563274	0.85845	0.865728	0.94581	0.324125	0
ihec.chipseq.ihec-chipseq-containerv1.1.4.IHECRE00000343.2.43c6f7a4-d039-46a2-872e-bb5eb8075426.fc.signal	0.00355507	0.271725	0.232413	0.633324	0.533888	0.0488296	1.25781	0.790956	0.56021	0.291653	0.53326	0.416475	0	0	0.479564	0.160121	0.443759	0.117628	0	0.594334	0.469669	0.81175	0.511776	0.107524	1.32194	1.31937	0.584955	0.580362	0.736636	0.841781	1.00398	0.605605	0.304376	0.355445	0.180784	0.418643	0.716667
ihec.chipseq.ihec-chipseq-containerv1.1.4.IHECRE00003716.2.bdafba4d-384d-4886-a6c9-d1ddd966b153.fc.signal	0.889959	0.694548	0.0809647	0.219243	0.120955	0.653396	0.638008	0.902084	1.54938	0.387314	0.0842392	0.559269	0.687548	0.320255	0	0.0360126	0.502932	0.704344	0.1678	0	0.0352148	0.322166	0.0546473	0.341365	0.13422	0	0	0	0.0088344	0.427496	0.456714	1.06237	0.536546	0	0	0	0.204861
ihec.chipseq.ihec-chipseq-containerv1.1.4.IHECRE00000153.3.4632c7b2-2ae2-40a1-bd27-50236900252a.fc.signal	0.56139	0	0	0.101517	0.633767	0.0946213	0.635956	0.590694	0	0	0	0	0.056781	0.543679	0.511219	0	0.0409938	1.81604	1.02098	2.67621	2.03072	0.901187	1.80657	1.36201	0.13689	1.88712	1.44223	0.0766393	0.851042	0.983413	0.172968	0	0	0	0	0	0.362319
ihec.chipseq.ihec-chipseq-containerv1.1.4.IHECRE00003684.3.b5459224-ca8f-46dd-880a-e16781c88032.fc.signal	0	0.315807	0.278066	0.118117	0.493561	0	0.326935	0.78042	0.19827	0.712923	0.63277	0.353779	0	0	0.406241	0.300426	0.508326	0	0.122337	0.326936	0.162414	0.476687	0.134991	0.377554	0.234126	0	0.565232	0.652344	0.317332	0.0780077	0	0	0.451377	0.160303	0	0	0.185185
ihec.chipseq.ihec-chipseq-containerv1.1.4.IHECRE00000974.7.9dac3370-6335-4df0-bea0-9e684edfa350.fc.signal	0	0	0	0.584244	0.0432773	0.966744	0.868712	0.589314	0.0173109	0.469353	0.535557	0	0	0	0.54091	0.713996	0	0	0.272647	0.354874	0	0.55395	0.43366	0.192352	0.562605	0	0.0822269	0.963634	0.939243	0.528486	0.315925	0.774559	1.12945	0.990974	1.48861	0.00968896	0.707483
ihec.chipseq.ihec-chipseq-containerv1.1.4.IHECRE00001852.4.e1095ee8-c1a0-47db-b726-788ab3dbb842.fc.signal	0.518186	0.75374	0.573981	0.641455	0.946075	0.576993	0.598471	0.638413	0.69465	1.00005	0.845803	0.614853	0.611053	0.481829	0.482151	0.55428	0.63604	0.656943	0.299082	0.312274	0.445075	0.454925	0.77325	0.764021	0.448601	0.281326	0.405893	0.963521	1.2388	1.04889	0.811748	0.70392	0.576556	0.679801	0.89693	0.602778	0.332061
ihec.chipseq.ihec-chipseq-containerv1.1.4.IHECRE00003693.3.f2b1cfa1-231f-48d8-af6a-ed3f48905f6f.fc.signal	0.618914	1.74457	1.57809	1.51295	0.609237	1.02287	1.10508	1.40317	0.863837	1.68061	1.72372	0.500101	0.54286	0.533841	0.34745	0.231975	0.268058	0.165279	0.533243	1.26317	1.15102	0.652689	0.681653	0.371334	0.472953	0.113407	0.320927	1.16309	1.95942	0.669206	0.165171	0.493586	0.0819227	0.221475	0.152023	0	0.384962
ihec.chipseq.ihec-chipseq-containerv1.1.4.IHECRE00000223.3.555de7dc-c653-4909-9c33-caf14688e0ce.fc.signal	0	0	0	0	0	0	0	0	0	0	0	0.0330436	0.447819	0.312179	0.551529	0.635831	0.36081	0.348744	0.0572343	0	0	0.302467	0.377892	0.157663	0.1976	0.0440165	0.0347941	0.44406	0.628045	0.690033	0.715613	0.186018	0	0	0	0	0.00961538
ihec.chipseq.ihec-chipseq-containerv1.1.4.IHECRE00000250.2.a39935bf-2e13-411b-a0e6-5df09e4383e1.fc.signal	0.609969	0.373039	0	0	0	0	0	0.441389	0.98246	0.120986	0	0.169479	2.25476	2.35684	2.94339	2.0908	0.309518	0.911243	2.49323	1.15905	0	0.588774	0.257737	0	0.337789	0.764853	1.12155	1.70234	2.77269	1.81769	0.861736	0.473853	0.602801	1.87472	0.435059	0.332045	0.468468
ihec.chipseq.ihec-chipseq-containerv1.1.4.IHECRE00001039.6.a3034dad-cf3f-4b0e-b7ac-4dfa7b52d765.fc.signal	0.200037	0.142	0.197796	0.656373	0.782449	0.235069	0.535584	0.841391	0.997927	2.08788	0.849244	0.0916306	0	0	0.331002	0.141858	0	0.30008	0.382003	0.630368	0	0.144347	0.975207	0.49741	0.273476	0	0.124711	0.850695	1.43855	0.898734	0.408943	0.614625	0.690546	0.699346	0.192454	0.236599	0.531915
ihec.chipseq.ihec-chipseq-containerv1.1.4.IHECRE00003828.3.9b92fd9a-9859-4ffd-96f8-490b60d6c4db.fc.signal	2.52578	0.546059	0.948502	2.0934	0.670741	1.62804	1.13354	1.45814	1.15533	2.28517	1.40962	0.601159	0.685165	1.02091	1.72536	0.313734	0	0.57608	0.332666	2.62316	1.25213	0.0838426	0	0	0	0	0	0.262868	0.265566	0	0	0	0.5914	1.59109	1.99268	0.172586	0.261628
ihec.chipseq.ihec-chipseq-containerv1.1.4.IHECRE00001891.4.41bb4ab6-1e8d-4527-bfe1-5ddf65dcaa7f.fc.signal	0.0242761	0	0	0	0	0	0.453963	0.440663	0	0	0	0.376535	0.92042	0.692084	0.880936	0.329559	0.95065	0.120416	0	0	0	0.620227	0.451009	0	0	0	0	0	0	0.0340908	1.10123	0.231046	0.0102273	1.0022	2.20616	0.0251863	0.186944
ihec.chipseq.ihec-chipseq-containerv1.1.4.IHECRE00004635.3.13102329-ee3d-4773-b2d1-9ab40cd17100.fc.signal	0.803791	0.887929	1.01241	0.997502	0.767516	0.944341	0.888918	0.795481	0.941461	0.141479	0.1829	0.1829	0.180868	0.41164	0.590315	0.441924	0.208247	0.38344	0.489009	0.755082	0.925179	0.455931	1.04529	1.32132	0.529417	0.240385	0.802478	1.00374	0.522537	0.187875	0.0508123	0	0.0599927	0.134569	0.470217	0.550919	0
ihec.chipseq.ihec-chipseq-containerv1.1.4.IHECRE00001889.4.440b0def-8afc-49ae-ab48-eb6e55baaba4.fc.signal	0	0.556217	0.153847	0	0	0.740751	1.3915	0.592142	0.19724	0.512824	0	0	0	0	0.477321	0.232743	0.528603	0.181461	0	0.179822	0.412504	0	0.027328	0.590651	0.0867856	0	0.361708	1.39847	0.505746	0.627033	0.201552	0	0.275188	0.364634	0.465486	0.366513	0
ihec.chipseq.ihec-chipseq-containerv1.1.4.IHECRE00003400.1.b3d30ae7-78a7-458d-9ccf-f1436025286b.fc.signal	0.633256	0.14848	0	0	0.578182	1.52156	0.897447	0.490679	0.0455774	0	0	0	0	0	1.16715	0.580177	0.0232736	0.707919	1.04457	1.2524	0.947619	2.10923	0.756809	0	0	0.219162	0.790692	0.614319	1.7788	0.756769	0.812668	1.03224	0.355483	0.62655	0.645096	0.509133	0
ihec.chipseq.ihec-chipseq-containerv1.1.4.IHECRE00001044.7.93646603-f0c6-4b5c-9750-3c77b569d934.fc.signal	0.987896	1.62225	1.23538	1.27394	1.21719	1.23586	2.62353	1.84924	1.16172	1.44995	0.4956	0	0	0	0.04956	0.4956	0.21476	0	0.373352	1.40089	1.06058	1.27534	1.0804	0.522032	0.977984	0.14868	0	0.8024	1.54759	1.09538	1.2549	1.21185	0.111098	0	0	0	0.0526316
ihec.chipseq.ihec-chipseq-containerv1.1.4.IHECRE00001235.5.b69b018c-be0b-42b3-9bd0-adb684b6c71f.fc.signal	0.0847651	0	0	0	0	0.0864456	0.851012	0	0	0	0	0	0.0730733	2.09705	1.28655	0.909152	0.703291	0.549419	0.181218	0	0	0	0.712401	2.16076	0.651703	0	0.00584587	0.903021	0.864991	0.417902	0.847065	1.19249	0.111071	0.0347718	0.644146	0	0.369565
ihec.chipseq.ihec-chipseq-containerv1.1.4.IHECRE00004900.1.b52b6048-f5e8-441d-8082-83c6ea7d797d.fc.signal	0.382607	0	0	0.0444812	1.28364	0.316388	0.150789	0.354635	0	1.08651	0.508483	0.0782662	0	0	0.457781	0.826395	0.222766	0.186381	0.318786	0	0.25182	0.0681563	0	0.590839	0.309068	0	1.35648	1.32812	0.540152	0.427313	0.288003	0.187868	0.406337	0.723174	0.885313	0.187847	0.607595
ihec.chipseq.ihec-chipseq-containerv1.1.4.IHECRE00000227.3.cbba33e3-8091-43f4-8be2-0ec669b6bf51.fc.signal	0	0	0	0	0.233341	0.838446	1.4653	0.88195	0.0217521	0	0	0	0.12716	0.446017	0.371674	0.228184	0.149411	0.136411	0.00845613	0	0.129778	0.143218	0.218248	0.247371	0.256243	0.228378	0.370676	0.714119	1.46151	1.16072	0.408118	0.644653	0.506802	0.830044	0.97461	0.363659	0
ihec.chipseq.ihec-chipseq-containerv1.1.4.IHECRE00003806.1.2dfc8185-75fc-483f-9a76-86d609a673b1.fc.signal	0.678324	0.272739	0.427718	0.576943	0.430221	0.802796	1.09031	0.78729	0.198833	0	0.0145387	0.296129	0.564459	0.481534	0.650246	0.616629	0.412388	0.489828	0.264518	0.135342	0	0	0.337049	0.420499	0.327061	0.51208	0.0993491	0.0892621	0.84181	0.807647	0.180983	0.347732	1.0247	0.139175	0.0563601	0.329626	0.150259
ihec.chipseq.ihec-chipseq-containerv1.1.4.IHECRE00003686.3.867f20aa-cd84-4630-be8b-4d90cccd43d7.fc.signal	0	0.440499	0.280406	0	0	0	0	0	0.0382331	0.353532	0.0665665	0	0	0	0	0	0	0.236146	0.173361	0	0	0.533775	0.285324	0	0	0	0	0.0622738	0.961656	0.371929	0.0491375	0	0	0.0723516	0.337142	0	0.391129
ihec.chipseq.ihec-chipseq-containerv1.1.4.IHECRE00000864.3.14e2d66e-78ce-42e0-867f-4b49c7b19bff.fc.signal	0.99361	0.875071	1.15826	0.99386	0.507829	0.849744	0.972099	0.613494	0.430959	0.517474	0.253261	0.0573336	0.257781	1.30036	2.14608	1.41645	0.350701	0.950407	0.914157	0.284115	0.680404	0.694561	1.97276	1.84506	0.450633	0.473784	0.229556	0.337117	1.08231	0.760084	0.20715	0.934355	1.09998	0.4178	0.537503	0.416469	0.523026
ihec.chipseq.ihec-chipseq-containerv1.1.4.IHECRE00001954.2.fc509fae-cfc8-4cd1-b6e1-cb05b98526c1.fc.signal	0.473061	0.912818	0.704733	0.531607	1.22403	0.888143	0.695232	0.802247	0.709814	1.27014	1.03828	0.487974	0.480963	0.58894	0.168815	1.66464	0.737841	0.329547	0.0772495	0.768935	0.533519	0.0227264	0.739237	0.553718	0.269722	0.358771	0.610716	1.31869	1.19855	0.628903	1.21953	1.22884	1.17438	0.528231	0.331077	0.648349	0.386957
ihec.chipseq.ihec-chipseq-containerv1.1.4.IHECRE00000957.7.e974118a-1765-49cc-99dd-3d99dcd758cf.fc.signal	0	0	0	0	0	0.349369	0.259387	0	0	0	0	0	0	0	0	0.277812	0.553552	0.383043	0	0	0	0	0	0	0	0	0.00841853	0.968471	1.78156	0.575062	0.390002	0.00420927	0.627181	0.547205	0.0841853	0	0.34466
ihec.chipseq.ihec-chipseq-containerv1.1.4.IHECRE00001458.1.90311c59-c092-4716-8ced-a612dc9a7683.fc.signal	0.454729	0.95143	0.461724	2.09874	0.454676	0.800944	0.672077	0.923094	0.434675	0.44743	0.023568	0	0	0	0	0.290328	0.370368	0.590837	1.5972	0.989744	0.0104747	0.144409	0.545523	0.279203	0	0	0.365365	1.45163	2.07076	0.398409	0.555939	0.860485	0.0209876	0	0	0	0.22314
ihec.chipseq.ihec-chipseq-containerv1.1.4.IHECRE00004641.3.2af65a74-ad9a-47d1-bb59-7449ff40f2d9.fc.signal	0.884615	1.10603	0.786625	0.0180253	0.319545	1.63069	2.11085	0.461855	0	0.170032	0.2458	0.250269	0.308632	0.73753	1.02594	1.3129	0.6396	0.245244	0.009832	0.338698	0.816839	0.506201	0.763704	1.39792	0.722725	0.303156	0.185171	0.862368	0.790006	0.426102	0.537295	1.02661	0.65971	0.713576	1.22291	0.820373	0.330739
ihec.chipseq.ihec-chipseq-containerv1.1.4.IHECRE00002063.1.fc1674f3-b9c6-4107-8983-478acef979ab.fc.signal	3.07151	1.51675	1.33676	0.742076	0.532367	0.467577	0.422332	0.632372	0.202251	0.978929	1.04884	0.292817	0.375076	1.03751	2.54157	1.76803	0.733039	0.142589	0.343141	0.429524	0.296552	0.88619	0.898228	1.54792	1.44679	0.748421	0.275676	0.450572	0.877627	0.815026	1.60376	1.29437	0.396845	0.490221	0.774668	0.386129	0.313953
ihec.chipseq.ihec-chipseq-containerv1.1.4.IHECRE00004713.2.73d0436f-3c8c-4e5c-a1fe-dc4d41b2902f.fc.signal	0.151619	0.605182	0.655891	0.520869	0.333992	0.156488	0.5268	0.3692	0	0	0	0	0.0277017	0.35885	0.764809	0.797419	0.0284727	0	0.230694	0.268925	0.217501	0.0050246	0.882332	1.01042	0.0334968	0.381641	0.0878798	0.480691	1.14379	0.575379	0.262156	0.0485405	0.427071	0.336715	0.0274087	0.640699	0.265193
ihec.chipseq.ihec-chipseq-containerv1.1.4.IHECRE00000229.3.201bcc7c-a1bc-4b3d-b4a1-a8869234c0b1.fc.signal	0.0526494	0.20249	0.0958473	0	0.0668226	0.448775	0.480477	0.0620935	0.14782	0.170093	0.10125	0.0874396	0.417286	0.867192	1.17323	1.16932	0.785923	0.0452245	0	0	0	0.259057	0.743914	0.985428	1.16341	0.408785	0.290443	1.2914	1.13076	0.717079	0.766805	0.674858	0.600593	0.209281	0	0	0
ihec.chipseq.ihec-chipseq-containerv1.1.4.IHECRE00003809.1.88fb2a51-3313-49d0-b432-b95b6b91fc4b.fc.signal	0.847789	0.444339	0.319646	0.353329	0.372387	0.213131	0.331821	0.510216	0.621374	0.88864	1.33522	0.752506	0.392179	0.329997	0.406535	0.73086	1.22611	0.527022	0.389185	0.150986	0.152646	0.389727	1.1284	0.341107	0.0767602	0.288129	0.414795	0.128036	0.717481	0.543319	0.605707	0.609795	0.361853	0.502595	0.365087	0.536975	0.703704
ihec.chipseq.ihec-chipseq-containerv1.1.4.IHECRE00000221.3.7d6e7c7b-090f-4b2a-a7ba-f833c718a8ac.fc.signal	0	0	0	0	0	0	0	0	0	0	0	0	0.452833	0.523514	0.565818	0.253652	0	0	0	0	0	0.177594	0.26473	0.215934	0.242158	0.159109	0.0663309	0.726657	0.868767	0.232345	0.543093	0.921081	1.16262	0.0518229	0	0	0.385185
ihec.chipseq.ihec-chipseq-containerv1.1.4.IHECRE00003675.3.83112ba3-4a46-4bcb-b23c-b8a94da18e77.fc.signal	0.0847587	1.16381	0.695697	0.980632	2.3425	2.05585	0.898447	1.04548	0.612436	2.17871	1.35993	0.0958775	0	0	0.285302	0.660801	0.378051	0.557026	1.49621	0.577279	0.788207	0.321944	0.337861	0.490769	0.210397	0.0721604	0.708649	0.464417	0.813058	1.40793	0.408536	0.473689	0.62493	0.607183	0.810221	0.307293	0.424805
ihec.chipseq.ihec-chipseq-containerv1.1.4.IHECRE00002086.1.61135aae-0e5d-4a79-9f3a-0fb631125d88.fc.signal	0.663349	0.876395	1.33909	0.189237	0.541842	0.424831	1.5701	0.403032	1.01479	1.71684	0	0	0.488033	0.62525	0.752243	0.749673	0.690353	1.18899	0.545854	0.337586	0.382256	0.178705	0.513095	0.71694	1.17818	0.844681	0.269544	0.0166715	0.618825	0.63356	0.949499	0.229292	0.318664	0.939336	0.272571	0.102526	0.606426
ihec.chipseq.ihec-chipseq-containerv1.1.4.IHECRE00004884.1.cdb41994-86e2-4949-bf91-2378fd47bfa2.fc.signal	0.452997	1.08159	1.08159	0.135899	0	0	0	0.486972	0.305773	0.617209	0.658262	0	0.641746	1.65646	1.24505	0.284277	0.590376	0.39071	0.402035	0.430347	0.362398	0	1.58723	0.930857	0.605884	0	0	0.274317	0.358919	0.51237	0.75302	0.0282385	0.871313	0.560584	0.301024	1.51745	0.604082
ihec.chipseq.ihec-chipseq-containerv1.1.4.IHECRE00003692.4.3bf09a2c-baea-4256-b5b7-ae913b7ca17e.fc.signal	1.04313	0.393059	0.461242	0.877592	1.13368	0.509048	0.525505	1.56819	0.297749	2.71217	1.42702	0.0628745	0.0305353	0.549537	1.12366	0.232117	0.769379	1.36332	0.974803	0.523106	0.279462	0.279461	0.493065	0.793418	0.400947	0.553843	0	0.800921	1.82588	1.32141	0.864008	0.267514	0.272666	1.04232	0.941576	0.615891	0.398936
ihec.chipseq.ihec-chipseq-containerv1.1.4.IHECRE00000315.2.e9fbad15-4a0e-4eb7-a1cb-5ed723b77040.fc.signal	0	0	0	0	0.624665	2.43693	2.10139	1.05406	0	0.143322	2.04747	2.40449	1.63461	0	0	0	0	0	0.509222	0.652101	0.243304	0.640844	0.0378774	0	0	0.444823	0.837871	0	0	0	0	0	0	0	0	0	0.519048
ihec.chipseq.ihec-chipseq-containerv1.1.4.IHECRE00001851.4.41736f40-6f67-4bdc-bc7e-afd139847fe8.fc.signal	0.419728	0.421207	0.224985	0.0109677	0.584242	0.941351	0.312752	0.160711	0.49009	0.586341	0	0	0	0	0	0	0	0	0	0	0	0	0.761857	1.25724	0.796073	0.155525	0.340359	0.856143	1.50659	0.8968	0.101093	0.710507	0.695912	0.545937	0.294647	0.0286696	0.446701
ihec.chipseq.ihec-chipseq-containerv1.1.4.IHECRE00003679.3.9ac74a4d-9d70-4efc-945e-29c0f04f171f.fc.signal	0.739131	3.2837	1.96464	0.580467	0.526045	0.806756	0.305721	1.21251	1.03114	2.88895	1.11452	0.024738	0.00465156	0.334918	0.586075	0.486978	0.75064	0.3712	1.05486	0.799516	0.367015	0.335569	0.703556	1.07561	0.332128	0.115826	0.366974	1.55382	1.66682	1.57812	0.438173	0.601381	0.653043	0.37599	0.57391	0.361812	0.391304
ihec.chipseq.ihec-chipseq-containerv1.1.4.IHECRE00003680.3.f291fb29-a363-426c-a2c2-33a98c6182ef.fc.signal	0.536409	0.373362	0.350538	0.358153	0.594989	0.641153	0.741907	0.461351	0.0612199	0.291538	0.19963	0.039926	0	0	0.0332717	0.228934	0.163697	0.174379	0.330166	0.270226	0.354094	0.39049	0.129198	0	0	0	0.00266173	0.425671	0.214579	0.162804	0	0	0	0	0	0.172874	0.608108
ihec.chipseq.ihec-chipseq-containerv1.1.4.IHECRE00003821.3.18c7c517-acd2-418c-a70e-986e331348db.fc.signal	0.497512	0.708885	1.23229	1.74528	0.292042	1.21347	0.356072	0.820241	0.753321	2.81909	1.79624	0.16979	0	0	0	0.221561	1.45077	2.53269	1.4294	1.77668	1.06981	1.3188	0.618839	0.465948	0.206801	0.426245	0	0.210279	0.697011	0.936182	0.0197353	0.462115	1.01658	0.393138	1.74712	1.86438	0.471429
ihec.chipseq.ihec-chipseq-containerv1.1.4.IHECRE00003402.2.b9e005f4-fbbb-49ef-81b0-40cfa3806f30.fc.signal	0.638598	1.2065	0.755315	0.877415	0.407859	0.525844	0.703716	0.89102	0.905135	0.32262	0.25051	0.43567	0.324332	0.137962	0.74365	0.340274	0.266075	0.66756	0.303359	0.420744	0.412436	1.52458	0.223882	0	0.119578	0.372439	0.0072192	1.81993	1.90501	0.248264	0.350078	0.426738	0.802054	1.22109	0.360203	0.697243	0.590909
ihec.chipseq.ihec-chipseq-containerv1.1.4.IHECRE00003695.3.976830f0-f131-4dc5-bdfd-64d83fdc4635.fc.signal	1.17999	2.31921	2.31832	2.28265	1.84384	1.05062	0.548527	1.12937	0.0857876	0.578072	0.690946	0.187921	0	0	0	0	0.056248	0.644064	0.49352	0.533045	1.18414	0.895209	0.273149	0.504562	0.42049	0.091403	0.793113	1.41943	0.4812	1.00704	0.132804	0.142029	0.45428	0.25375	0.119832	0.0322916	0.263736
ihec.chipseq.ihec-chipseq-containerv1.1.4.IHECRE00001997.1.3ac72c63-5790-4eab-ab70-1f2408156b61.fc.signal	0.701309	0.998855	1.46747	1.34764	0.816757	1.37439	1.37357	0.610764	0.246376	0.977487	1.16826	0.535335	1.63607	1.28672	1.1131	3.97985	0.383624	0	1.12369	0.896547	0.272912	0.207558	0.377649	1.03982	2.19409	0.948894	1.54566	1.56012	1.58198	0.718752	2.16356	1.09107	0.424394	0.49714	0.533303	0.476892	0.376
ihec.chipseq.ihec-chipseq-containerv1.1.4.IHECRE00000784.3.589e1f11-0874-4698-ac02-5c217aac91a6.fc.signal	0.465454	0.997788	1.47794	1.36733	0.826727	0.805735	1.45198	0.65042	0.359812	0.667784	0.434547	0.198435	0.861711	1.10077	1.18168	0.85761	0.284174	1.11006	0.375476	0.809482	0.384576	1.31137	0.56144	0.860509	0.654856	0.012125	0.678456	0.94195	1.94809	1.14585	0.665958	0.8106	0.713995	0.372915	0.238902	0.205644	0.706383
ihec.chipseq.ihec-chipseq-containerv1.1.4.IHECRE00001887.4.92e33eb4-60fb-4aba-99b3-db60d30e791f.fc.signal	0	0.382304	1.51257	0.803235	0.137387	1.38715	2.23657	1.00772	0.165964	0.57805	0.732542	0.0801535	0	0	0	1.31728	0.28194	0	0	0	0	0	0.521827	0.76047	0.0902489	0	0	0.77851	1.65601	0.0240167	0.0440917	0.785057	1.00042	1.09644	2.3161	0.995095	0.40682
ihec.chipseq.ihec-chipseq-containerv1.1.4.IHECRE00001015.4.9280a4bd-15d9-4bff-baed-11156e36abac.fc.signal	0.368685	0.259501	0.0411907	0.30893	0	0.515447	0.516474	0	0	0	0	0	0	0.0823813	1.09798	1.36166	0.308997	0	0.265733	0.434656	0	0	0	0.304842	1.01968	0.0762027	0.38028	1.00728	1.67682	2.23304	1.02381	0.613859	0	0.648871	1.22775	0.251331	0.585106
ihec.chipseq.ihec-chipseq-containerv1.1.4.IHECRE00003835.4.bcf78771-4438-44b9-b60f-ce0703898bd2.fc.signal	0	3.62411	2.7625	5.28815	2.13763	0	0	0	0	0.171025	1.77588	1.74001	0.756423	3.7326	2.05213	0	1.71667	3.26235	2.02893	0.925462	1.78827	1.1711	0	0	0	0	0.868224	1.10501	0.269677	2.52852	1.69322	1.56638	1.03929	0.105246	0.815611	3.1535	0.28169
ihec.chipseq.ihec-chipseq-containerv1.1.4.IHECRE00000239.3.9e4848b7-a913-4011-92b1-1d083e775db4.fc.signal	0	0	0	0	0	0	0	0	0	0	0	0	0	0	0.0924729	0.314726	0.388589	0.133104	0	0	0	0.0498749	0.266675	0.713558	0.840172	0.324095	0.122065	0	0	0.225986	0.749674	0.572223	0.135755	0	0	0	0
ihec.chipseq.ihec-chipseq-containerv1.1.4.IHECRE00003822.3.77ca98f2-545d-4aeb-bc0c-48db2083d121.fc.signal	0.711381	1.74242	1.02083	0.805329	0.715252	0.582165	0.777736	1.4895	1.11721	1.46351	0.875514	0.271363	0.0339502	0.399568	0.383899	0.126922	0.687878	1.47604	1.17832	0.479339	0.363747	1.43106	0.955821	0.252276	0.509249	0.38703	0.617367	0.542612	1.51325	0.287879	0.238653	0.548423	0.852406	1.07757	0.457542	1.03838	0
ihec.chipseq.ihec-chipseq-containerv1.1.4.IHECRE00004617.2.4b42183d-fbd0-4b87-afb1-913c17cc15e7.fc.signal	0.73358	0.6259	0.859274	0.421729	1.35733	0.448653	0.383592	0.403781	0.856993	1.05243	1.14823	0.495552	0.351435	0.33648	0.591358	0.632927	0.61573	0.652707	0.474553	0.302442	0	0.356674	0.36116	0	0.684248	0.751559	0.601216	1.4293	1.78732	0.513337	0.0230147	0	0.190674	0.975901	0.269187	0	0.0478261
ihec.chipseq.ihec-chipseq-containerv1.1.4.IHECRE00003836.3.5c9cb736-993f-45fe-be70-bfabfbcef3f6.fc.signal	0.336203	1.22983	1.46748	1.28729	2.14528	0.953386	0.454251	1.15546	0.919152	1.90793	1.01581	0.350419	0.38405	0.0704092	0.335384	0.981653	1.01113	3.04894	1.91231	1.16225	0.445474	0.092172	0.166363	0.470347	1.52322	0.437781	0	0.111741	0.32348	0.350364	0.092172	0.355886	0.424953	1.39011	0.453344	0.725811	0.14557
ihec.chipseq.ihec-chipseq-containerv1.1.4.IHECRE00001957.2.0bd574cb-6c79-4f0e-a131-98ee1a6088f8.fc.signal	0	0.175709	0.735286	0.848228	1.09725	1.91557	1.07725	1.4765	0.42389	0.756852	1.03386	0.433707	0.216161	0.251823	0.146237	0.258505	0.313167	1.51234	1.25192	1.00948	0.599529	0.72208	0.366806	0.312531	0	0	0.495034	0.103659	1.05126	0.956114	1.73431	1.17381	0.223972	1.21264	0.843004	0.142675	0.539683
ihec.chipseq.ihec-chipseq-containerv1.1.4.IHECRE00004606.2.411a52db-8794-484a-8712-a21b0a7c3495.fc.signal	0.283788	0.632791	1.33118	1.36019	2.09938	0.48911	0.584271	0.526411	0.323518	1.41236	1.12059	0.198629	0.0406856	0.695897	0.509235	0.818085	0.29345	0.655397	0.620288	0.231049	0	0	0.614696	1.13591	0	0	0.0678078	1.06478	2.17221	1.11995	0.0954332	0.148955	0.443573	0.644354	1.96702	0.807973	0
ihec.chipseq.ihec-chipseq-containerv1.1.4.IHECRE00003696.3.61e7591e-7d42-4bac-a82f-41dc0577b027.fc.signal	1.15906	1.7736	2.89021	2.06558	0.979488	2.83339	3.07594	1.06269	0.786816	1.74153	0.886771	0.189126	0.450082	1.28461	1.27583	1.16144	0.321159	1.14647	0.147207	0.867097	0.40582	0.458493	0.635736	0.335759	0.601437	0.0744664	0.367881	1.17307	1.01953	1.10756	0.454347	0.731534	0.845029	1.10251	1.19132	0.505624	0.491358
ihec.chipseq.ihec-chipseq-containerv1.1.4.IHECRE00003845.2.fa3c8e36-edcb-4649-9a8e-5dec7e1c367c.fc.signal	1.52448	1.3948	1.53426	2.94253	1.4897	0.882755	0.798239	1.65034	1.96127	2.0469	1.17913	0.443795	0.252896	0.14382	0.144432	0.242394	1.30358	2.20705	1.67745	1.89522	2.2965	2.23001	0.735782	0.768343	1.86949	0.938425	1.30546	1.48843	1.88553	1.10926	0.429444	0.96042	1.80223	1.22839	0.92987	0.494849	0
ihec.chipseq.ihec-chipseq-containerv1.1.4.IHECRE00000232.3.e48fa4c5-7778-4b0d-8c77-20b91a15213e.fc.signal	0	0	0	0	0	0	0	0	0	0	0	0	0	0	0	0.0293635	0.29562	0.490762	0.133407	0	0	0.0921817	0.248565	0.502277	0.356746	0	0	0	0	0	0.393024	0.965419	0.636866	0	0.0684749	0.574877	0.239669
ihec.chipseq.ihec-chipseq-containerv1.1.4.IHECRE00001956.2.6c45d08b-377b-419c-a177-44262ce42f4b.fc.signal	0.733615	0.857321	0.524636	0.268344	0.510071	0.417983	0.143192	0.547092	0.392984	0.53138	0.789474	0.435851	0.605855	0.938443	1.16805	0.991429	0.141416	0.0590379	0.242571	0	0.0307413	0.633358	0.483311	0.132937	0.107608	0.42508	0.661371	1.28189	0.419476	0.790332	0.168101	0.806343	0.231874	0.527589	0.305166	0	0.174556
ihec.chipseq.ihec-chipseq-containerv1.1.4.IHECRE00000152.3.9a3cfb88-6d7d-4b7c-9d6d-96e940ce08cf.fc.signal	0.677572	0.478715	2.13599	1.09786	1.94238	1.16801	0.751771	1.04561	2.28353	1.18209	0.826728	1.45963	0.656062	0	0	0	0.877617	0.0903429	0.214163	0.953442	0.860347	0.0992852	0.647429	0.199593	0	0	0	0.124632	0.773004	0	0.521961	0.890953	0.936824	2.51025	1.12769	0.179066	0
ihec.chipseq.ihec-chipseq-containerv1.1.4.IHECRE00000332.2.3d98bc1f-c00a-45a1-9387-7764c6e8d313.fc.signal	0.619997	0.414411	0.549753	0.61255	1.45398	0.696239	0.608367	1.92818	1.17726	0.465744	0.983397	1.02932	0.389666	0.330928	0.367378	0.348506	1.15031	2.17577	0.907554	1.26837	0.213375	0.168596	0.651498	1.4297	0.169905	0.703262	1.2796	0	0.458489	1.95788	0.974324	1.05439	1.58033	0.395163	0.385474	0.350868	0.663934
ihec.chipseq.ihec-chipseq-containerv1.1.4.IHECRE00000943.7.e73b84a4-42ef-4b6b-83f9-72b6584af2ee.fc.signal	0.0174753	0.028596	0.257731	0.400057	0.381157	1.23672	1.01737	0	0.0921381	0.523639	0.291866	0.140793	0.555803	0.530261	0.989338	0.290669	0.346852	0.20708	0.396509	0.283051	0.174692	0.397044	0.0281981	0.70533	0.189025	0	0.004766	0.185704	0.904653	0.720698	0.329194	0.547724	0.782071	0.508205	0.410219	0.573153	0.45098
ihec.chipseq.ihec-chipseq-containerv1.1.4.IHECRE00004615.1.8cd5cefc-1c86-42bb-a689-d60dd071a471.fc.signal	2.29197	2.17151	1.47286	1.07842	2.41391	1.22109	1.02845	1.49097	2.68432	3.1597	1.46343	0.277538	0	0	0	0	0	0.740352	1.64106	1.33646	0.0377714	0	0.338441	0.719392	0.464509	0.730185	0.797313	2.06995	1.45694	0.204007	0.544515	1.21899	1.11621	0.273112	0.463743	0.717384	0.0688406
ihec.chipseq.ihec-chipseq-containerv1.1.4.IHECRE00001961.2.058af969-8786-43c5-84e7-d3c325107d07.fc.signal	0.197728	0.711101	0.916515	0	0	0.471544	2.11065	1.06862	0	0	0	0	0	0	0	0	0.336159	1.00462	1.80258	0.190146	0	0	0.353661	0.863263	0	0	0	0	0	0.465268	0.666512	0.562073	0.866852	1.13326	1.15611	0.229866	0.15566
ihec.chipseq.ihec-chipseq-containerv1.1.4.IHECRE00001050.8.a9a09927-f961-43dc-bcc9-a3c995bbca26.fc.signal	0.774649	0.0526461	0	0	0	0	0	0	0	0	0	0	0	0	0	0	0	0.409499	0.0032596	0	0	0.736686	0	0.827295	0	0	0	1.06015	0.760401	0.311124	0.496377	0.330918	0	0	0	0.59609	0.406417
ihec.chipseq.ihec-chipseq-containerv1.1.4.IHECRE00003683.3.9d98dd69-4d9c-4c81-bc8f-9c0f23e13a7b.fc.signal	0.783725	0.514968	0.722835	1.06854	0.834798	0.777834	0.726765	0.282845	1.21722	1.86835	1.09327	0.144639	0	0	0.109995	0.636409	0.208208	0.585341	0.575516	0.55391	0.608909	2.29225	0.714978	0.243565	0.762119	0.251419	0.0510692	0.662466	1.02529	0.979985	0.0942827	0	0.115889	0.512664	0	0.0131924	0.426426
ihec.chipseq.ihec-chipseq-containerv1.1.4.IHECRE00001378.1.0fecda09-3e67-46f5-9229-720f600c0eed.fc.signal	1.5215	0	0	0.504695	0.672385	0.810824	0.506208	2.17406	0.339139	0.42929	0.821753	0.301258	0	0	0	0	0	0.163371	0.745477	0	0.821437	1.1387	1.54437	0.0363083	0.671332	0.483864	0.9057	1.57154	1.42209	2.66644	0.215315	0.862938	0.205881	0	0.729237	2.25567	0.530973
ihec.chipseq.ihec-chipseq-containerv1.1.4.IHECRE00004614.1.0ac6fcf9-3ed9-4ad3-9178-9d485c424be8.fc.signal	0.757998	2.27593	2.27656	1.69047	0.21677	0.780375	2.065	1.53993	1.35238	1.60275	1.44251	0.907651	0.174489	0.6062	0.629272	0.573716	0.47781	0.565534	0.604366	0.725586	1.47435	0.456165	0.431989	0.910688	0.32241	0	0.258433	1.36153	0.111206	0.476977	0	0	0.0928859	0.193413	0	0.455905	0.168498
ihec.chipseq.ihec-chipseq-containerv1.1.4.IHECRE00001958.3.3cd86255-36f1-4b55-a6a7-d6b5647cff3a.fc.signal	0.524101	0.25838	0.387855	0.272833	0.688147	0.994415	0.801046	0.589898	1.0563	0.492137	0.349388	0.461555	0.406056	0.262922	0.481926	0.683455	0.709754	0.523729	0.385869	0.228806	0.6953	0.49067	1.17146	1.23704	0.412285	0.0399579	0.593514	0.87964	1.02311	1.04154	0.173439	0.374565	0.271175	0.406696	0.640636	0.402835	0.251613
ihec.chipseq.ihec-chipseq-containerv1.1.4.IHECRE00002076.1.483aa0c8-5543-4e25-b16f-2f222c5a2d5b.fc.signal	0.706038	0.506715	0.765697	0.635635	0.389663	0.860965	1.20278	1.21021	0	0.369891	0	0.434932	1.06612	3.24395	2.61714	0.701627	0.659963	0.270746	0.198648	0.417974	0	0.400343	0.0939433	0.623567	0.792119	0.339499	0.267297	0.332079	1.29385	0.623859	1.15729	0.371963	0.920818	0.828032	0.660889	0.69072	0.501355
ihec.chipseq.ihec-chipseq-containerv1.1.4.IHECRE00002058.1.0fc0f90b-b2ac-4c17-952e-d39560131bf4.fc.signal	0.645547	1.49455	1.75681	2.02691	0.279688	0.196827	0.13109	0.376762	0.847153	0.76664	0.39561	0.179033	0.40558	1.25882	0.692903	1.40831	1.14308	0.468766	0.510426	0.333298	0.320068	0.549604	0.269117	0.683639	0.552305	0.306289	0.458537	1.23765	1.96999	0.78197	0.352954	0.824348	0.963147	0.381999	0.582095	0.301851	0.479452
ihec.chipseq.ihec-chipseq-containerv1.1.4.IHECRE00001854.4.9795bbe6-24d0-4d23-b44e-724aab1b2c12.fc.signal	0.667322	0.799377	1.08305	0.687083	0.538897	0.682519	0.60504	0.895322	0.732356	0.987891	0.715494	0.102352	0.197568	0.385212	0.607821	0.333772	0	0.28449	0.287613	0.140209	0.289669	0.320562	0.664441	0.559888	0.684228	0.871164	0.993555	0.316355	0.451739	0.660369	0.109325	0.0831762	0.314511	0.315311	0.75693	0.537498	0.404844
ihec.chipseq.ihec-chipseq-containerv1.1.4.IHECRE00001918.1.c154a44f-91a2-4062-881d-72e98844dc88.fc.signal	0	0.420085	0.459311	0	0	0.26031	1.73866	1.67551	0.636523	0	0	0	0	0	0	0.289326	0.867642	0.691311	0.364732	0.573774	0.471702	0.917338	0.999723	0	0	0.423153	1.13564	0.499009	1.77108	0.645561	0.091495	0.834521	1.37476	1.49777	0.207393	0	0.06875
ihec.chipseq.ihec-chipseq-containerv1.1.4.IHECRE00000348.2.ebee7a5f-3411-4595-bc73-d0dfa8919fd3.fc.signal	0	0	0	0	0.795277	1.55733	1.67758	0.808279	0.344147	0.485963	0	0	0	0	0	0	0	0.632458	0.626369	0	0.310856	1.78665	0.771784	0.588953	0.53296	0	1.45284	2.02888	0.110136	0.372147	0.667114	0	0	0	0	0	0.35
ihec.chipseq.ihec-chipseq-containerv1.1.4.IHECRE00000709.3.6a6e5234-23fa-41fc-9f41-6ee555b180c8.fc.signal	0.594967	2.61395	2.69715	2.89534	4.08223	1.92139	3.13929	3.24398	0.338441	3.92533	1.84422	0.608609	0.206391	2.99059	2.4499	0.841665	1.72307	2.31823	0.652867	0.365935	0.618948	1.75883	0.441365	0	0.567278	0.705738	0.537583	0.33765	0.683409	1.08613	1.98861	1.47225	0.683754	0.695134	1.11912	0.690529	0.744094
ihec.chipseq.ihec-chipseq-containerv1.1.4.IHECRE00001027.7.cd19865b-26c6-4f71-a2cb-2c7271712e2b.fc.signal	0	0	0.935767	0.300135	0.12947	0.642398	0.230976	0	1.15353	0.31779	0.88275	0.633975	1.11822	1.13293	0.32956	0.264825	0.833038	0.205975	0.310378	0	0	0.182435	0.992956	1.13751	0.5885	0	0.788633	1.77302	1.94487	1.95392	0.369925	1.46118	3.22642	0.72151	1.40953	0.751855	0.372549
ihec.chipseq.ihec-chipseq-containerv1.1.4.IHECRE00000242.3.60fb688a-cd94-4204-878d-aedbff00484b.fc.signal	0	0	0	0	0	0	0	0	0	0	0	0	0.227131	0.817525	1.00567	0.843635	0.252402	0	0	0	0	0.0315333	0.247963	0.33874	0.377184	0.197929	0	0	0.0417517	0.424788	1.24616	0.72416	0	0	0	0	0
ihec.chipseq.ihec-chipseq-containerv1.1.4.IHECRE00003685.2.cb8ce07d-5bf2-4abf-a883-851526414fcb.fc.signal	0.063317	0	0.695306	1.5382	1.84742	0.721814	0.811645	0.419773	0.550913	0.907832	0.2354	0.00856	0.230169	0.2354	0.508557	0.263695	0.00313867	0.816218	0.255878	0.594859	1.196	0.586248	0.578217	0.715537	0.301315	0.084744	0.398668	1.31819	0.741055	0.305436	0.154425	0.218137	0.667118	0.0674819	0.162171	0.507521	0.490251
ihec.chipseq.ihec-chipseq-containerv1.1.4.IHECRE00004604.3.044a44f4-7a76-4042-adca-64782b5c2f81.fc.signal	0	0	0	0	0	1.41123	2.28463	0	0	0	0	0	0.362615	1.25504	1.23329	4.253	1.98305	0	0	0	0	0	1.83249	2.09037	0.945796	0	0.271933	2.3514	1.92485	0.124967	0.440147	1.13806	0.378315	0.317898	0	0	0
ihec.chipseq.ihec-chipseq-containerv1.1.4.IHECRE00004728.1.8beb4625-34f3-4c76-87f5-2108669b4ebf.fc.signal	0.36274	0.568459	1.41813	0.236811	0.612748	1.45345	1.70437	1.06775	0.0982303	1.27171	0.867862	0.0110105	0	0	0	0	0.140564	1.88214	0.21638	0.705051	0.855741	0	0	0	0	0	0.0269147	0.804386	0.436748	0.825437	0.0457549	0.118425	0.6028	0.137265	0.31221	0.347095	0.0887574
ihec.chipseq.ihec-chipseq-containerv1.1.4.IHECRE00002005.1.1ff1e0cf-fe7a-4485-b51f-e180baac3300.fc.signal	0.240307	1.69131	0.818719	1.37736	0.194683	1.81968	0.729104	1.22961	0.324341	1.1228	0.428352	0.0161121	0.1959	1.4693	1.48161	1.5768	2.84798	0.830306	0.577661	0.85602	0.158118	0.356695	1.10762	1.47246	0.16992	0.268209	2.34318	1.01079	1.00722	0.90381	2.87392	0.938083	0.197489	0.01791	0.509505	0.805712	0.618123
ihec.chipseq.ihec-chipseq-containerv1.1.4.IHECRE00003832.2.1f43525d-0a83-4caf-ad11-becd1d0bf5b9.fc.signal	0.639355	1.92416	0.984737	1.38638	0.376528	0.285194	0.733805	1.24176	1.04281	0.643383	0.589909	0.02751	0.0134493	0.887503	0.806823	0	0	0	0	0	0.192017	0.981361	0.217908	0.256631	0.0766612	0.215862	0	0.302657	1.276	0.123046	0	0.0403837	0.386854	0.415277	1.43244	0.59942	0
ihec.chipseq.ihec-chipseq-containerv1.1.4.IHECRE00004609.2.ff95f1fe-813e-4cf7-a1c8-3ae5ac2c2c17.fc.signal	0.865464	2.85346	1.84439	0.951373	0.563339	0.98127	1.12009	1.78889	2.55742	2.61432	1.27299	0.215673	0	0.189578	0.328603	0.277365	0.334041	1.70679	2.89395	1.25419	1.3355	1.00237	0.282554	0.693139	1.08415	1.13568	0.778936	0.635446	1.17264	1.86964	0.127958	0.0880345	0.878225	0.671731	0.77815	0.803572	0.125
ihec.chipseq.ihec-chipseq-containerv1.1.4.IHECRE00000184.3.e49570a0-926e-4a06-8cdb-e56c6d55c91c.fc.signal	2.90635	1.94343	0.0268807	0	0	0	0	0.808603	0.141619	1.46204	1.92685	0.175168	1.50732	1.96599	0.607527	0	0	0	0	0	0	0	1.29226	0.467722	1.50451	0.483303	0.0674376	1.11033	1.24896	0.313109	3.38537	5.02613	0	0	0	1.0233	0.508333
ihec.chipseq.ihec-chipseq-containerv1.1.4.IHECRE00003812.1.155d6bcb-5d5c-4947-89c2-c75cf0a7e99d.fc.signal	1.33945	1.34384	1.05889	0.722658	1.25985	2.23445	1.81858	1.06676	0.84672	1.15198	0.61069	0.205672	0	0	0.200484	0.474878	0.409598	0.271347	0.738732	1.07719	0.802656	0.213622	0.190808	0.867605	0.182224	0.430636	0.0920096	0.50636	0.612683	1.24778	0.331819	0.524412	1.34343	0.521029	0.300451	0	0.384375
ihec.chipseq.ihec-chipseq-containerv1.1.4.IHECRE00003715.2.e8a2a442-a331-474b-9c0f-ad5c0953942a.fc.signal	0.671546	0.471214	1.10117	0.8726	1.16549	0.690249	0.25102	0.171622	0.192613	1.10564	1.33488	1.02533	1.14007	1.12959	0.534983	0.21162	0.248706	0.418093	0.245514	0.114286	0.279943	0.806425	0.612921	0.334627	0.454285	0.699739	0.957854	1.2195	1.18226	1.33168	1.68574	1.64495	1.00444	1.01689	0.383276	0.758285	0
ihec.chipseq.ihec-chipseq-containerv1.1.4.IHECRE00003826.4.93a8f270-5d77-4704-ada1-4b6b1a7c8853.fc.signal	0	0	0	0	0	0.526518	2.55128	0.492077	0	0	0	0.248133	1.01773	3.60085	2.6512	2.23585	0.602987	0	0.186186	1.04112	0	0	3.94406	2.57899	2.18325	0	0.103529	1.02293	1.27491	0	0.889161	1.58256	1.06449	0.179087	0	0	0.6875
ihec.chipseq.ihec-chipseq-containerv1.1.4.IHECRE00003396.1.f283c7ad-e125-498d-831d-e15ed9c8164f.fc.signal	0.878255	1.24735	1.11418	0.160012	0	0	0.374385	0.96867	0.777861	0.761961	0.316834	0	0	0	0	0	0.939236	1.55404	0.440685	0.560318	0.491257	0.225292	0	0	0	1.18192	0.871358	1.20332	1.02259	0.780421	0	0.320061	0.212564	0.101486	0.783652	0.602599	0.369458
ihec.chipseq.ihec-chipseq-containerv1.1.4.IHECRE00003730.1.3f439d72-e3f6-44c0-a502-169344c6ad35.fc.signal	0.762933	1.72272	1.64482	0.489466	0.0548975	0.140303	0.539035	1.44502	2.3544	2.78025	0.719452	0.27032	0	0.0479827	1.43482	0.513462	0	0.379063	0.662161	0.71974	0.494221	0.695749	0	0.254308	0.71974	0.165514	0.464799	0.88942	1.39116	0.588127	0.0523078	0.427081	1.10639	0.546525	0.926512	1.55185	0.270492
ihec.chipseq.ihec-chipseq-containerv1.1.4.IHECRE00003694.3.61c30d06-38bd-4873-b3e9-1676bf3449d1.fc.signal	0.480461	0.896688	0.798481	1.12521	0.580421	0.828026	1.16126	1.02497	0.372546	0.503034	0.0658525	0	0	0	0	0	0	0.041393	0.348711	0.484186	0.607153	0.492979	0.14407	0.127875	0	0	0.0965857	1.23383	1.00879	2.08361	0.26266	0.0600207	0.142066	0.519757	1.30594	0.585603	0.343321
ihec.chipseq.ihec-chipseq-containerv1.1.4.IHECRE00001915.1.f5573e79-d80d-470a-8d12-22719ef4a51e.fc.signal	0	1.5674	0.323237	0	0	0	0	0	0	0	0	0	0	0	0	0.632098	0.608771	0.547124	1.34174	0.164668	1.62229	0.10368	2.14116	3.39187	2.5737	0.72576	1.43322	2.60391	0.9972	0.295453	0.41762	0.219934	0.890417	1.03409	2.70788	0.66222	0.0434783
ihec.chipseq.ihec-chipseq-containerv1.1.4.IHECRE00001966.2.f603ad07-1fa1-4eda-9e31-ea07130b3846.fc.signal	0.150192	0	0	0	0.303257	0.796307	0.936517	0.467013	0	0.239348	0.911166	1.07229	1.4517	1.08468	0.507315	0.765655	0.452182	0.107712	0.842605	0.597533	0.272398	0	0.699899	1.25196	1.0853	0.667517	0.08344	0.244074	1.52736	0.194292	0	0	0.467264	0.380553	0.501378	0.400437	0.262799
ihec.chipseq.ihec-chipseq-containerv1.1.4.IHECRE00003398.1.f0bdf12d-8bcf-4989-949c-4d32dbd60ffe.fc.signal	2.17454	0.0705084	0.835703	0.471669	0.332957	1.16542	2.87476	0.36854	0.0589664	1.10562	0.331686	0	0	0	0	0	0	0	0.656584	1.79997	1.00349	0	0	0	0	0	0	0.739402	0.747513	1.3609	1.12085	0.634942	1.34536	1.91569	0.810651	0	0.584229
ihec.chipseq.ihec-chipseq-containerv1.1.4.IHECRE00003404.1.0fdae11f-7f58-4d45-8594-d429c2e066c7.fc.signal	0.422563	0.702956	2.2048	1.03852	0.350339	1.0082	0.375403	0.492821	1.753	0.394919	0.624895	0.344973	0.47893	0.595889	0.17051	0	0.589086	0.509207	1.31219	1.6969	2.60422	1.03408	0.577222	0.140989	0.174062	0.877742	1.31664	1.23619	0.458349	0.670962	1.08227	1.0556	1.58996	0.950835	0.250177	0.976919	0.185567
ihec.chipseq.ihec-chipseq-containerv1.1.4.IHECRE00003401.1.04bbdaed-a320-4540-aa2d-1d676d505c81.fc.signal	0.722237	0.508479	1.21559	1.6045	0.156254	0.508376	0.361732	0.659736	1.77058	0.259167	0	0	0	0	0.240219	0.80073	0.127604	0.704191	0.157138	0.955589	1.07204	0.279381	0	0	0.437732	0.629908	1.08905	1.87422	1.58066	2.82407	1.1531	1.55352	2.65322	2.55179	1.02211	0.652312	0.414414
ihec.chipseq.ihec-chipseq-containerv1.1.4.IHECRE00004607.2.654f15ab-b67f-4220-9161-30be6d438771.fc.signal	1.28112	1.12815	0.674733	0.488886	0.175131	1.54413	0.369885	0.223425	0	0	0	0	0	0	0.596295	1.18743	0.901977	0.00395533	0	0	0.866541	2.94482	0.710567	0	0	0.0303096	1.05534	1.18116	0.902947	1.15764	0.0736623	0	0.635037	2.06791	2.06583	0.371435	0.0599078
ihec.chipseq.ihec-chipseq-containerv1.1.4.IHECRE00001964.2.194197dc-d3ad-4faf-839a-1e28c390e1c7.fc.signal	0.450645	0.524804	0.0656291	0.143935	1.49688	1.5834	0.384452	0.0505589	0.421995	0.116097	0	0	0	0.012542	0.407979	0.634249	0.224299	0	0.159908	0.910324	0.701647	0.586543	0.78843	0.475646	0.620269	1.24647	1.79398	0.230916	0.0539639	0.981657	1.36141	0.294721	2.08234	2.00911	0.112464	0	0.572438
ihec.chipseq.ihec-chipseq-containerv1.1.4.IHECRE00004618.1.40df65f6-ad48-44fa-bfba-39b465419c5e.fc.signal	1.65577	1.99326	1.98347	2.36992	0.67508	2.16569	2.19698	0.27633	1.32069	1.61176	1.10061	0.22676	0	0.256767	0.901614	0.573905	0.223571	1.77779	1.0899	0.569486	0.709958	1.11963	1.50594	0.939176	0.0831436	0.0537988	0.313011	0.946043	2.19915	1.57077	1.63256	0.662792	0	0.293498	0.902494	0.884743	0.0704698
ihec.chipseq.ihec-chipseq-containerv1.1.4.IHECRE00001008.4.a169f921-cefd-41e3-aba6-62149b95f327.fc.signal	0.475583	0.451035	0.177378	0.064158	0.539691	0.852815	1.14092	0.48311	0.01887	0	0	0	0.022015	0.28305	0.756367	0.775935	0.427115	0.954969	0.954993	0.826608	0.303811	0.38684	0.403825	0.707731	0.934184	0	0.545381	1.54602	1.6858	1.79311	0.320614	1.3041	0.534094	1.19467	1.01918	0.462651	0.0897959
ihec.chipseq.ihec-chipseq-containerv1.1.4.IHECRE00000238.3.b63d6dc1-6fc0-4b8d-9bff-172e3f638785.fc.signal	0	0	0	0	0.207438	0.79784	0.271266	0	0	0	0	0	0.821782	0.930569	1.48478	1.14761	0.154792	0	0	0	0.110065	0.478496	0.28318	0.161776	0.420946	0.181853	0	0.389145	0.562975	0.703492	1.13278	0.573224	0.944628	1.13551	0.0151886	0	0.383333
ihec.chipseq.ihec-chipseq-containerv1.1.4.IHECRE00000243.3.6e43a1d4-827b-4226-ab35-bcd9e4427ba9.fc.signal	0	0	0	0	0.149131	1.26902	1.33936	0.112551	0	0	0	0	0	0	0.0877096	0.416547	0.362769	0.122097	0	0	0.137864	0.614101	1.40266	2.47535	1.95078	0.577637	0	0.0994671	0.279353	0.309765	0.675019	0.550186	0.102846	0	0	0	0.181818
ihec.chipseq.ihec-chipseq-containerv1.1.4.IHECRE00000290.2.9036d968-bf50-4310-9e21-078c3dff6fda.fc.signal	0	0.759885	0.945916	0.814936	1.57449	1.03746	1.99419	1.27166	0	0.194738	0.384105	0.350787	1.04983	0.81493	0.264423	0	0.0830982	1.48998	0.210807	0.563074	0.829832	1.44523	0.647764	1.23564	0.467995	1.57814	2.25795	1.35024	0.95102	1.62367	1.04056	0.625375	2.16674	0.876166	0.215429	0.773816	0.396825
ihec.chipseq.ihec-chipseq-containerv1.1.4.IHECRE00001973.1.61dbfaab-48a0-49aa-b249-2516c02981de.fc.signal	0.538787	1.47608	2.18212	1.52584	1.48424	1.61801	0.489983	1.61129	0.714186	1.60331	0.819693	0.242544	0.550968	0.646086	0.304294	0.595444	0.227631	0.161273	1.09918	0.44845	0	0.246372	0.597031	0.461436	0.479587	0.112295	0.226148	0.863183	0.840566	0.179813	0.472839	0.279503	0.460531	0.797771	0.113427	0	0.64127
ihec.chipseq.ihec-chipseq-containerv1.1.4.IHECRE00000775.1.672aeb75-b003-40bb-88b0-79458561e736.fc.signal	1.36634	3.05147	1.12883	0.335187	0.303345	0.940887	0.459784	0.447805	0.0092516	0	0.0706753	0.473678	0.955624	1.75393	1.47442	0.334988	0.824843	1.01496	0.359674	1.00303	0.503684	0.67692	0.351832	1.00491	0.343161	0.285451	0.378014	1.04689	1.1876	0.277404	0	0	0.043254	0.625602	0.523129	0.0388213	0.555184
ihec.chipseq.ihec-chipseq-containerv1.1.4.IHECRE00001959.2.a16168d3-492b-4fa9-9ed9-f6132409aea8.fc.signal	0.185077	0.519979	0	0	0.318919	0.343785	0	0	0	0	0	0	0	0	0.19389	0.511166	0	0	0	0	0.299649	0.405407	0	0.568451	0.136605	0	0	0	0	0.255581	1.15452	1.39094	1.99515	0.409813	0.374561	0.369957	0.458445
ihec.chipseq.ihec-chipseq-containerv1.1.4.IHECRE00003678.3.651f7635-fa04-4a73-ad9d-b88c234511f0.fc.signal	0.98942	0.862929	2.06828	1.46204	0.463842	0.0967827	0.378928	0.329229	0.613142	0.764801	0	0	0.036573	0.518192	0.833921	0.743791	0.855962	0.692541	0.421836	1.00347	0.826504	1.2791	0	0	0.192655	0.538965	0.431849	0.541189	0.701841	0.202948	0.27064	0.256821	0.229191	0.620083	0.144953	0.149835	0.550562
ihec.chipseq.ihec-chipseq-containerv1.1.4.IHECRE00000240.3.8f250bd6-ace7-4938-8056-c658c54331a9.fc.signal	0	0	0	0	0	0	0	0	0	0	0	0	0	0	0.307881	0.63224	0.384929	0	0	0	0.326457	0.58992	0.304556	0.448242	0.486618	0	0.215393	1.65252	1.24864	0.0471175	0	0.22549	1.00965	0.346648	0	0.452084	0.556044
ihec.chipseq.ihec-chipseq-containerv1.1.4.IHECRE00002067.1.986e393c-de82-4afc-818b-4cc2a632dc28.fc.signal	0.556067	1.86962	1.62335	1.00135	0.623192	0.495646	0.523828	0	0.226567	1.31705	1.88486	1.24922	0.476488	1.32375	1.40124	0.960484	0.511291	1.15259	1.75982	0.306166	0	0.21726	0.623854	0.751654	1.15222	0.593377	0.909052	0.305729	0.273908	0	0	0.274299	1.40438	1.61405	1.4482	0.415903	0.362944
ihec.chipseq.ihec-chipseq-containerv1.1.4.IHECRE00003677.3.486b8afb-6747-4d4a-93ee-788cf88097fc.fc.signal	0	1.06588	0.51403	0.585594	0.636153	0.153811	0.917513	0.229617	0	0	0	0	0	0.198359	0.221788	0.0275358	0.263182	0	0.290706	1.2049	0.400243	0	1.14633	0.83021	0.518209	0	0	0	0.106294	0.323882	0.0660126	0	0.0995473	0.49226	0.075852	0.462203	0.378066
ihec.chipseq.ihec-chipseq-containerv1.1.4.IHECRE00000992.7.d770a09a-2cad-4524-8aaf-69b927e47c59.fc.signal	0	0.0449217	0.143068	0.194575	0.350229	0.478949	1.35303	0.24696	0.167634	0.72441	0.544427	0.048984	0.488926	0.535664	0.0300189	0.217023	0.453549	0.147176	0.0378157	0	0.110758	0.0957908	0.679032	0.244327	0.35472	0.0523857	0.116743	1.79253	1.46378	1.94837	1.64579	1.08314	0.956753	0.137507	0.725676	0.0887263	0.20922
ihec.chipseq.ihec-chipseq-containerv1.1.4.IHECRE00000001.4.8e4a8d6c-26e0-4b8d-aa08-7875973212d4.fc.signal	0	0	0	0	0.501566	1.77366	0.995863	0	0	0	0	0	0.0504628	1.25573	1.87194	1.65258	0.0449599	0	0	0	0	0	0.446492	0.655317	0.436792	0	0	0	0	0.353932	2.37329	1.96266	0.226162	0	0	0	0.287671
ihec.chipseq.ihec-chipseq-containerv1.1.4.IHECRE00001955.3.e3f14527-a39d-40b4-9738-20c86afa593c.fc.signal	0.510323	0.595444	0.947157	1.05558	1.0962	0.846826	0.688014	0.823626	0.725931	1.02712	0.742149	0.72126	1.05225	1.28939	0.734695	0.631383	0.605108	0.557877	0.330284	0.326211	0.220155	0.626241	0.833953	0.651148	0.401071	0.437583	0.606314	0.775771	0.702725	0.618216	0.740038	0.321054	0.454984	0.90009	1.00366	0.659198	0.334884
ihec.chipseq.ihec-chipseq-containerv1.1.4.IHECRE00000236.3.2c1c8672-6452-4ab8-881a-a766bd324041.fc.signal	0	0	0	0	0	0	0	0	0	0	0	0.0875575	0.311602	0.290852	0.466786	0.749904	0.845378	0.375462	0.0132732	0	0.0091932	0.743221	0.780228	0.407883	0.171289	0.011184	0.0502457	0.390596	0.346285	0.314967	1.14068	1.27244	0.307678	0	0	0	0.637413
ihec.chipseq.ihec-chipseq-containerv1.1.4.IHECRE00002065.1.b81732b7-0852-42a0-916a-8784920a02a3.fc.signal	1.09357	0.896212	1.32242	1.08863	0.785619	0	0	0	0.263001	0.586194	0	0.245478	0.60985	1.19679	1.74001	0.215906	0.995936	0.542157	0	0.284264	2.35351	1.03741	0.291839	1.01422	0.285195	0	0.474047	1.40054	1.28515	1.14425	0.767552	0.435108	1.07184	1.83979	1.13478	1.16208	0.45583
ihec.chipseq.ihec-chipseq-containerv1.1.4.IHECRE00000235.3.077c5772-92ce-4a32-a06f-48c1b9a6f571.fc.signal	0	0	0	0	0	0	0	0	0	0	0	0.0449629	0.614597	1.01653	0.847856	0.805157	0.79508	0.378024	0.0435281	0	0.0819555	0.735574	1.09002	1.24621	0.738539	0.0172903	0	0	0	0.168768	0.495236	0.843435	0.475253	0.0825063	0	0	0.536624
ihec.chipseq.ihec-chipseq-containerv1.1.4.IHECRE00000233.3.c81f88e2-7199-4952-a0ac-fbf221a68e22.fc.signal	0	0	0	0	0	0	0	0	0	0	0	0.0374513	0.407259	1.17335	1.231	1.26577	0.953574	0.179389	0	0	0.0059584	0.433331	1.04567	0.719782	0.549372	0.186046	0	0	0	0.262982	0.653681	1.00375	0.75436	0.292906	0	0	0.48336
ihec.chipseq.ihec-chipseq-containerv1.1.4.IHECRE00000230.3.93bed2a7-7118-417a-9bcf-494520ff91da.fc.signal	0	0	0	0	0.068432	0.686164	0.808124	0.282515	0.050008	0	0	0.0642394	0.35911	0.49786	0.575039	0.706301	0.657687	0.257736	0.004556	0	0	0.417667	0.949363	0.803912	0.448417	0.0728207	0.128994	0.776565	1.40832	0.850853	0.641285	1.16384	1.11891	0.0728367	0	0	0.674419
ihec.chipseq.ihec-chipseq-containerv1.1.4.IHECRE00001888.4.5d335139-80db-490f-af5c-5cf1e8a1a3de.fc.signal	0.0461504	0.464943	0.0884323	0.582917	0.260983	0.473002	0.517231	0.402516	1.22052	0.477111	0	0.151304	2.35782	2.49652	0.638	1.43134	1.6532	0	0.404989	1.09847	0.92616	1.215	0.160886	0	0	0	0	1.51571	2.19767	0.262469	1.27816	0.798883	1.27045	0.593615	0.0489467	1.76564	0
ihec.chipseq.ihec-chipseq-containerv1.1.4.IHECRE00003803.1.d5373538-03e5-4aea-a61c-f80d029c4d74.fc.signal	0	0.188059	0.320625	0.0266013	0.94315	0.41961	0	0	0	1.56186	1.60728	0	0.092488	0.817089	1.67108	0.798535	0.750861	0.37929	0.462053	0	0.00278867	0.597318	1.25117	1.50808	1.04147	0	0	0.195052	0.600027	0.25353	0.834948	0	0.575961	1.02342	0.961518	0.348037	0.482667
ihec.chipseq.ihec-chipseq-containerv1.1.4.IHECRE00000225.3.d3516206-786f-4b11-864f-1792d77e2a36.fc.signal	0.577672	0.680013	1.24927	0.90155	0.179439	0.197663	0.684229	1.40768	0.831446	1.26189	1.18302	0.323112	0.113781	0.469686	0.605806	0.991264	0.844897	1.77745	1.74345	0.971273	1.11246	0.80984	0.191525	0.02549	0.187793	0.381376	0.642944	1.07261	1.15449	0.611868	0.207584	0.172097	0.328568	0.692997	1.42341	1.40726	0
ihec.chipseq.ihec-chipseq-containerv1.1.4.IHECRE00004616.1.bdf8440d-f4c1-4471-9c29-b1cf45563873.fc.signal	0	0.519833	0.614658	0.523622	0.897141	0.833776	0.453373	0.125203	0	2.08177	3.52745	0.874592	0	0	0.569576	0.826669	0.885728	0.158812	0	0	0.439738	0.76658	0.626113	0.507024	0.409284	0	0.503924	0.412293	0	1.3282	0.494774	0.244357	0.904413	0.521905	0	0.0748505	0.0409836
ihec.chipseq.ihec-chipseq-containerv1.1.4.IHECRE00004608.1.6d8749d8-24c7-4e6d-8992-3543e47f35de.fc.signal	1.1008	3.08112	2.81067	0.661742	1.04221	0.213577	0.51926	1.05357	0.743815	0.569522	0.334018	0.479893	0.677685	1.49203	1.26577	0.942649	1.72495	0.814585	0.506467	0.219307	0.318443	0.474102	0.732484	0.690632	0.871175	0.715248	0.0670104	0.509676	0.870437	1.70897	0.39899	0.408378	0.699292	1.26846	1.92863	0.275807	0.0211268
ihec.chipseq.ihec-chipseq-containerv1.1.4.IHECRE00000980.8.339aed23-3831-43ff-b152-c5545f91df38.fc.signal	0	0	0	0	0	0.795563	0.96196	0	0	0	0	0	0.21585	4.90288	6.6964	0	0	0	0	0	0	0	0.75843	2.74322	0.38842	0	1.5724	0	1.41112	0	0	0	0	0	1.75764	0	0.464286
ihec.chipseq.ihec-chipseq-containerv1.1.4.IHECRE00003691.3.e70a956a-e876-473f-ae67-333f104e486a.fc.signal	0.612908	1.56556	0.549513	0	0	0	0	0	0	0.996795	1.18883	0.144061	0	0	0.310717	0.162454	0.225207	0.50236	0.334354	0.378524	0.301184	0.748536	0.422233	1.01101	0.257079	0	0	0	0.0430441	1.09958	0.186107	0	0.0883161	0.384842	0.206619	0.298383	0.211946
ihec.chipseq.ihec-chipseq-containerv1.1.4.IHECRE00000099.3.e8d8915f-2a7b-434d-ae6f-f1c573d41250.fc.signal	0	0.237602	0.902752	2.95448	2.41074	0.945197	0.351752	0.495	0.387151	0.62093	0	0.371812	0.982683	0.378615	1.24063	0.41881	1.96009	0.487988	0	0	0.00553073	0.985442	1.83159	2.14634	0.0223512	0.252666	0.960065	0	0.149328	0.45395	0	0.115494	0.500802	0.201161	2.60101	1.08342	0.601399
ihec.chipseq.ihec-chipseq-containerv1.1.4.IHECRE00003817.1.49aa2390-1029-4804-9d85-ae2b9507e615.fc.signal	0.960703	1.32263	1.24113	1.10117	0.641717	0.845688	0.523705	0.273878	0.375397	0.317039	0.278096	0.193498	0.279454	0.64482	1.16286	1.29612	0.366857	0.058039	0.310525	0.528204	0.488462	1.0842	0.495473	0.250434	0.487961	0.310636	0.505145	0.849024	0.59289	0.612831	0.634367	0.891427	0.815618	0.859229	0.728623	0.174641	0.635514
ihec.chipseq.ihec-chipseq-containerv1.1.4.IHECRE00000222.3.752eff28-f561-4493-9961-9376765e5593.fc.signal	0	0	0	0	0	0	0	0	0	0	0	0	0.0424843	0.27625	0.576865	0.46363	0.0478926	0	0	0	0	0.166379	0.726489	1.13445	1.1421	0.349897	0.165058	0.39614	0.178263	0.200788	0.201314	0.0578461	0	0	0	0	0.335541
ihec.chipseq.ihec-chipseq-containerv1.1.4.IHECRE00000231.3.9f5b0463-4f76-4b11-9c3e-298af7f4a26f.fc.signal	0	0	0	0	0	0	0	0	0	0	0	0	0	0	0	0.346401	0.576512	0.0500291	0	0	0	0	0.0197789	0.485175	0.679026	0.174238	0.0062242	0.460596	0.532619	0.0735795	0	0	0.0511538	0.508816	0.377606	0	0
ihec.chipseq.ihec-chipseq-containerv1.1.4.IHECRE00003682.3.da9e495d-70d1-4135-9b7b-7d3c249e647d.fc.signal	0.247347	0.420646	1.08903	0.518768	0.546632	0.711046	0.690474	0	0.115139	0.568463	0.414044	0.141248	0	0	0.103846	0.33547	0.191698	0.523051	0.336597	0.759473	0.468015	0.562127	0.321705	0.309357	0.0444631	0	0.369127	1.62463	0.844977	0.618915	0.506009	0.425859	0.89697	0.623511	0.645929	0.242309	0.533686
ihec.chipseq.ihec-chipseq-containerv1.1.4.IHECRE00001236.5.94801060-fc98-4727-a392-ae741c9cf8fc.fc.signal	0.0984627	0	0	0	0	0.261473	0.587486	0.774262	0.0746959	0	0	0	0	0	0.773852	1.05062	0.655418	0	0	0	0	0	0.770044	1.43728	0.482193	0	0	0.614661	1.25554	0.665608	0.760611	0.937191	0.478733	0.587413	0.631632	0	0.259887
