	chr16:28493589-28493738	chr16:28493739-28493888	chr16:28493889-28494038	chr16:28494039-28494188	chr16:28494189-28494338	chr16:28494339-28494488	chr16:28494489-28494638	chr16:28494639-28494788	chr16:28494789-28494938	chr16:28494939-28495088	chr16:28495089-28495238	chr16:28495239-28495388	chr16:28495389-28495538	chr16:28495539-28495688	chr16:28495689-28495838	chr16:28495839-28495988	chr16:28495989-28496138	chr16:28496139-28496288	chr16:28496289-28496438	chr16:28496439-28496588	chr16:28496589-28496738	chr16:28496739-28496888	chr16:28496889-28497038	chr16:28497039-28497188	chr16:28497189-28497338	chr16:28497339-28497488	chr16:28497489-28497638	chr16:28497639-28497788	chr16:28497789-28497938	chr16:28497939-28498088	chr16:28498089-28498238	chr16:28498239-28498388	chr16:28498389-28498538	chr16:28498539-28498617	Expression
ihec.chipseq.ihec-chipseq-containerv1.1.4.IHECRE00001019.4.8179c079-b296-4030-830a-f12b3bc5acd1.fc.signal	9.62427	6.34956	4.06736	5.35859	5.08872	7.30243	4.56526	7.11088	5.91007	6.05232	7.60003	7.04918	7.93517	10.503	9.15082	6.28018	7.63335	6.29505	5.30248	9.19379	8.37521	3.45146	3.05522	1.41666	2.08048	1.70384	1.6105	2.78373	2.44353	1.07637	1.06259	0.841667	1.51732	2.13222	1
ihec.chipseq.ihec-chipseq-containerv1.1.4.IHECRE00001548.1.3dc7fe6c-3810-4c39-b1cb-839043a609f3.fc.signal	15.1321	8.76558	31.3004	29.736	14.5069	21.2519	22.6323	25.9844	34.0496	39.8443	28.1731	24.9441	22.4683	5.99892	7.54534	9.91587	5.17448	6.70692	4.30081	11.104	8.8914	5.70694	4.32233	6.48747	3.79532	8.17688	5.43111	2.94341	8.443	7.93627	2.56515	3.72681	6.38667	7.2346	0
ihec.chipseq.ihec-chipseq-containerv1.1.4.IHECRE00003690.3.bb55a212-99c2-4448-84cc-6786b9df2691.fc.signal	2.72468	1.17157	1.51172	1.6208	1.28163	3.99143	2.6363	2.92271	1.33752	1.78053	3.00814	4.16164	5.07482	2.89123	1.9067	0.237384	0	0.139112	1.28163	2.61707	0.873553	0.634276	0.389483	0	0	0	0.766001	0.420556	0	0.0778964	0.515566	0	0.463647	0.246514	0.828729
ihec.chipseq.ihec-chipseq-containerv1.1.4.IHECRE00001557.1.172430a8-ba30-44b6-abad-138674660deb.fc.signal	6.81475	4.09284	20.6564	19.0735	4.50558	10.9967	13.5754	17.8881	12.9862	3.85855	6.08409	2.88307	1.50375	1.89943	3.36918	1.48114	0.791448	4.96754	5.96234	2.64654	1.93635	2.10036	1.25366	0	3.38432	2.39114	0	0	0	1.47046	1.1951	0	0	0	0.1
ihec.chipseq.ihec-chipseq-containerv1.1.4.IHECRE00000987.6.289adc7a-9e11-437f-b6f6-57bfdeddcb3b.fc.signal	0.965929	0.809902	3.37401	2.03338	3.3267	2.93571	2.51261	3.28081	4.90292	4.25148	3.09467	1.60569	2.21649	1.71568	0.596036	0.113568	0.539611	0.081626	0	0	0	0	0	0.324773	0.28863	0	0	0.321225	0.326962	0	0	0	0	0.322865	0.569331
ihec.chipseq.ihec-chipseq-containerv1.1.4.IHECRE00000949.6.e11d45c2-991c-46e2-8d13-bb1e23aff42f.fc.signal	1.3197	0.742505	3.80238	3.50949	3.62095	4.74009	5.72556	5.50401	4.35932	4.94014	5.5432	4.59306	4.27176	2.59886	1.79313	2.37372	0.651682	1.14537	0.809641	0	0.375168	1.35298	0.961819	1.22174	0.244519	0	0.13822	0.525235	0.59237	0.0473896	0.349843	0.161404	0.604221	0.59237	0.453947
ihec.chipseq.ihec-chipseq-containerv1.1.4.IHECRE00000868.3.f6951f12-890b-447a-bf19-25234f29276d.fc.signal	8.31782	10.5509	11.1864	6.97309	5.98002	10.7766	17.9422	18.1427	11.035	7.38684	7.75806	8.26437	6.44549	3.90353	4.45587	2.4692	2.89386	1.40459	2.98444	3.49819	2.39794	2.70531	2.28511	1.26798	1.70453	3.2606	2.03713	1.27542	1.35857	1.87083	0.155892	1.42838	0.821099	0.820391	0.639344
ihec.chipseq.ihec-chipseq-containerv1.1.4.IHECRE00001233.5.d6317c97-f6d6-4ceb-8b71-b3b4801f5d92.fc.signal	5.19129	3.50242	2.33443	2.57755	4.56241	5.55027	7.57513	5.21289	5.36628	7.86488	6.08249	5.80589	5.92362	4.41577	6.11265	5.83804	3.73062	4.85191	3.82749	3.20325	2.98012	2.30895	1.42446	1.58466	1.46356	1.9766	1.80201	1.36201	1.29546	0.501161	0.694202	0.726904	1.18109	0.831582	0.995547
ihec.chipseq.ihec-chipseq-containerv1.1.4.IHECRE00000193.3.aa854cbd-228f-48b3-bc4a-7a1e57daf907.fc.signal	1.53212	0	1.16353	1.24637	2.43626	2.67915	1.28811	5.49746	3.94949	1.58237	1.53684	4.56267	8.96921	3.30194	2.88165	2.20924	0.480261	4.04634	6.14895	8.10765	5.51272	2.29154	7.38812	1.789	1.96914	2.138	1.8271	4.38255	2.54315	0.646615	5.59521	2.04116	0.732431	3.60213	0.197802
ihec.chipseq.ihec-chipseq-containerv1.1.4.IHECRE00001546.1.967ca253-1932-4175-8466-de89b0808edb.fc.signal	1.84642	1.19835	4.89729	12.0806	12.5867	25.8836	27.1759	18.1137	13.4801	13.0782	6.87044	13.47	10.5884	4.5123	8.0277	5.27634	0.317911	0	0	1.21058	4.82735	3.0771	2.25964	2.35527	1.02874	1.6256	0.134501	1.1433	0.966743	0.80947	1.43069	2.02373	4.76279	2.62361	0.435809
ihec.chipseq.ihec-chipseq-containerv1.1.4.IHECRE00000237.3.a5cd5780-31d9-4de0-9c6f-91eeeabb1306.fc.signal	9.09564	10.3185	7.0686	3.89822	3.86977	5.84005	7.71736	9.49901	11.6507	9.20366	7.69272	10.2582	9.98067	5.65504	3.61342	3.43321	3.02713	2.11119	1.4345	1.94701	2.25507	1.64072	1.89538	1.42937	1.11388	1.36909	1.32545	0.772572	0.471764	0.246601	0.651556	0.957185	1.09692	1.18031	0.73431
ihec.chipseq.ihec-chipseq-containerv1.1.4.IHECRE00001003.4.e55ccc77-8d92-466a-86b9-0bf035aed6cc.fc.signal	6.92603	6.77142	4.4183	2.82795	5.65271	6.98397	8.74815	9.25091	7.98426	9.5276	13.9187	13.2582	10.7979	9.42801	6.13071	3.52971	4.64197	5.10353	5.31697	6.47879	4.81356	3.11419	1.93004	1.76587	2.38265	2.14914	1.46322	2.33125	2.42149	0.977664	0.698668	0.818873	1.49343	1.63241	0.733245
ihec.chipseq.ihec-chipseq-containerv1.1.4.IHECRE00000224.3.98331644-3ccd-45b3-bad7-e0e81208e171.fc.signal	2.29004	2.80496	2.89074	2.10785	1.52225	2.08222	3.00146	3.93686	6.52716	6.25596	4.36241	5.67253	5.68131	4.15338	2.62981	2.05123	1.96206	2.40899	2.24821	1.99925	1.43208	1.03942	1.39606	1.30963	1.2999	1.27491	1.10558	1.03731	1.26847	1.0355	1.04452	1.12312	0.711256	0.386782	0.848361
ihec.chipseq.ihec-chipseq-containerv1.1.4.IHECRE00001892.4.1a48d1e3-a2d4-434f-8cee-d284ec0da60a.fc.signal	9.28221	7.70851	16.2504	15.8827	17.4732	26.296	36.4945	25.164	15.4301	12.5226	16.1075	7.61759	3.61625	4.8952	2.16391	0	2.22837	1.24767	2.01358	0	0	0	0	0	0	0	0	0	0	0	0	0.256327	1.20676	1.11511	1
ihec.chipseq.ihec-chipseq-containerv1.1.4.IHECRE00000248.2.827ded64-aa40-4620-8391-8dd4ae096d90.fc.signal	6.81393	7.62485	24.0346	28.3144	16.9648	19.4377	36.2535	34.3925	31.4942	37.3741	27.8139	31.5484	24.8192	19.9349	13.9519	7.50561	6.41306	7.05045	7.25742	5.25944	3.60409	3.92694	1.8728	2.31467	2.41869	2.16709	2.464	1.04687	2.13707	4.39619	3.16882	2.086	3.13481	1.6826	0.194296
ihec.chipseq.ihec-chipseq-containerv1.1.4.IHECRE00001482.1.feb5cf97-c346-43c5-9925-b098ecdfe359.fc.signal	4.05001	3.02682	12.8639	15.9427	8.81549	19.1094	25.9988	26.3369	24.3415	19.4127	20.7926	20.6642	17.1036	15.4277	11.7601	3.63207	6.84173	11.9886	13.2273	10.897	6.2284	5.22604	6.63037	5.00449	4.02592	3.65641	3.05649	3.95548	3.26172	3.16886	3.55165	2.48342	3.24717	2.89114	0.304945
ihec.chipseq.ihec-chipseq-containerv1.1.4.IHECRE00001488.1.8a6af925-1821-4fc7-84d7-e838a44be225.fc.signal	5.03325	3.49163	9.32674	12.9249	11.1146	17.4156	20.8418	18.2831	10.8904	17.5526	20.7697	14.9036	14.7034	18.4553	14.3437	16.2821	14.0545	10.8038	11.2327	11.1352	18.2608	15.9647	16.4932	12.9215	9.02942	3.56003	7.18199	6.49481	4.00406	5.98943	4.12779	2.61904	3.08381	2.95001	0.125984
ihec.chipseq.ihec-chipseq-containerv1.1.4.IHECRE00003818.1.3d6cbb41-685c-49c7-85eb-8977ab8f14b3.fc.signal	4.42939	1.59377	8.99536	10.2498	8.55379	13.767	20.2471	32.9866	25.9662	22.1418	33.659	43.11	23.1943	19.105	27.2914	23.8334	17.9483	13.8478	9.86843	9.24161	7.74012	5.90883	3.85418	5.01098	4.29828	3.15265	2.15343	3.79114	3.28905	4.64813	2.4067	2.97348	2.5553	1.69579	0.297133
ihec.chipseq.ihec-chipseq-containerv1.1.4.IHECRE00000008.3.2e1ab747-5c43-4469-97d5-a2e674bc3ee6.fc.signal	2.83217	2.06292	7.23728	3.31216	2.58396	5.45288	3.99161	7.66911	9.17278	11.2406	8.09969	7.9135	7.79098	4.56073	4.76912	3.77301	0.995662	1.18023	0.635662	1.68214	1.95338	2.59704	0.762737	1.36983	1.51172	1.8648	0.444672	0.667335	0.502964	0.810505	0.196401	0.111779	0.303382	0.591847	0.564516
ihec.chipseq.ihec-chipseq-containerv1.1.4.IHECRE00000234.3.004bcd0c-68a8-42c5-b5aa-454db7d061e9.fc.signal	0.809263	0.673366	0.844203	1.36479	1.01694	0.577881	0.516139	0.76963	1.01703	1.06236	0.811076	0.318715	0.275796	0.37934	0.312933	0.302503	0.367035	0.365502	0.421043	0.332898	0.263455	0.20658	0.158092	0.241714	0.33804	0.197087	0.14571	0.271878	0.203396	0.20219	0.205718	0.135964	0.189136	0.128597	0.821326
ihec.chipseq.ihec-chipseq-containerv1.1.4.IHECRE00003816.1.3579346a-a108-4e99-ba8a-c53f4809c6bb.fc.signal	12.7354	10.6498	19.0681	15.7886	11.0397	20.3588	32.6889	28.4908	14.9492	15.2673	15.6707	15.8871	12.3104	8.56418	11.4743	11.9157	10.7121	10.1781	11.1817	9.45388	6.0495	4.71394	3.44637	3.05711	2.95745	2.71846	3.84838	3.48887	3.27932	2.87977	2.92748	3.88961	2.97951	3.51531	0.318794
ihec.chipseq.ihec-chipseq-containerv1.1.4.IHECRE00003676.3.edac7fd7-5249-4224-ba52-76d331cfbbb5.fc.signal	2.07972	3.11561	6.03502	6.3848	1.92108	3.24863	7.37569	5.00792	5.40709	4.3786	7.05466	3.57211	5.23193	1.77588	2.35312	1.26366	1.0651	1.10667	1.03076	0.488044	0.016288	0.262644	0.0325083	0.280368	0.808697	0	0.236013	0.268321	0.0624354	0.442107	0.130304	0.230068	0.875683	1.01701	0.635112
ihec.chipseq.ihec-chipseq-containerv1.1.4.IHECRE00001906.1.d4812fd5-35f7-424c-8ea9-21e1d395b54b.fc.signal	13.6236	14.9055	32.7282	35.8369	28.1827	53.8145	49.4869	62.0744	71.639	60.9418	54.2473	62.3438	43.2977	18.9294	14.2364	10.6917	8.59126	6.67849	6.81282	3.36969	2.57106	2.34469	3.44494	4.12179	2.1385	1.91245	1.25217	1.11404	0.84755	0.342108	0.659085	0.799412	0.739195	0.766373	0.489958
ihec.chipseq.ihec-chipseq-containerv1.1.4.IHECRE00001965.2.b75058ba-d142-4ae0-9acf-08c2d019a7dc.fc.signal	6.45634	6.15995	7.81019	5.97068	2.84719	3.52542	3.33383	6.41272	9.64827	11.154	8.69838	5.23163	3.00657	6.26698	4.57425	3.42237	2.44164	3.51654	2.80403	3.62253	3.15108	2.44101	2.06385	3.52381	2.84398	1.75982	1.59089	2.59826	1.77213	1.9825	1.4788	2.72726	2.93764	3.61548	0.695286
ihec.chipseq.ihec-chipseq-containerv1.1.4.IHECRE00001232.5.c85debd1-3d92-448f-90c2-50b50f17d029.fc.signal	4.66475	4.61527	3.22971	3.79861	4.60306	7.42811	9.81593	8.13494	7.35048	9.03201	10.451	9.74141	6.59473	6.82457	8.10302	6.67952	5.68409	2.60125	3.46472	2.16716	2.66191	2.54751	1.63192	0.995578	1.18684	1.14308	2.20217	1.89717	1.53302	0.621267	1.55681	1.01606	0.313156	0.741064	0.753059
ihec.chipseq.ihec-chipseq-containerv1.1.4.IHECRE00001952.2.52215347-885a-4412-918b-b787711b8d37.fc.signal	2.41214	0.535349	0.0433947	0.602268	1.57722	0.803788	1.44569	3.35568	2.95176	5.00718	3.02352	2.24092	3.91661	5.43468	3.09886	1.5187	2.39177	4.01845	1.26133	2.27086	1.58437	2.36509	2.90304	1.78681	1.19669	2.05963	2.26088	0.811808	0.351563	0.406706	1.92769	1.24988	1.86038	2.3348	0.791326
ihec.chipseq.ihec-chipseq-containerv1.1.4.IHECRE00000886.3.656fbaec-dfab-4967-84ac-8cd7cc42a743.fc.signal	18.4173	17.4048	15.621	5.87328	1.48775	10.7838	23.2884	24.1516	18.3311	18.8842	21.6758	20.1729	12.6135	10.2886	6.74914	4.68155	2.93117	6.68792	5.8279	6.76671	6.94637	5.36379	4.47474	3.10368	5.27513	3.4675	2.15099	2.97407	3.09457	1.85539	3.99044	0.561626	0.568439	2.39178	0
ihec.chipseq.ihec-chipseq-containerv1.1.4.IHECRE00000343.2.43c6f7a4-d039-46a2-872e-bb5eb8075426.fc.signal	6.73871	7.18441	19.9271	21.0576	8.01394	34.4312	53.2066	54.7037	81.8494	77.1244	74.4587	79.1004	50.0105	15.5114	24.7205	14.2185	11.8483	15.2914	14.5035	11.4944	10.3915	6.39514	6.82685	4.70846	4.00314	2.42514	1.40428	0.578351	2.98281	3.46123	2.47441	1.96262	3.44324	2.49069	0.20398
ihec.chipseq.ihec-chipseq-containerv1.1.4.IHECRE00000024.3.811468fa-3f06-4a13-a148-2292efa6ed97.fc.signal	11.0861	6.74768	16.3452	10.5596	4.44626	24.8263	51.5146	51.3626	43.5112	37.7632	26.7481	36.9035	38.3089	45.1448	40.8345	30.9229	23.6413	26.9417	16.6759	29.3554	18.2256	17.4909	20.1255	17.54	8.72069	8.09053	12.0459	9.99111	13.5183	9.23517	7.60951	4.91635	8.29054	10.9579	0.391837
ihec.chipseq.ihec-chipseq-containerv1.1.4.IHECRE00000964.7.68ad223e-c775-4c49-8f3f-4ec63b3e920b.fc.signal	4.31319	0.248485	7.49017	6.28398	2.01978	4.42629	10.7102	11.9398	7.18013	6.74079	6.86313	4.20717	5.1921	2.48836	1.16425	3.18981	1.41415	1.57178	2.03172	0.68409	0.649469	0.634513	0.251429	0.794842	0.498403	0.70847	0.158303	0.823735	1.19784	0.945632	0.188233	0.554194	0.662428	1.22473	1
ihec.chipseq.ihec-chipseq-containerv1.1.4.IHECRE00001005.4.f193a9be-90be-4e6b-adc3-81560fdb7706.fc.signal	3.85583	3.22512	1.75015	3.88042	5.91231	6.93335	4.9053	5.25884	4.99128	5.14962	7.6954	5.91995	5.17535	4.0217	3.86399	3.38601	4.08124	4.91603	3.73242	3.74885	2.99955	1.66037	1.6794	2.03971	1.77837	1.36888	1.40207	1.08678	1.41667	0.697338	0.916114	1.20161	0.770338	1.1269	1
ihec.chipseq.ihec-chipseq-containerv1.1.4.IHECRE00003846.4.a8b62515-f113-4847-973f-317b45173002.fc.signal	1.05954	1.02844	3.28139	8.91231	4.78139	16.1439	8.20902	11.0474	4.88539	2.49216	3.9876	3.14941	2.26013	0.860344	0.255623	0.462278	0.840133	0.235284	0	0	0	0	0	0	0	0.430825	0.282063	0	0	0	0	0	0	0	1
ihec.chipseq.ihec-chipseq-containerv1.1.4.IHECRE00001249.1.1fccbf88-8984-430d-91d0-4fb767fb9d0a.fc.signal	30.9329	17.6708	63.1908	41.7813	8.28705	65.2737	93.7243	102.126	111.754	84.2218	81.8052	81.6162	69.9546	47.7957	29.6341	32.9552	26.5149	25.4119	21.16	29.3287	23.0062	10.6897	5.94371	7.46309	6.49259	5.27114	11.7757	10.2172	11.118	5.14597	3.97473	5.36786	4.79406	2.86115	0.287383
ihec.chipseq.ihec-chipseq-containerv1.1.4.IHECRE00003684.3.b5459224-ca8f-46dd-880a-e16781c88032.fc.signal	3.11336	5.33374	7.81561	5.68981	2.3085	4.04351	4.14041	3.65908	5.14256	9.39322	9.13848	8.9276	8.70193	2.63845	2.9632	2.33617	1.28682	0.680663	0.148333	0.442465	1.02477	1.92662	0.770796	0.447959	0.417596	0.305541	0.787151	0.802336	0.406541	0	0	0	0	0	0.54886
ihec.chipseq.ihec-chipseq-containerv1.1.4.IHECRE00000974.7.9dac3370-6335-4df0-bea0-9e684edfa350.fc.signal	0.672565	0.0585864	0.795019	0.401418	1.09662	0.331952	0.797648	2.05952	1.00602	1.13757	1.87038	1.69366	1.75262	1.02506	1.00931	0.328552	0.312693	0.536612	1.39868	2.17388	2.22344	1.57175	0.764377	0.926904	0.728081	1.01087	0.766018	0.710827	1.22949	0.629947	0.753127	1.84494	1.20538	1.28393	0
ihec.chipseq.ihec-chipseq-containerv1.1.4.IHECRE00000084.3.433bc629-750b-4674-bbb1-9759454f2728.fc.signal	8.68843	8.35824	16.6446	19.0525	5.26683	28.8527	35.8405	46.9779	45.6127	53.2189	57.1677	45.6995	30.2463	11.827	7.12211	7.53094	2.27372	1.75835	4.59504	3.05484	2.09176	0	1.68217	2.15292	0.279845	0.479734	1.78568	0	0	0	0.741994	1.39421	0.821462	0.738966	0.592476
ihec.chipseq.ihec-chipseq-containerv1.1.4.IHECRE00000004.3.08828406-540b-464b-b2f8-9402ccb1159b.fc.signal	8.02204	7.15265	16.5206	13.6928	6.36724	21.4276	22.352	23.4043	23.2166	21.4975	16.4482	13.5823	12.8757	7.09338	5.07799	8.43697	4.50484	4.56917	2.41932	5.06811	3.52693	5.31562	3.68207	2.92317	3.57858	4.37655	1.65499	1.13711	1.29544	0.874321	0	0	1.65479	2.97796	0.495693
ihec.chipseq.ihec-chipseq-containerv1.1.4.IHECRE00001471.1.c36bbd63-78f2-464a-952f-d221dd832d3f.fc.signal	12.288	8.08527	27.4838	29.8208	18.1851	38.9127	47.076	53.9574	45.9692	52.4782	44.9496	47.5822	56.0126	18.5325	21.8777	20.1923	8.92165	7.69609	6.01672	5.042	3.4606	2.45955	2.68191	1.3987	0.405703	0.615397	1.7399	0.696038	0.547291	0.957493	0.799419	0.146567	0.846923	0.936889	0.607914
ihec.chipseq.ihec-chipseq-containerv1.1.4.IHECRE00004647.3.6c7e93ea-bf0c-48a2-82fb-1c49e3dc143b.fc.signal	26.1811	30.0219	27.4793	28.0913	21.347	27.2794	32.7098	34.9361	39.6342	37.2952	34.1779	30.1482	23.0664	15.5551	14.2505	10.5802	10.1744	9.99457	7.76757	6.24474	6.24863	5.09203	2.87085	1.95599	2.16247	1.89745	1.32798	0.999063	1.26814	1.12229	1.05287	2.00591	2.01062	1.6126	0.999211
ihec.chipseq.ihec-chipseq-containerv1.1.4.IHECRE00000346.2.025d75d4-4cee-43c8-be53-43da9bc8c8b5.fc.signal	112.173	83.7732	135.746	132.623	117.412	194.294	226.134	155.961	100.746	101.947	134.458	196.797	212.913	180.384	125.716	94.6494	75.2931	56.5771	60.8819	38.6066	28.0125	17.8881	9.46673	8.38614	7.94474	6.82404	7.61682	8.96755	6.21327	8.36854	10.8996	7.01782	5.39111	5.67567	0.604003
ihec.chipseq.ihec-chipseq-containerv1.1.4.IHECRE00000223.3.555de7dc-c653-4909-9c33-caf14688e0ce.fc.signal	0.680647	0.505104	0.523268	0.859889	0.664258	0.362833	0.939437	1.11138	1.04295	1.98033	3.132	3.66137	3.24658	1.92494	1.48916	1.5607	1.24789	1.37442	1.91162	1.81047	1.39385	1.0028	0.67126	0.760779	0.728603	0.768883	0.67558	0.775966	0.94205	1.47404	1.64911	2.18322	1.65417	1.07264	0.615385
ihec.chipseq.ihec-chipseq-containerv1.1.4.IHECRE00000318.2.9cc4804f-5850-46a5-b627-ca441aa97c73.fc.signal	7.46256	9.83517	31.2547	25.8286	21.8746	42.7656	47.8192	36.7895	52.1965	50.2019	43.6333	31.708	42.0858	15.2149	12.0801	19.1318	11.7243	8.273	3.54572	2.18191	1.36798	0.887532	1.7171	0.944736	0.714759	1.50079	1.57205	1.06241	0.804678	1.67962	1.60428	1.14354	1.56045	2.15695	0.47541
ihec.chipseq.ihec-chipseq-containerv1.1.4.IHECRE00001914.1.d83c61fb-c563-40ff-afb5-9fc097a52b75.fc.signal	7.41145	4.24797	5.16201	6.04771	9.92255	12.1148	33.8077	28.7408	20.9567	30.9174	20.4068	15.8811	23.0739	14.6297	15.7902	16.8415	9.32415	12.7919	16.2059	17.702	9.27424	9.92899	7.03384	4.67629	5.5078	5.12545	4.09644	3.89159	4.52105	4.91575	1.51365	2.75761	1.26333	1.93903	0.625304
ihec.chipseq.ihec-chipseq-containerv1.1.4.IHECRE00001020.4.d793ab3e-d7c6-45e4-8372-b368878f1961.fc.signal	5.1853	4.02371	5.77468	7.67715	7.0129	9.04265	7.70851	7.78909	6.35053	6.22334	7.16424	7.28306	7.89594	10.1159	8.45476	6.4419	4.62445	6.69849	7.62386	6.79147	4.94913	2.92899	2.3992	1.90398	2.325	1.19225	1.70269	2.05637	1.54548	1.41889	0.643369	0.419613	0.325558	2.08753	1
ihec.chipseq.ihec-chipseq-containerv1.1.4.IHECRE00000105.3.75dc7695-5570-417f-b77e-a36e3462482f.fc.signal	1.1521	0.776334	5.46978	8.24086	5.07916	3.07872	9.57783	9.47837	9.0438	12.3383	6.57755	8.94418	6.70581	5.51181	7.95026	10.9293	6.94456	3.76694	0.696089	1.72016	2.32372	2.63244	2.60545	0.394699	2.37724	2.59496	0.877776	3.3744	2.39363	0.496086	1.68022	0.316301	0.0934527	0.993787	0.372093
ihec.chipseq.ihec-chipseq-containerv1.1.4.IHECRE00001022.4.65d6531d-7428-4454-855d-d39b585d5301.fc.signal	5.77662	4.49482	4.78653	4.85952	7.14878	9.03984	6.71692	8.31358	8.55756	6.90524	9.21129	10.8105	8.79569	9.76189	9.30555	7.06674	5.56522	3.40582	3.24924	4.35536	3.86459	2.42903	2.32493	2.41572	1.61851	1.86977	1.40227	1.53586	1.3025	0.505383	0.448031	1.2684	1.81431	1.23668	1
ihec.chipseq.ihec-chipseq-containerv1.1.4.IHECRE00000256.2.bbe55afc-e238-438f-888d-003707462d40.fc.signal	57.4063	28.7115	99.5996	92.8032	49.6197	75.5211	93.5095	129.733	163.323	139.757	96.2877	127.78	68.8254	73.3134	66.4516	58.651	28.1472	31.7253	26.4154	15.3047	5.90734	6.4053	3.71578	3.40579	3.43655	3.68903	4.09178	3.61699	4.63832	3.30724	2.18425	3.2137	5.00864	3.99413	0.365048
ihec.chipseq.ihec-chipseq-containerv1.1.4.IHECRE00000095.3.6e54db0b-4f2c-4117-b257-5209e83f6966.fc.signal	23.5174	11.4344	34.0448	26.1793	8.62531	26.8936	50.0118	55.7787	58.8466	52.3899	47.6627	51.4116	47.0758	25.269	26.5358	20.3486	15.1574	12.6817	12.9937	9.90532	10.4201	14.0475	7.53682	6.29681	2.89319	6.12912	4.21844	5.60712	2.31311	1.53713	0.234798	1.17399	1.94881	4.90387	0.521206
ihec.chipseq.ihec-chipseq-containerv1.1.4.IHECRE00000055.3.f7f2e0ed-3f12-40ea-ab1e-c5e10f8d62d8.fc.signal	5.7392	6.4778	14.1997	9.27024	8.89103	42.0352	50.8713	34.7457	37.3922	51.2036	34.4875	29.6651	11.4457	7.87712	5.41065	4.60007	1.77439	0.99713	1.49787	2.57612	3.06067	4.5204	3.91713	0.137328	0.949416	1.40656	1.24384	0.849393	1.76746	2.40313	4.47398	1.70117	2.18124	0.665565	0.254461
ihec.chipseq.ihec-chipseq-containerv1.1.4.IHECRE00003828.3.9b92fd9a-9859-4ffd-96f8-490b60d6c4db.fc.signal	4.52376	6.46873	11.6259	16.3341	7.37421	13.123	3.62302	3.95601	3.04766	2.26877	0.877577	0.833255	0.54298	1.45089	0.365733	0.223335	0.238005	1.03577	0.899186	0	0.156867	0.378644	0.935659	0.113637	0	0.183064	0.686895	0.250258	0.417936	0.0854539	0.311097	0	0	0	0.619048
ihec.chipseq.ihec-chipseq-containerv1.1.4.IHECRE00001508.1.f6c67936-5b0a-4ed6-8085-a2a611177783.fc.signal	1.22748	1.0151	4.74218	5.09699	1.37663	6.52161	8.62841	6.14976	2.22782	0.768453	0.891951	3.56696	1.78303	1.51251	2.12728	1.09255	0.0156878	0.389566	1.51856	3.22806	1.74111	1.40792	1.61062	2.21936	1.76049	0.164687	1.94849	0.688634	0	0	0	0	0	0.762057	0.0521092
ihec.chipseq.ihec-chipseq-containerv1.1.4.IHECRE00003400.1.b3d30ae7-78a7-458d-9ccf-f1436025286b.fc.signal	2.08047	0.713978	0.893144	3.87604	3.86531	2.97047	1.94801	1.99428	3.9212	7.30941	7.03092	6.26497	7.6314	5.90089	6.47302	5.9813	2.77556	2.58474	2.59822	0.959651	0.436972	1.05601	1.4732	0.491613	1.51933	1.83734	0.117855	1.34285	1.46016	0.460823	0.42555	0	0	1.31077	0.721143
ihec.chipseq.ihec-chipseq-containerv1.1.4.IHECRE00003848.5.cbe12698-0ab5-4b3e-9969-24f7116515b6.fc.signal	23.7101	34.0333	54.1249	29.8293	9.92325	54.9105	65.7017	84.8419	82.4468	48.2125	58.6998	41.5918	26.6101	18.7492	16.6156	10.742	5.90429	6.36674	3.24311	1.45961	2.4637	2.49804	1.63573	1.8308	0.898491	0.564234	1.54555	0.437222	0.373886	0.4962	0.73564	0.0251039	0.135563	0.493186	0.642655
ihec.chipseq.ihec-chipseq-containerv1.1.4.IHECRE00001044.7.93646603-f0c6-4b5c-9750-3c77b569d934.fc.signal	6.70447	3.72957	5.46833	4.59939	4.59477	6.88216	14.5956	16.3847	16.4541	15.7221	14.5381	7.17799	3.47028	2.18651	1.48727	3.09577	2.4583	1.36941	1.39646	1.38818	1.31229	0	0.726854	2.99343	2.88936	1.05125	1.19993	2.29213	0.954724	0.475356	0.49278	0.381897	0.0845493	0.597301	0.570652
ihec.chipseq.ihec-chipseq-containerv1.1.4.IHECRE00001235.5.b69b018c-be0b-42b3-9bd0-adb684b6c71f.fc.signal	3.999	2.33096	0.994897	0.162139	1.26997	2.0856	3.63976	2.85188	2.08023	2.66047	2.86744	2.91365	2.76776	2.23011	2.14069	2.51546	3.1834	1.40054	2.8584	2.96859	2.75304	1.89267	1.27553	1.35359	1.60694	1.67584	0.933119	0.61514	1.05408	0.938814	0.583652	0.134043	1.13339	0.885475	0.71867
ihec.chipseq.ihec-chipseq-containerv1.1.4.IHECRE00004900.1.b52b6048-f5e8-441d-8082-83c6ea7d797d.fc.signal	1.36445	0.913487	1.88306	2.67231	2.24043	1.10959	1.30794	3.24233	1.87663	3.82067	5.24338	5.83765	6.71366	4.79498	5.9464	6.21805	6.63376	4.81268	4.89782	4.72466	6.13103	4.61445	2.95519	1.90503	1.3061	2.46286	1.37285	1.74438	1.85376	2.15915	1.60498	1.3367	4.19056	3.61813	0.806202
ihec.chipseq.ihec-chipseq-containerv1.1.4.IHECRE00000810.3.4c807da6-ffa8-4451-adb2-428243de39ad.fc.signal	43.7167	46.0459	22.1898	12.4338	1.40837	27.4939	60.1394	34.3733	21.7995	25.4549	22.0439	21.7585	22.8905	20.1047	14.5447	1.91022	7.91875	9.09958	16.1236	2.98897	6.24568	1.79482	0	0	0	0	0	0	0	4.04618	0.989839	0	0	0	0
ihec.chipseq.ihec-chipseq-containerv1.1.4.IHECRE00000071.3.a976fdae-f5dd-439a-80ce-578a0400ca86.fc.signal	1.066	0.772706	4.82956	3.01018	2.08092	9.27957	11.3375	5.98508	9.40207	11.7065	8.09188	10.5098	7.02004	4.35193	4.61006	6.33664	3.87669	3.83805	4.71527	3.63522	3.11683	4.51422	1.56484	2.04138	1.39097	0.759881	4.10208	3.92821	2.35048	1.64212	1.42961	0.455047	0.514948	1.68345	0.338333
ihec.chipseq.ihec-chipseq-containerv1.1.4.IHECRE00003842.2.aaff33ab-ed7b-4de9-8003-f28b910ee10b.fc.signal	78.8022	63.9162	91.1288	59.2387	13.5517	125.257	151.012	110.565	77.6812	58.7613	57.4	50.3191	43.1851	20.1158	16.0102	22.5604	10.2374	14.0838	15.3077	11.3707	6.02883	1.84399	2.22977	4.24612	2.37596	4.86743	3.53427	1.93786	1.35915	1.37329	1.12833	1.09434	1.16036	2.88263	0.740035
ihec.chipseq.ihec-chipseq-containerv1.1.4.IHECRE00003806.1.2dfc8185-75fc-483f-9a76-86d609a673b1.fc.signal	13.4924	19.8754	31.9116	33.88	21.9897	32.0725	40.9437	42.1966	36.543	31.3507	28.5046	31.6924	26.0114	17.3035	13.0463	12.0316	9.81339	8.14719	7.90778	7.339	7.65185	5.03008	4.08154	4.38479	4.47811	1.78033	1.36614	0.936494	2.48014	3.95868	3.43254	1.85965	1.97793	1.66494	0.788801
ihec.chipseq.ihec-chipseq-containerv1.1.4.IHECRE00003686.3.867f20aa-cd84-4630-be8b-4d90cccd43d7.fc.signal	2.71645	1.61895	2.72665	1.86773	0.339975	2.93789	1.89759	4.36217	2.6495	2.57583	3.28779	4.07917	2.15132	2.1894	1.83573	1.48543	0.0518764	0.430251	0.885732	1.19724	0.796889	2.47137	1.38093	0.412642	0.809201	0.188117	0	0.33869	0.0259337	0.0450604	0.343982	0.020482	0	0	0.844332
ihec.chipseq.ihec-chipseq-containerv1.1.4.IHECRE00003847.4.2b3ec079-53bd-4903-ae08-424fc11f8e29.fc.signal	10.2843	12.1504	15.5603	15.5785	4.30894	29.0865	42.1269	49.6187	33.4244	15.0448	10.1753	12.3854	5.12305	1.11456	0.103807	1.20831	0.901884	0.358453	0	0.153092	0.131706	0.0684107	0.379043	0.931422	0.262194	0.764412	0	1.03755	1.91778	0	0	0	0.533546	1.58885	1
ihec.chipseq.ihec-chipseq-containerv1.1.4.IHECRE00000109.3.2aaf9761-ce55-4643-a036-4127de3f8454.fc.signal	16.6905	18.0288	61.8148	58.6831	31.6297	77.8493	85.0261	72.7408	103.644	77.9829	68.6757	54.177	40.6932	46.2583	38.7964	26.9867	19.124	20.256	17.0954	12.2643	7.10037	7.11901	6.09774	3.18028	4.36369	6.10171	5.77482	4.24838	5.71024	4.94887	3.36721	4.4137	8.1649	5.8061	0.117818
ihec.chipseq.ihec-chipseq-containerv1.1.4.IHECRE00000316.2.3f5a9e9c-04a3-407c-8bb6-519c406c7e44.fc.signal	4.69133	1.28391	9.51974	3.69574	0.54801	14.5818	29.483	7.09417	12.9424	31.4245	12.5882	8.02833	7.98529	6.01594	5.70888	5.1544	16.8944	7.90701	2.85354	3.46633	0.92478	3.58554	4.9125	3.06196	1.78473	1.58921	3.76478	0	0	1.45617	2.12728	4.49441	2.72442	0.0297299	0.502439
ihec.chipseq.ihec-chipseq-containerv1.1.4.IHECRE00001954.2.fc509fae-cfc8-4cd1-b6e1-cb05b98526c1.fc.signal	1.80312	1.03527	2.41265	2.28069	2.81961	1.59294	2.65538	1.94345	2.42245	3.55293	4.30312	6.85715	7.13592	7.20071	4.15394	2.68747	3.27446	3.59445	6.11559	5.16376	3.82544	2.62374	2.67635	2.36553	1.02669	0.375018	1.92811	0.502105	0.800666	1.45527	1.70391	1.65414	1.13834	1.56608	0.543696
ihec.chipseq.ihec-chipseq-containerv1.1.4.IHECRE00000027.3.97de962a-0cae-4248-ab76-3d3fe1777a34.fc.signal	5.70695	9.07259	16.9635	2.06418	0.59734	9.45378	14.4125	17.1227	16.0397	8.91285	12.4577	20.8962	21.2377	20.2914	13.6577	7.78487	9.86279	4.25339	8.37996	8.43998	8.95567	2.31205	1.62916	2.13645	3.32661	2.7608	2.39009	2.673	1.56087	1.82427	2.85835	4.66312	6.05815	4.66781	0.0882353
ihec.chipseq.ihec-chipseq-containerv1.1.4.IHECRE00001458.1.90311c59-c092-4716-8ced-a612dc9a7683.fc.signal	15.9853	13.6522	32.7226	23.5668	13.3763	36.3375	73.8275	60.7545	54.934	59.3134	49.7033	49.1891	52.9158	44.5023	52.0868	33.9826	39.3575	40.5893	45.098	37.4902	37.1648	25.7058	24.624	16.5974	15.1913	16.3036	12.7112	11.8438	8.08859	9.96125	11.195	8.39138	8.76563	10.281	0.50423
ihec.chipseq.ihec-chipseq-containerv1.1.4.IHECRE00001913.1.7dd02c2b-e08d-4010-8330-5cb791ced7b2.fc.signal	0	0	8.60797	3.11164	4.26619	11.9671	3.71913	9.57085	4.04498	7.45274	3.40976	10.3882	22.86	4.23596	3.56302	5.12567	0.144773	0	5.93011	12.4342	3.74704	0.293394	2.04947	1.29504	1.37529	0	0	0	0	0	2.95236	1.81542	0	0	0.59375
ihec.chipseq.ihec-chipseq-containerv1.1.4.IHECRE00003660.4.f57dabc7-264e-43f4-83fd-08369e826dea.fc.signal	3.04595	2.92909	3.1595	1.4116	3.18123	4.94353	3.00769	2.6882	2.5972	2.2373	2.75888	1.34153	0.913809	1.01717	0.886398	0.620065	1.01721	1.27736	0.855455	0.780491	1.43804	1.55509	0.825387	0.571568	1.07589	1.39297	0.281361	0.292488	0.0657521	0.881429	0.664074	0.418538	0.400558	0.239223	0.279661
ihec.chipseq.ihec-chipseq-containerv1.1.4.IHECRE00000014.2.6a99d923-7ab5-41be-874b-467d20e26e79.fc.signal	2.62945	0.838457	1.8128	0.881528	0.10709	1.16173	2.8363	5.02921	4.94422	3.69289	3.10802	1.47691	1.33321	1.44062	2.35668	2.3683	1.26175	0.593471	1.34173	1.53099	0.457546	0.81027	0.601582	1.66935	1.2295	1.10046	0.376933	1.14577	1.22651	0.695386	1.1952	2.0458	0.844506	0.0754263	0.390533
ihec.chipseq.ihec-chipseq-containerv1.1.4.IHECRE00004643.3.7b895a57-db9e-4407-9979-fc4adf5592cc.fc.signal	6.68181	9.12811	11.3319	8.39237	5.51327	9.3905	12.2827	11.5346	13.7721	11.454	10.5051	11.5265	7.54992	4.61121	7.09585	5.55255	3.69867	2.58723	1.59067	1.65164	1.63489	1.90623	1.63191	1.18436	1.4075	1.1484	0.995444	0.397843	0.227734	0.233464	1.23977	0.998444	0.740963	0.764983	0.878788
ihec.chipseq.ihec-chipseq-containerv1.1.4.IHECRE00000221.3.7d6e7c7b-090f-4b2a-a7ba-f833c718a8ac.fc.signal	1.57495	0.948001	1.39761	1.37358	1.14013	0.995196	0.481642	1.19812	1.37334	0.90191	0.812982	0.881792	1.26759	1.02338	0.380881	0.316068	0.608998	0.497823	0.30727	0.252093	0.26942	0.142133	0.174465	0.224364	0.338989	0.611055	0.55895	0.229451	0.311027	0.352695	0.325759	0.272407	0.42441	0.446217	0.778736
ihec.chipseq.ihec-chipseq-containerv1.1.4.IHECRE00003675.3.83112ba3-4a46-4bcb-b23c-b8a94da18e77.fc.signal	2.489	1.60458	2.28387	2.38418	1.21507	1.14773	1.39946	0.979338	1.78901	2.32813	2.22328	3.51035	1.06859	1.13434	1.67459	0.709649	0.470096	0.301492	0.498966	0.790807	0.0333632	0.502299	0.552971	0.698304	0.57976	0.159945	0	0.089729	0.660287	0.663791	0.61795	0.19983	0.474138	0.486621	1
ihec.chipseq.ihec-chipseq-containerv1.1.4.IHECRE00004884.1.cdb41994-86e2-4949-bf91-2378fd47bfa2.fc.signal	1.63608	0.694983	1.53118	1.54655	2.05818	3.23308	2.14365	4.07868	3.54003	2.29745	4.51384	4.31775	4.84508	4.04954	3.64942	5.03882	3.73632	4.60445	4.41644	5.63052	10.1811	11.2259	5.41052	5.9767	4.94127	1.56336	2.34035	1.46671	3.95169	4.46977	1.5125	3.03765	1.98699	1.3505	0.693798
ihec.chipseq.ihec-chipseq-containerv1.1.4.IHECRE00003692.4.3bf09a2c-baea-4256-b5b7-ae913b7ca17e.fc.signal	1.71671	4.49032	11.4418	17.8308	7.01439	26.7351	18.0167	6.77205	3.7526	2.66419	1.44788	1.35015	0.612351	0.862166	0.244746	0.400834	0	0.36554	0.757907	0.916219	0.803276	0.0708685	0	0	0.341084	0.654764	0.173417	0.332975	0.00426	0.229848	0.168961	0.212166	0.201806	0.0134418	0.80303
ihec.chipseq.ihec-chipseq-containerv1.1.4.IHECRE00000051.3.a62810ea-a4bd-4303-8d6a-2de025e97ead.fc.signal	6.35827	7.35459	24.5402	20.752	5.39669	23.264	39.8994	40.4965	42.7504	61.1077	54.0539	45.2727	40.1528	17.6214	12.0604	6.80116	5.23452	2.7761	2.73255	1.04589	2.13114	1.26045	0.923773	2.33027	1.45804	3.41357	1.50166	1.73792	1.07518	1.48551	0.967449	1.09369	0.0818429	0.244955	0.457666
ihec.chipseq.ihec-chipseq-containerv1.1.4.IHECRE00000315.2.e9fbad15-4a0e-4eb7-a1cb-5ed723b77040.fc.signal	0	0.118194	2.34167	3.26417	0.823457	0.0897473	0.546713	1.09845	1.00335	1.00783	1.1262	0.262322	0	0	0	0.380415	0.991148	0	0	0	0.248676	1.11312	0.236594	0	0	2.36657	2.08924	1.38666	0.984312	1.13695	2.34562	1.34969	1.54382	3.61586	0.400853
ihec.chipseq.ihec-chipseq-containerv1.1.4.IHECRE00000969.7.07e61421-b434-44b9-b0ec-8515d70faad3.fc.signal	7.30419	3.72386	12.6681	21.5425	5.29652	15.9457	28.7408	13.2079	6.52472	5.14047	4.71498	5.64569	3.16256	2.69142	5.82671	3.35271	0.916716	1.36431	2.3984	1.31274	1.9191	1.78134	0.205409	0.746615	0.470621	1.02743	1.40305	1.2365	1.15703	0.489405	0.521039	0.452287	0.0470763	0.514329	0.533623
ihec.chipseq.ihec-chipseq-containerv1.1.4.IHECRE00003679.3.9ac74a4d-9d70-4efc-945e-29c0f04f171f.fc.signal	3.67949	2.23264	3.49526	2.70621	0.872955	0.707313	1.37415	2.80594	3.30668	3.01947	2.45712	4.30103	2.46851	1.58376	1.7038	1.43804	0.790793	0.452458	0.584118	0.426655	0.329049	0.209595	0.443037	0.250494	0.115349	0.0575392	1.15888	0.593339	0.158929	0.351176	0.0280159	0.326639	0.230063	0.498141	1
ihec.chipseq.ihec-chipseq-containerv1.1.4.IHECRE00003821.3.18c7c517-acd2-418c-a70e-986e331348db.fc.signal	0.26365	0.459542	2.91834	3.34904	1.67459	4.94424	1.60351	1.31487	1.26477	0.299171	0.949689	0.418482	0.271493	0.498589	0.164624	0.00838447	0.436652	0.556923	0.0445647	0	0	0.403327	0.133118	0	0.32301	0.371413	0.354441	0	0	0	0	0	0	0	0.76781
ihec.chipseq.ihec-chipseq-containerv1.1.4.IHECRE00003402.2.b9e005f4-fbbb-49ef-81b0-40cfa3806f30.fc.signal	3.08096	2.79264	7.58723	11.5684	12.7805	11.4622	6.46918	6.23124	9.17193	11.4591	9.60867	14.0706	10.875	7.20706	12.8002	12.7824	6.07324	5.37437	9.92831	9.16826	6.61808	6.16587	3.10079	2.55194	0.628373	1.43036	1.64822	1.50031	2.72521	1.63436	0.539202	1.69414	1.48489	1.35983	0.419571
ihec.chipseq.ihec-chipseq-containerv1.1.4.IHECRE00001009.4.25796c70-71fd-4536-b540-351ea027cd8b.fc.signal	6.61483	9.73127	8.46215	11.189	16.9842	19.8161	18.5636	18.0461	13.9241	11.7281	11.3951	8.42839	10.3962	13.9201	16.3852	13.1784	10.5933	8.17038	11.0105	9.54769	6.50002	6.34373	3.62058	2.06158	2.00691	2.273	2.30879	2.20811	1.27248	1.3995	1.3539	1.14203	2.21069	2.00793	0.77299
ihec.chipseq.ihec-chipseq-containerv1.1.4.IHECRE00000121.3.6767ca98-deae-49f6-b4ac-75d0144cef28.fc.signal	5.78884	7.11908	13.253	14.4398	19.0814	32.1201	37.187	25.9983	28.5979	45.4912	42.6152	27.1651	26.8974	17.4627	8.74329	11.9587	10.2415	6.95051	5.67253	8.78704	6.62096	3.71178	2.87383	1.0684	0.16417	0.0737391	1.23369	1.79446	0.955347	1.30025	1.16689	0.779359	1.17766	1.99462	0.559682
ihec.chipseq.ihec-chipseq-containerv1.1.4.IHECRE00003695.3.976830f0-f131-4dc5-bdfd-64d83fdc4635.fc.signal	0.801679	0.604703	1.51568	1.38594	1.30038	1.97309	1.8013	1.32088	1.42125	1.97226	2.51021	4.94608	2.78054	1.19266	1.84243	1.18139	1.00281	1.04359	1.09703	0.966249	1.05063	1.09281	0.881877	0.455642	0.302337	0.174369	0.220778	0.229216	0.281283	0.618877	0.265776	0.184214	0.209524	0.02937	1
ihec.chipseq.ihec-chipseq-containerv1.1.4.IHECRE00003825.5.7e6f312b-3e7d-4ced-adc8-a790c0432db2.fc.signal	0.482832	1.41349	3.78873	2.97538	0.690104	7.61081	10.2897	8.05112	5.92046	1.56513	1.63647	1.51478	1.53576	3.36091	1.29081	0.0168237	0.318901	2.32225	0.935022	0.795971	1.67026	0.0162688	0	0	0.213765	0.922029	0	0.341138	0.380398	1.53893	0.161551	0.00742227	1.08933	2.53778	0
ihec.chipseq.ihec-chipseq-containerv1.1.4.IHECRE00001315.1.5337f9d4-38ae-4c5a-8963-01aa95f9c5b5.fc.signal	7.21454	7.61656	14.3432	17.9557	9.18205	19.4217	32.0466	20.4699	16.0907	21.3905	19.6423	18.16	9.63193	5.63547	11.6771	8.53448	10.1401	12.2485	12.7339	8.29225	6.45862	5.06846	3.69257	3.11937	2.89386	3.20755	2.15022	2.07716	0.389924	1.78094	1.53865	1.95738	1.58784	1.91696	0.306338
ihec.chipseq.ihec-chipseq-containerv1.1.4.IHECRE00001887.4.92e33eb4-60fb-4aba-99b3-db60d30e791f.fc.signal	3.12085	0.979199	4.25373	4.46504	8.84184	7.84551	9.93632	11.7968	7.1247	9.79981	6.15848	4.60025	2.7799	3.90506	2.88204	0.419339	0	1.64812	2.82631	0.467125	0.553451	1.07526	0.87905	1.40652	1.46359	0.0277147	0	0	0.0716951	1.0781	0.0718828	0	0.08846	1.16723	0.672897
ihec.chipseq.ihec-chipseq-containerv1.1.4.IHECRE00001015.4.9280a4bd-15d9-4bff-baed-11156e36abac.fc.signal	17.3481	9.86909	12.2588	8.85417	7.89602	10.7055	16.608	16.4684	17.7302	19.1371	19.6985	24.3504	23.8601	14.0977	14.4698	15.5437	12.8062	10.7928	9.66003	11.6478	9.30224	7.08037	6.43325	4.55691	4.10455	5.63783	4.48217	4.91503	2.87866	1.71506	1.46085	1.22751	3.0769	3.96754	0.636095
ihec.chipseq.ihec-chipseq-containerv1.1.4.IHECRE00000304.2.a175b974-8d58-4ccd-883e-af1cca915c38.fc.signal	15.9312	12.8813	41.4023	51.5617	32.3729	54.2108	73.6759	71.7086	76.1873	60.8896	53.5638	50.7873	48.9583	24.0215	21.5729	12.5173	9.82478	11.0493	7.33246	5.52073	4.30707	2.59602	0.64118	1.05737	0.610525	0.787153	3.70899	4.15321	1.1377	4.04752	3.05957	0.552433	0.704071	1.28862	0.346774
ihec.chipseq.ihec-chipseq-containerv1.1.4.IHECRE00003835.4.bcf78771-4438-44b9-b60f-ce0703898bd2.fc.signal	9.85939	10.9315	19.2062	20.6273	8.20438	26.2933	31.767	48.0201	31.441	10.2126	9.53182	8.73467	9.4779	9.72783	2.45997	6.76008	2.96641	4.26211	4.5844	3.70747	2.51693	2.15643	0.782719	0.8025	0.18418	0	0.881434	0.71041	0.381516	0	0	0	0	0	1
ihec.chipseq.ihec-chipseq-containerv1.1.4.IHECRE00000159.3.1387b91f-3da3-46a2-9c26-4ff123bd6efb.fc.signal	39.7144	34.7157	89.7014	69.6799	23.1822	93.5458	123.565	80.8315	97.6478	112.342	79.7039	49.3033	44.278	47.3234	31.4705	9.92806	15.0405	22.099	16.4256	19.4088	12.0928	10.8142	5.50481	4.17303	4.29733	4.03097	3.28515	3.40945	3.53375	2.58373	4.47491	1.53603	3.809	4.63607	0.310244
ihec.chipseq.ihec-chipseq-containerv1.1.4.IHECRE00003822.3.77ca98f2-545d-4aeb-bc0c-48db2083d121.fc.signal	26.748	15.3873	27.9857	19.4141	6.61297	33.0442	37.9154	40.5383	28.4179	21.8996	14.8177	7.29075	5.44048	2.86903	3.20282	3.71066	1.68182	2.10396	2.23443	1.77532	1.95552	1.18893	1.68936	1.15482	0.560958	0.465379	0.288316	0.396434	0.687874	0.0376064	0	0.436383	0.877522	0.153928	1
ihec.chipseq.ihec-chipseq-containerv1.1.4.IHECRE00000891.3.26bc37a9-c73c-42b9-835b-56fe5f674b6a.fc.signal	2.42042	2.81862	14.0103	6.17875	0.855903	2.76532	1.79971	1.39614	6.54464	4.05303	2.87247	0.549157	0.600299	0.736772	0.0287832	0	0	0.623482	0.0959224	0	0	0	0	0	0	0	0	0	0	0	0	0	0	0	0.582524
ihec.chipseq.ihec-chipseq-containerv1.1.4.IHECRE00000174.3.b164f810-2e27-4827-b5c8-f5006a5eea9e.fc.signal	3.55872	1.16332	5.59817	5.70599	2.54838	7.06539	8.88821	10.0872	10.731	9.80399	13.2188	5.30652	4.86827	3.43059	2.84808	3.30542	2.49653	2.22554	4.74903	1.45599	1.93653	1.96904	0.961047	1.79198	1.31804	0.866682	0.932122	0.603383	2.21437	0.841836	0.802078	1.31292	0.88325	0.832996	0.682464
ihec.chipseq.ihec-chipseq-containerv1.1.4.IHECRE00003836.3.5c9cb736-993f-45fe-be70-bfabfbcef3f6.fc.signal	3.70995	5.26598	9.94823	12.3305	6.34555	8.85442	5.96277	5.03811	3.65087	2.07203	0.949764	2.12736	0.0563273	0	0.0870513	0.465957	0.865245	0.481305	0.651282	0.0078064	0.362426	0.684156	0.959975	1.12384	0.635777	0.867047	0.231537	0.939257	0.754556	0	0.432646	0.436695	0	0	0.666093
ihec.chipseq.ihec-chipseq-containerv1.1.4.IHECRE00000310.2.3163c9b1-c09d-4c99-b14d-83694fc83b45.fc.signal	2.77852	3.09566	10.3064	13.1004	14.4855	24.6735	24.654	31.1281	30.0372	26.6813	19.0111	22.9838	18.7812	7.63419	6.85021	7.50806	3.39312	4.1382	6.05438	9.79027	2.52746	3.25413	2.25781	2.67016	3.51405	1.88121	2.27605	1.49243	1.33977	0.844891	1.25927	0.179574	0	0	0.203704
ihec.chipseq.ihec-chipseq-containerv1.1.4.IHECRE00001017.4.30e59caf-785d-487c-b9fe-57d52b0872ee.fc.signal	7.16265	6.0921	4.86997	6.28735	8.83423	7.35708	10.1368	11.4303	9.85862	12.8885	14.5485	15.5811	14.8849	12.7327	9.8144	8.55693	6.59208	6.42404	6.92697	7.26765	4.79667	3.83094	2.49739	2.12232	2.75735	2.11939	1.70312	1.36306	2.70819	1.93251	1.03228	0.9009	1.46663	1.46003	1
ihec.chipseq.ihec-chipseq-containerv1.1.4.IHECRE00000718.3.4124a800-a44d-4bfe-b76a-06de52b79d79.fc.signal	157.759	180.582	182.884	105.472	18.9197	109.418	131.402	201.263	304.514	300.159	262.134	193.134	106.924	72.5748	39.6592	44.2099	4.62698	20.522	32.8989	17.04	7.2066	9.08902	4.09333	3.09945	3.57074	6.80323	3.31428	5.3464	3.12577	0.402032	0.587766	1.00498	0.932908	4.56116	0.296875
ihec.chipseq.ihec-chipseq-containerv1.1.4.IHECRE00003824.4.96c109c2-5b12-4d08-bc59-f48ccc7c2f4a.fc.signal	12.921	24.9864	19.4465	12.271	3.97719	22.4549	39.1692	34.9067	17.5527	13.238	9.201	9.59527	7.72248	4.71845	4.60646	2.87185	3.54052	5.98604	5.6615	4.37675	4.44846	2.05766	1.45075	1.10532	1.81837	0.552628	0.592696	0.608733	2.22086	0.828956	0.528001	0.177631	1.96891	0.548084	1
ihec.chipseq.ihec-chipseq-containerv1.1.4.IHECRE00001326.1.567f2eaa-fb2e-4531-aa24-4f23ad86e52a.fc.signal	16.8856	8.67744	31.8429	15.7337	3.88554	24.9156	30.7364	28.1913	31.8386	24.6876	42.2086	30.654	27.5259	36.2219	22.2354	23.2678	9.93745	13.6274	16.6808	11.5541	5.81719	6.32248	2.28672	5.15526	4.06407	3.32768	4.35154	10.6655	9.53068	4.77249	9.11389	6.21543	3.88229	1.79523	0.280967
ihec.chipseq.ihec-chipseq-containerv1.1.4.IHECRE00001908.1.6595c262-e2a7-4360-ae08-dca9de90347a.fc.signal	47.1357	45.2265	92.0464	67.0139	31.9532	113.471	113.23	172.468	235.674	174.173	143.148	90.473	93.9948	62.113	42.2297	30.9779	24.1582	21.7359	20.0469	13.2043	11.6962	7.11788	6.66807	4.94879	5.32119	5.85972	4.93962	4.29403	4.18734	3.30925	2.30818	3.08927	5.50272	5.57945	0.504027
ihec.chipseq.ihec-chipseq-containerv1.1.4.IHECRE00001526.1.0e718f27-6389-4dde-bde1-b61702fbbf81.fc.signal	5.78	7.42035	12.6017	10.4073	11.5467	31.7072	34.0171	23.2249	18.9097	21.1179	19.724	22.6364	21.1111	18.2397	14.9319	12.3793	11.6209	9.68636	9.91866	7.9341	10.4439	7.54239	5.45456	5.96599	5.69204	5.28616	3.47676	3.0373	3.27528	3.02019	1.15755	1.38792	0.800874	1.37208	0
ihec.chipseq.ihec-chipseq-containerv1.1.4.IHECRE00000267.2.83b76978-8097-4426-aba6-f18a95ee8a93.fc.signal	14.0486	6.05008	15.5395	16.6369	10.4365	19.8875	28.4652	29.5759	17.9477	23.3926	23.8196	26.0752	22.3767	15.3796	13.8274	13.5067	12.6089	12.8432	14.2434	18.8349	12.5139	10.2034	6.06204	7.17031	7.96654	7.29466	8.28776	9.96616	7.41625	3.49378	3.27302	5.58616	4.58155	3.156	0.257707
ihec.chipseq.ihec-chipseq-containerv1.1.4.IHECRE00001916.1.f84a631d-885b-4535-bad7-e4cb346c7bb1.fc.signal	1.11363	0.291123	0.797187	1.09179	0.950024	2.72465	5.33369	2.43883	2.46126	2.80984	3.49432	2.62462	4.10157	2.49942	1.55458	1.58386	2.52443	2.82151	2.78232	1.26222	2.61588	1.55011	0.0245633	0.833167	0.659566	1.62534	0.679253	0.586571	1.47653	1.38392	0.641495	0	0	0	0.620166
ihec.chipseq.ihec-chipseq-containerv1.1.4.IHECRE00001012.4.9fd4b387-15fe-4e26-8d53-15d3dbb86837.fc.signal	4.02884	4.60454	3.89053	3.62834	3.67711	5.04835	5.7992	7.83869	5.13428	5.46573	7.47192	8.10627	6.05876	4.94692	4.48554	5.58439	6.44311	6.15533	6.96469	7.65178	4.41054	3.33798	1.98979	1.33153	1.58935	1.31709	0.672344	0.573429	0.997374	1.252	0.397934	0.505472	0.651037	0.654285	1
ihec.chipseq.ihec-chipseq-containerv1.1.4.IHECRE00000683.3.328e5ec6-9c03-4ff6-adba-ab4b4d0abd9b.fc.signal	33.4113	47.4796	52.7331	28.6245	7.36868	46.0488	72.0137	68.676	97.7396	108.716	76.6769	66.7029	61.1681	37.6185	39.9056	34.2472	24.683	14.2426	16.689	17.3333	14.1865	12.9281	9.13305	5.18843	3.16199	2.95897	3.73821	6.03215	5.65368	3.83039	1.97881	2.07066	1.45114	2.16931	0.569915
ihec.chipseq.ihec-chipseq-containerv1.1.4.IHECRE00001246.1.32f3ac57-7b9e-4a64-9c91-902a000688fe.fc.signal	3.94368	2.95988	4.89959	4.14446	1.11593	3.57042	7.23979	7.84009	5.6587	6.32514	10.4476	13.7403	13.0528	8.79024	10.1361	13.1263	9.3027	9.54376	12.9842	11.0157	8.65134	7.4923	6.66531	3.5853	2.90089	3.98994	4.12691	4.24156	4.05147	5.00656	4.42067	3.56016	3.59122	2.87023	0.236923
ihec.chipseq.ihec-chipseq-containerv1.1.4.IHECRE00001957.2.0bd574cb-6c79-4f0e-a131-98ee1a6088f8.fc.signal	0.711563	0.0705168	1.73008	0.409506	0.0244593	1.37829	1.24438	0.644252	0.983227	2.59421	4.30664	1.49936	0.584805	2.09242	3.47818	1.80777	3.58808	2.81904	2.74911	2.46446	0.606741	0.689213	0.804085	1.83775	1.23599	2.08952	1.27003	0.334003	1.10748	1.72037	0.546795	0.52186	0.179755	0.862913	1
ihec.chipseq.ihec-chipseq-containerv1.1.4.IHECRE00000277.2.6f1c9091-fd70-44a8-b612-a333084af5aa.fc.signal	13.1299	3.77148	14.6246	9.88288	6.12189	8.66953	24.009	20.3268	14.0076	25.0312	26.6611	20.5776	21.7044	15.8014	18.9107	21.1243	13.812	7.4878	11.2737	10.6233	9.53903	12.0918	8.4708	5.34238	3.14453	8.50088	10.8029	7.2972	4.70429	5.92036	9.64936	9.52398	6.51483	7.14294	0.276398
ihec.chipseq.ihec-chipseq-containerv1.1.4.IHECRE00001234.5.14b492d4-c6bc-4de9-9d1e-b66fe87b0774.fc.signal	5.42838	3.63308	4.93903	5.0775	10.8085	11.8675	9.98002	5.9363	5.48207	6.67603	6.55995	6.32559	8.32418	7.16386	6.92949	4.37966	4.30258	5.07907	5.75354	8.47005	3.77003	2.82913	2.89811	3.07282	3.56176	2.6846	1.58892	1.20143	2.05549	0.90979	1.45006	1.12844	1.21778	0.976209	0.740039
ihec.chipseq.ihec-chipseq-containerv1.1.4.IHECRE00000101.3.31b03180-586e-4b42-aa9e-2a124599ee9d.fc.signal	8.15953	9.09541	25.8067	15.8387	3.44791	13.0294	15.8594	18.4828	30.1453	30.6291	20.7519	20.8847	23.3477	14.194	13.0294	6.45483	3.41058	5.58618	1.96432	2.41291	4.15172	2.67037	2.30019	1.28081	2.97687	2.33845	4.19382	2.1827	2.99399	1.67465	1.09315	0.469256	0.818254	2.44902	0.392371
ihec.chipseq.ihec-chipseq-containerv1.1.4.IHECRE00001004.4.11ad2674-be5c-41ad-b54e-80291c85aeb3.fc.signal	3.49018	3.08553	1.33143	0.565894	1.07619	3.41497	5.56833	5.47254	3.48772	2.12239	2.70053	2.16659	2.36901	2.61031	1.98549	1.49111	1.33727	0.979324	1.15232	1.43134	0.740674	0.578878	0.38616	0.488743	0.428489	0.393532	0.486381	0.409338	0.329518	0.192727	0.196959	0.363462	0.409667	0.506538	1
ihec.chipseq.ihec-chipseq-containerv1.1.4.IHECRE00003830.4.1d911208-29b2-4159-abb9-21b476db4aa7.fc.signal	17.5568	20.5236	23.5645	39.1049	16.3331	42.9213	38.3805	43.9302	35.0093	33.9658	29.4253	35.2389	17.776	6.21697	4.15313	8.14929	8.42485	4.66121	6.31739	2.22839	1.10861	0.981775	0	0.827834	0.913411	1.53594	2.93992	1.5625	0	0	0.383531	1.68028	2.59068	1.28932	0.546326
ihec.chipseq.ihec-chipseq-containerv1.1.4.IHECRE00003845.2.fa3c8e36-edcb-4649-9a8e-5dec7e1c367c.fc.signal	14.0249	13.0327	16.797	10.363	2.85009	25.8502	28.0767	31.5123	21.9777	16.1085	15.005	8.56814	7.34709	3.60687	3.79526	4.51104	4.87442	5.58715	6.37479	4.71782	2.65392	1.312	0.28145	0.64354	0.387862	1.38256	1.29202	1.8952	1.78139	0.236152	0.891911	1.21369	0.920065	0.450669	0.851175
ihec.chipseq.ihec-chipseq-containerv1.1.4.IHECRE00000285.2.6cc0e9ae-5c89-42a6-9532-1101bca67655.fc.signal	10.2551	10.154	29.6326	33.6308	15.8889	32.7341	47.6852	49.7079	45.6861	43.4027	36.1389	29.1067	32.7509	21.9901	17.7897	12.0906	6.85945	3.82558	9.9033	8.15868	4.50174	1.60131	1.31138	1.34398	1.02479	1.71594	2.82168	2.78022	1.84672	2.69999	1.21465	1.53293	1.43354	1.25792	0.269966
ihec.chipseq.ihec-chipseq-containerv1.1.4.IHECRE00000226.3.c58b6cf5-4f66-4ab2-bb25-cde31b2aa0eb.fc.signal	1.46937	1.49624	1.86955	2.09534	2.55739	2.66389	2.61577	2.89462	2.25281	1.27245	1.27412	1.39398	1.03955	0.752982	1.20489	1.02614	1.25202	1.39293	0.870342	0.721196	0.727136	0.461755	0.256874	0.382941	0.681339	1.21707	1.32759	0.922479	0.616479	0.52114	0.264934	0.381183	0.813473	0.852019	0.716895
ihec.chipseq.ihec-chipseq-containerv1.1.4.IHECRE00000284.2.c89108d5-e64a-472c-aa03-21ba6f595903.fc.signal	38.1203	18.9487	82.5622	87.2567	43.8351	95.8175	79.1833	72.8218	131.658	132.111	111.768	76.7031	65.7121	34.7564	40.0233	24.6812	11.5443	13.0461	15.8435	10.2491	9.01869	6.4856	3.57941	2.43687	3.01479	2.19627	2.72223	3.35098	3.42935	1.38681	1.61665	0.609226	0.919816	1.3987	0.509843
ihec.chipseq.ihec-chipseq-containerv1.1.4.IHECRE00000339.2.661eb5d7-e490-45e2-a8f4-f36ea8a48c60.fc.signal	1.00377	0.275886	1.75344	1.55928	0.383374	1.61643	3.41597	2.32881	1.5168	0.460943	0	0.808823	1.19203	0.163985	0.731627	0.372476	0	0.443576	1.33672	1.54927	1.05323	0.208616	0.305125	0.920374	0.796754	0.584913	0	0.90426	2.98628	2.44166	0.918152	2.21259	4.624	7.45554	0
ihec.chipseq.ihec-chipseq-containerv1.1.4.IHECRE00000152.3.9a3cfb88-6d7d-4b7c-9d6d-96e940ce08cf.fc.signal	3.52945	1.20749	10.9037	13.806	9.73429	17.9482	28.2064	11.0366	11.9915	7.79645	3.19996	5.09004	2.20622	3.80886	2.19986	3.15345	2.36366	2.81408	3.23973	2.48912	1.93992	5.43269	1.41878	0.124897	1.27685	2.0077	2.51263	3.456	2.56817	2.18231	0.994098	1.57188	0.719971	1.43968	0
ihec.chipseq.ihec-chipseq-containerv1.1.4.IHECRE00001909.1.245ee420-3705-4794-9ed7-05083df48af9.fc.signal	5.57943	4.05088	4.73696	2.42805	2.75642	10.016	17.6158	12.5865	10.7764	18.881	16.9914	12.3462	10.1966	7.58729	4.89834	6.48976	5.43677	5.04043	5.62381	4.45517	4.14544	5.51996	1.59497	1.82751	2.34845	3.4457	1.66942	1.70184	2.78768	2.72055	2.02873	0.904888	2.2896	2.00189	1
ihec.chipseq.ihec-chipseq-containerv1.1.4.IHECRE00001379.1.e9be263a-2a4a-4fbf-9846-1e223e21eceb.fc.signal	5.28677	3.72033	5.23423	8.19753	6.21828	8.53624	15.804	21.0771	18.2093	16.6757	15.8671	12.8843	9.5576	7.45117	6.10605	4.38286	3.5584	5.57947	6.69049	6.03877	5.35519	3.46388	1.94252	3.04834	1.97888	2.46	3.56375	3.20722	2.39255	1.75471	2.40256	2.76771	1.32439	0.586931	0.563025
ihec.chipseq.ihec-chipseq-containerv1.1.4.IHECRE00000866.3.0925b7f7-7c86-40ca-bdc0-1ca853709a23.fc.signal	87.9518	106.306	120.19	78.7467	22.6332	108.346	127.96	109.834	124.36	133.827	139.614	95.3718	99.3731	55.2376	42.2124	41.4749	32.7982	24.2759	19.2117	19.0243	12.2089	10.1337	6.63582	4.14133	4.10772	3.87059	3.58863	3.49902	3.6428	5.98046	3.86125	4.07225	2.09307	2.49584	0.462002
ihec.chipseq.ihec-chipseq-containerv1.1.4.IHECRE00000301.2.f63af210-578b-4bbd-a348-e18bcc93f7a3.fc.signal	20.3933	15.5234	26.4722	15.7355	25.9246	43.2777	59.538	69.4485	81.8729	82.0519	60.0323	64.8449	73.9394	42.8324	32.0592	27.4622	19.3597	14.1174	15.7825	8.07664	5.56765	5.1057	4.42293	5.63679	3.55987	3.78776	1.08929	3.11644	2.99452	3.23737	0.440979	0.912968	1.80144	0.596886	0.382488
ihec.chipseq.ihec-chipseq-containerv1.1.4.IHECRE00003683.3.9d98dd69-4d9c-4c81-bc8f-9c0f23e13a7b.fc.signal	5.4329	5.02397	6.72619	3.69491	2.26377	3.95125	4.4441	4.98338	5.26283	5.99251	2.88786	2.12281	2.6497	1.48485	2.81433	1.27414	1.02533	0.699264	1.55749	1.28645	1.31914	1.153	2.86384	1.0975	0.418065	0.989971	1.70495	0.65605	0.23374	0.0648186	0.249453	0	0	0.0666243	0.686869
ihec.chipseq.ihec-chipseq-containerv1.1.4.IHECRE00001378.1.0fecda09-3e67-46f5-9229-720f600c0eed.fc.signal	12.3025	5.15902	16.7165	21.0081	12.1194	14.4367	25.037	30.826	23.0205	22.9408	27.7473	32.6269	28.4738	27.3511	22.7494	24.5426	19.7132	15.8406	10.2668	16.5772	10.2363	6.20963	10.8762	5.47078	3.66094	11.0234	15.4573	8.66637	2.19889	7.48859	4.48244	6.21886	5.34806	1.89336	0.214286
ihec.chipseq.ihec-chipseq-containerv1.1.4.IHECRE00001014.4.25d46380-43d3-437b-8e36-9163ff0c4c1c.fc.signal	2.42394	3.05654	3.12667	4.33529	6.30779	8.62301	6.97778	7.26611	7.20679	7.18281	8.5466	8.89254	5.36482	5.34536	6.73808	6.56344	5.1305	4.4205	2.43554	2.53082	2.08345	1.77475	1.41592	0.984858	1.77807	1.24206	0.32191	0.777069	0.560843	0.381804	0.358327	1.07426	1.62786	1.67501	1
ihec.chipseq.ihec-chipseq-containerv1.1.4.IHECRE00001958.3.3cd86255-36f1-4b55-a6a7-d6b5647cff3a.fc.signal	2.84617	1.58636	1.7902	4.23859	4.83568	4.03212	4.86925	6.76496	6.75048	9.17995	12.0393	11.7264	13.323	12.3395	12.5458	7.18792	4.71921	8.97605	13.0752	10.8273	10.0309	9.62158	7.8909	5.32358	4.95711	5.95923	5.69314	7.05652	5.32761	3.70357	3.94715	2.76861	2.72115	3.1708	0.594284
ihec.chipseq.ihec-chipseq-containerv1.1.4.IHECRE00000177.3.3d6a9515-43c7-44fc-85d7-9f3ee3c4083d.fc.signal	0.76977	1.91668	3.55145	4.02328	2.48586	4.16133	5.47344	5.54127	5.44955	5.8992	5.98811	5.19289	5.15467	3.07371	3.43518	2.4686	0.687522	0.615287	2.0158	1.52356	0.5184	1.48542	1.26846	1.38638	0.247917	0.308998	0.625203	1.00975	0.305405	0.830053	1.58105	0.846247	0.057488	0.490125	0.551471
ihec.chipseq.ihec-chipseq-containerv1.1.4.IHECRE00000728.1.a576b355-9f1b-4be4-8c29-c0a8e58c48ba.fc.signal	21.3091	20.7011	24.1684	9.82204	3.5332	16.1323	18.4198	23.1147	17.7649	17.0527	10.097	12.7619	9.14851	5.64345	4.93671	6.294	2.51405	5.41589	5.34019	5.28218	5.3468	1.58687	1.52	1.33053	0.797829	0.880191	0.933864	2.46951	0.731029	0.68422	1.04749	0.278604	0.0281403	0.854563	0
ihec.chipseq.ihec-chipseq-containerv1.1.4.IHECRE00001006.4.4df2c7bd-b09a-4678-b17a-5a2c30bd16ff.fc.signal	6.17976	7.28037	6.14502	4.85804	6.88036	7.47841	9.68596	12.8939	8.43403	8.57346	9.35784	7.95857	9.78905	5.72859	5.66219	7.05398	6.95137	5.66476	6.94991	4.11735	4.60351	5.16489	2.14269	1.92749	1.22454	3.89807	2.41412	2.50591	3.27503	1.11693	0.579525	0.316279	0.521005	1.17461	0.698806
ihec.chipseq.ihec-chipseq-containerv1.1.4.IHECRE00000743.1.09e06815-2793-4e11-8820-4681b880b4c1.fc.signal	24.4404	31.9734	36.4535	18.4628	5.28762	20.1473	33.383	26.4476	24.9567	29.8299	21.3632	15.9896	12.2336	12.1845	8.12535	8.64588	7.68193	9.72203	11.3029	8.36195	7.30335	5.67688	4.31855	1.85431	2.71839	3.4808	3.37214	4.15936	3.51333	0.789228	1.25843	2.46949	1.51255	2.99838	0.557971
ihec.chipseq.ihec-chipseq-containerv1.1.4.IHECRE00000738.3.67a5e32d-33dd-4f32-920b-c5d14568aeea.fc.signal	17.5599	20.0285	33.089	13.1065	6.44776	35.0256	40.8217	30.3669	41.9452	36.0848	21.4295	9.57448	8.41753	9.05469	13.4815	8.23307	2.95957	6.43054	4.73696	4.91301	6.48923	4.14165	5.57841	0	0	2.99304	1.50918	0.776865	1.6181	3.93207	3.20265	0.570135	1.50918	2.59485	0.44697
ihec.chipseq.ihec-chipseq-containerv1.1.4.IHECRE00004905.1.68af8a6c-0e3d-475b-8b36-e8635e2eb67e.fc.signal	2.92263	2.14275	1.26328	0.277195	0.952741	4.09507	6.97873	9.45942	9.25828	7.0153	4.71139	4.37056	3.41694	3.39294	5.69733	6.81729	5.89991	3.8947	4.72359	3.04748	3.59557	5.57035	2.05449	1.45771	2.29378	1.36448	1.05529	1.05377	1.34613	2.70006	1.82846	0.841064	0.908105	0	0.686252
ihec.chipseq.ihec-chipseq-containerv1.1.4.IHECRE00001013.4.0a2cbc1f-05a1-4b3e-8b80-47b4f56057cd.fc.signal	6.2065	3.87481	3.07399	3.81498	6.48275	6.48884	7.87987	12.225	9.71365	12.2685	12.4214	11.0471	11.243	11.1311	8.03718	8.62728	8.98995	7.76416	9.11176	7.82803	4.87228	3.6885	2.91238	2.68671	3.2774	1.8286	1.2	1.14365	1.36316	0.564712	0.746002	1.62674	1.7734	1.1747	0.657459
ihec.chipseq.ihec-chipseq-containerv1.1.4.IHECRE00001918.1.c154a44f-91a2-4062-881d-72e98844dc88.fc.signal	2.54083	1.02483	0.818102	0.922623	1.06723	3.28402	2.50071	1.48328	2.38044	3.30002	2.0665	2.91023	3.51909	1.90783	2.5157	3.97047	3.10092	2.34413	1.99274	3.51793	2.25122	0.315434	1.74641	2.56427	2.01281	4.7494	1.01029	0.516959	0.592658	1.56405	1.83725	1.73088	1.36531	1.31139	0.530997
ihec.chipseq.ihec-chipseq-containerv1.1.4.IHECRE00000348.2.ebee7a5f-3411-4595-bc73-d0dfa8919fd3.fc.signal	0	0.253966	2.48367	1.72749	0.865478	3.78797	2.95106	3.26578	2.20929	1.72212	0.843635	2.23215	3.50313	1.06559	0.459155	0	0.501473	0.924073	0.75649	0	0	0	0	0.653079	0.18158	0	1.49829	1.41255	0	0	0	0.47614	1.09388	0	0.13783
ihec.chipseq.ihec-chipseq-containerv1.1.4.IHECRE00000808.1.8af206b7-e06b-4314-a764-ad70944f0481.fc.signal	13.878	14.9127	17.654	8.46866	2.75948	16.194	22.3288	14.3194	14.1087	11.5204	11.5933	9.79002	14.0301	5.81978	3.20004	7.80378	4.18532	3.94114	5.86311	5.57246	3.34713	2.32421	2.09587	3.15138	1.79157	1.14296	1.83439	2.55742	2.66922	0.867058	1.27399	1.31588	2.01512	0.921463	0
ihec.chipseq.ihec-chipseq-containerv1.1.4.IHECRE00001011.4.50bed74b-26a1-4f2d-ace1-0725fd1277d8.fc.signal	5.04846	4.10287	4.22886	4.19424	7.00189	6.36251	6.64597	9.46806	6.43892	6.64361	8.52948	9.29963	7.06307	7.48849	8.79172	6.09792	4.14384	4.92509	5.17333	4.18414	3.56754	2.51921	0.772488	0.645244	0.871595	1.35476	0.775246	0.613326	0.691868	0.5086	0.309996	0.428077	0.370758	0.416256	0.77951
ihec.chipseq.ihec-chipseq-containerv1.1.4.IHECRE00000265.2.912f6612-6de1-47ac-b2cb-b08fbdb6d93b.fc.signal	45.3876	34.9322	51.0643	27.1557	41.5043	85.1018	104.976	89.6988	104.257	117.842	103.416	83.1085	63.4544	52.9876	39.3644	30.3515	24.6651	23.2627	22.4634	14.17	8.70879	6.27385	6.29204	7.45343	6.99251	4.44234	2.817	1.87932	1.68815	2.7897	2.73561	2.84816	1.58157	1.40235	0.310787
ihec.chipseq.ihec-chipseq-containerv1.1.4.IHECRE00003838.5.15c4be13-1cb6-4f0a-9012-ac7bfa4a2475.fc.signal	4.74246	3.7536	5.33997	4.77192	3.12659	9.48063	15.9904	22.7148	10.7472	8.00359	11.1554	6.62339	4.10286	4.0187	2.76498	2.60059	0.427177	0.336188	0.627002	0.0673291	0.795325	0.403974	0.530216	0.100994	0	0	0	0	0	0.159907	1.10251	0.155698	0.858446	1.21448	1
ihec.chipseq.ihec-chipseq-containerv1.1.4.IHECRE00003685.2.cb8ce07d-5bf2-4abf-a883-851526414fcb.fc.signal	3.57907	3.85176	4.99132	3.72464	1.52251	3.80364	4.08722	6.12298	5.813	5.26185	6.46984	7.35037	4.1924	1.90032	1.69885	0.910359	0.360952	1.63085	2.68963	0.519594	0.580039	0.148983	0.815354	0.642228	0.0165343	0	0	0	0	0	0	0	0.195447	0.440432	0.726619
ihec.chipseq.ihec-chipseq-containerv1.1.4.IHECRE00003833.4.ec16fc35-ccb2-4f91-92dd-1cc5fac441b7.fc.signal	2.39205	2.5973	1.36176	1.43293	1.31566	0.965129	1.16733	3.06215	1.73661	1.0216	1.57172	1.65302	0.723327	0.819214	1.16316	0.53155	0.554481	0.730181	0.257865	0.690657	0.315855	0.679745	0.845271	1.43924	0.787053	1.99446	1.42703	0.0401644	0	0	0.293918	0.473184	0.30017	0.890534	1
ihec.chipseq.ihec-chipseq-containerv1.1.4.IHECRE00003829.4.8d269671-1194-421c-8d53-c81f23ee5f40.fc.signal	30.1032	32.7369	62.9775	55.4117	20.2634	58.8667	79.3836	130.272	73.5844	56.124	34.0049	20.9843	13.6133	6.55773	7.89521	4.80789	5.75243	4.41749	1.63185	3.18032	2.36591	0.463957	0	0	0	0	0	0	0	0	0	0	0	0	0.399471
ihec.chipseq.ihec-chipseq-containerv1.1.4.IHECRE00003832.2.1f43525d-0a83-4caf-ad11-becd1d0bf5b9.fc.signal	82.9064	78.2613	103.463	65.2826	19.2835	117.479	133.167	87.4386	73.0895	59.1494	40.4529	46.7228	48.4413	32.2892	25.4907	23.0678	19.8729	20.2218	17.9698	14.1228	10.0599	8.27753	8.08652	6.31823	5.04871	4.79833	6.2848	2.1385	3.3118	3.61109	3.01912	0.861935	0.968604	0.776924	0.765883
ihec.chipseq.ihec-chipseq-containerv1.1.4.IHECRE00000195.3.d7bae694-a963-49c0-91a4-12894b97ce77.fc.signal	2.01021	4.54419	9.62107	8.74529	4.45986	14.3484	30.6734	37.3482	31.3268	19.876	10.9824	14.1236	15.6577	8.2244	3.85342	7.40008	5.05188	4.74809	3.97353	4.87564	3.64534	3.34279	2.12818	1.94747	1.83612	0.164095	0.757351	1.28435	0.569574	2.2929	1.7977	0.348883	1.34246	2.63271	0.280612
ihec.chipseq.ihec-chipseq-containerv1.1.4.IHECRE00000734.3.6ccbc7fb-c4ab-455f-9ca2-ab402f33bf16.fc.signal	14.257	18.0753	35.5549	18.3059	3.13616	15.93	17.0754	22.2788	14.7687	19.7776	12.228	7.78272	9.33592	8.42142	2.92308	3.52671	0.707006	7.34355	5.89572	3.05914	2.95491	0.985831	0.886941	0.96896	1.86116	1.30981	0.724608	2.03384	0.380269	0.650626	0	0	0.371828	2.5084	0
ihec.chipseq.ihec-chipseq-containerv1.1.4.IHECRE00001936.1.2c3a006d-4902-4554-a0ba-f4040c3979e5.fc.signal	7.87966	7.92935	20.6842	18.1844	14.0689	33.187	28.4269	29.2746	32.4989	36.6135	34.4541	39.3889	31.6133	9.42997	10.3688	11.7818	8.0304	6.27151	4.56271	4.28201	4.08554	2.23459	1.23306	1.53398	1.60608	2.29349	1.49331	1.21251	2.10893	1.49553	1.12209	0.607064	0.823596	0.858339	0.539424
ihec.chipseq.ihec-chipseq-containerv1.1.4.IHECRE00000972.6.cf621cfe-3687-4632-9cb9-1d96c4cbf6b0.fc.signal	14.9172	9.14452	32.7275	22.1515	12.266	19.4162	36.7189	46.186	30.4667	23.3543	21.6125	12.2351	13.5861	5.66098	4.3311	3.11733	3.58383	3.96317	3.84481	2.76555	2.73985	2.1813	0.36917	0.672258	0.549228	0.754966	1.91769	1.93579	2.60006	4.14175	2.42336	1.00669	1.6582	0.763332	0.370445
ihec.chipseq.ihec-chipseq-containerv1.1.4.IHECRE00000353.2.7feba782-dce7-436b-94de-23dd85e832eb.fc.signal	65.8039	37.5196	63.4546	88.5152	52.7941	100.923	122.697	133.513	88.2717	165.366	138.17	122.957	93.7619	85.0055	64.4173	45.5692	20.5384	16.732	19.7187	15.9761	9.01376	6.86391	4.17663	2.10064	1.63704	2.51092	3.38069	3.12497	1.98046	0.798311	1.09517	1.17993	1.59714	3.0148	0.269189
ihec.chipseq.ihec-chipseq-containerv1.1.4.IHECRE00001962.2.719bf6dc-a72b-46ff-9660-2f00ca7238e3.fc.signal	4.59955	2.04715	2.65866	4.51072	5.13525	7.64999	10.3625	11.4019	8.33317	8.9448	9.70346	11.2647	14.5742	12.1663	11.061	10.9958	10.8348	15.0655	18.1857	15.6929	11.3359	8.55069	8.75202	12.4861	10.8466	9.33833	9.25559	8.61664	7.4358	7.227	7.60428	9.30725	8.83994	7.75436	0.80226
ihec.chipseq.ihec-chipseq-containerv1.1.4.IHECRE00000308.2.5d1b7c48-8f4b-4d82-81db-8c83f87afb83.fc.signal	41.078	37.3686	67.6488	92.5251	65.4871	71.2597	98.9241	122.982	95.6429	113.295	150.51	144.248	129.737	105.881	79.9801	58.3691	39.2009	31.8655	18.8587	14.5175	13.2594	12.0181	8.96185	9.51655	4.22462	3.22334	4.6468	3.50577	4.63884	3.55602	2.88823	2.17941	2.0653	2.35069	0.21445
ihec.chipseq.ihec-chipseq-containerv1.1.4.IHECRE00003837.4.b0a69b43-094d-48ec-bc60-f9af8670e969.fc.signal	1.56388	6.57401	5.63363	6.47911	6.96845	12.7166	15.5643	18.0035	13.8614	13.4524	9.50726	4.43715	1.22345	2.90038	2.69243	1.43654	0.799717	2.04981	1.32853	0.427615	0	0	0	1.45801	2.72623	0.837184	0	0.524626	1.62751	0.0681453	0	0	0	0	0
ihec.chipseq.ihec-chipseq-containerv1.1.4.IHECRE00000129.3.b3adf3d7-6c77-4bc6-a996-7aa999aedf39.fc.signal	4.0851	2.87138	5.66892	4.7383	5.07539	19.5322	15.7543	15.7553	14.3814	10.7006	23.8397	12.4213	8.98312	6.81712	8.91768	8.92519	6.00091	3.56045	2.31851	2.17888	5.55637	1.48331	1.87416	2.9836	2.52681	2.77264	3.59657	1.89367	0.438528	1.74721	1.68611	0.385585	0	0.787975	0.419023
ihec.chipseq.ihec-chipseq-containerv1.1.4.IHECRE00000048.3.1896e4ef-d88b-439f-9ac2-0cee1d66c3f3.fc.signal	6.5623	3.86209	7.96419	3.86007	2.95836	9.10909	17.6513	16.1849	22.4749	35.9061	33.5138	34.0128	32.8267	28.6802	24.818	18.4569	10.5232	10.516	18.1304	16.6166	10.9419	7.85775	5.88455	3.97251	4.96207	4.91391	7.37921	3.17853	5.06567	8.38177	5.82661	7.35432	12.6108	7.19238	0.191257
ihec.chipseq.ihec-chipseq-containerv1.1.4.IHECRE00000270.2.43754eb9-4d4f-4ac8-9c98-cfd7436168c7.fc.signal	0.305435	0.506472	1.14997	0.524676	0.798229	1.02646	1.12295	1.50814	1.49468	0.193866	0	0.221161	1.13707	1.99786	0.785148	0	0	0	0	0	1.59703	1.53679	1.3087	0	0	0	0	0	0	1.40234	0.525117	0	0	0	0.116162
ihec.chipseq.ihec-chipseq-containerv1.1.4.IHECRE00000053.3.19ff4aa6-fb54-46a9-9e6d-d838602855e5.fc.signal	10.671	3.73244	10.1006	10.7497	3.71567	12.0759	23.7178	11.4625	14.6889	9.63057	9.31161	4.50468	2.43967	2.84273	1.82422	3.65972	3.02251	1.6413	1.24257	0.721889	2.04459	1.43741	1.23605	1.16092	1.96974	0.609907	0.615501	1.371	0.995373	0.313636	0	0.828129	0.207032	0	0.135266
ihec.chipseq.ihec-chipseq-containerv1.1.4.IHECRE00000828.1.45bbe382-78c1-4fac-99df-1349446e9df6.fc.signal	80.5811	101.182	159.607	80.2486	25.2529	138.767	149.945	160.936	213.035	213.282	178.206	133.234	112.394	56.6614	34.8803	29.9516	10.4028	14.5093	9.18867	7.79141	6.66253	1.69545	4.40903	2.71356	1.61019	4.89895	2.44092	1.27364	2.03623	1.97657	1.44834	3.26735	0.161874	0	0.332083
ihec.chipseq.ihec-chipseq-containerv1.1.4.IHECRE00003805.1.f408b983-67f5-4319-bdfc-18075038ed07.fc.signal	9.14248	12.4988	10.6983	6.78591	4.23011	11.997	23.8783	25.8896	17.4354	12.2995	8.19286	13.1211	16.1325	13.9558	11.8778	9.10273	8.57945	6.16071	5.59632	6.99814	5.24278	6.9482	6.00121	5.11868	3.38551	2.85106	2.95424	3.23442	3.58326	2.408	2.09424	3.84238	3.85442	3.78536	0.243506
ihec.chipseq.ihec-chipseq-containerv1.1.4.IHECRE00003812.1.155d6bcb-5d5c-4947-89c2-c75cf0a7e99d.fc.signal	5.4857	2.65398	7.52148	13.4801	12.5356	15.5306	19.3154	32.6331	38.5626	53.9656	50.4273	66.1918	49.9662	15.6568	19.5163	14.9384	12.3015	11.2013	9.98647	9.12799	6.6804	4.2537	2.88439	3.58576	3.19028	2.13085	1.69673	3.67344	6.80598	3.74721	1.66396	2.52423	1.60519	1.26867	1
ihec.chipseq.ihec-chipseq-containerv1.1.4.IHECRE00001904.1.30aebd5d-55b8-4958-834c-27c8c0a165bb.fc.signal	11.1821	11.9204	31.9132	21.4713	23.2172	49.1591	57.1541	103.054	101.039	82.5267	71.4588	54.6976	38.2535	20.5542	18.3819	14.0139	6.93969	7.22238	5.93007	5.87083	4.18317	2.97197	2.39522	0.554201	0.630706	1.86074	2.55699	1.52307	0.740769	1.43957	0.596039	0.366286	0.670497	0	0.324099
ihec.chipseq.ihec-chipseq-containerv1.1.4.IHECRE00003826.4.93a8f270-5d77-4704-ada1-4b6b1a7c8853.fc.signal	11.4587	22.7171	13.0899	8.6138	6.76548	27.3454	46.5071	57.5484	39.7361	25.6683	17.9087	9.36834	5.28894	4.92837	1.82842	0.826544	0.605298	0.659566	2.48549	1.7992	0.943429	0.3924	1.07702	1.20225	2.40032	1.82424	1.93695	0.27134	0	0.062617	1.1772	0.278818	1.15521	1.20915	0.674699
ihec.chipseq.ihec-chipseq-containerv1.1.4.IHECRE00000142.3.a0b17085-db21-404e-b32b-6ced8ad38877.fc.signal	12.4588	5.51676	5.97224	3.04561	3.9657	11.8046	21.0452	25.2651	25.0562	24.2439	22.1046	20.097	12.5463	11.6772	22.6628	25.6421	26.0615	23.5663	23.4871	31.7856	35.6916	32.2819	23.373	21.3609	14.6608	12.7212	8.71569	8.70906	10.6401	12.2484	9.02823	7.38147	7.53139	6.54081	0.511538
ihec.chipseq.ihec-chipseq-containerv1.1.4.IHECRE00003396.1.f283c7ad-e125-498d-831d-e15ed9c8164f.fc.signal	2.512	0.421347	4.03069	8.98353	10.2346	14.6995	10.1115	12.2182	14.1688	18.5154	12.1522	9.21472	6.323	4.89549	8.49782	4.25635	2.45151	6.07498	3.45515	5.70669	5.60083	2.89944	1.83072	2.47558	0.204335	2.02285	1.85717	1.14671	1.16721	1.5645	1.58301	0.0887109	0.510637	1.37103	0.765068
ihec.chipseq.ihec-chipseq-containerv1.1.4.IHECRE00003730.1.3f439d72-e3f6-44c0-a502-169344c6ad35.fc.signal	4.61443	3.74393	5.39101	7.33978	7.04886	8.10763	8.55852	6.599	6.83024	9.88178	9.9688	8.00092	6.66965	6.83059	9.57638	7.62838	6.81117	3.45523	5.27297	4.12296	4.19954	3.55362	2.44133	1.34633	1.68908	2.94743	1.20334	0.819952	0.90102	0.776499	2.1895	2.4935	1.88477	1.60024	0.499156
ihec.chipseq.ihec-chipseq-containerv1.1.4.IHECRE00001915.1.f5573e79-d80d-470a-8d12-22719ef4a51e.fc.signal	3.26769	1.09337	1.83267	1.79308	2.86514	7.75896	9.69751	4.34937	3.57295	3.3149	3.56888	1.64049	1.35268	1.37681	1.24812	1.28953	1.12506	0.929884	0.917025	1.09322	0.219249	0.156119	0.850785	1.32992	0.658107	0.550081	0.562649	0.648583	1.0692	0.0559296	0.62394	1.314	0.841213	0.681309	0.657258
ihec.chipseq.ihec-chipseq-containerv1.1.4.IHECRE00003843.4.c2c52d4b-c9da-43f3-925f-8359bbb97ee0.fc.signal	0	0.67084	4.56042	5.94247	2.09438	28.4504	28.6664	49.4818	14.4679	0.0804423	0	0	0	0	2.53024	0.660316	3.52848	5.20927	2.57788	2.53299	1.21871	0	0	0	0.0726549	4.2871	2.14253	0	0	0	0	0	0	0	0.735414
ihec.chipseq.ihec-chipseq-containerv1.1.4.IHECRE00003398.1.f0bdf12d-8bcf-4989-949c-4d32dbd60ffe.fc.signal	4.07422	2.7364	5.35086	3.61504	6.11204	7.9293	4.57929	3.53289	7.68575	9.35504	8.85503	9.82123	5.53945	3.33262	2.43211	5.83013	3.07575	1.55463	5.37682	2.88446	4.37449	6.09635	3.04557	1.80802	1.54592	1.39974	0.257978	0.990139	0	1.55499	0.857855	0	0	0	0.704009
ihec.chipseq.ihec-chipseq-containerv1.1.4.IHECRE00000330.2.a75633c9-8b06-42b2-a9c8-fdd55ba8ffe7.fc.signal	2.21603	5.24444	10.6859	13.709	8.063	17.6461	28.0092	26.338	20.2275	16.5782	15.2687	10.2415	8.62126	4.25647	3.60834	3.34265	3.12232	2.53316	2.47417	3.5941	3.27855	1.84201	1.65081	0.561426	3.25957	2.27061	1.25681	1.30681	0.756359	1.83209	1.16618	0.415534	1.93273	1.43383	0.348837
ihec.chipseq.ihec-chipseq-containerv1.1.4.IHECRE00000013.3.21204e63-5580-42b6-aaaf-3888daa8192c.fc.signal	2.5065	2.53416	9.08284	11.4776	8.0117	11.6663	15.7249	23.2438	16.535	18.9468	14.1561	8.8691	10.8558	3.59596	4.04691	1.62746	3.44857	2.59514	2.2739	1.55776	3.34357	1.57629	0.627014	0	1.08128	2.44447	5.66042	1.15248	0	0.572561	0.480216	0.830528	0.492878	0	0.295176
ihec.chipseq.ihec-chipseq-containerv1.1.4.IHECRE00003827.1.2bef3df7-5fcc-4d31-9411-95e1295b79d5.fc.signal	29.5052	27.5882	26.8983	19.791	7.2371	51.8983	53.1484	46.759	30.7486	25.0449	16.5164	13.2483	9.42934	2.69875	3.04218	3.29121	2.81941	2.88518	3.74176	3.0715	1.54473	1.10967	1.04878	0.561729	0.252564	0.229787	0.242441	0.182452	0.0868107	0.15673	0.581324	0.39796	0.431469	0.284267	0.398585
ihec.chipseq.ihec-chipseq-containerv1.1.4.IHECRE00001010.4.69b34e98-e895-4591-bbf6-ca5ed99320f1.fc.signal	6.24978	4.62928	4.37295	5.08312	4.82074	5.26321	5.81665	7.39393	6.89095	9.19899	10.6198	8.86965	6.7095	6.2356	5.36323	4.99361	4.01713	3.9074	4.30691	3.69936	2.99306	2.05834	1.74824	1.81031	1.36013	1.12746	0.725889	0.738285	0.604607	0.365259	0.582166	0.764882	0.393407	0.393506	0.810476
ihec.chipseq.ihec-chipseq-containerv1.1.4.IHECRE00003404.1.0fdae11f-7f58-4d45-8594-d429c2e066c7.fc.signal	3.40507	0.866578	2.09471	3.37742	3.78037	4.53144	4.11854	3.05846	6.36806	9.31166	9.00308	7.65525	9.68441	6.43845	5.96632	5.94292	6.51814	9.41587	6.47365	3.55513	2.35071	1.45279	1.61153	2.57593	1.42815	2.63771	3.3021	1.34522	0.859364	0.595642	0.938365	0.54299	0.351218	1.61926	0.953224
ihec.chipseq.ihec-chipseq-containerv1.1.4.IHECRE00003401.1.04bbdaed-a320-4540-aa2d-1d676d505c81.fc.signal	1.63429	0.808792	2.58522	3.07035	8.13845	8.08051	4.54258	6.29097	9.10272	9.91081	10.0123	14.5232	10.1328	9.98335	9.03285	4.82534	5.95956	5.62994	4.66754	1.78536	1.82414	1.9337	0.555324	0.123918	0.0832644	0.814206	0.888114	0.611997	0.276463	0.479099	0	0	0	0.235423	0.546018
ihec.chipseq.ihec-chipseq-containerv1.1.4.IHECRE00001964.2.194197dc-d3ad-4faf-839a-1e28c390e1c7.fc.signal	4.3671	3.01377	3.3023	2.96236	3.8866	5.47542	6.38581	3.82899	4.44951	6.31939	6.51687	4.43036	5.65203	4.94554	6.22665	7.22423	4.26896	3.8186	4.62593	4.65705	4.75045	2.68963	1.73707	2.33061	2.49232	1.89684	0.810198	1.85011	1.55777	1.31159	3.11298	4.0635	4.60308	3.56617	0.754824
ihec.chipseq.ihec-chipseq-containerv1.1.4.IHECRE00001008.4.a169f921-cefd-41e3-aba6-62149b95f327.fc.signal	3.31871	3.27704	4.29806	3.25048	2.37915	2.77836	5.27929	5.09219	6.01572	5.11393	6.41081	4.90147	4.774	4.97149	4.45244	3.98092	5.06542	4.37678	3.60604	3.07634	2.32589	2.80803	1.23033	1.15619	2.01038	0.779845	0.757538	1.37748	1.2126	0.660699	1.47363	1.05998	0.738495	1.52423	1
ihec.chipseq.ihec-chipseq-containerv1.1.4.IHECRE00000238.3.b63d6dc1-6fc0-4b8d-9bff-172e3f638785.fc.signal	1.11198	0.676747	0.877709	1.08189	0.586729	0.165926	0.172542	0.754218	0.704258	0.493179	0.603135	0.853515	1.15293	0.24585	0	0.174729	0.263176	0.149008	0.366641	0.202199	0.105175	0.036151	0	0	0	0.0655357	0.111313	0.104402	0.172575	0.281492	0.0633289	0.0237429	0.119579	0.240819	1
ihec.chipseq.ihec-chipseq-containerv1.1.4.IHECRE00003678.3.651f7635-fa04-4a73-ad9d-b88c234511f0.fc.signal	3.11325	3.84909	3.64596	5.56668	1.33154	4.69221	4.17611	3.76169	4.0127	4.42153	2.96982	3.44879	3.66997	0.788343	0.424419	0.904757	1.72176	0.529189	0.28701	0.635752	0.57553	0.519412	1.05111	0.553558	0.313272	0.394585	0.336547	0.395078	0.182907	0.548727	0	0	0.154858	0.321195	0.676471
ihec.chipseq.ihec-chipseq-containerv1.1.4.IHECRE00001460.1.cebcbc5c-1675-466e-a9ba-73e404631121.fc.signal	5.17916	6.98368	16.0227	14.2955	11.4502	23.9118	27.1984	18.9474	14.4591	13.2707	9.20752	16.167	15.2138	6.12386	5.96453	5.29806	2.26336	2.4001	8.19553	4.98674	6.5244	4.72433	1.72244	2.28292	2.10677	2.91364	1.11893	2.418	1.87493	1.88662	1.79066	1.67554	1.63078	0.964838	0
ihec.chipseq.ihec-chipseq-containerv1.1.4.IHECRE00000246.3.09da5152-42b4-4f12-8b13-d2635a0af815.fc.signal	0.595624	0.918535	1.37985	2.12793	2.08528	1.40763	1.22987	1.26043	1.57132	0.770265	0.628558	0.322685	0.137598	0.25045	0.499951	0.561295	0.478245	0.299543	0.4813	1.21037	0.797814	0.792337	0.637098	0.262867	0.259995	0.149042	0.066139	0.288291	0.256516	0.358397	0.385457	0.0952367	0.137644	0.291489	0.383929
ihec.chipseq.ihec-chipseq-containerv1.1.4.IHECRE00003677.3.486b8afb-6747-4d4a-93ee-788cf88097fc.fc.signal	1.0181	0.552885	1.77191	2.21961	1.14043	2.06182	1.1083	1.41152	1.64877	0.749916	0.372705	0.0610003	0.413839	0.477739	0.422666	0.610284	0.385759	0.212906	0.577975	0.3575	0.218542	0	0.273671	0.324575	0.128346	0.494467	0.0827208	0	0	0.0415782	0.396793	0.0199395	0	0	1
ihec.chipseq.ihec-chipseq-containerv1.1.4.IHECRE00001021.4.fe2297ab-7a22-4ba1-b2e8-9748d9ff6f48.fc.signal	1.88543	2.21806	2.64794	4.07938	4.59091	6.71706	8.11318	9.58156	6.55667	3.52176	4.69341	6.39892	5.5226	6.15787	3.96079	3.28059	3.52275	3.83485	4.78304	4.13189	3.90873	1.26755	1.80188	2.9711	1.5138	1.70561	1.72618	1.85562	0.779376	0.583224	0.661469	1.24729	1.54414	1.65943	0.358491
ihec.chipseq.ihec-chipseq-containerv1.1.4.IHECRE00001018.4.7d5e4bbb-c134-4315-817d-269727d9d89c.fc.signal	6.78966	5.58532	4.89497	4.41321	7.66222	8.04419	9.01216	8.41701	9.33307	11.284	11.6343	9.35055	10.3973	6.4316	3.87209	3.59996	2.52777	3.1591	5.05158	5.65434	3.36121	3.08762	2.45348	1.54899	1.67629	1.64002	1.48958	2.46715	1.64462	0.830834	0.559338	0.820509	2.4157	2.13978	0.117925
ihec.chipseq.ihec-chipseq-containerv1.1.4.IHECRE00000666.1.82a0e928-74cd-4da1-b128-7df88bbdd398.fc.signal	10.9635	10.3361	15.3394	9.85781	2.14968	10.3335	19.5879	15.2271	11.7297	12.3826	16.9879	15.0392	14.1564	10.5952	6.87041	9.1376	5.19319	8.5455	8.80603	8.02445	4.9822	3.49854	2.57763	2.96909	4.23237	2.63198	1.00979	0.732033	2.94112	1.73542	0.573183	1.15187	0.269153	0.179888	0
ihec.chipseq.ihec-chipseq-containerv1.1.4.IHECRE00001905.1.df1689af-57f6-440c-8357-740ccbe030e5.fc.signal	28.5265	31.5414	59.0049	50.9029	26.1355	58.6732	72.6326	86.4853	96.0536	101.701	85.7247	90.1777	77.3358	49.1201	40.7455	34.4939	20.4763	10.1524	9.12874	13.7987	11.7046	8.80339	7.87383	5.26112	5.28006	4.30635	2.12826	2.45566	2.37328	2.85819	4.04045	3.26058	0.826488	1.34549	0.622327
ihec.chipseq.ihec-chipseq-containerv1.1.4.IHECRE00001955.3.e3f14527-a39d-40b4-9738-20c86afa593c.fc.signal	1.16247	1.32653	1.13148	1.12584	2.10256	3.05875	3.89848	5.19887	5.02723	4.47906	5.02985	5.41126	4.1625	3.6728	3.3221	3.60209	2.57133	2.44532	2.52335	2.34188	1.61706	1.98926	2.91225	1.85399	1.50798	0.785105	0.629794	0.724471	0.578861	0.870436	1.10245	1.23732	1.26798	1.8522	0.31491
ihec.chipseq.ihec-chipseq-containerv1.1.4.IHECRE00000317.2.3c23d7dd-68a4-4757-a8c9-0e430f641fbf.fc.signal	15.7	11.1404	23.2338	27.1029	12.3015	32.8616	50.3659	35.7277	66.9594	71.7942	57.4114	50.7821	51.5079	20.2184	16.6161	20.215	8.96047	11.3889	10.0621	8.54244	7.02499	5.11423	5.9182	2.54759	2.59658	3.80927	4.64542	2.17941	2.85018	2.50507	1.5461	1.36492	1.51108	0.492901	0.332404
ihec.chipseq.ihec-chipseq-containerv1.1.4.IHECRE00000070.3.1d2d8a11-2856-4a11-b3ab-c0927aa2c890.fc.signal	4.27655	4.11295	11.4621	7.17565	2.03521	6.12628	5.09005	6.32419	12.7352	12.2294	13.1145	11.3026	9.60169	7.05131	5.35276	3.90643	5.09476	3.5889	4.00503	2.37217	1.90487	0.478914	0.565467	3.01108	2.21123	3.14348	2.14973	0.889995	2.06139	1.76655	0.953781	1.74204	2.18245	1.55939	0.0704338
ihec.chipseq.ihec-chipseq-containerv1.1.4.IHECRE00000260.2.dd35c871-2bf4-4723-8cec-a51879108a65.fc.signal	0	0.588417	3.62821	3.56321	0.798687	2.9607	4.31514	5.39641	2.94982	5.47234	8.96238	4.14221	7.27142	7.03883	3.81649	2.19138	1.57728	3.59814	2.55847	0.903241	2.04382	2.50432	0.559963	0.704185	1.0359	1.66632	0.40709	0.551179	1.53929	1.30748	2.92983	2.31457	0	0	0.133423
ihec.chipseq.ihec-chipseq-containerv1.1.4.IHECRE00000774.3.0226d0bd-e448-4e8e-922e-bd3e7a7abd00.fc.signal	47.8787	47.0164	32.6268	12.9665	7.46137	18.6923	47.177	77.5764	81.8778	77.4459	76.4245	62.4056	62.7581	45.7053	36.1696	31.4604	9.66919	15.2864	20.1454	23.7379	15.1964	10.8722	6.55574	8.36683	8.93501	3.98181	3.36707	2.61729	1.84548	0.599826	0.784091	2.71009	3.10591	3.16362	0.222222
ihec.chipseq.ihec-chipseq-containerv1.1.4.IHECRE00001963.2.fedd976d-b28a-4be3-ac2b-5bf744440420.fc.signal	2.96271	3.01292	3.08431	3.92655	5.26497	3.22191	6.60434	7.59904	10.7504	12.5513	14.2894	17.7595	16.8259	15.1871	17.986	17.9473	17.3808	16.7585	21.6703	25.2291	21.4874	20.5891	15.5375	12.1322	10.3941	9.9022	11.2687	12.4247	13.3135	10.712	12.8965	11.8599	11.9864	13.9772	1
ihec.chipseq.ihec-chipseq-containerv1.1.4.IHECRE00001025.7.9c7e2dd7-abf1-40e7-80a7-163dc7b3844f.fc.signal	7.37762	1.10661	16.8933	21.508	16.503	28.0097	32.172	27.7321	24.7938	24.4186	26.7265	17.0765	18.4609	11.8105	12.8961	8.54472	4.35948	4.63433	4.24452	4.35088	1.66595	1.47335	1.826	1.76274	1.7058	1.50224	1.20374	1.82866	1.50804	1.90521	0.972744	1.4677	1.56791	1.01648	0.621904
ihec.chipseq.ihec-chipseq-containerv1.1.4.IHECRE00001903.1.a4b839f4-cb72-4000-8141-3e889aede665.fc.signal	11.6569	13.4655	31.0848	28.1257	25.6185	52.6323	65.8282	78.3759	86.7591	79.1697	64.3972	73.0971	56.6631	23.7762	19.2582	15.9023	6.71204	6.95497	8.11299	5.27284	5.73687	4.31589	2.88321	3.5959	2.11148	1.68328	2.13952	1.42306	1.57169	1.65127	1.48278	1.39586	0.101728	0.236692	0.455743
ihec.chipseq.ihec-chipseq-containerv1.1.4.IHECRE00004703.3.ff0deec0-0a6b-4d27-8ce7-758715469921.fc.signal	2.51435	3.22041	6.99272	6.62789	2.98895	8.83357	9.75258	10.3048	10.5792	8.08146	5.43327	3.78222	4.58634	1.88635	1.70421	2.54872	1.43851	1.11397	1.48593	2.50124	0.54083	0.937506	0.698361	0.996342	0.686971	0.793225	0.573108	0.89122	0.742026	0.876025	0.368177	0.332733	0.521883	0.648596	1
ihec.chipseq.ihec-chipseq-containerv1.1.4.IHECRE00000124.3.7fe1ce38-bbc5-43fa-a5e9-edea03584032.fc.signal	8.26215	10.1731	26.9785	24.1792	13.4258	36.4086	46.6871	34.6347	30.8469	37.2582	39.3647	35.8702	30.8471	16.9539	10.2532	11.9066	16.5725	13.2107	6.54209	6.95877	4.79422	4.11738	2.28199	1.48722	1.32829	2.64591	7.93475	7.47473	5.10385	2.41457	3.52677	3.49519	2.22834	1.79241	0.401961
ihec.chipseq.ihec-chipseq-containerv1.1.4.IHECRE00000155.3.8279b76b-57ad-4ec8-b5cb-d16fdac7512c.fc.signal	12.3043	6.67536	15.3124	14.955	6.40909	16.2118	12.5322	15.5905	35.3556	38.5495	26.3332	36.0252	38.7188	24.0649	16.7889	9.11597	8.05666	7.36018	7.56634	8.99736	12.8594	8.95517	10.1079	6.77772	4.69786	3.27635	5.27584	6.06713	4.8693	5.31631	1.54679	2.63414	3.64125	3.47137	0.5
ihec.chipseq.ihec-chipseq-containerv1.1.4.IHECRE00000831.3.4e376f30-4003-4c7e-977c-588c33e2f5b4.fc.signal	62.1385	75.8467	75.2781	40.5323	12.3372	54.8077	80.8286	90.1455	103.863	111.824	101.783	77.3714	95.0423	55.6319	46.9737	43.7469	27.5327	22.2531	23.1882	22.3231	16.1579	15.8063	10.02	9.46366	11.431	7.13616	6.3461	5.61917	5.95534	3.43495	5.39561	6.08329	4.72414	4.38371	0.242424
ihec.chipseq.ihec-chipseq-containerv1.1.4.IHECRE00001306.1.0ec52f8d-9c86-4f23-89de-b9919d031a2d.fc.signal	0	0.456525	5.85	8.41501	3.62848	3.86803	7.61489	10.4434	3.03491	0.00544473	2.66622	1.91822	4.78296	4.2161	3.02804	4.38688	1.0988	0.589398	1.79309	2.8992	0.635912	0.488375	1.72953	1.3737	2.38909	0	0.991363	3.43252	1.24742	1.18993	0.172064	0.337576	6.654	3.89066	0.19337
ihec.chipseq.ihec-chipseq-containerv1.1.4.IHECRE00001007.4.259e94cd-5685-43b2-a4f5-8d6cc0ff4b88.fc.signal	6.61998	6.31871	4.44226	5.0074	8.011	11.4186	7.88893	11.5999	7.29538	10.1543	15.4145	13.1863	11.4078	8.99659	6.99612	4.48814	5.59922	7.16112	8.90225	10.954	5.48072	4.32192	3.11453	2.45119	3.33201	2.37807	2.16695	3.39268	2.13487	1.1501	1.27303	1.33902	1.19899	1.82881	0.538399
ihec.chipseq.ihec-chipseq-containerv1.1.4.IHECRE00000233.3.c81f88e2-7199-4952-a0ac-fbf221a68e22.fc.signal	3.32619	3.0416	2.17734	2.31944	1.97464	1.99062	2.86502	4.26547	3.8123	2.68776	3.20797	4.32946	4.32501	3.18928	2.50043	1.9055	1.68945	1.7398	2.61717	2.65054	2.19574	1.64907	1.429	1.58921	1.31723	1.09941	1.2111	1.09173	0.897005	0.843097	0.609991	0.654849	0.881001	1.08675	0.884956
ihec.chipseq.ihec-chipseq-containerv1.1.4.IHECRE00000161.3.6de3a207-ef97-4cbc-a25e-5966bc51a6e1.fc.signal	1.28722	0.270994	2.33364	2.57125	1.90975	3.45906	4.83289	5.19585	7.75799	7.11377	7.37724	9.69586	6.94066	1.44907	0.489394	0.745587	0.921806	1.84649	1.68101	0.357561	1.06861	1.40437	1.55446	0.967297	0.932919	0.748052	1.23646	0.631818	1.57704	0.894268	0.566816	0.481766	0.195718	0.428787	0.576923
ihec.chipseq.ihec-chipseq-containerv1.1.4.IHECRE00000309.2.0c14f087-138e-4102-9f12-e14cca67a11e.fc.signal	8.67948	12.4561	37.4191	41.3058	31.8896	53.0675	64.3719	52.2885	70.2062	66.1756	52.805	40.4929	27.4102	32.2283	26.0553	15.6146	9.69557	9.83104	10.3222	18.6375	8.49316	3.84439	2.46414	0	0	2.32865	2.83672	1.80365	4.91981	5.92748	3.28552	2.50648	3.22624	5.0807	0.106576
ihec.chipseq.ihec-chipseq-containerv1.1.4.IHECRE00003803.1.d5373538-03e5-4aea-a61c-f80d029c4d74.fc.signal	2.82184	0.979587	7.97119	7.67818	8.18333	10.7842	5.59816	11.4684	14.3816	15.3747	20.7121	13.1424	13.446	6.38879	4.95472	7.15604	5.27896	6.27906	10.1549	4.74939	4.14798	4.06602	2.98788	1.78026	2.76353	5.47733	3.71548	0.519412	0.101789	0.975042	1.00543	0.798576	1.25804	0.854746	0.24057
ihec.chipseq.ihec-chipseq-containerv1.1.4.IHECRE00001921.1.dcad099b-2714-4a20-92d0-2cd9bce288ab.fc.signal	8.4221	10.1426	17.0472	11.6649	8.55137	22.5389	23.4634	28.8163	18.4193	18.8665	15.5322	16.7748	18.3914	15.3031	15.6792	12.3901	15.4683	19.8255	18.779	18.2203	14.0339	7.64042	5.75695	3.55122	5.73322	4.89611	4.15936	2.17837	3.01258	4.16623	4.91103	3.07028	1.53478	1.74827	0.533254
ihec.chipseq.ihec-chipseq-containerv1.1.4.IHECRE00000094.3.78702c15-fd78-4925-ac56-ecb614183d13.fc.signal	5.85814	2.99871	9.70621	7.786	4.16919	6.78647	7.6348	12.3498	12.2906	11.8471	13.6584	12.5602	17.4725	5.89173	5.43246	4.99775	1.83191	3.15347	7.51642	4.47828	2.85401	5.68826	4.89257	5.65537	2.87186	1.71537	0.905302	0.401622	0.927589	0.88299	1.21953	3.58392	2.58646	1.37322	0.192593
ihec.chipseq.ihec-chipseq-containerv1.1.4.IHECRE00000059.3.7a04d905-73a0-4079-9968-67c3833836fc.fc.signal	7.28315	2.02099	1.90269	0.670394	7.4826	9.29909	6.18058	8.96723	14.0546	22.7936	20.0864	16.4877	13.588	2.83231	1.35215	2.9977	6.60793	6.53093	5.88939	1.56748	0.114575	4.1848	5.25193	1.7357	0.318387	0.821071	1.54901	1.09803	0	0	0.325338	1.5281	1.5971	0.748765	0.242075
ihec.chipseq.ihec-chipseq-containerv1.1.4.IHECRE00003691.3.e70a956a-e876-473f-ae67-333f104e486a.fc.signal	2.02992	1.75387	2.24502	2.31018	0.993674	1.22823	1.46692	3.50516	3.96557	2.40618	1.71488	2.05616	2.55317	1.05555	0.667356	0.424553	0.439064	0.880058	1.42445	0.863528	0.802114	0.568596	0.746374	0.485104	0.46983	0.412649	0	0	0	0.219157	0.149783	0.181317	0.785429	0.589965	0.589744
ihec.chipseq.ihec-chipseq-containerv1.1.4.IHECRE00001907.1.87217a77-af17-4375-b2cb-d5433d7630b0.fc.signal	9.00611	10.4573	30.8647	38.6921	30.5062	61.7113	54.451	61.4691	55.1281	45.5122	32.6517	35.5191	31.5994	11.7644	10.5654	12.2534	10.015	7.87029	4.82046	5.7469	5.37602	3.40164	3.23635	2.98439	2.50471	1.26419	1.02803	2.03305	1.85293	1.24016	1.30597	1.41284	0.774245	0.83464	0.336379
ihec.chipseq.ihec-chipseq-containerv1.1.4.IHECRE00001016.4.25a9e821-dfde-4c33-9022-9cf883133012.fc.signal	9.20522	7.37923	6.21357	5.45245	7.17359	10.1224	13.1881	17.6023	14.4885	12.7347	12.2761	13.1546	12.6675	13.4151	10.0568	11.9076	9.94933	7.70976	6.76196	9.10166	7.137	2.83531	2.43426	2.25299	3.04128	1.99575	2.50138	1.12747	1.04258	1.28964	1.08049	1.58863	1.01492	1.18321	0.715328
ihec.chipseq.ihec-chipseq-containerv1.1.4.IHECRE00001935.1.9f989b17-6131-4e53-a04c-2c3b0ade703c.fc.signal	11.4607	9.87553	35.2581	40.7034	18.8515	34.0389	63.4809	92.5806	101.073	94.0059	74.9493	58.4591	45.7194	15.6932	18.4438	10.5588	6.27479	7.89328	9.43224	10.9315	5.45386	5.51023	3.95067	2.99878	2.42284	2.49672	3.79166	1.52419	1.94807	0.52167	0.449092	0.786316	1.74088	0.277643	0.38444
ihec.chipseq.ihec-chipseq-containerv1.1.4.IHECRE00000043.3.c7277a95-3c87-4ff4-8d24-2adf03b194fd.fc.signal	6.6731	14.0225	14.8021	15.9332	13.8916	39.6222	49.3053	36.3653	35.5977	23.2163	38.6894	38.0022	35.6001	6.90164	10.544	19.7332	10.5551	7.2291	6.8199	6.86187	2.50762	1.80465	1.25906	0	0.841737	2.52551	1.88274	0.465455	1.33243	0.367225	1.66825	4.31228	0.765926	1.4663	0.666667
ihec.chipseq.ihec-chipseq-containerv1.1.4.IHECRE00000016.3.90c9bd75-e378-4adf-8726-9bc0261986e3.fc.signal	5.57373	5.81752	9.92592	10.9298	9.62566	19.0241	25.2416	26.0866	28.6865	26.6096	30.9385	24.4792	16.6845	12.8284	8.23641	8.48606	6.69324	2.77868	2.93032	4.77852	4.37617	4.2247	3.18805	1.45622	2.30424	3.62077	1.84134	1.49344	1.38461	1.57156	1.46741	0.568561	0.759498	1.06418	0.328205
ihec.chipseq.ihec-chipseq-containerv1.1.4.IHECRE00001457.1.f36a6625-c0c2-4dbc-9606-c09835fba2ef.fc.signal	6.86245	4.17584	11.8496	14.7073	6.12795	16.7109	21.9544	17.9907	26.0541	27.846	33.8173	19.0193	23.0362	8.19055	9.54904	4.86092	5.03367	4.05668	4.54058	5.97488	5.10172	6.08135	0.768454	0.480062	3.3796	2.95518	3.55634	3.64861	2.54073	3.24065	4.84835	2.74423	6.25543	5.75985	1
ihec.chipseq.ihec-chipseq-containerv1.1.4.IHECRE00000321.2.e400c00e-f4bd-4ecb-8a68-235b22580a1f.fc.signal	0.763544	0.407457	1.93428	2.67878	0.781515	2.45923	3.51461	2.78734	1.80856	4.4917	1.82368	1.33657	1.0935	0.453385	0	0.472542	0.552521	0	0	0	0	0	0	0.138303	1.92669	4.40843	2.66494	0	1.12392	3.57068	3.78654	1.81929	1.79703	2.62351	0.260997
ihec.chipseq.ihec-chipseq-containerv1.1.4.IHECRE00001236.5.94801060-fc98-4727-a392-ae741c9cf8fc.fc.signal	1.32618	1.21496	0.718574	1.78173	2.02054	1.96697	2.21019	2.00182	1.24835	1.23717	2.46621	1.68941	1.52521	1.33369	1.04023	1.01077	1.605	1.80164	1.21944	1.53587	1.20887	1.16876	2.00422	1.5755	0.896974	0.301848	0.463476	0.707662	0.496016	0.683661	1.04306	1.44419	1.10409	2.14069	0.721698
ihec.chipseq.ihec-chipseq-containerv1.1.4.IHECRE00003689.3.342e70ad-a023-4cf1-9866-19dd652b1429.fc.signal	1.33964	0.922109	0.796582	0.94706	1.61327	2.32101	2.84342	1.87189	1.35745	1.33563	1.94389	1.40658	1.07466	1.59731	0.971192	1.15236	0.869157	0.838027	1.42415	0.858609	0.734522	0.629475	0.939429	1.05378	1.34119	1.07328	0.718949	0.487952	0.251212	0.23079	0.627919	0.809682	0.898959	1.15883	1
ihec.chipseq.ihec-chipseq-containerv1.1.4.IHECRE00000060.3.cbf21cc3-59bc-4d31-8242-16b6ee9a92b5.fc.signal	4.80943	2.7966	7.00193	3.18761	4.95948	18.5706	22.8343	22.394	21.781	26.5538	12.1966	19.3029	14.9619	8.59105	8.20982	5.75483	2.06468	2.42401	1.72716	1.85173	2.76045	1.28989	1.43687	0.60163	0.327546	0.807868	0.427308	0.498897	0.325843	0.31022	0.463184	0.60206	1.69869	0.480654	0.300896
