	chr4:15593585-15593734	chr4:15593735-15593884	chr4:15593885-15594034	chr4:15594035-15594184	chr4:15594185-15594334	chr4:15594335-15594484	chr4:15594485-15594634	chr4:15594635-15594784	chr4:15594785-15594934	chr4:15594935-15595084	chr4:15595085-15595234	chr4:15595235-15595384	chr4:15595385-15595534	chr4:15595535-15595604	chr4:15595605-15595684	chr4:15595685-15595834	chr4:15595835-15595984	chr4:15595985-15596134	chr4:15596135-15596284	chr4:15596285-15596434	chr4:15596435-15596584	chr4:15596585-15596734	chr4:15596735-15596884	chr4:15596885-15597034	chr4:15597035-15597184	chr4:15597185-15597334	chr4:15597335-15597484	chr4:15597485-15597634	chr4:15597635-15597784	chr4:15597785-15597934	chr4:15597935-15598084	chr4:15598085-15598234	chr4:15598235-15598384	chr4:15598385-15598454	chr4:15598455-15598534	chr4:15598535-15598684	chr4:15598685-15598707	Expression
ihec.chipseq.ihec-chipseq-containerv1.1.4.IHECRE00004888.1.fd25c27d-77c4-4595-b48c-e5f0d2d321a9.fc.signal	1.11123	0.778492	2.01254	1.38969	0.76649	0.450794	0.502779	0.817835	1.30517	0.674341	0.780878	1.39294	0.941809	0.950313	0.62123	0.577628	1.76093	1.22496	0.437716	0.0221312	2.53618	1.94368	1.06881	1.30517	0.558174	0.1673	0.573333	0.289057	0.539064	0.542007	0.997457	0.457937	0.941618	1.97553	0.914455	0.191869	0.28633	0.407273
ihec.chipseq.ihec-chipseq-containerv1.1.4.IHECRE00003690.3.bb55a212-99c2-4448-84cc-6786b9df2691.fc.signal	0.624056	0.603514	0.278634	0.135315	0.3933	0.130141	1.17158	0.911014	0.392605	0.123026	0.582524	0.0451435	0.118493	0.459209	1.24067	0.956229	0.108867	0.27057	0.235377	0	0.509712	0.96336	0.994475	0.763716	0.915072	1.07388	0.754213	1.00775	0.576468	0.458856	1.24658	0.70335	0.320803	0.595972	0.587541	0.218899	0.347055	0.577181
ihec.chipseq.ihec-chipseq-containerv1.1.4.IHECRE00000987.6.289adc7a-9e11-437f-b6f6-57bfdeddcb3b.fc.signal	0	0	0.0429518	0.369503	0.0113563	0.0795728	0.561654	0.149823	0	0.0789537	0.246336	0	0	0	0.163788	0.303623	0.155247	0.405283	0.41224	0.466618	0.167215	0.290349	0.458314	0.418324	0.108071	0	0.0113568	0.141629	0.0149848	0	0	0.206076	0.500595	0.582812	0.364131	0.653261	0.707381	0.540541
ihec.chipseq.ihec-chipseq-containerv1.1.4.IHECRE00000949.6.e11d45c2-991c-46e2-8d13-bb1e23aff42f.fc.signal	0	0	0.0214284	0.316895	0.0133568	0.293348	1.57573	1.0393	0.492959	0.265546	0.290079	0.0204965	0.288316	0.075135	0.636308	0.709428	0.00539653	0.0497505	0.783975	0.102056	0.624614	0.964473	0.953773	0.040474	0	0	0.304829	0.0857759	0.190627	0.502747	0.156278	0.125703	0.216831	0.274093	0.149015	0.209262	0	0.540323
ihec.chipseq.ihec-chipseq-containerv1.1.4.IHECRE00001002.4.308bde30-3fb4-4075-a143-aa64ea58703c.fc.signal	1.07763	1.44983	1.6995	1.35448	0.794344	1.03857	2.24419	1.79662	0.616409	0.362235	0.180648	0.390363	0.232376	1.28008	1.789	0.688127	0.566452	0.539236	0.273253	0.145223	0	0	0.0226867	0.344965	0.355877	0.427568	0.354974	0.564675	0.932365	0.253313	0.144338	0.251469	0.854294	1.67303	0.915786	0.0889696	0	0.320826
ihec.chipseq.ihec-chipseq-containerv1.1.4.IHECRE00004605.1.ca94bee3-450c-404f-8e72-f443f0a32f9b.fc.signal	0.898239	0.513602	0.633217	0.746107	0.0062638	0.681871	0.719337	1.37593	1.36805	0.703714	1.00185	1.12211	0.88478	0.866688	3.06194	2.10495	0.590953	1.07813	1.37826	1.0905	0.582153	0.321302	0.149823	0.817577	1.31151	1.06872	2.20152	2.96063	2.35878	0.688885	0.777616	0.607197	0.866853	0.638181	0.316379	0.854835	1.69791	0.724138
ihec.chipseq.ihec-chipseq-containerv1.1.4.IHECRE00000224.3.98331644-3ccd-45b3-bad7-e0e81208e171.fc.signal	0.790358	1.12049	0.331681	0	0.338656	0.776777	0.326335	0.253185	0.954522	0.739728	0.437897	0.230061	0.334646	0.89644	0.806776	0.340633	0	0	0	0	0	0	0	0	0	0.0776741	0.406377	0.331657	0.340623	0.327174	0.0403308	0	0	0	0	0	0	0.538961
ihec.chipseq.ihec-chipseq-containerv1.1.4.IHECRE00001335.1.16baff19-56fb-479e-97b6-edd56ebc9920.fc.signal	2.25202	2.24644	0.318792	0.376827	1.88251	1.27292	2.22241	2.07413	1.14422	0.419685	1.3532	1.60131	0.6845	0.869596	1.19423	2.3529	3.58531	1.45685	0	0	0.387663	0.269301	0.727796	0.0655671	0.647243	0.271401	0	0.745479	1.8143	2.03371	2.07535	0.0036324	0	1.02617	2.21721	0.996781	0.535049	0.472222
ihec.chipseq.ihec-chipseq-containerv1.1.4.IHECRE00004610.2.100e7289-c631-4bb0-9eef-015950828bf4.fc.signal	0.798608	0.647352	0.978547	1.00993	0	0.121482	0.819389	0.676171	0.642349	0.622269	0.7953	1.18024	0.250041	0	0	0.407482	0.91155	1.22547	0.931077	0	0.785783	0.703852	0	0	0.74244	0.754883	0.549054	0.632478	1.72844	1.10745	0.885535	1.71124	1.07518	0.836941	0.566205	1.20086	1.05098	0.558659
ihec.chipseq.ihec-chipseq-containerv1.1.4.IHECRE00003818.1.3d6cbb41-685c-49c7-85eb-8977ab8f14b3.fc.signal	0	0.361622	1.09236	1.99215	0.77391	0.129664	0.658349	0.829864	0.605459	0.279582	0.407212	0.743815	0.547417	1.1134	1.44163	0.907423	0.632911	0.3311	0.0231581	0.0177555	0.40996	0.117581	0.871081	0.23337	0	0	0.37533	1.48344	1.40152	0.93777	0.681241	0.574094	0.224113	0.394827	0.0394869	0	0	0.381356
ihec.chipseq.ihec-chipseq-containerv1.1.4.IHECRE00001990.1.14fdd58f-89fa-40e4-a658-f79765679f58.fc.signal	0.749252	1.17706	0.637155	0.463715	1.47804	1.29748	0.872859	1.26944	0.283696	0.428448	1.13768	0.295039	0	0	0	0.353635	0.313831	1.01214	0.793558	0	0.117153	0.948771	0.502045	0.690961	2.04984	1.42565	1.20494	1.70197	0.595236	0.305169	1.02632	0.854173	0.609781	0.608755	0.510464	0.812848	1.48713	0.986486
ihec.chipseq.ihec-chipseq-containerv1.1.4.IHECRE00000665.1.5571d7d7-4894-4e51-8082-c8a874cb2438.fc.signal	2.79917	2.34913	3.19635	3.27538	3.89809	2.7769	0.733759	0.77958	1.80866	2.99673	2.21828	1.44464	1.0567	0.920259	2.17283	2.27183	0.87223	0.872899	0.67836	2.05571	2.59612	3.43024	2.24226	1.46122	2.28996	1.36394	1.10695	1.51332	1.76923	1.52429	1.75549	0.826465	1.69019	1.24681	1.04143	0.982668	1.14921	1
ihec.chipseq.ihec-chipseq-containerv1.1.4.IHECRE00003676.3.edac7fd7-5249-4224-ba52-76d331cfbbb5.fc.signal	0.0257112	0.18809	0.816809	0.802067	1.33469	0.965238	1.0196	1.28074	1.71821	0.680019	0.983744	0.222731	0.255115	0.500852	0.962931	0.511289	0.53212	0.238845	0.240007	1.12464	0.222275	1.78408	0.729042	0.811477	2.40609	0.633539	0.31949	0.692163	1.00518	0.897089	1.04203	1.92702	1.51826	0.500117	0.504163	0.663211	0.740555	0.396084
ihec.chipseq.ihec-chipseq-containerv1.1.4.IHECRE00001965.2.b75058ba-d142-4ae0-9acf-08c2d019a7dc.fc.signal	1.94675	1.12263	0.664545	0.791677	0.0022668	0.356307	0.596257	0.651735	1.28588	1.8094	2.00434	0.463751	0.551807	0.636591	1.36083	0.868356	0.346326	0.39519	0.290061	0.625025	0.514936	0.220781	0.549492	0.557179	0.152562	0.464669	0.238568	0.474727	0.737796	1.16156	0.944331	0.634809	0.236428	0.442388	0.805566	1.03693	0.46111	0.572368
ihec.chipseq.ihec-chipseq-containerv1.1.4.IHECRE00001232.5.c85debd1-3d92-448f-90c2-50b50f17d029.fc.signal	0.189689	0	0.166166	0.128952	0.0777717	0.330802	0.804362	0.654249	0.844129	0.397494	0.0911091	0	0	0.397795	0.438487	0.305885	0.286085	0.364659	0	0	0	0	0	0.043456	1.25841	0.630112	0.0235387	0.0829318	0.577169	0.444499	0.240808	0	0.405151	0.609567	0.520526	0.542723	0.252954	0.266667
ihec.chipseq.ihec-chipseq-containerv1.1.4.IHECRE00001952.2.52215347-885a-4412-918b-b787711b8d37.fc.signal	0.0858442	0.670333	0.412525	0.102175	0.947277	0.890509	1.82332	0.290268	0.0295317	0.429386	0.650663	0.740642	0.0485037	0.522208	1.59881	1.10688	0.457694	1.10814	0.872628	0.896648	0.783004	0.491127	0.337632	1.26182	1.08279	0.547878	0.157816	0.986687	1.11348	0.374881	1.49734	1.48004	1.3927	1.39548	1.35185	0.957682	0.949293	0.509259
ihec.chipseq.ihec-chipseq-containerv1.1.4.IHECRE00000964.7.68ad223e-c775-4c49-8f3f-4ec63b3e920b.fc.signal	0.591187	0.718735	0.266633	0.863766	0.500022	1.28274	0.313725	0.561682	0.721694	0.941126	0.678607	0.167973	0	0.239968	2.13956	1.06634	0	0	0	0	0	0	0	0	0	0	0	0	0.479268	0.0019088	0	0	0	0	0	0	0	0.319231
ihec.chipseq.ihec-chipseq-containerv1.1.4.IHECRE00003716.2.bdafba4d-384d-4886-a6c9-d1ddd966b153.fc.signal	0.643967	0.868547	1.01361	0.17936	0.351009	0.47159	1.12813	0.39617	0.272103	0	0.162253	0.202322	0	0.343717	0.891136	0.800618	0.667253	0.316757	0.348765	0.0579847	0	0	0.142807	0.322998	0.678819	0.873941	1.14192	1.1967	0.0978725	0.275729	0.250273	0.167373	0.384022	0.646548	0.609831	0.237437	0.532132	0.459119
ihec.chipseq.ihec-chipseq-containerv1.1.4.IHECRE00003684.3.b5459224-ca8f-46dd-880a-e16781c88032.fc.signal	0.406605	0.160851	0	0	0	0.0210747	0.260236	0.0405288	0.0830764	0.352622	0.0877961	0.64174	0.33222	0	0	0.4842	1.24768	0.64121	0.162051	0.515944	0	0	0	0	0	0	0.120422	0.267896	0.0975159	0.1685	0	0	0	0.529419	0.592108	0.00416187	0	0.607509
ihec.chipseq.ihec-chipseq-containerv1.1.4.IHECRE00001852.4.e1095ee8-c1a0-47db-b726-788ab3dbb842.fc.signal	0.410171	0.1542	0.305852	0.389152	0.40144	0.808436	0.787663	0.694582	0.356608	0.643269	0.832046	1.01028	0.3704	0.302765	0.419002	0.457292	0.54534	0.611481	0.926171	1.17726	0.841603	0.518216	0.634697	0.894712	1.31066	1.28548	1.70333	1.28941	0.887542	0.727596	0.798291	0.677287	1.00288	1.05426	1.09779	1.31381	1.0518	0.264574
ihec.chipseq.ihec-chipseq-containerv1.1.4.IHECRE00003693.3.f2b1cfa1-231f-48d8-af6a-ed3f48905f6f.fc.signal	0.266398	0.0600859	0.124768	0	0.212582	0.259034	0.125741	0.0178561	0	0	0.0617697	0.353415	0.223193	0.147163	0.0266506	0	0.323349	0.265412	0.554991	0.113403	0.423475	0.39211	0.288333	0.832479	1.28042	1.02035	0.800322	0.451827	0.441144	0.363726	0.439566	0.331893	0.866354	0.246899	0.344925	0.173732	0	0.783715
ihec.chipseq.ihec-chipseq-containerv1.1.4.IHECRE00000223.3.555de7dc-c653-4909-9c33-caf14688e0ce.fc.signal	0	0	0	0.0312079	1.07664	3.31236	3.17194	0.615223	0.477035	0.485951	0.10254	0	0	0	0	0	0	0	0	0	0	0	0	0	0	0	0	0	0	0	0	0	0	0	0	0	0	0.262295
ihec.chipseq.ihec-chipseq-containerv1.1.4.IHECRE00000250.2.a39935bf-2e13-411b-a0e6-5df09e4383e1.fc.signal	0.305564	0.674789	0.851845	0.401291	0.628153	0	0.133417	0.659991	1.54592	1.41094	0.457732	0.621258	0.634243	0.293914	0.687774	0.526323	1.00793	2.75081	1.32237	0	0	0.0246645	0.912798	0.930706	1.99335	0.755982	1.63176	1.98986	1.1053	1.76284	1.80336	0.729273	0.082244	1.17694	3.94498	2.86709	1.50023	0.34
ihec.chipseq.ihec-chipseq-containerv1.1.4.IHECRE00001891.4.41bb4ab6-1e8d-4527-bfe1-5ddf65dcaa7f.fc.signal	0.348747	0	0	0	0	0.320878	0.617697	0.649394	1.19162	0.772798	0.347558	0	0.554068	0.336396	0	0	0.649258	0.848086	0	0	0	0	0.454914	0.253732	0.44627	0.996066	0.295444	0.429498	1.88805	0.433223	0.460285	0	0.360801	0.315593	0.262713	0.389422	0.39337	0.0640569
ihec.chipseq.ihec-chipseq-containerv1.1.4.IHECRE00004635.3.13102329-ee3d-4773-b2d1-9ab40cd17100.fc.signal	0.294428	0.331062	0.49413	0.472919	0.307025	0.68239	0.893765	0.654611	0.726191	0.300017	0.105505	0.425628	0.468557	0.465546	0.524587	0.877714	0.656927	0.622634	0.598236	0.480445	0.646928	1.09982	1.68294	1.06442	0.934732	0.641542	1.37101	1.77081	1.45765	0.831063	1.19698	2.00978	2.20136	2.85231	4.42683	3.61973	1.99768	0.144578
ihec.chipseq.ihec-chipseq-containerv1.1.4.IHECRE00001889.4.440b0def-8afc-49ae-ab48-eb6e55baaba4.fc.signal	1.24224	1.77913	1.14091	1.37339	1.44422	1.77632	0.948648	1.39563	1.47876	1.64405	1.22201	0.98364	0.300134	0.656274	1.85915	1.98986	1.37156	1.18705	1.36523	0.336659	0.433546	0.646425	0.422445	0.659199	0.596409	0	0.409503	1.01798	0.615837	0.5651	1.24668	0.910006	1.48397	0.659622	0.569047	1.14437	1.18753	0.0151134
ihec.chipseq.ihec-chipseq-containerv1.1.4.IHECRE00001235.5.b69b018c-be0b-42b3-9bd0-adb684b6c71f.fc.signal	1.71155	1.41651	1.09483	0	0.291357	1.46172	1.26058	1.0598	0.436137	0.882913	0.591449	0.543046	0	0	0.201611	0.77919	1.25078	1.46704	0.187034	0.543547	0	0	0	0	0	0	0.330226	1.08286	0.730573	0.0964344	0.696407	0.607889	0.0584587	0	0	0	0	0.613636
ihec.chipseq.ihec-chipseq-containerv1.1.4.IHECRE00004900.1.b52b6048-f5e8-441d-8082-83c6ea7d797d.fc.signal	0.203852	0.472393	0.813379	0.0649995	0.16705	0.208509	0.463695	0.436304	0.683673	0.713359	0.352491	1.6425	0.673329	0	0.647529	0.395669	0.361157	0	0.148363	0.151094	1.05368	0.671847	0.434696	0.602029	1.28525	0.966983	0.042294	0.354695	0.234317	0.826371	0.308941	0.469274	0.581133	0.796315	1.14228	1.14517	0.61699	0.380357
ihec.chipseq.ihec-chipseq-containerv1.1.4.IHECRE00003686.3.867f20aa-cd84-4630-be8b-4d90cccd43d7.fc.signal	0.495504	0.0983967	0.234714	0.290721	0.779159	0.210502	0	0	0	0	0.0384407	0.230302	0	0	0	0	0.293137	0.0405493	0	0.301632	0.408981	0	0	0	0	0	0.108545	0.822172	0.454364	0.110402	0.301427	0.436554	0.124298	0	0	0	0	0.577778
ihec.chipseq.ihec-chipseq-containerv1.1.4.IHECRE00000864.3.14e2d66e-78ce-42e0-867f-4b49c7b19bff.fc.signal	0.589535	0.173244	0.300746	0.548327	1.44771	0.508706	0.289088	0.544053	0.739778	1.6781	1.8894	1.03884	1.11444	0.84849	0.757745	0.90118	0.502562	0.89398	0.445571	0.180408	0.266462	0.814985	1.27821	0.840599	0.578961	0.256019	0.66294	1.52152	1.6869	2.493	1.46827	0.399551	0.506431	0.457731	0.454619	0.858004	0.847705	0.639344
ihec.chipseq.ihec-chipseq-containerv1.1.4.IHECRE00002063.1.fc1674f3-b9c6-4107-8983-478acef979ab.fc.signal	0.951025	0.366602	0.528715	0.656306	0.419385	0.129322	0.924788	1.08392	0.742294	1.17451	1.02272	1.27279	0.794044	0.0302914	0.618276	2.10718	1.3581	0.026669	0.0718274	0.891434	1.85402	1.40898	1.00234	1.10964	2.05777	2.12757	1.88419	2.34231	2.13329	1.53492	1.15552	1.53872	1.65011	0.616465	0.448907	0.362293	0.480903	1
ihec.chipseq.ihec-chipseq-containerv1.1.4.IHECRE00004713.2.73d0436f-3c8c-4e5c-a1fe-dc4d41b2902f.fc.signal	0.527717	0.514364	0.112572	0	0.0162093	0.560102	1.0483	1.68966	0.752457	0.212277	1.04414	1.4153	0.342472	0.039571	0.240549	0.111062	0.449496	0.650437	0.334019	0.103013	0.0826542	0.334906	0.175786	0.0258424	0.419629	0.370777	0.903067	1.58587	0.235717	0.723558	1.43483	0.727975	0.735285	0.505889	0.209883	0.342267	0.0907539	0.882075
ihec.chipseq.ihec-chipseq-containerv1.1.4.IHECRE00000221.3.7d6e7c7b-090f-4b2a-a7ba-f833c718a8ac.fc.signal	0	0.48033	0.721774	0.00513787	0.336513	2.03445	2.02929	1.19293	1.88551	1.84327	0.518875	0	0	0.0990859	0.972873	1.39225	0.457239	0	0	0	0	0	0	0	0	0	0	0.226066	0.688388	0.292858	0	0	0	0	0	0	0	0.310092
ihec.chipseq.ihec-chipseq-containerv1.1.4.IHECRE00003675.3.83112ba3-4a46-4bcb-b23c-b8a94da18e77.fc.signal	0.848454	0.492558	0.555603	0.98101	1.14387	0.926001	0.176483	0.113011	0	0.791705	1.06245	0.962049	0.0823354	0.467535	1.17531	0.645331	0.294067	0.687455	0.725747	1.26187	0.921699	1.24817	0.741828	1.53969	0.73404	0.422577	0.742989	0.885807	0.980068	1.8287	2.27289	0.554455	0.795561	0.908559	0.785702	0.469036	0.482102	0.574702
ihec.chipseq.ihec-chipseq-containerv1.1.4.IHECRE00004884.1.cdb41994-86e2-4949-bf91-2378fd47bfa2.fc.signal	0.290959	1.39065	1.23812	0.516177	0.44561	0.0161364	0	0.501736	1.27587	0.644311	0.274321	0.595532	0.621763	1.3077	1.86735	0.973684	0	0	0	0	0	0.655743	1.06589	0.181533	0.398223	0.761904	0.670366	0.596144	0	0.434489	0.47954	1.32378	0.814954	0.162806	0.551856	1.06479	0.72481	0.402655
ihec.chipseq.ihec-chipseq-containerv1.1.4.IHECRE00001851.4.41736f40-6f67-4bdc-bc7e-afd139847fe8.fc.signal	0.808345	0.352424	0.241231	0.310679	0	0.521562	0.789855	0.790141	0.253973	0	0	0	0.285015	0.532108	0.682488	0.440217	0.422767	0.398552	0.312114	0	0	0	0	0	0	0.15614	0.35526	0	0.293086	0.358256	0.402345	0.0707833	0	0	0.412217	0.83522	0.845927	0.333333
ihec.chipseq.ihec-chipseq-containerv1.1.4.IHECRE00003679.3.9ac74a4d-9d70-4efc-945e-29c0f04f171f.fc.signal	1.43519	1.06762	1.07525	2.01417	1.17791	0.688033	0.908502	0.715807	0.93225	0.810878	1.71583	0.379004	0.653332	1.37595	1.56679	1.48336	1.3681	1.3098	1.65538	2.79775	2.12646	1.40395	0.258843	0.420045	2.45512	1.58779	2.24734	0.90922	1.472	1.13851	0.954105	0.582954	0.877788	0.4839	0.669601	0.616922	0.555163	0.357013
ihec.chipseq.ihec-chipseq-containerv1.1.4.IHECRE00003680.3.f291fb29-a363-426c-a2c2-33a98c6182ef.fc.signal	0.079852	0	0	0.575075	0.599056	0.369462	0.437092	0.110887	0.742786	0.246243	0.24625	0.10485	0.447007	0.542023	0.129785	0	0	0	0	0.147768	0.278249	0	0	0	0	0	0.110459	0.489243	0.188401	0	0	0	0	0	0	0	0	0.623711
ihec.chipseq.ihec-chipseq-containerv1.1.4.IHECRE00003695.3.976830f0-f131-4dc5-bdfd-64d83fdc4635.fc.signal	0.380324	0.772178	0.465464	0.78142	0.565091	1.17657	0.786816	0.818297	0.817833	0.814205	0.668598	0.713596	0.0822273	0.210595	0.285825	0.360525	0.156523	0.310877	2.48887	2.38836	1.12465	1.25067	0.882408	0.743886	0.781795	1.22971	1.34278	0.937148	1.00051	1.26298	1.13133	1.08707	0.933286	0.494897	0.643459	1.0079	0.740543	0.678571
ihec.chipseq.ihec-chipseq-containerv1.1.4.IHECRE00001997.1.3ac72c63-5790-4eab-ab70-1f2408156b61.fc.signal	0.890734	0.498372	0.658677	0.558724	1.41033	1.25542	1.46845	1.80234	2.91563	1.18698	0.213061	0.0200467	1.69063	1.86714	1.45954	1.87824	0.736729	1.24126	0.709715	0.405464	0.325086	0.360938	1.09672	0.54955	1.32282	1.42475	1.301	2.26015	2.28911	1.10501	1.80626	1.34816	0.391881	0	0.100968	0.610611	1.12984	0.71
ihec.chipseq.ihec-chipseq-containerv1.1.4.IHECRE00001957.2.0bd574cb-6c79-4f0e-a131-98ee1a6088f8.fc.signal	1.67939	0.738283	0.484287	2.00795	3.18022	1.27442	1.01849	0.923724	0	1.39164	1.24835	0.904579	1.47941	0.895519	1.722	1.45351	1.65483	0.368046	0.858904	0.439717	0.172801	0.349015	0.908013	1.30067	1.55514	0.413419	0.567501	0.963765	0.223701	0.0458163	0.87001	1.06741	0.699692	0.990846	0.566507	0.329308	0.657044	0.479839
ihec.chipseq.ihec-chipseq-containerv1.1.4.IHECRE00003696.3.61e7591e-7d42-4bac-a82f-41dc0577b027.fc.signal	0.875971	0.30412	0.763675	1.1756	1.9254	1.26521	1.57856	0.7224	1.23753	1.58271	0.846159	0.685827	0.787762	0.59236	0.69052	0.558218	0.18213	0.386575	1.00363	0.717727	0.705253	1.07811	0.548018	0.412097	1.00899	0.245063	0.31401	0.710502	0.426219	0.900431	0.635089	0.0511045	0.653077	0.518996	0.238114	0.433573	0.761622	0.289888
ihec.chipseq.ihec-chipseq-containerv1.1.4.IHECRE00001956.2.6c45d08b-377b-419c-a177-44262ce42f4b.fc.signal	0.565044	1.13526	1.46743	0.775092	1.14646	0.609503	1.77978	1.44386	0.634407	0.752247	0.50278	0.223383	0.285439	1.3087	1.78641	1.64083	1.37177	0.857657	0.53256	0.62167	1.10628	1.54501	0.697703	0.121571	0.591655	1.57362	0.371746	0.529593	0.530288	1.32626	0.714996	0.403073	0.699754	0.735689	0.283288	0.984215	1.65398	0.590317
ihec.chipseq.ihec-chipseq-containerv1.1.4.IHECRE00000943.7.e73b84a4-42ef-4b6b-83f9-72b6584af2ee.fc.signal	0.400479	0.964895	0.799172	0.62511	0.796155	0.875039	0.791775	0.682257	1.00375	0.717063	0.320657	0.375007	0.459396	0.421693	0.480895	0.366252	0.0980721	0.328821	0.55361	0.30682	0.0434133	0.136331	0.297126	0.0597063	0.187921	0.384119	0.851653	0.774639	1.5783	0.864127	1.42801	0.925792	0.520477	0.387802	0.892467	0.321944	0.41396	0.933472
ihec.chipseq.ihec-chipseq-containerv1.1.4.IHECRE00001961.2.058af969-8786-43c5-84e7-d3c325107d07.fc.signal	0.176702	0.143994	0.11033	0	0.409492	0.787839	0.140503	0.299203	0.476084	0.939735	0.705694	0.640049	0.310093	0.490026	1.52461	0.809581	0.251723	0	0	0	0	0	0.0618947	0.526498	0.0962377	0.886919	0.332104	0.94692	0.695887	1.04962	0.358974	0.558963	0.153893	0	0	0.870885	1.1409	0.544776
ihec.chipseq.ihec-chipseq-containerv1.1.4.IHECRE00003683.3.9d98dd69-4d9c-4c81-bc8f-9c0f23e13a7b.fc.signal	0.409323	0.347018	0.19143	0.368176	0.399927	0.330632	0.580552	0.206781	0	0.407443	0.447344	0.250638	0.213969	0.262502	0.266862	0.743983	1.46933	0.676543	0.171949	0.0208127	0.767061	0.301943	0.963386	0.667455	0.630587	0.497226	0.264573	0.383965	0.658704	0.460657	0.446782	0.21586	0	0	0	0	0	0.424096
ihec.chipseq.ihec-chipseq-containerv1.1.4.IHECRE00002076.1.483aa0c8-5543-4e25-b16f-2f222c5a2d5b.fc.signal	0.0774624	0.5876	0.615636	1.1261	1.00304	1.60264	0.586274	3.22732	1.72523	0.588949	1.44377	1.23443	0.889992	1.10919	0.886637	0.184366	0.774496	1.23468	0.584967	0.546348	1.2762	1.48204	1.59398	0.371266	0.715974	0.623958	0.688144	0.691771	0.633419	0.610524	1.55879	0.791729	0.72647	0.0536259	0	0	0	0.5625
ihec.chipseq.ihec-chipseq-containerv1.1.4.IHECRE00001854.4.9795bbe6-24d0-4d23-b44e-724aab1b2c12.fc.signal	0.246551	0.512073	0.307379	0.120426	0.603029	0.340021	0.320365	0.263057	0.0640129	0.520805	0.418037	0.31811	0.221809	0	0.0962195	0.205056	0.468465	0.469829	0.250543	0.244794	0.576797	1.34113	1.72002	1.12996	0.745143	0.649171	0.664564	0.430031	0.821006	0.524258	0.164523	0.150684	0.359018	0.66646	0.750217	0.608482	0.623379	0.26178
ihec.chipseq.ihec-chipseq-containerv1.1.4.IHECRE00000709.3.6a6e5234-23fa-41fc-9f41-6ee555b180c8.fc.signal	1.01253	1.0416	1.23346	2.32175	3.04716	1.00931	1.25041	3.11516	0.764495	0.462448	2.56364	1.45554	1.01891	1.15625	1.11358	0.75701	0.225245	2.35601	1.47543	1.02037	0.861716	2.03862	1.69659	0.48117	1.31566	1.11534	0.581503	1.13235	1.49421	0.587742	0	0	0	0	0	0.744192	0.832656	0.956522
ihec.chipseq.ihec-chipseq-containerv1.1.4.IHECRE00003685.2.cb8ce07d-5bf2-4abf-a883-851526414fcb.fc.signal	0.135507	0.721292	0.624907	0.864482	0.191737	0.252811	0.372347	0.693302	0.434436	0.706346	0.883029	0.342697	0	0.0666051	0.117123	0.051839	0.310867	0.68179	0.0967773	0.557253	1.02627	0.267064	0.146914	0.477418	0.446239	0.272452	0.435353	0.761841	0.869093	1.23222	0.576961	0.629978	0.311714	0	0	0.358904	0.47081	0.633466
ihec.chipseq.ihec-chipseq-containerv1.1.4.IHECRE00004609.2.ff95f1fe-813e-4cf7-a1c8-3ae5ac2c2c17.fc.signal	0.601078	0.631708	0.631742	0.904348	1.089	0.949596	0.917863	0.422494	1.04689	0.949796	1.27296	1.2346	1.72518	0.703675	1.57947	1.84079	0.555044	2.00195	1.61363	0.102783	0.839809	1.05986	1.27368	0.251058	0.705052	1.38604	0.472878	0.744173	0.476031	0.344983	0.937268	0.368858	0.329118	0.400199	0.277945	0.972713	0.435067	0.581197
ihec.chipseq.ihec-chipseq-containerv1.1.4.IHECRE00000184.3.e49570a0-926e-4a06-8cdb-e56c6d55c91c.fc.signal	0	0	0	2.08349	1.19518	0	1.75401	0.342535	0	0	1.05565	1.10521	0.936559	0	1.12402	1.67423	1.4765	3.45898	2.77372	1.72306	2.96702	1.39094	2.28769	0.570605	0	0.0395221	1.32044	0.23255	0	0	0	0	1.25447	3.45564	1.79132	0.180711	0	0.768519
ihec.chipseq.ihec-chipseq-containerv1.1.4.IHECRE00003715.2.e8a2a442-a331-474b-9c0f-ad5c0953942a.fc.signal	1.09497	1.35591	0.699356	0.811737	0.682032	0.632489	0.645256	1.23691	0.75357	0.64257	0.96598	0.867235	0.990712	0.996829	0.730232	0.224071	0.311077	0.551248	0.642589	0.431234	0.710847	0.905168	0.417603	0.287659	0.648309	0.780322	0.673711	0.327788	0.67077	0.980941	0.520018	0.419624	0.821888	0.491386	0.603095	0.721131	0.76188	0.45245
ihec.chipseq.ihec-chipseq-containerv1.1.4.IHECRE00003396.1.f283c7ad-e125-498d-831d-e15ed9c8164f.fc.signal	0.00262433	0.776213	0.535934	0.588237	0.10585	1.34863	1.39047	0.116307	0.388453	1.01462	0.583874	0.279662	0.265144	0.547401	0.355292	0.978473	1.73325	0.255328	0	0	0.31897	0.355834	0.00699853	0.538121	0.935911	1.06343	0.410053	0.455819	0.65948	0.534363	0.448974	0	0.905718	1.36945	0.721519	1.4791	2.56183	0.227273
ihec.chipseq.ihec-chipseq-containerv1.1.4.IHECRE00003694.3.61c30d06-38bd-4873-b3e9-1676bf3449d1.fc.signal	0.172576	0.539663	0.298215	0.405343	0.505539	0.0716933	0.127535	0.261788	0.264815	0.394956	1.70036	0.63299	0.177673	0.00293514	0.0576756	0.474651	0.550429	0.134215	0.285993	0.467876	0.209475	0.324878	0.344584	0.372004	1.19767	0.304975	0.0848037	0.641832	0.347292	0.180389	0.182696	0.265747	0.263905	0.113491	0.00616425	0.390134	0.351764	0.479616
ihec.chipseq.ihec-chipseq-containerv1.1.4.IHECRE00001966.2.f603ad07-1fa1-4eda-9e31-ea07130b3846.fc.signal	0.337333	0.227664	0	0	0.332245	0.334352	0.761149	1.12721	0.41205	0	0.137873	0.19846	0.673649	0.00553114	0	0.520065	1.73262	0.831329	0	0.238615	0.248161	0.0967569	0.415805	0.0710912	1.306	0.950904	0.784195	1.57799	0.413506	0.649209	0.444827	0	0.332204	1.13801	0.879753	0.066792	0	0.639373
ihec.chipseq.ihec-chipseq-containerv1.1.4.IHECRE00001964.2.194197dc-d3ad-4faf-839a-1e28c390e1c7.fc.signal	0.252069	0	0.208824	0.807197	1.40333	0.346006	1.03351	1.15758	1.27565	1.59513	1.14001	1.05918	1.40559	1.47969	0.381342	0.513199	1.78868	0.72306	0.00278707	0	0.484194	0.232528	0.378009	0.225635	0.730224	0.659835	0.539646	1.09304	0.69041	0.869784	1.245	0.793623	1.12569	1.15934	0.337984	0.346114	0.535583	0.795252
ihec.chipseq.ihec-chipseq-containerv1.1.4.IHECRE00004618.1.40df65f6-ad48-44fa-bfba-39b465419c5e.fc.signal	2.81844	1.39273	1.04693	0.273459	1.16858	0.9672	1.4137	0.492964	1.36572	0.314774	1.20885	1.68258	0.610417	1.26182	1.27709	0.277031	0.493088	2.1356	1.14964	0.500175	1.06056	1.00472	1.12043	0.0941019	1.35958	1.15312	0.729854	1.22631	1.10308	1.60284	1.27078	0.243875	0.0800348	0.780596	1.68213	0.391777	0	0.389381
ihec.chipseq.ihec-chipseq-containerv1.1.4.IHECRE00001008.4.a169f921-cefd-41e3-aba6-62149b95f327.fc.signal	0.614427	0.724862	1.32857	1.22216	0.562098	0.671486	1.32497	0.971108	0.344338	0.251428	0.622952	0.214077	0	0.42621	0.987881	0.940999	0.960723	1.57969	1.37715	0.298018	0.36585	0.518194	0.978713	1.22978	0.317616	0.805244	0.572932	0.398165	0.659525	0.833346	0.69577	0.752036	0.157182	0.459809	0.720252	0.860552	0.649613	0.203762
ihec.chipseq.ihec-chipseq-containerv1.1.4.IHECRE00000238.3.b63d6dc1-6fc0-4b8d-9bff-172e3f638785.fc.signal	0.864327	0.79784	0.228714	0	0	0	0	0.712715	1.51581	2.39873	1.75518	0.226055	0.752629	0.427414	0.792854	1.49985	0.728677	0	0	0	0	0	0	0	0	0.313817	0.79784	0.196801	0.941451	1.47061	1.19674	0.702099	1.55037	0.837699	0.1845	0	0	0.439914
ihec.chipseq.ihec-chipseq-containerv1.1.4.IHECRE00000243.3.6e43a1d4-827b-4226-ab35-bcd9e4427ba9.fc.signal	0.765345	0.799111	0.84413	0.388301	0.23073	0.84413	0.360163	0.616216	1.41815	0.754092	0.931358	0.585265	0.202592	0.868248	1.95726	2.91216	1.17613	0	0	0	0	0	0	0	0	0	0	0	0	0.388301	1.62074	0.861018	0	0	0	0	0	0.290249
ihec.chipseq.ihec-chipseq-containerv1.1.4.IHECRE00001959.2.a16168d3-492b-4fa9-9ed9-f6132409aea8.fc.signal	0.12374	0	0	0.0695231	0.815584	1.14411	0.246041	1.30085	1.84649	1.82442	1.65666	0	0	0	0	0.118	1.52659	0.489554	0.851808	0.490988	0.109228	0.687383	0.509845	0.453033	0.781627	0.853937	0.111846	0.418149	0.501823	0.538527	1.11731	0.766995	1.29573	0.662192	0.843131	1.81692	1.61526	0.563333
ihec.chipseq.ihec-chipseq-containerv1.1.4.IHECRE00003678.3.651f7635-fa04-4a73-ad9d-b88c234511f0.fc.signal	1.46722	0.652009	0.518899	0.28128	0.392748	0.112238	0.306997	0.194708	0.24323	0.294948	0.496802	0.640175	0.755857	1.05683	0.457675	0.0886641	0	0	0	0	0.513746	1.001	0.0735439	0.386473	0.406373	0.167442	1.07547	0.910931	1.0091	1.20716	0.587896	1.05843	0.450574	1.31255	0.890976	0.397777	0.716803	0.535211
ihec.chipseq.ihec-chipseq-containerv1.1.4.IHECRE00000240.3.8f250bd6-ace7-4938-8056-c658c54331a9.fc.signal	0.107697	0	0.770707	1.99249	1.4842	2.20886	1.44719	0.753875	2.60165	2.29201	0.679835	0	0	0	0	0	0	0	0	0	0	0	0	0	0	0	0	0	0	0	0	0	0	0	0	0	0	0.468975
ihec.chipseq.ihec-chipseq-containerv1.1.4.IHECRE00002067.1.986e393c-de82-4afc-818b-4cc2a632dc28.fc.signal	0.111369	0.30546	0.631516	1.25018	0.576655	1.30892	0.881736	0.735763	0.508713	0.613749	0.850485	0.630491	0.25959	0.414527	0.875071	1.9531	0.74669	0.17512	0.90027	1.04046	0.805959	1.70354	1.44878	1.88495	2.67297	0.127102	1.50717	1.49259	0.0869067	0.290955	0.117337	0.316205	0.306154	0.509304	0.420366	0.2868	0.38746	1
ihec.chipseq.ihec-chipseq-containerv1.1.4.IHECRE00003677.3.486b8afb-6747-4d4a-93ee-788cf88097fc.fc.signal	0.181011	0.420562	0.537791	0.514388	0.328632	0	0	0.016856	0.299194	0.23172	0.692692	0.023177	0.274668	0.391324	0.828755	0.454184	0.150556	0.409287	0	0	0.513979	0.749899	0.356004	0.907889	0	0	0	0	0	0	0.846454	0.364976	0.164302	0.63193	0.323864	0.551812	0.480857	0.742254
ihec.chipseq.ihec-chipseq-containerv1.1.4.IHECRE00000992.7.d770a09a-2cad-4524-8aaf-69b927e47c59.fc.signal	0.628314	1.64819	1.26387	1.12331	0.370421	1.23941	0.669839	1.3707	1.44136	0.881006	0.727171	0.696043	0.378525	0.65965	1.29996	1.81091	1.4036	1.49494	0.103018	0	0	0	0	0.0919781	1.57147	0.883161	1.28283	0.779652	1.2249	0.757145	1.09853	0.949385	1.41265	1.21381	0.505977	0.423092	0.348775	0.941704
ihec.chipseq.ihec-chipseq-containerv1.1.4.IHECRE00000001.4.8e4a8d6c-26e0-4b8d-aa08-7875973212d4.fc.signal	0	0	0	0	0	2.76218	3.5545	0.225341	0	1.30117	1.95539	0.0145381	0.763252	1.27728	1.97629	2.56595	1.53378	2.15165	1.14852	0	0	0	0	0	0	0	0	0	0	0	0.559721	2.18073	0.530644	0	0	0	0	0.197368
ihec.chipseq.ihec-chipseq-containerv1.1.4.IHECRE00000236.3.2c1c8672-6452-4ab8-881a-a766bd324041.fc.signal	0	0	0	0.151279	1.04425	1.95069	2.33298	1.81436	1.75412	1.85599	1.40275	0.693005	0.12696	0	0	0	0	0	0	0	0	0	0	0	0	0	0	0	0.0459204	0.380948	0.359329	0.0243108	0	0	0	0.166124	0.20259	0.354486
ihec.chipseq.ihec-chipseq-containerv1.1.4.IHECRE00000235.3.077c5772-92ce-4a32-a06f-48c1b9a6f571.fc.signal	0	0	0	0	0.764586	2.91457	2.75831	0.965667	1.83689	2.21717	1.54668	0.397745	0	0	0	0	0	0	0	0	0	0	0	0	0	0	0	0	0	0	0	0	0	0	0	0	0	0.445619
ihec.chipseq.ihec-chipseq-containerv1.1.4.IHECRE00000233.3.c81f88e2-7199-4952-a0ac-fbf221a68e22.fc.signal	0	0	0	0	0.321255	1.28622	1.16339	0.826582	2.23667	2.65514	0.917728	0	0	0	0	0	0	0	0	0	0	0	0	0	0	0	0	0	0	0	0	0	0	0	0	0	0.100157	0.558589
ihec.chipseq.ihec-chipseq-containerv1.1.4.IHECRE00000230.3.93bed2a7-7118-417a-9bcf-494520ff91da.fc.signal	2.47799	1.78127	1.25654	1.26268	1.31441	0.947352	1.0476	1.21477	1.42907	1.81436	1.42913	0.203341	0.201944	0.621388	0.940348	0.672294	0.116882	0	0	0	0	0	0	0	0	0	0.084224	0.302713	0.600196	0.381694	0.05264	0.112299	0.2632	0.13912	0.06251	0.0886107	0.326191	0.145729
ihec.chipseq.ihec-chipseq-containerv1.1.4.IHECRE00001888.4.5d335139-80db-490f-af5c-5cf1e8a1a3de.fc.signal	0.453093	0.0402653	0	0.307449	0.38255	0.602807	0.359705	0.149694	0.746388	0.961073	0.0747575	0.736339	1.17389	0.278903	0	0	0	0	0.199162	0.616788	0	0.113099	0.623556	0.15845	1.13348	0.361954	0.283513	0.463625	0	0.390488	0.850895	0.242111	0.350033	0	0	0	0	0.015015
ihec.chipseq.ihec-chipseq-containerv1.1.4.IHECRE00003803.1.d5373538-03e5-4aea-a61c-f80d029c4d74.fc.signal	0.0695113	0	0.40978	0.584525	0.102309	0.783963	1.62631	0	0.231612	1.39366	0.764976	0.966348	0	0	0.0286544	1.97046	1.92031	1.79458	1.74997	0.63487	0.689073	0.377476	0.682497	0.472011	0.0768752	0.460907	0.803755	0.338485	0.240586	0.14116	0.277246	0.399728	0.0925823	0	0	0	0	0.228571
ihec.chipseq.ihec-chipseq-containerv1.1.4.IHECRE00004616.1.bdf8440d-f4c1-4471-9c29-b1cf45563873.fc.signal	0.391032	0.380281	0.775165	1.67279	0.73797	0.0638905	0.32849	0.879102	0.930494	0	0	0	0	0	0	0	0.271365	0.362231	0.525994	0.0915833	0	0	1.62674	0.498241	1.13244	2.45267	1.81818	0.904926	0.674424	0.51472	0.679447	0.425463	0.196272	0.75041	1.67978	1.13386	0.802038	0.272727
ihec.chipseq.ihec-chipseq-containerv1.1.4.IHECRE00003691.3.e70a956a-e876-473f-ae67-333f104e486a.fc.signal	0.553422	1.11637	0.953655	0.876471	0.429856	0.310589	0.103989	0.146387	0.77299	0.377062	0.504189	1.35067	0.436172	0.685919	0.608216	0.140751	0.798978	0.495589	0.352351	0.302456	0.0124158	0.041416	0.275538	0.511604	0.606804	1.17415	1.06237	1.1974	1.16061	0.740003	0.672606	0	0	0	0	0.113927	0.204884	0.619583
ihec.chipseq.ihec-chipseq-containerv1.1.4.IHECRE00004681.3.c6a7774b-6eaf-490c-a1c8-9eecf570b062.fc.signal	1.3778	1.80364	2.60188	1.69717	0.884555	0.701909	0.361284	0.296906	0.321095	0.360631	1.01959	0.374983	1.19317	1.48793	1.11177	0.554474	0.401699	1.00709	0.991009	1.00014	1.55716	0.464212	0.227617	0.756617	0.635317	1.34105	0.862172	1.46703	2.53431	1.4065	1.80764	1.07722	1.86615	1.38534	0.562314	0.873975	1.0119	1
ihec.chipseq.ihec-chipseq-containerv1.1.4.IHECRE00000222.3.752eff28-f561-4493-9961-9376765e5593.fc.signal	0.643011	0.285221	0.39614	0.204588	0.897598	1.34962	0.729447	0.370307	0.796029	0.844415	0.285666	0	0.117522	0.39614	0.777335	0.621885	0.139969	0	0	0	0	0	0	0	0	0	0	0	0	0	0	0	0	0	0	0	0	0.292479
ihec.chipseq.ihec-chipseq-containerv1.1.4.IHECRE00003682.3.da9e495d-70d1-4135-9b7b-7d3c249e647d.fc.signal	0.475563	0.571178	0.274591	0.186295	0.510546	0.58092	0.739938	0.400894	0.868772	0.596688	0.289221	0.758248	0.473565	0.481553	1.32577	1.17236	0.511258	0.0867152	0	0.66768	1.0856	0.703143	0.534935	0.964302	1.29841	0.891881	0.79579	0.603436	0.195766	0.473132	0.895056	1.03962	0.441617	0.80499	0.614338	1.04698	1.19144	0.606094
ihec.chipseq.ihec-chipseq-containerv1.1.4.IHECRE00004603.3.7d97a6bf-d33b-47aa-868b-891cee1e0474.fc.signal	0.571685	0.418801	0	0	0	0.215877	0.540584	0	0	0.547461	0.551518	0	0.681673	1.64594	2.60648	1.56106	0.304103	0	0	0	0	0	0	0	0	0	0	0	0	0	0	0	0	0	0	0	0	0.401235
ihec.chipseq.ihec-chipseq-containerv1.1.4.IHECRE00001236.5.94801060-fc98-4727-a392-ae741c9cf8fc.fc.signal	0.597627	0.852383	1.4835	0.97416	0.475974	1.30978	1.56528	1.27545	0.746132	0	0.346058	0.293056	0	0	0	0	0.321975	1.34783	0.0404688	0.799036	0	0	0	0.16321	1.16685	0.677542	0.485418	0.170592	0.802533	0.55724	0.39841	1.21396	0.875481	0.259043	0.745562	0.631981	0.852171	0.37037
