	chr5:39123498-39123647	chr5:39123648-39123797	chr5:39123798-39123947	chr5:39123948-39124097	chr5:39124098-39124247	chr5:39124248-39124397	chr5:39124398-39124547	chr5:39124548-39124697	chr5:39124698-39124847	chr5:39124848-39124997	chr5:39124998-39125147	chr5:39125148-39125297	chr5:39125298-39125447	chr5:39125448-39125597	chr5:39125598-39125747	chr5:39125748-39125897	chr5:39125898-39126047	chr5:39126048-39126197	chr5:39126198-39126347	chr5:39126348-39126497	chr5:39126498-39126647	chr5:39126648-39126797	chr5:39126798-39126947	chr5:39126948-39127097	chr5:39127098-39127247	chr5:39127248-39127397	chr5:39127398-39127547	chr5:39127548-39127697	chr5:39127698-39127847	chr5:39127848-39127997	chr5:39127998-39128147	chr5:39128148-39128297	chr5:39128298-39128447	chr5:39128448-39128597	chr5:39128598-39128635	Expression
ihec.chipseq.ihec-chipseq-containerv1.1.4.IHECRE00001019.4.8179c079-b296-4030-830a-f12b3bc5acd1.fc.signal	0.225773	0.636656	0.579273	0.438592	1.04804	1.50083	0.958548	0.829072	0.542853	0.220221	0.0943806	0.642011	0.225779	0.322004	0.697763	0.779235	0.273889	0.175807	0.120289	0	0.162803	0.140646	0.429339	0.120289	0	0	0.0433066	0.340203	1.04506	0.44929	0.429347	1.49916	1.39786	2.01849	0.647209	0.515373
ihec.chipseq.ihec-chipseq-containerv1.1.4.IHECRE00001548.1.3dc7fe6c-3810-4c39-b1cb-839043a609f3.fc.signal	0.112672	0.430509	0.294714	1.15955	0.66834	0.404354	0.781328	0.563261	0.888683	0.85546	0.489602	0.768323	1.06771	1.34684	1.48753	0.0069068	0.792369	0.969004	0.853726	0.450784	0.337961	0	0	0	0.654422	1.20317	1.036	0.245052	0.858383	0.656412	0.548516	0.0111493	0.0367285	0.62514	1.54912	0.886567
ihec.chipseq.ihec-chipseq-containerv1.1.4.IHECRE00003690.3.bb55a212-99c2-4448-84cc-6786b9df2691.fc.signal	0	0	0	0	0.243659	0.509247	0.563258	0.137095	0	0	0.149988	0.79831	0	0.119571	0.72511	0.65609	0.828113	0.616852	0.158381	0.383673	0.142896	0	0	0	0	0	0.0362868	0.461646	0.315995	0.184742	0.186427	0.0604928	0	0.388379	0.697599	0.476351
ihec.chipseq.ihec-chipseq-containerv1.1.4.IHECRE00001557.1.172430a8-ba30-44b6-abad-138674660deb.fc.signal	0	0	0	0	0	0	0	0	0	1.83566	1.53254	0	0	0	0	0	0	0	0	0	0	0	0	1.22046	1.04981	1.44755	0	0	0	0	0.199551	0.952808	0.117121	0	0	0.592965
ihec.chipseq.ihec-chipseq-containerv1.1.4.IHECRE00000987.6.289adc7a-9e11-437f-b6f6-57bfdeddcb3b.fc.signal	0	0	0.275599	0.383435	0.811476	0.648891	0	0.155997	0.361374	0.177092	0.15438	0	0	0	0	0.191053	0.290427	0	0	0	0	0	0	0	0	0	0	0	0.0892267	0.214571	0.256578	0.0347129	0.221794	0.185815	0.355135	0.642424
ihec.chipseq.ihec-chipseq-containerv1.1.4.IHECRE00000949.6.e11d45c2-991c-46e2-8d13-bb1e23aff42f.fc.signal	0.227306	0	0.138038	0.435282	0.0317054	0.286133	0.454028	0.195551	0.403523	0.429377	0.901844	0.579471	0	0.350072	0.290564	0.33063	0.112865	0.117398	0.397479	0.0840672	0	0	0	0	0	0	0.120752	0.411032	0.00340147	0.879287	0.227087	0	0	0	0	0.61186
ihec.chipseq.ihec-chipseq-containerv1.1.4.IHECRE00000868.3.f6951f12-890b-447a-bf19-25234f29276d.fc.signal	1.31561	1.04047	0.819904	0.175173	0.887874	0.614419	1.44097	2.97283	1.32527	1.15814	0.578967	0.74375	0.805247	1.01807	1.92043	1.64085	0.824292	1.79975	0.955784	1.34174	2.4414	2.06972	2.36083	2.71782	1.12962	1.01569	0.893603	0.658571	0.838486	1.83287	2.18678	1.96359	2.83178	1.66918	2.45174	0.237824
ihec.chipseq.ihec-chipseq-containerv1.1.4.IHECRE00000704.1.66176b59-ae1e-4572-9837-187809968b90.fc.signal	0.73158	0.696213	2.48498	2.11246	1.97317	2.53338	3.66566	3.98943	3.10455	3.17526	2.9804	1.8981	0.425107	0.24582	1.59319	1.37397	0.948798	2.19424	0.553673	3.80743	2.97717	0.888675	1.23847	1.572	0	0.360139	0.870223	2.62212	2.22745	0.933237	2.50889	3.71055	2.14217	1.72277	1.27713	0.264371
ihec.chipseq.ihec-chipseq-containerv1.1.4.IHECRE00001233.5.d6317c97-f6d6-4ceb-8b71-b3b4801f5d92.fc.signal	0	0	0	0	0.679306	0.991786	0.538923	1.50841	1.66468	0.730301	0.143484	0.344362	0	0	0	0	0	0.531475	0.126748	0.52866	0.009436	0.0294043	0.592599	0.651809	0	0	0.596318	0.137107	0.245517	0.487892	0	0	0.245517	0.663308	0.47828	0.376299
ihec.chipseq.ihec-chipseq-containerv1.1.4.IHECRE00000193.3.aa854cbd-228f-48b3-bc4a-7a1e57daf907.fc.signal	3.41052	3.79973	1.35535	0.403678	0	1.77671	4.754	1.1117	1.23063	0.576889	0	1.24063	0.171619	0	0.400494	2.98786	1.36189	0.830863	2.37859	0.789718	0.861978	0.797818	0.86336	0.721935	1.83644	3.00258	0.0535428	0	0.267908	0.603437	0.996193	0.997567	0.520293	0.800792	1.35758	0.790393
ihec.chipseq.ihec-chipseq-containerv1.1.4.IHECRE00001546.1.967ca253-1932-4175-8466-de89b0808edb.fc.signal	0	0	0	0	0.491661	2.14526	0.184281	0.326214	0.370489	0.664724	0.638128	0.390208	0.18043	0	0	0	0	0	1.16395	1.66548	0	0	0.859762	0.75528	0	0	0.562035	1.74893	1.51181	0.879078	0.628953	0.412947	1.1187	1.19834	2.09381	0.928184
ihec.chipseq.ihec-chipseq-containerv1.1.4.IHECRE00000237.3.a5cd5780-31d9-4de0-9c6f-91eeeabb1306.fc.signal	0	0	0	0	0	0	0	0	0	0.116636	0.371441	0.349908	0.0951032	0	0	0	0	0	0.107165	0.308734	0.653299	0.580113	0.365047	0.0992421	0	0	0	0	0	0	0	0	0	0	0	0.523934
ihec.chipseq.ihec-chipseq-containerv1.1.4.IHECRE00001003.4.e55ccc77-8d92-466a-86b9-0bf035aed6cc.fc.signal	0.21355	0.142367	0.464088	1.15158	0.847006	0.0284733	0.630998	0.607722	0.353895	0.798222	0.44986	0.276185	0	0.242022	0.801442	0.700331	0.33878	0.694647	0.274892	0.852915	0.203321	0.0412863	0.410007	0.046981	0	0.113893	0.30466	0.134978	0.699937	0.437069	0.252701	0.33992	0.10535	1.57921	1.92198	0.641221
ihec.chipseq.ihec-chipseq-containerv1.1.4.IHECRE00000224.3.98331644-3ccd-45b3-bad7-e0e81208e171.fc.signal	0	0	0	0	0	0	0	0	0	0	0	0	0	0	0	0	0	0	0.216448	0.360042	0.30351	0.884708	0.884754	0.776478	0.237586	0	0	0	0	0	0	0	0	0	0	0.834993
ihec.chipseq.ihec-chipseq-containerv1.1.4.IHECRE00000248.2.827ded64-aa40-4620-8391-8dd4ae096d90.fc.signal	0.310795	0.207186	0.632244	0.967258	1.30635	1.31508	0.738999	0.458848	0.617623	0.46393	0.297867	0.620406	0.315796	0.429997	0.282324	0.217768	0.111037	1.23142	0.351659	0.919447	0.852424	0.937471	1.11341	0	0.0213468	1.07686	1.25979	0.295632	1.4815	1.86081	1.30738	0	0.0715817	0.50154	0.376712	0.378742
ihec.chipseq.ihec-chipseq-containerv1.1.4.IHECRE00001482.1.feb5cf97-c346-43c5-9925-b098ecdfe359.fc.signal	0.217606	0	0	0.0568125	1.10599	1.08462	1.31349	1.14149	2.1746	1.3798	1.22152	1.34939	0.0846633	0	0	0	0	0	0.119093	0.597803	0.455928	0.166619	0.573761	0.210968	1.6845	1.13887	1.74654	1.45958	0	0.378803	1.24864	0.465678	2.7601	2.28473	1.81572	0.777336
ihec.chipseq.ihec-chipseq-containerv1.1.4.IHECRE00001488.1.8a6af925-1821-4fc7-84d7-e838a44be225.fc.signal	0.807587	1.0124	1.0124	1.4556	0.906111	1.63318	0.745567	1.57874	1.92638	1.96811	1.32031	1.60954	0.574397	0.174575	1.4591	1.38099	0.855974	0.378537	0.212926	0.395085	0.17475	0.676223	0.631322	0.848372	0.356134	1.3128	0.0745774	1.17918	0.708933	2.48535	1.17299	1.6807	1.92229	2.4735	1.44525	0.0497317
ihec.chipseq.ihec-chipseq-containerv1.1.4.IHECRE00003818.1.3d6cbb41-685c-49c7-85eb-8977ab8f14b3.fc.signal	0.197616	0.193035	0.935599	0.584517	0.35019	1.24819	0.703313	0.441999	0.377488	1.64209	0.748155	0.298265	0.0164979	0	0	0	0.13936	1.14415	0.562486	1.14659	1.14139	0.169523	0.177346	0.128162	0.179142	1.67338	1.57476	1.45848	1.71618	0.316334	0.322073	0	0.140401	0.335029	0	0.358044
ihec.chipseq.ihec-chipseq-containerv1.1.4.IHECRE00000008.3.2e1ab747-5c43-4469-97d5-a2e674bc3ee6.fc.signal	2.05803	1.57446	0.286485	0	0.242524	0.598276	0.400231	1.18006	0.804508	1.3462	1.25892	2.1033	0.800923	0.516944	0.243808	0.2262	0.343568	1.02313	0.78966	1.15419	1.33512	0.148767	0.19054	0.411303	0.126599	0.665796	1.12221	1.94621	1.41119	1.80368	0.459743	1.26261	1.26879	0.238451	0.804506	0.698785
ihec.chipseq.ihec-chipseq-containerv1.1.4.IHECRE00000234.3.004bcd0c-68a8-42c5-b5aa-454db7d061e9.fc.signal	0	0	0	0	0	0	0	0	0	0	0	0	0	0	0	0	0	0	0.097432	1.35637	2.5115	1.86534	1.19998	0.798702	0.324361	0	0	0	0	0	0	0	0	0	0	0.431624
ihec.chipseq.ihec-chipseq-containerv1.1.4.IHECRE00000665.1.5571d7d7-4894-4e51-8082-c8a874cb2438.fc.signal	0.236464	0.198098	0.411898	0.303407	0.131021	0.150395	0.243795	0.293538	0.39177	0.124284	0.518987	0.308677	0.34091	0.11548	0.483117	0.747483	0.256105	0.0911701	0.132043	0	0	0.337951	0.965459	0.0365653	0.320677	0.874385	0.414427	0.485663	0.382537	0.190385	0.538438	0.237181	0.744915	0.5643	0.26074	0.666023
ihec.chipseq.ihec-chipseq-containerv1.1.4.IHECRE00003816.1.3579346a-a108-4e99-ba8a-c53f4809c6bb.fc.signal	1.54536	0.536252	1.90423	3.03805	1.22905	1.69541	2.43313	1.65257	2.18668	2.81202	1.48761	2.49551	2.22162	0.978703	1.69866	1.96859	1.20794	1.78661	1.03912	2.13912	1.8742	2.34778	1.15715	0.686466	0.960965	2.00409	0.925207	1.13527	2.01249	2.26881	3.11422	3.083	3.02366	4.32163	4.26338	0.958987
ihec.chipseq.ihec-chipseq-containerv1.1.4.IHECRE00003676.3.edac7fd7-5249-4224-ba52-76d331cfbbb5.fc.signal	0.45851	0.509127	1.25508	0.968723	1.22049	1.05421	0.537952	0.174532	0.563957	0.286141	0.03624	0.896083	1.02533	0.0814641	0	0.484667	1.19952	1.02954	1.42152	2.28125	1.27925	0.492821	0.441929	0	0.179213	1.71027	0.710728	1.02435	1.0183	0.685881	1.39071	0.960132	0.657974	2.32933	2.95838	0.877591
ihec.chipseq.ihec-chipseq-containerv1.1.4.IHECRE00001906.1.d4812fd5-35f7-424c-8ea9-21e1d395b54b.fc.signal	0.291801	0.307646	0.410554	1.05576	0.679261	0.84942	0.887152	1.15454	1.341	0.332791	0	0	0.063783	0.23525	0.856707	0.825111	0.729629	0.602782	0.696755	0.996098	1.05899	0.444094	0.386205	0.634287	0.447563	0.123751	0.0349002	0.518541	1.00925	1.09082	0.787994	0.922866	0.940644	0.997856	0.859718	0.86109
ihec.chipseq.ihec-chipseq-containerv1.1.4.IHECRE00001965.2.b75058ba-d142-4ae0-9acf-08c2d019a7dc.fc.signal	0.857341	1.19835	0.509736	0.453144	0.278087	0.444596	0.184273	0.0184239	0.497596	0.327303	0.721197	1.53125	0.998409	0.315548	0.494953	0.314571	0.549827	0.57371	0.535789	1.0003	0.327138	0.350148	0.0421679	0.511912	0.265991	0	0	0	0.496818	0.858706	0.269798	0.288902	0.547829	0.90966	0.85885	0.815553
ihec.chipseq.ihec-chipseq-containerv1.1.4.IHECRE00000022.3.dfea9345-a570-4c36-afd3-060bffee6f21.fc.signal	1.27169	1.57724	0.954502	1.35883	1.39621	1.34047	2.06316	1.95968	0.883279	1.1069	2.52969	2.2151	0.913923	0.621302	1.54145	1.30823	1.1427	0.876645	0.83805	1.37444	0.916334	1.91567	2.02584	0.0962701	1.08561	1.04065	1.77688	1.23499	3.5562	2.44906	2.38317	2.08797	0.880133	1.4456	1.58307	0.319847
ihec.chipseq.ihec-chipseq-containerv1.1.4.IHECRE00000194.3.b1e4c4c4-c6d4-40c1-a695-e34b416693ed.fc.signal	2.34382	0.332982	1.16776	2.27779	0.60078	0.696709	1.14292	1.00209	0.413115	1.22821	0.909616	0.0906049	0.99869	2.20218	0.239968	1.27034	1.76941	2.46583	1.01324	0.228103	1.41433	1.24274	0.532009	0	0	0.248761	0.620361	0	0.711021	0.927334	0.939674	1.45638	1.07554	1.79956	2.03172	0.387623
ihec.chipseq.ihec-chipseq-containerv1.1.4.IHECRE00001952.2.52215347-885a-4412-918b-b787711b8d37.fc.signal	0.390584	0.714618	0.407259	0.432096	0.503636	0.622915	1.95188	0.686276	0.405144	0.436058	0.469799	0.264982	0.0607255	0	0.141354	0.369823	0.888595	0.785523	0.0342883	1.91196	0.905234	0.341658	0.422877	0.378551	0.378918	0.457245	0	0.280801	1.42054	0.252794	1.15149	0.362334	1.04218	0.546124	0.3046	0.811448
ihec.chipseq.ihec-chipseq-containerv1.1.4.IHECRE00000886.3.656fbaec-dfab-4967-84ac-8cd7cc42a743.fc.signal	0.442395	1.07086	1.7335	1.9509	1.7663	1.21954	1.8354	2.23102	2.65825	2.40293	2.20944	1.383	1.18372	0.329164	0.907081	1.20508	0.922348	1.11577	0.96325	1.00369	0.199375	0.834065	1.96026	2.01861	2.14496	1.49813	1.90519	1.89484	3.47251	1.74743	2.17022	2.34589	3.18925	1.77728	1.27181	0.298522
ihec.chipseq.ihec-chipseq-containerv1.1.4.IHECRE00000188.3.deb161f9-8c5a-42cb-af84-131a7fc1593f.fc.signal	0.0489401	0.46279	0.258809	0.239722	0.15428	0.18974	0.718501	0.46511	0.417147	0.358907	0.235258	0.353818	0	0.0927165	0.259727	0	0	0	0	0.233334	0.395052	0.0491487	0	0	0	0.170874	0.179582	0.004721	0.26533	0.0599545	0	0.033047	0.334573	0.0882862	0	0.125645
ihec.chipseq.ihec-chipseq-containerv1.1.4.IHECRE00000160.3.56b2af9a-69f7-4eb1-8688-9440739bee08.fc.signal	1.5644	0.0625836	0.813881	1.0279	1.60259	1.36673	0.0338553	0.175952	0.589555	0.207006	1.10365	0.0882431	0	0	0.621734	1.00131	0	1.22063	0.862849	1.20215	0.506425	1.463	0	0	0	0	0	0	0.0561626	1.14762	0.777593	1.23606	1.14837	1.92672	2.69101	0.513545
ihec.chipseq.ihec-chipseq-containerv1.1.4.IHECRE00000343.2.43c6f7a4-d039-46a2-872e-bb5eb8075426.fc.signal	0	0.288692	0.322993	0.2307	1.27841	0.150422	1.00014	1.62471	1.06492	0.727999	0.394488	0.06913	0	0	0.352355	0.678785	0.340874	0.189379	0.252084	1.24767	1.72864	0.376103	0.412127	0	0.363813	0.164627	0	0.0621437	0.556441	0.613188	0.692143	0.467587	0.229822	0.999007	1.62324	0.724455
ihec.chipseq.ihec-chipseq-containerv1.1.4.IHECRE00000024.3.811468fa-3f06-4a13-a148-2292efa6ed97.fc.signal	1.63551	1.35813	1.77124	0.634226	2.78194	1.22468	1.11772	0.974449	0.311774	0.724498	0.508134	0.932302	1.66283	2.41947	3.16446	2.8057	1.21759	0.568106	0.732611	0	0	0.412173	0.86651	1.13285	1.8416	6.01641	1.93232	2.10507	1.47244	4.15953	3.83319	4.86644	2.57009	2.32435	2.74335	0.564815
ihec.chipseq.ihec-chipseq-containerv1.1.4.IHECRE00000964.7.68ad223e-c775-4c49-8f3f-4ec63b3e920b.fc.signal	0	0	0	0	0	0	0	0	0.0323368	2.83456	0.501173	0	0	0	0	0	0	0	0	0	1.68137	0.727546	0.959259	0	0	0	0	0	0	0	0	0	0	0.374139	0.525105	0.59901
ihec.chipseq.ihec-chipseq-containerv1.1.4.IHECRE00000153.3.4632c7b2-2ae2-40a1-bd27-50236900252a.fc.signal	0	1.19342	1.46814	0	0	0.480505	0.389147	0	0	0	0.0227753	0.456914	0.113562	0.457658	0.153413	0	1.21957	1.95866	0.0505598	0	0	0	0	0	0	0	0	0	0	0	0	0.0070512	1.3094	1.34345	0.140551	0.454545
ihec.chipseq.ihec-chipseq-containerv1.1.4.IHECRE00003846.4.a8b62515-f113-4847-973f-317b45173002.fc.signal	1.37855	0.913834	1.2649	0.670773	0.348951	0.192707	0.319482	0.710535	0.310986	0.105058	1.33595	1.34402	3.37763	2.79581	2.62882	0.697806	1.52716	2.27864	2.06859	1.44259	0.162456	0	0	0.0080814	1.50026	0.915787	0.309721	0.734538	0.731165	0.703303	0.272463	1.17317	0.347545	1.22765	2.34965	0.412219
ihec.chipseq.ihec-chipseq-containerv1.1.4.IHECRE00001249.1.1fccbf88-8984-430d-91d0-4fb767fb9d0a.fc.signal	0.577887	0.839356	0	0	1.24207	3.57745	0.615724	0.465765	1.04129	0.907247	1.52822	4.15844	0.493422	0	1.5158	0.873309	1.15886	0.724585	0.241533	1.71326	0.472953	0.429654	0.496801	0.696319	0.465964	1.31449	1.73235	1.24809	0.713223	2.23276	2.64783	3.85081	1.61786	2.38166	3.1637	0.911602
ihec.chipseq.ihec-chipseq-containerv1.1.4.IHECRE00003684.3.b5459224-ca8f-46dd-880a-e16781c88032.fc.signal	0.563861	0.00208093	0.00362107	0.47757	0.316414	0	0.400767	0.891798	0.453489	0.120226	0.409395	0.048513	0.563166	0	0	0	0.16303	0.677105	0.0364351	0.319083	0.0598435	0	0	0	0	0	0	0	0	0	0	0	0.463976	0.723387	0	0.43484
ihec.chipseq.ihec-chipseq-containerv1.1.4.IHECRE00000974.7.9dac3370-6335-4df0-bea0-9e684edfa350.fc.signal	0.116849	0.510673	0	0.199076	0.731364	0.319201	0	1.18692	0.648202	1.31938	0.138487	0	0	0	1.57373	0.882762	0	0.596622	0.69966	0	0.0129832	1.08184	0.787571	0	0.186093	0.636177	1.06018	0	0	0.121177	0.893461	0.219861	0	0.281286	1.24765	0.607528
ihec.chipseq.ihec-chipseq-containerv1.1.4.IHECRE00000261.2.55f7971e-ddc8-4e1e-a2b7-5640ae93b614.fc.signal	0.729358	0.0358624	1.12459	1.71744	1.98724	0.863194	0.556371	1.25187	0.853031	0.347183	0.73755	0.769932	0.439401	0.493675	0.904662	1.03101	0.621604	0.398073	0.539082	0.639872	0.378923	0.672505	0.331173	0.303567	0	0.339794	1.24884	1.74516	1.3005	1.07841	1.42301	0.924893	0.50455	0.946453	1.11743	0.479429
ihec.chipseq.ihec-chipseq-containerv1.1.4.IHECRE00000084.3.433bc629-750b-4674-bbb1-9759454f2728.fc.signal	0.947293	2.79746	0	0	1.92392	1.65071	0	0	0	1.25039	0.894276	0.593325	1.28376	2.00093	1.90155	0.179441	0	1.02983	3.38414	1.34044	0	0	0	0	0	0	0	0.0340634	0.656491	1.6004	3.85927	1.26402	0.605668	1.73365	0.980873	0.757098
ihec.chipseq.ihec-chipseq-containerv1.1.4.IHECRE00000004.3.08828406-540b-464b-b2f8-9402ccb1159b.fc.signal	0.329451	0.109008	0.832342	0.417557	0.459351	1.62544	1.28078	0.649538	0.683618	0.219814	0	0.576234	0.605162	0	0.0101315	0.290095	1.00565	0.322447	0	0.240517	0.540999	0.39261	0.684708	0.423948	0.116157	0.559422	0.694463	1.5834	1.06973	0.335365	0.394515	1.03348	1.9629	1.84581	0.135564	0.6451
ihec.chipseq.ihec-chipseq-containerv1.1.4.IHECRE00001471.1.c36bbd63-78f2-464a-952f-d221dd832d3f.fc.signal	0.373252	0.0835641	0.116764	0.784263	0.406212	0.75367	0.366682	0.735445	0.31031	0.16805	2.63964	1.52427	0.44665	1.21901	1.18231	0.302918	0.209604	0	0.529092	0.341101	0.0327595	0.662709	0.793012	0.218966	0.596922	0.277658	0.920368	0.165857	0.79605	1.03262	1.39917	0.658129	0.294933	0.90262	0.66727	0.981516
ihec.chipseq.ihec-chipseq-containerv1.1.4.IHECRE00004647.3.6c7e93ea-bf0c-48a2-82fb-1c49e3dc143b.fc.signal	0.458473	0.745485	0.661307	0.741938	0.444801	1.0234	0.864698	0.690323	0.375895	0.295362	0.268354	0.281909	0.376425	0.961397	1.15123	0.771429	0.523307	0.308673	0.525859	1.23415	1.0352	0.697671	0.753924	0.39258	0.23048	0.480579	0.814053	0.744092	0.903166	1.35587	1.04249	1.21483	1.09494	1.24767	1.16029	0.560314
ihec.chipseq.ihec-chipseq-containerv1.1.4.IHECRE00000346.2.025d75d4-4cee-43c8-be53-43da9bc8c8b5.fc.signal	0	0	0	0	0	0	0	0	0	0	0	0	0	0.543241	0.674096	0.082156	0	0	0.0041708	0.635911	0.682273	0.927278	0.653538	0.0602448	0	0	0	0	0.299517	0.430899	0.001525	0	0	0.383825	0.57275	0.660203
ihec.chipseq.ihec-chipseq-containerv1.1.4.IHECRE00000785.3.abe8a11d-fe94-45b1-960f-4d4d046be685.fc.signal	0.257568	0.237255	0.891585	0.969771	0.336415	0.558607	0.977043	0.913353	0.353636	0.329214	0.384471	0.136571	0.157335	0.374698	0.80936	0.259323	0.0475156	0.0767875	0.271314	0.635811	0.909969	0.272028	0.0913697	0.561251	0.217911	1.21448	1.55217	1.22366	1.11661	0.491404	0.361929	0.71556	0.452777	0.135017	0.356099	0.413333
ihec.chipseq.ihec-chipseq-containerv1.1.4.IHECRE00000223.3.555de7dc-c653-4909-9c33-caf14688e0ce.fc.signal	0	0	0	0	0	0	0	0	0	0	0	0	0	0	0	0	0	0	0.2831	0.823	0.636206	0.502485	1.11068	1.15205	0.460035	0	0	0	0	0	0	0	0	0	0	0.800931
ihec.chipseq.ihec-chipseq-containerv1.1.4.IHECRE00000318.2.9cc4804f-5850-46a5-b627-ca441aa97c73.fc.signal	0.325556	0.349387	0.117642	0.177552	0.198727	0.935119	0.947313	0.625995	0.995801	1.93021	1.10548	0.539091	0.707758	0.343393	0.260348	0.513661	0.450897	0.307537	0.581635	0.797544	0.0502924	0.416262	0.195736	0	0.322138	0.298274	0.487665	0.850946	0.47084	0.332975	1.31715	1.25457	1.10155	1.02686	0.781857	0.815471
ihec.chipseq.ihec-chipseq-containerv1.1.4.IHECRE00001914.1.d83c61fb-c563-40ff-afb5-9fc097a52b75.fc.signal	0.860262	0	0.279547	1.80165	0.687977	0.64717	0.408727	0	0.153443	1.53697	0.680586	0	0	0.299542	1.22271	1.10031	0.639836	1.61322	1.54428	0.930775	0.4313	0	0	0	0	0.198002	0.899647	0.0836014	0.817017	0	0	0.105187	0.986764	0.746987	1.00366	0.261429
ihec.chipseq.ihec-chipseq-containerv1.1.4.IHECRE00001020.4.d793ab3e-d7c6-45e4-8372-b368878f1961.fc.signal	0	0.049168	0.424952	1.29228	1.78413	1.54925	0.375835	1.26766	0.368756	0.758528	1.79444	0.488124	0	0	0	0.277448	0.196672	0.412972	0.01756	0.772505	1.00425	0.316073	1.56113	1.805	0.21072	0	0.010536	0.653184	1.32037	0.675894	0.179112	0	0	0.427821	1.24169	0.275591
ihec.chipseq.ihec-chipseq-containerv1.1.4.IHECRE00000105.3.75dc7695-5570-417f-b77e-a36e3462482f.fc.signal	0.114688	1.00518	3.70928	1.72809	0	0.529152	2.47837	3.11673	1.90045	0.532515	1.08102	1.23217	1.56555	1.0925	0.991784	0.638848	0.396035	3.04352	1.01248	0	0	0	0	0	0.160032	1.26269	0.729594	1.21184	0.958766	1.72396	0.509711	2.6389	1.00686	0.912074	2.53457	0.717391
ihec.chipseq.ihec-chipseq-containerv1.1.4.IHECRE00001022.4.65d6531d-7428-4454-855d-d39b585d5301.fc.signal	0	0	0	0.147699	1.28006	1.02641	0.467287	0.50289	0.361064	0.71975	0.853377	0.320023	0.128913	0	0.153559	0.371018	0.0550809	0.437315	0.490989	0.85451	1.06088	0.425497	1.31171	1.02922	0.124255	0.447829	0.101959	0.140683	0.277017	0.155736	0.572917	0.792383	0.498212	0.582979	0.352673	0.683099
ihec.chipseq.ihec-chipseq-containerv1.1.4.IHECRE00000256.2.bbe55afc-e238-438f-888d-003707462d40.fc.signal	0.283471	0	0.321204	1.15004	1.9882	0.93545	0.0444657	0.765975	1.1054	1.11454	0.914183	1.26406	0.279812	1.32522	2.00316	0.719279	1.02749	2.31821	0.358483	1.25415	1.24649	0.694119	0.197717	0.697698	0.30772	0.421023	0.88408	1.06115	0.680872	1.28984	1.1626	1.24893	3.25425	2.02822	0.375782	0.6202
ihec.chipseq.ihec-chipseq-containerv1.1.4.IHECRE00000095.3.6e54db0b-4f2c-4117-b257-5209e83f6966.fc.signal	0	0	0.523091	0.197515	0	0.663337	0.901391	0.085074	0.483005	1.70478	0.459207	0	1.07982	4.79952	1.5692	0.149897	0.205788	1.17444	1.18698	1.22332	1.11692	0	0.401056	0.693312	1.18368	1.45205	0.81991	0.30813	1.82549	2.42217	1.34004	0.568831	1.04515	0.030384	0.327828	0.719399
ihec.chipseq.ihec-chipseq-containerv1.1.4.IHECRE00001447.1.93be3d5e-de27-4323-a7cc-c9b7ee0319de.fc.signal	0.432328	0.350199	0.393042	1.07473	0.333789	0.354445	0.223945	0.211069	0	0	0	0.0558849	0.325978	0.293314	0.161618	0.383698	0.730274	0.91829	0.0179849	0.314325	0.435032	0.419462	0.386766	0	0.143777	0.402143	0.722825	0.119092	0	0.443317	0.994794	0.905745	0.596059	0.425578	0.261157	0.603774
ihec.chipseq.ihec-chipseq-containerv1.1.4.IHECRE00000055.3.f7f2e0ed-3f12-40ea-ab1e-c5e10f8d62d8.fc.signal	0.17126	1.03301	0.0744693	0	0	0.65171	0.435898	0	0	0	0	0.168082	0.154748	0.965712	1.33899	0	0	0	0	0.674659	1.09225	0.736517	1.47866	0	0	0.955134	1.02741	0	0	0	0.563938	0.729605	1.11584	0	0	0.806606
ihec.chipseq.ihec-chipseq-containerv1.1.4.IHECRE00003828.3.9b92fd9a-9859-4ffd-96f8-490b60d6c4db.fc.signal	0.668036	0.348893	0.597717	0.0054092	1.01145	0.579159	0	0.623076	1.84435	1.45223	0.365998	2.34167	1.0195	0.686965	0.435441	0.60397	1.34358	1.18937	0.506555	0	0.0865472	0.71131	0.013523	0	0.178504	0.632876	0	0	0.227127	0.452073	0.674328	0.400911	0.487212	2.17732	2.03399	0.0446571
ihec.chipseq.ihec-chipseq-containerv1.1.4.IHECRE00001508.1.f6c67936-5b0a-4ed6-8085-a2a611177783.fc.signal	0.961656	0.17827	0.289605	2.42469	1.34959	0.107187	1.24817	0.25097	0.206854	1.61346	1.11309	1.01549	0.45505	0.238264	0	0	0.034478	0.969326	0.25614	0	0.0456095	0.958175	1.02272	0.424772	0.718447	2.19099	2.5505	0.388782	0.228901	3.59718	1.2859	3.64199	3.51488	2.26989	3.88463	0.542939
ihec.chipseq.ihec-chipseq-containerv1.1.4.IHECRE00003400.1.b3d30ae7-78a7-458d-9ccf-f1436025286b.fc.signal	1.00878	0.142669	0	0.230199	0.552982	0.808988	0.790228	1.05339	0.591946	0.221131	0.120349	0.497345	0.19546	1.50106	1.24705	1.20379	1.97635	0.464884	0.3205	0	0.24813	0.255043	0.113358	1.1351	1.51234	0.310441	0.245831	0.236938	0.321738	0.961857	0.850675	0.449229	0.036384	0.285805	1.59706	0
ihec.chipseq.ihec-chipseq-containerv1.1.4.IHECRE00001517.1.def76da7-e51f-466f-a75e-d4cb918f9d1a.fc.signal	1.75877	1.50634	2.63637	1.41907	2.69041	2.28334	2.79792	2.19066	1.30515	2.49727	1.52554	0.877331	0	0.569575	1.66717	1.42622	1.25677	1.6391	2.95827	1.06197	4.84447	3.15059	0	0	0.298943	0.630589	1.81863	5.01861	4.14722	2.4171	6.00427	1.88568	1.13383	2.00709	3.26202	0.179779
ihec.chipseq.ihec-chipseq-containerv1.1.4.IHECRE00003848.5.cbe12698-0ab5-4b3e-9969-24f7116515b6.fc.signal	0	0.476166	0.535685	0.672625	1.32733	0.226685	0.532063	0	0	0.0168331	0.762624	0.514906	0.922592	0.720216	0	0.0297647	1.00595	0.535694	0.44647	0.00595293	0	0	0	0	0	0	0	0	0	0.395816	0.616038	0.705315	0.869014	1.98201	2.00881	0.751719
ihec.chipseq.ihec-chipseq-containerv1.1.4.IHECRE00001044.7.93646603-f0c6-4b5c-9750-3c77b569d934.fc.signal	1.12181	0.0968037	0.438857	0.664885	0.0890204	0	0.170199	0.364481	0	0	0.384446	0.520189	1.36609	0.858548	1.20864	0.96494	0.322294	0.623131	0.300478	0.331696	0.356656	0.247791	0.43855	0	0.355477	1.41632	1.02925	0	0.658135	0.573333	0.167745	0.484235	0.731577	0.612424	0.494281	0.445507
ihec.chipseq.ihec-chipseq-containerv1.1.4.IHECRE00001235.5.b69b018c-be0b-42b3-9bd0-adb684b6c71f.fc.signal	0	0	0	0	0.0672275	0.663394	0.0175376	0.713063	0	0	0	0	0	0	0	0	0	1.28877	0.172446	0.64582	0.645823	0.169492	0	0	0	0	0	0.0847651	0.467655	0.178299	0	0	0	0.154893	0.87667	0.646006
ihec.chipseq.ihec-chipseq-containerv1.1.4.IHECRE00004900.1.b52b6048-f5e8-441d-8082-83c6ea7d797d.fc.signal	0.771333	0.509787	0.243811	1.60916	0.558551	0.859808	1.21192	0.189711	0	0.186183	0.833395	1.0447	0.766899	0.15072	0.0354635	1.08164	1.26019	0.159586	0.706262	0.553657	0.898945	1.26758	1.9284	0.447726	0.186183	0.323604	0	0	0.177317	0.84226	0.509787	1.27235	0.379867	0.426874	1.39333	0.745943
ihec.chipseq.ihec-chipseq-containerv1.1.4.IHECRE00000810.3.4c807da6-ffa8-4451-adb2-428243de39ad.fc.signal	3.04522	3.45419	1.83359	4.46354	1.2979	0	0	0.897635	2.94083	4.10653	0.357201	0	1.59301	1.15633	1.96193	0	0.472436	3.1741	1.10875	5.37647	2.08891	1.35247	2.69574	0	0	0	3.52611	2.94788	1.45136	4.63586	2.48835	3.48665	4.98043	4.6282	1.67586	0.161092
ihec.chipseq.ihec-chipseq-containerv1.1.4.IHECRE00000071.3.a976fdae-f5dd-439a-80ce-578a0400ca86.fc.signal	1.17017	0.908051	0.68535	0	0.596218	0.908706	0	0.179809	1.65782	1.93492	0.0196155	0.867151	3.01371	0.701769	0.508117	0.502678	0	0	0	0	0	0	0	0	1.03966	1.55245	0.242253	0.636935	0.439588	0.566511	0.361553	0	0.427917	0.513831	1.1498	0.888078
ihec.chipseq.ihec-chipseq-containerv1.1.4.IHECRE00003842.2.aaff33ab-ed7b-4de9-8003-f28b910ee10b.fc.signal	4.23364	2.83804	2.42397	1.05174	0.562082	1.66226	2.35015	2.23544	3.1036	2.97872	1.98253	2.36964	0.590087	2.51645	1.94008	1.77076	0.293483	0.455832	1.37129	2.33917	2.63509	0.761805	0.72434	0.287236	1.49551	2.83179	0.805515	2.1045	2.8394	2.42121	3.62841	5.1362	2.61012	5.78598	6.63524	0.377122
ihec.chipseq.ihec-chipseq-containerv1.1.4.IHECRE00003806.1.2dfc8185-75fc-483f-9a76-86d609a673b1.fc.signal	0.701608	0.711897	1.05448	0.694917	0.382411	0.394857	0.515767	0.380891	0.598282	0.709179	0.657562	0.338836	0.332112	0.906388	0.308424	0.0629421	0.601879	0.518703	0.0749103	0.25665	0.976737	0.893576	0.802813	0.382962	0.45854	0.66314	0.0888848	0	0	0.331649	1.07517	2.10918	1.89186	2.22381	2.07217	0.240312
ihec.chipseq.ihec-chipseq-containerv1.1.4.IHECRE00003686.3.867f20aa-cd84-4630-be8b-4d90cccd43d7.fc.signal	0	0	0.191341	0.131193	0	0	0	0	0	0	0	0	0	0	0.144749	0.0777117	0.00106973	0.318362	0.0112513	0	0.310482	0.0353871	0	0	0	0	0	0.335642	0.00575433	0.0286767	0.201973	0	0	0	0	0.84573
ihec.chipseq.ihec-chipseq-containerv1.1.4.IHECRE00003847.4.2b3ec079-53bd-4903-ae08-424fc11f8e29.fc.signal	0.980736	0.335993	1.00765	1.11582	1.53921	0	0.177078	1.396	1.92515	0.581177	0.181617	2.00575	2.20665	0.962575	1.28539	0.962779	0	0.399561	0.835575	1.46215	0	0.104431	0.752172	0.337037	0.195239	1.16689	0	0	0.858144	0.50399	1.36625	1.235	1.08344	0.18919	0	0.696313
ihec.chipseq.ihec-chipseq-containerv1.1.4.IHECRE00001901.1.bd86e759-1531-4112-8c3a-ef0446d756a3.fc.signal	0.0441023	0.366575	0.887256	0.657325	0.421478	0.128221	0.200349	0.108378	0.18481	0.236962	0.317322	0.300582	0.183763	0.458556	0.977515	0.12345	0.694052	0.506999	0.259472	0.493762	0.413162	0.245642	0.245642	0	0.202805	0.452211	0.922079	0.454701	0.529703	0.84524	0.700503	0.176243	0.685012	0.773818	0.75575	0.910891
ihec.chipseq.ihec-chipseq-containerv1.1.4.IHECRE00000109.3.2aaf9761-ce55-4643-a036-4127de3f8454.fc.signal	2.38421	1.10006	1.31956	0.786014	0.597803	2.22405	0.835929	0.947394	1.18859	1.01161	1.54933	0.387258	0.260738	0.111229	0.324045	0.169976	0.887775	0.333081	0.519591	0.365647	0.773103	0.225273	0.361634	0.285541	0.211735	0.410676	0.423773	0.483272	1.38559	1.78291	2.88936	1.92084	2.47524	3.09049	2.12909	0.746455
ihec.chipseq.ihec-chipseq-containerv1.1.4.IHECRE00000316.2.3f5a9e9c-04a3-407c-8bb6-519c406c7e44.fc.signal	0	0	0.785067	0.867258	0	0	0.29593	2.42055	2.00984	1.14726	0	0.813183	1.15423	0.78211	6.34105	0.709392	0	0	0	0	0	0	0	0	0	0	0.63749	1.50928	0	0	1.20223	2.09564	2.11417	2.10275	0	0.870769
ihec.chipseq.ihec-chipseq-containerv1.1.4.IHECRE00001954.2.fc509fae-cfc8-4cd1-b6e1-cb05b98526c1.fc.signal	0.520152	0.412209	0.057029	0.843103	0.324257	0.370889	0.390177	0.528098	0.0521933	0	0	0.422815	0.932013	0.508793	0.0585901	0	0.159922	0.422761	0.455865	0.347128	1.14613	0.990694	0.432213	1.04864	0.324734	0.31674	0.441112	0	0	0.204699	0.351116	0.648533	0.641442	0.0888571	0.295916	0.835196
ihec.chipseq.ihec-chipseq-containerv1.1.4.IHECRE00000027.3.97de962a-0cae-4248-ab76-3d3fe1777a34.fc.signal	0	0.57876	2.57455	1.58231	1.21645	1.74594	1.82032	0.292173	0	0.624732	0.726179	0.141107	1.89541	0.995386	0	0	0	0.147052	1.20887	0.29716	0.885572	0.764982	0.79193	0.923523	0	0.114479	1.93641	0.472252	0.634701	1.92809	3.31908	0.599527	0	0.482069	0.702976	0.758222
ihec.chipseq.ihec-chipseq-containerv1.1.4.IHECRE00001458.1.90311c59-c092-4716-8ced-a612dc9a7683.fc.signal	2.69528	0.751234	0.838687	2.5927	1.70442	1.38508	1.72865	1.30387	1.58588	2.6601	1.72504	1.74213	0.961978	0.895399	1.18231	1.26844	0.995618	0.333703	1.31972	2.43245	1.9162	0.94286	1.25741	0.908694	0.129839	0.476104	1.68945	1.37268	1.07866	1.90803	2.52076	0.972737	1.93824	1.95689	0.468469	0.311029
ihec.chipseq.ihec-chipseq-containerv1.1.4.IHECRE00001913.1.7dd02c2b-e08d-4010-8330-5cb791ced7b2.fc.signal	3.17442	0.0517091	0	0	0.60776	4.17632	1.9703	0	0	0	0	0	0	0	0	1.43108	3.45619	0.614231	0	0	0	0	0	0	0	0	2.04056	1.77274	0	0	0	0.700305	2.86037	0.329005	0	0.291116
ihec.chipseq.ihec-chipseq-containerv1.1.4.IHECRE00002063.1.fc1674f3-b9c6-4107-8983-478acef979ab.fc.signal	0.314991	0.288949	0.109382	0.997738	1.38725	0.904367	1.93585	0.994065	1.19268	0.761024	0.301767	0.124647	0.20817	0.281613	0.996112	1.58714	0.254016	0.910241	0.884113	1.03804	0.776086	0.268466	0.269488	0.461373	0.370562	0.43894	0.430193	0.246427	1.42123	2.63305	0.904414	0.781506	1.48597	1.27526	0.889391	0.803922
ihec.chipseq.ihec-chipseq-containerv1.1.4.IHECRE00004713.2.73d0436f-3c8c-4e5c-a1fe-dc4d41b2902f.fc.signal	0.0866505	0.0435263	0.198139	0	0.339105	0.109825	0.450162	0.70953	0.967732	0.812138	0.807378	0.798888	0.341149	0	0	0.203673	0.75738	0.464441	0.0427211	0.535273	1.07685	0.265269	0	0	0.103537	0.311711	0.08793	0.196705	0.193488	0.350017	0.487335	0	0.258484	0.359332	0.206634	0.567308
ihec.chipseq.ihec-chipseq-containerv1.1.4.IHECRE00000014.2.6a99d923-7ab5-41be-874b-467d20e26e79.fc.signal	0.776757	1.2501	0.905883	1.42894	1.80413	1.11424	0.793823	0.939456	0.556844	0.0378033	1.11005	1.56242	0.523432	0.554001	0.873114	1.20984	1.41031	2.67162	1.41402	0.553579	0.743061	0.462909	0.268621	0.425444	1.05238	1.04447	0.947115	1.77223	1.03483	2.08898	1.2436	0.612275	0.579716	0.376372	0.413327	0.367381
ihec.chipseq.ihec-chipseq-containerv1.1.4.IHECRE00004643.3.7b895a57-db9e-4407-9979-fc4adf5592cc.fc.signal	0.184178	0.381118	0.666556	0.385477	0.390552	0.424275	0.735719	1.14318	0.918799	0.434293	0.22738	0.271792	0.848573	0.584369	0.550196	0.262341	0.528312	0.921915	1.0073	0.946508	0.65609	0.279302	0.581725	0.339184	0.796134	1.00459	0.446434	0.899549	1.14319	0.692973	0.971947	1.08508	0.687435	0.525277	0.643137	0.676
ihec.chipseq.ihec-chipseq-containerv1.1.4.IHECRE00000221.3.7d6e7c7b-090f-4b2a-a7ba-f833c718a8ac.fc.signal	0	0	0	0	0	0	0	0	0	0	0	0	0	0	0	0	0	0	0.39815	2.92833	3.03654	1.73648	1.35886	1.08398	0.136142	0	0	0	0	0	0	0	0	0	0	0.955
ihec.chipseq.ihec-chipseq-containerv1.1.4.IHECRE00003675.3.83112ba3-4a46-4bcb-b23c-b8a94da18e77.fc.signal	1.17732	1.567	2.0945	1.2307	2.19718	2.77932	0.903144	1.02987	1.57812	2.01861	0.810411	1.96498	1.20081	0.96028	1.81992	1.08338	0.879318	0.788208	1.14716	1.8521	1.8706	2.05568	1.98348	0.543766	0.533754	2.46264	1.0489	2.13888	2.48681	1.03059	3.51946	1.96031	2.37542	3.05351	4.60736	0.993952
ihec.chipseq.ihec-chipseq-containerv1.1.4.IHECRE00004884.1.cdb41994-86e2-4949-bf91-2378fd47bfa2.fc.signal	0	0.0679496	0.724796	0	0	0	0	0	0.334086	1.1269	0.900344	0.0169874	0	0.215174	0.922313	0.284534	0.359225	1.88404	0.797646	0.155984	1.32415	0.318314	0.536191	0	0	0	0	0	0.42783	0.274886	0	0	0.602323	0.588097	0	0.669747
ihec.chipseq.ihec-chipseq-containerv1.1.4.IHECRE00003692.4.3bf09a2c-baea-4256-b5b7-ae913b7ca17e.fc.signal	0.945826	0.262435	0.460635	0.259755	0.546727	0.841862	1.01571	0.522709	1.17225	0.667757	0.303336	1.08048	0.611797	0.51288	0.766834	1.3003	0.371455	1.05021	0	0.591368	0.800941	0.0903086	0.591303	0.397021	0.109051	0.385083	0.0289771	0.540175	1.94959	0.892975	0.977062	0.837897	0.61089	0.911932	0.547553	0.0552632
ihec.chipseq.ihec-chipseq-containerv1.1.4.IHECRE00000051.3.a62810ea-a4bd-4303-8d6a-2de025e97ead.fc.signal	0.117345	0.862822	0.851162	0.177455	1.21674	0.655677	0.468833	0.634908	0.730388	0.858212	0.37243	0.222499	1.0427	0.567409	0.240944	1.86017	1.54759	1.05003	0.212075	0.510957	0.473931	0.0925087	0	0	0.127327	0.477033	0	0.846813	0.372664	0.458122	0.563063	0.405906	0.593315	0.235452	0.691983	0.569956
ihec.chipseq.ihec-chipseq-containerv1.1.4.IHECRE00000315.2.e9fbad15-4a0e-4eb7-a1cb-5ed723b77040.fc.signal	0	1.06902	1.39291	1.88341	3.9752	2.59766	3.30302	1.23016	0	0.510629	1.97547	1.83719	1.83574	0.621779	0.675719	0	1.98919	3.45127	1.34247	0.457261	1.11436	0.581623	0.463808	1.19636	0.0560163	0.755437	0.913495	0.778571	0	2.33276	6.2011	3.43258	0.225956	0.763199	1.22092	0.481834
ihec.chipseq.ihec-chipseq-containerv1.1.4.IHECRE00000969.7.07e61421-b434-44b9-b0ec-8515d70faad3.fc.signal	0	0	0	0	0.716466	0	0	0.671668	0.0966316	2.3294	1.26117	0.313242	0	0	0.310196	0.11491	0	0.102494	0.0613641	0.981741	0.651308	0.0753795	0	0	0	0	0	0	0.496516	0.271567	0.628041	0.156097	1.24249	2.55522	1.97235	0.170564
ihec.chipseq.ihec-chipseq-containerv1.1.4.IHECRE00003679.3.9ac74a4d-9d70-4efc-945e-29c0f04f171f.fc.signal	1.10228	1.68419	0.834421	1.23483	1.73539	1.56947	1.70902	2.23593	2.68758	1.2823	0.583221	1.35065	1.1818	0.707528	0.380603	0.792836	0.546538	0.67276	1.07236	1.92577	0.660002	0.263743	1.30879	0.534392	0.326506	1.43578	1.01855	1.46508	2.11808	1.53765	2.58969	2.77875	1.3648	1.18126	1.45688	0.971648
ihec.chipseq.ihec-chipseq-containerv1.1.4.IHECRE00003680.3.f291fb29-a363-426c-a2c2-33a98c6182ef.fc.signal	0.272883	0.797327	0.701815	1.51539	1.84762	1.00398	1.76124	1.62574	1.87362	1.24895	1.12504	0.875052	0.752948	0.135575	0.393421	0.743273	1.23707	1.6185	0.430028	1.29655	0.512507	0	0.186397	0.239655	0.42065	1.26592	0.109173	0.726836	1.95707	1.61047	2.19342	1.62961	1.72931	3.37414	4.15544	0.966102
ihec.chipseq.ihec-chipseq-containerv1.1.4.IHECRE00003821.3.18c7c517-acd2-418c-a70e-986e331348db.fc.signal	0.76503	1.12017	1.62513	1.37642	1.68032	1.09568	0.630732	0.543747	0.899834	0.763045	1.45174	2.12275	1.32724	0.649923	1.75729	1.31095	0.807123	1.52854	2.29808	2.3279	1.32514	0	0	0	0	0	0.455807	0.749127	0.245353	3.3513	0.548447	0.217174	1.00932	1.81699	3.07662	0.0650407
ihec.chipseq.ihec-chipseq-containerv1.1.4.IHECRE00001009.4.25796c70-71fd-4536-b540-351ea027cd8b.fc.signal	0.373479	0.120478	0	0	0	0	0.234262	0.274421	0	0.651805	0.339817	0	0	0	0.0167104	0.216626	0.137608	0	0	0.0535459	0.504597	0.534036	0.924858	0.526015	0	0	0	0	0	0	0.0584877	0.309493	0.0328073	0.508635	0.897465	0.231788
ihec.chipseq.ihec-chipseq-containerv1.1.4.IHECRE00000121.3.6767ca98-deae-49f6-b4ac-75d0144cef28.fc.signal	0.43983	1.06165	1.82564	1.05011	0.614402	0.272705	0.732445	0.443066	0.641019	0.92168	0.706386	0.0392701	0	0	0.557109	0.504496	0.208407	0.679558	1.0647	1.58955	0.774798	0.276505	0	0.468308	0.155248	0	0	0	0.29317	1.17608	0.907187	0.416139	0.579668	0.662809	1.30898	0.941424
ihec.chipseq.ihec-chipseq-containerv1.1.4.IHECRE00003695.3.976830f0-f131-4dc5-bdfd-64d83fdc4635.fc.signal	0.807717	0.60882	0.110787	0.315357	0.384058	0.245514	0.0246912	0.410838	0.00415167	0	0	0.186391	0.156878	0	0	0.200719	0.641765	0.372348	0.353354	0.304314	0.0089978	0	0	0	0	0	0.21952	0.565252	0.133129	0.302618	0.302935	0.214006	0.253619	0.439532	0.00952079	0.333333
ihec.chipseq.ihec-chipseq-containerv1.1.4.IHECRE00003825.5.7e6f312b-3e7d-4ced-adc8-a790c0432db2.fc.signal	2.10643	1.87563	3.15529	0.537097	0.986076	0	0	1.12874	2.26324	0.67418	1.54008	2.99756	2.64097	1.3889	0.587449	0.159023	2.28685	1.32595	1.30736	1.39711	0.559062	0.073163	0.526583	0.394799	1.98047	1.79585	0	1.8042	1.41917	0	0	0	0.440587	0.748986	0.72095	0.607059
ihec.chipseq.ihec-chipseq-containerv1.1.4.IHECRE00001997.1.3ac72c63-5790-4eab-ab70-1f2408156b61.fc.signal	0	0.846332	1.14967	1.26679	0.507483	0.480882	0.781454	1.06368	0.49422	0.518727	0.720146	1.21731	0.940927	0.282111	0.537933	0.595949	0.0158829	0	0.344349	0.524932	1.62564	1.12941	0.49336	0.381869	0.608801	0.724641	0.942508	0.255542	0.465562	0.168159	0	0.619067	1.57514	0.375127	0	0.765152
ihec.chipseq.ihec-chipseq-containerv1.1.4.IHECRE00001315.1.5337f9d4-38ae-4c5a-8963-01aa95f9c5b5.fc.signal	0.222764	0	0.835525	0.704881	1.83746	1.50406	1.30546	1.46804	0.373861	0	0.273029	0.262096	0	0	0	0	0	0	0.171643	0.408746	0	0	0	0.0079952	0.600832	0.150435	0.583535	0.690214	1.01301	0.90093	1.43555	0.987958	0.222751	1.4773	1.17374	0.726387
ihec.chipseq.ihec-chipseq-containerv1.1.4.IHECRE00001887.4.92e33eb4-60fb-4aba-99b3-db60d30e791f.fc.signal	0.158979	0	0	0	0	0	0.204231	0.754193	0.468214	0	0.151873	0.380073	0	0	0	0	0	1.25695	0.466689	0.592468	0.665462	0.505308	0	0	0	0	0.316532	0.256617	0	0	0	0	0	0	0.0351108	0.543923
ihec.chipseq.ihec-chipseq-containerv1.1.4.IHECRE00001015.4.9280a4bd-15d9-4bff-baed-11156e36abac.fc.signal	0	0	0.292518	0.411999	1.14949	0.691125	0.898308	0.517516	0	0	0	0	0	0	0	0.117393	0.492317	0.0906195	0.427637	0.946562	0	0	0.352246	0.791027	0.257498	0	0	0	0	0	0	0	0	0	0	0.729508
ihec.chipseq.ihec-chipseq-containerv1.1.4.IHECRE00000304.2.a175b974-8d58-4ccd-883e-af1cca915c38.fc.signal	0.127013	0	0.417189	0.100315	0	0.0061128	0.467672	0.328484	0.499073	0	0	1.07124	0.452447	0	0	0.318687	0.169328	0.265804	0.427939	0	0	0	0	0	0	0.383485	0.508382	0.0978738	0.666788	0.855478	0.404763	0.560797	0.056601	0.0593821	0.613567	0.325329
ihec.chipseq.ihec-chipseq-containerv1.1.4.IHECRE00003835.4.bcf78771-4438-44b9-b60f-ce0703898bd2.fc.signal	1.1971	3.65043	3.54519	2.05749	1.50878	0.827752	0.843407	0.0898852	0	0	1.00635	4.22266	3.76224	2.70331	0.144713	1.15288	0.651152	0	1.22895	0.703993	0	0.328867	1.61467	0	0	0.0855123	3.69009	3.48388	0.549724	1.54545	0.258864	0	0	0	0	0.33198
ihec.chipseq.ihec-chipseq-containerv1.1.4.IHECRE00000159.3.1387b91f-3da3-46a2-9c26-4ff123bd6efb.fc.signal	0.362088	1.29394	0.985779	1.19727	0.529817	0.660815	0.593464	4.51472	1.11225	0	1.58568	0.68857	0	0	2.00949	3.77765	0.707671	1.30631	1.21806	0.831932	2.02287	1.91838	0.412198	0	0	0	1.26908	2.00033	0.30941	0.858763	2.18891	1.33163	0.0347715	0.810544	1.24685	0.669613
ihec.chipseq.ihec-chipseq-containerv1.1.4.IHECRE00003822.3.77ca98f2-545d-4aeb-bc0c-48db2083d121.fc.signal	1.51521	1.33032	1.84375	1.96808	4.07564	3.25945	2.43937	3.77702	2.28966	2.02486	1.11227	2.2454	1.28174	0.514525	0.247833	0.465244	1.10189	1.31236	0.132534	0.313384	1.69855	0.698845	0.51865	0.43717	0.628335	2.06677	1.86464	2.10907	2.283	1.84427	2.57701	3.72345	3.0444	4.02391	3.94619	0.30198
ihec.chipseq.ihec-chipseq-containerv1.1.4.IHECRE00000891.3.26bc37a9-c73c-42b9-835b-56fe5f674b6a.fc.signal	2.55742	3.04569	2.79605	2.72168	2.50783	2.84922	2.69276	3.05115	3.0046	0.784188	3.13005	2.90457	1.40745	2.48366	3.40544	1.58639	1.85004	2.65948	1.75206	0.864171	0.611991	0.552356	0.0455874	0.249484	1.43313	0.980235	1.0498	2.26154	3.16235	1.89739	2.51936	4.54429	3.68006	4.10253	3.80764	0.30306
ihec.chipseq.ihec-chipseq-containerv1.1.4.IHECRE00000174.3.b164f810-2e27-4827-b5c8-f5006a5eea9e.fc.signal	1.11239	0.726008	0.202607	0	0.0308361	0.569972	0.742625	0.814814	1.15081	0.183065	0.646973	1.05765	0.133025	0.677193	0.378111	1.23097	0.831293	1.38868	1.10555	0.738387	0.330752	1.49379	1.63211	0.735297	0.249167	1.12512	0.944128	0.180069	0.295667	1.00831	0.730873	0.710213	0.789804	1.07323	1.55145	0.726157
ihec.chipseq.ihec-chipseq-containerv1.1.4.IHECRE00003836.3.5c9cb736-993f-45fe-be70-bfabfbcef3f6.fc.signal	0.481279	1.58209	1.20802	0.155948	0.245747	1.42737	1.94562	1.81895	0.427559	1.05732	1.48583	1.91899	1.27228	1.60545	0.773507	0.55645	1.19763	0.778871	0.0480076	0.290998	0.573416	0	0	0	0	0	0	0.654716	1.83736	0.869756	1.10818	1.35629	0.302037	0.544333	1.76674	0.111789
ihec.chipseq.ihec-chipseq-containerv1.1.4.IHECRE00000310.2.3163c9b1-c09d-4c99-b14d-83694fc83b45.fc.signal	0	0.0780724	1.00608	0.681905	0	0	0.585848	0.445063	0.749852	0.232601	0	0	0	0.0464737	1.73397	1.01533	0.144417	0.621567	1.02578	0.243838	0.984084	0.121995	0.130497	1.019	0.459586	0.754947	0	0.239102	0.629596	0.910076	0.655335	2.00947	0.356298	0	0	0.349289
ihec.chipseq.ihec-chipseq-containerv1.1.4.IHECRE00001017.4.30e59caf-785d-487c-b9fe-57d52b0872ee.fc.signal	0.257476	0.371767	0.710883	0.68451	0.753485	0.556469	0.665472	0.453406	0.29641	0.687022	0.141926	0	0.041448	0.609148	1.00353	0.508346	0.47099	0.464711	0.575236	0.653111	0.057776	0.317763	0.781218	0.216085	0.091688	0.216031	0.327809	0.023864	0.391866	0.589054	0.740692	0.569966	0.0954776	0.545949	1.083	0.632812
ihec.chipseq.ihec-chipseq-containerv1.1.4.IHECRE00000718.3.4124a800-a44d-4bfe-b76a-06de52b79d79.fc.signal	0.64558	0.502329	0.543153	1.21432	0.380674	0.582077	0.673893	1.43789	0.499504	0.338082	0	0.0902474	0.283662	0.243347	0.241737	0.106528	0.296526	0.339017	0.318518	0.721733	0.682938	0.819329	1.07008	0.918366	0.33264	1.55101	1.14021	0.66898	1.27809	1.55187	2.37506	2.42209	1.77979	1.37439	1.68182	0.832193
ihec.chipseq.ihec-chipseq-containerv1.1.4.IHECRE00003824.4.96c109c2-5b12-4d08-bc59-f48ccc7c2f4a.fc.signal	1.30338	1.89239	2.26742	1.35202	1.98177	0.0995258	0.228701	0.333638	0.577645	0.727794	0.251643	1.13034	2.26743	0.540318	0.370293	0.661884	0.156924	0.271056	0.518089	0	0.379019	0.403401	0	0	0.0360253	0.482917	0.156076	0	0.449663	0.874655	1.84337	2.17466	1.56745	2.30138	1.56579	0.478731
ihec.chipseq.ihec-chipseq-containerv1.1.4.IHECRE00001326.1.567f2eaa-fb2e-4531-aa24-4f23ad86e52a.fc.signal	1.18582	0	0	0	2.04272	1.20269	0.861233	1.50329	0.328012	0.324887	0.747636	0.550544	0.930627	0.931786	0	0	0	0.565624	0.283047	0.853728	0	0	0	0	0	0.468329	0.202633	0.521692	0.532479	1.79054	1.44987	0.0476635	0.752692	0.63373	0	0.800401
ihec.chipseq.ihec-chipseq-containerv1.1.4.IHECRE00001908.1.6595c262-e2a7-4360-ae08-dca9de90347a.fc.signal	0.616602	0.205029	0.766354	0.775472	0.731477	0.675022	0.0339038	0.356936	0.61017	0.955076	0.587021	0.151499	0.324618	0.124792	0.361253	0.155875	0.730607	0.775187	0.417312	0.560071	0.312363	0.458756	0.204028	0.0804813	0.369233	0.54472	0.616511	1.60263	1.34582	1.94679	3.01909	1.21095	1.45205	2.33351	1.67138	0.854678
ihec.chipseq.ihec-chipseq-containerv1.1.4.IHECRE00001526.1.0e718f27-6389-4dde-bde1-b61702fbbf81.fc.signal	0	0.268876	1.65866	0.898569	0.250324	0.178285	0.723367	0.670143	0	0	0.474408	1.3016	0.322417	0.425818	0.350505	0	0.0111141	0.568423	0.734247	0.466436	0.00347307	0	0.37711	0.224635	0	0	0.300882	0.796448	1.51201	1.81694	1.41233	0.48537	0.807578	2.42624	2.64692	0.720755
ihec.chipseq.ihec-chipseq-containerv1.1.4.IHECRE00000267.2.83b76978-8097-4426-aba6-f18a95ee8a93.fc.signal	1.13697	0.8393	0.972135	1.50625	1.19093	1.16873	2.04054	2.00611	1.10904	0.753414	0.993649	2.49886	1.56478	1.7258	1.25105	1.01708	0.915119	0.737606	1.83432	1.97681	1.67231	0.982814	1.11455	1.0707	1.53765	1.17669	1.31648	2.23437	2.09406	2.5553	3.00219	4.38547	2.86792	2.05519	2.439	0.921495
ihec.chipseq.ihec-chipseq-containerv1.1.4.IHECRE00001916.1.f84a631d-885b-4535-bad7-e4cb346c7bb1.fc.signal	0.676518	0	0.539459	1.58294	0.385975	0.905823	0	0	0.123162	0.59974	0.321877	1.31402	0.58183	0	0.443986	0.287251	0	0.744861	0.731753	1.0097	1.21458	0	0.426792	0.497848	0.118862	0.57969	0.207195	0	0	0.291724	0.516864	0.614009	0.910552	0	0	0.251522
ihec.chipseq.ihec-chipseq-containerv1.1.4.IHECRE00001012.4.9fd4b387-15fe-4e26-8d53-15d3dbb86837.fc.signal	0	0.135514	0.497468	0.368018	0.266983	0.10922	0.529794	0.0950622	0	0.224509	0.370088	0.958546	0.446914	0.0020226	0	0	0.388278	0.347857	0.436492	0.337896	0.332056	0.300304	2.16842	1.12236	0.15574	0.572245	0.0323616	0	0	0.121356	0.748194	0.465086	0.133519	0.559801	0.662498	0.453552
ihec.chipseq.ihec-chipseq-containerv1.1.4.IHECRE00000683.3.328e5ec6-9c03-4ff6-adba-ab4b4d0abd9b.fc.signal	0.583254	0.4378	0	0.0752854	0.695103	0.272953	0.893906	2.02959	0.66631	0.166192	0.515896	0.115276	0.784224	0.563284	0	0	0	0	0.676629	1.8362	0.785299	0.45808	0.46243	1.34818	0.172659	1.12754	0.734313	0.276371	0.931711	0.538194	1.32128	1.57922	1.78646	1.81652	1.15027	0.804798
ihec.chipseq.ihec-chipseq-containerv1.1.4.IHECRE00001246.1.32f3ac57-7b9e-4a64-9c91-902a000688fe.fc.signal	0.299397	0.708606	0.47869	0.678726	0.618853	0.235246	0.757103	0.682233	0.512919	0.418243	1.20506	0.421224	0.311305	0.463494	0.465253	0.860358	0.515945	0.318729	0.228131	0.956545	1.32669	0.683352	0.418872	0.34785	0.166828	0.431624	0.44902	0.228507	0.645299	0.71581	0.33375	0.44877	0.892911	1.33081	0.618916	0.939864
ihec.chipseq.ihec-chipseq-containerv1.1.4.IHECRE00001518.1.19ef5b88-8aca-40d7-ba6e-e2093039b88a.fc.signal	0.807187	0.827766	0.293073	0.739277	0.736736	0.544699	1.73228	2.09129	1.36802	0.92327	1.11122	0.423363	0.0646339	0.336452	0.914511	0.909315	0.875265	0.669831	0.337382	0.624874	0.558314	0.836356	0.657969	0.734623	0.386021	0.588412	0.525126	0.54362	0.501715	0.696332	2.41153	2.56751	1.39644	0.393538	0.0431884	0.376535
ihec.chipseq.ihec-chipseq-containerv1.1.4.IHECRE00001957.2.0bd574cb-6c79-4f0e-a131-98ee1a6088f8.fc.signal	0.238874	0.290145	0.60409	0.526323	1.36912	0.954628	1.3623	0.983864	0.409622	0.295148	0.138414	0.923015	0.0997206	0.713529	0.439327	0.82528	0.475108	0.380763	0.68365	0.809741	0.915473	0.191345	1.01091	1.15812	0.841918	0.626088	0.756474	1.10726	1.14798	1.58926	1.34989	0.396487	0.670917	0.815521	0.425689	0.84312
ihec.chipseq.ihec-chipseq-containerv1.1.4.IHECRE00000277.2.6f1c9091-fd70-44a8-b612-a333084af5aa.fc.signal	1.45953	0.513905	0.276876	0.384509	0.507653	0.577696	1.16303	0.280617	0.182861	0.559764	0.0975208	0	0.537289	0.300773	1.24494	0.716254	0.477456	1.6966	1.6459	2.14507	0.559268	0.841811	0.833686	0.712582	1.21448	0.916399	0.16336	1.32799	0.736386	0.434523	0.880293	1.04794	2.06441	0.557304	0.65943	0.648438
ihec.chipseq.ihec-chipseq-containerv1.1.4.IHECRE00001234.5.14b492d4-c6bc-4de9-9d1e-b66fe87b0774.fc.signal	0	0	0	0	0.0413457	0.432338	0.315957	0.349414	0.28104	0.625619	0.531551	0	0	0	0	0	0	0	0.375065	1.05624	0.00491027	0.274654	1.139	0.103364	0	0	0	0	0	0	0	0.301233	0.481382	1.20203	1.88875	0.263374
ihec.chipseq.ihec-chipseq-containerv1.1.4.IHECRE00000101.3.31b03180-586e-4b42-aa9e-2a124599ee9d.fc.signal	1.39265	0.968604	0.193443	0.0581045	0.2161	0.643426	0.468637	1.00869	0.426053	0.174676	1.05206	0.564304	0.378677	0.153761	0.711654	0.130806	0.552202	0.475794	0.113388	0.581113	0.614286	0	0	0	0.21342	1.91964	2.16012	0.887947	0.533956	0.816996	0.655065	0.0395592	0.21342	0.930957	0.732402	0.780936
ihec.chipseq.ihec-chipseq-containerv1.1.4.IHECRE00001004.4.11ad2674-be5c-41ad-b54e-80291c85aeb3.fc.signal	0	0	0	0	0	0	0	0	0	0	0	0	0	0	0	0	0	0	0	0.263339	0.987579	0.833942	1.18706	0.538716	0.079792	0	0	0	0	0	0	0	0	0	0	0.343905
ihec.chipseq.ihec-chipseq-containerv1.1.4.IHECRE00001467.1.53674f07-2dec-46cd-b734-95bc5db63053.fc.signal	0.0262507	0	0	0	0	0.405225	0.265763	0	0.483046	0.334094	0.876657	0.369961	0.146065	0.827095	0.364454	0.135347	0	0	0.0934384	0.910173	0.595758	0.595927	0.035337	0	0	0	0	0	0.153226	0.41199	0.513325	0.582346	0.301898	1.13835	0.581109	0.752475
ihec.chipseq.ihec-chipseq-containerv1.1.4.IHECRE00003830.4.1d911208-29b2-4159-abb9-21b476db4aa7.fc.signal	0	0.290748	3.76207	1.23346	0	0.720379	1.61983	1.62994	1.39208	1.27758	0.986817	0.889862	1.75327	1.51539	1.12774	0	0.750442	1.05942	0	0	0	0	0.969092	1.65505	0	0.23527	1.88152	0.502219	1.76237	3.56804	3.20026	3.30312	2.47571	1.1071	0	0.326525
ihec.chipseq.ihec-chipseq-containerv1.1.4.IHECRE00003845.2.fa3c8e36-edcb-4649-9a8e-5dec7e1c367c.fc.signal	2.84339	2.34787	3.47228	2.63662	3.78093	3.64241	2.1524	2.33242	1.89926	2.62797	2.91548	1.63471	2.72677	2.23022	1.88395	2.3722	1.67826	2.50203	1.58567	1.25206	1.42232	0.957997	1.48534	0.329158	0.521208	1.71659	1.18315	2.63169	3.5237	2.74025	4.92494	3.79964	3.23407	3.41244	2.33406	0.288322
ihec.chipseq.ihec-chipseq-containerv1.1.4.IHECRE00000285.2.6cc0e9ae-5c89-42a6-9532-1101bca67655.fc.signal	0.471274	0.655449	1.90076	0.624675	0.962319	0.964911	0.394515	0.315157	0.331011	0.660271	0.520532	0.440734	0.0365557	0	0.0487653	0.447442	0.655085	1.80412	0.327182	0.380721	1.25751	1.28274	0.228447	0.854771	0.221	0.864068	0.537583	0	0.353944	1.36453	1.09719	0.383924	0.704751	1.89346	1.4275	0.502839
ihec.chipseq.ihec-chipseq-containerv1.1.4.IHECRE00000226.3.c58b6cf5-4f66-4ab2-bb25-cde31b2aa0eb.fc.signal	0	0	0	0	0	0	0	0	0	0	0	0	0	0	0	0	0	0	0.54684	1.47468	0.93883	0.201559	0.794749	1.3157	0.393479	0	0	0	0	0	0	0	0	0	0	0.474946
ihec.chipseq.ihec-chipseq-containerv1.1.4.IHECRE00000284.2.c89108d5-e64a-472c-aa03-21ba6f595903.fc.signal	0.482078	0	0.355829	1.16436	0.878129	0.702946	0.563736	0.782324	0.415837	0.542727	1.46695	0.668755	0.245234	0.469457	0.302677	0.735846	0.99971	0.890164	0.586384	1.3653	0.851943	0.368666	0.254111	0.353416	0.117289	0.519788	0.697594	0.373318	0	0.961713	1.57601	0.754468	1.20148	1.29442	2.48284	0.650914
ihec.chipseq.ihec-chipseq-containerv1.1.4.IHECRE00000339.2.661eb5d7-e490-45e2-a8f4-f36ea8a48c60.fc.signal	1.00673	0.129431	1.0256	0.0437138	0	0.827402	0.232458	0	0	0.0475244	2.0313	0.65778	0	1.00332	1.5114	0	0.790981	0.208616	0.734416	1.50181	0.586134	0	0	0	0	0	0.0834446	1.52893	0.77694	0.469606	0.220535	1.9663	0.533573	0.580153	0.619578	0.490476
ihec.chipseq.ihec-chipseq-containerv1.1.4.IHECRE00000152.3.9a3cfb88-6d7d-4b7c-9d6d-96e940ce08cf.fc.signal	0	0	0	0	0	0	0.728371	0.475566	0.0939587	1.28736	0.00432907	0	0	0.0818861	0.431503	0.274966	0.936227	1.12221	0.281526	0	0	0.259345	0.58079	0.504694	0.567637	0.124603	0	0.382609	0.637529	0.643794	0.297098	0.0351686	0.303743	0.287955	1.31578	0.604037
ihec.chipseq.ihec-chipseq-containerv1.1.4.IHECRE00001909.1.245ee420-3705-4794-9ed7-05083df48af9.fc.signal	0.684935	0.730224	0.433702	0.867793	2.22647	1.08232	1.59119	2.07724	0.980618	0.296771	0.508094	0.837658	0.598425	0.386194	0.442391	0.315102	0.979277	1.77734	0.7228	1.55821	1.03261	0.662147	0.811981	0.884099	0.509134	0.589179	0.194636	1.00291	2.59486	2.11367	1.34891	0.680208	0.730521	0.705113	1.78905	0.361817
ihec.chipseq.ihec-chipseq-containerv1.1.4.IHECRE00001379.1.e9be263a-2a4a-4fbf-9846-1e223e21eceb.fc.signal	0.48808	0.119304	0.0318881	0.320749	0.129463	0.367682	0.907306	0.887821	1.31344	1.15851	0.396164	0.381552	0.0945021	0.119109	0.336114	0.250071	0.853031	0.979632	0.45796	0.251632	0.240265	0.249086	0.141824	0.253738	0.661482	0.242693	0.636817	0.600558	0.678921	0.883244	0.753313	0.221091	0	0.525235	1.1558	0.561567
ihec.chipseq.ihec-chipseq-containerv1.1.4.IHECRE00000866.3.0925b7f7-7c86-40ca-bdc0-1ca853709a23.fc.signal	0.644	0.457204	0.665389	0.698248	1.49036	2.85155	0.716363	0.247586	0.13482	0.0170615	0.595334	0.851252	0.617556	0.27705	0.670024	0.802152	0.0139904	0.377957	1.43633	2.38128	2.16465	0.508589	0.577889	2.1853	1.21909	0.405703	0.367139	1.07377	1.06597	0.917146	1.05734	1.46028	1.38059	1.8994	2.02914	0.810581
ihec.chipseq.ihec-chipseq-containerv1.1.4.IHECRE00000301.2.f63af210-578b-4bbd-a348-e18bcc93f7a3.fc.signal	0.281937	0.59898	0.704323	0	0.711786	1.35512	1.79493	2.30558	0.511641	0.156674	0.458712	0.0416058	0	0	0	0	0.615031	1.34301	0.255541	0.886485	1.06173	1.47284	0	0.812475	0.70745	1.80738	0.295971	0.746885	0.222488	0.857874	0.582462	0.467504	0.882255	0.90315	1.00593	0.567881
ihec.chipseq.ihec-chipseq-containerv1.1.4.IHECRE00003683.3.9d98dd69-4d9c-4c81-bc8f-9c0f23e13a7b.fc.signal	0.555877	0.0549977	0	0	0	0.277355	0.420882	0.2534	0.317666	0	0	0.11196	0.503626	0.0036574	0.336545	0.11262	0	0	0	0	0	0	0	0	0.029463	0.56177	0.0373198	0.0903533	0.685516	0.481236	0	0.539566	0.746408	0.597126	0	0.355049
ihec.chipseq.ihec-chipseq-containerv1.1.4.IHECRE00001378.1.0fecda09-3e67-46f5-9229-720f600c0eed.fc.signal	2.2579	0.155647	2.77055	2.23389	0	0.541935	0.707104	1.67504	1.65771	1.36085	0.548854	1.37091	1.583	0.403633	0.682702	0.504687	0.914898	2.01324	2.46352	2.62068	1.16357	2.01851	0.984937	0.883029	1.64758	2.14019	0.198176	0.607766	0.956417	1.15309	1.04171	1.89206	0.988333	0.210029	0.930133	0.64415
ihec.chipseq.ihec-chipseq-containerv1.1.4.IHECRE00001014.4.25d46380-43d3-437b-8e36-9163ff0c4c1c.fc.signal	0	0	0.128987	0.543388	1.09492	0.411661	1.37209	0.290903	0	0	0.203086	0.277184	0.225041	0.551628	0.64626	0.0133133	0	0	0.306004	0.899	1.23435	0.015976	0	0.0329328	0.433616	0.447338	0.172897	0.627819	0.20583	0.200765	1.00131	0.455572	1.08121	0.234921	0.386787	0.720339
ihec.chipseq.ihec-chipseq-containerv1.1.4.IHECRE00001958.3.3cd86255-36f1-4b55-a6a7-d6b5647cff3a.fc.signal	1.04674	0.870983	1.34703	1.13193	0.513142	0.821224	0.36384	0.831405	0.5966	0.415011	0.284711	0.885158	0.389831	0.428743	0.647656	0.41268	0.313267	0.468555	0.616755	1.06625	0.36557	0.441552	1.45495	0.590301	0.446759	0.437582	0.166233	0.633185	1.41732	1.03408	0.864202	0.624955	0.760535	0.783673	0.585267	0.761391
ihec.chipseq.ihec-chipseq-containerv1.1.4.IHECRE00000177.3.3d6a9515-43c7-44fc-85d7-9f3ee3c4083d.fc.signal	0.919224	0.43725	0.536522	0.499592	0.602335	0.722247	0.189009	0.55019	0.242631	0.130536	0.786677	0.548879	1.17332	0.416858	0.440542	0.482892	0.879309	0.317789	0.303104	0.684273	0.399455	0.365822	0	0	0.450583	1.22451	0.800851	0	0.257637	1.35553	1.83164	2.88376	0.882792	0.552386	0.06322	0.738767
ihec.chipseq.ihec-chipseq-containerv1.1.4.IHECRE00000728.1.a576b355-9f1b-4be4-8c29-c0a8e58c48ba.fc.signal	3.18653	2.2221	2.46493	2.32288	2.55994	2.67642	3.19067	2.94203	3.42835	1.99411	2.67735	2.85243	1.94847	1.14197	1.20308	3.05417	1.79354	1.52826	1.62642	3.92547	2.60412	1.36473	1.88349	2.2149	2.67576	2.26434	1.21365	1.7153	2.39075	2.51038	2.85456	3.18499	2.11668	3.58994	4.33085	0.366521
ihec.chipseq.ihec-chipseq-containerv1.1.4.IHECRE00001006.4.4df2c7bd-b09a-4678-b17a-5a2c30bd16ff.fc.signal	0	0	0	0	0.122496	0.371196	0.947192	0.988391	1.26207	0.443764	1.25058	0.259341	0	0	0.0403359	0.607497	0.260987	1.40489	0.266238	0.239686	1.80702	1.26786	2.80951	0.780879	0	0.334211	0.400478	0.717514	0.449504	0	0	0	0.260599	0.435913	0	0
ihec.chipseq.ihec-chipseq-containerv1.1.4.IHECRE00002076.1.483aa0c8-5543-4e25-b16f-2f222c5a2d5b.fc.signal	0.176529	0.408314	1.29293	0.493356	1.47621	0.310479	0	0	1.21724	0.911897	0.945495	0.477531	0	0.853553	0.825568	0.22737	0.623678	1.24521	0.795927	0.906319	0.248579	0.827731	1.07954	0.0818343	0	0.541081	0.221888	0.201604	0.634754	0.896236	0.24404	1.13961	0.568736	0	0	0.785185
ihec.chipseq.ihec-chipseq-containerv1.1.4.IHECRE00002058.1.0fc0f90b-b2ac-4c17-952e-d39560131bf4.fc.signal	0.457533	0.155028	0.769575	1.17919	0.955299	1.02385	0.615521	0.652955	1.19506	0.372074	0.425897	0.569244	0.804473	0.0997013	0.0352789	0.372613	0.330927	0.587759	0.372106	0.729337	1.00928	0.42343	0.438788	0.266964	0.241672	0.179183	1.08822	0.964861	0.476433	1.36257	0.650345	0.210634	0.262972	0.387129	0.927383	0.707006
ihec.chipseq.ihec-chipseq-containerv1.1.4.IHECRE00000743.1.09e06815-2793-4e11-8820-4681b880b4c1.fc.signal	4.04992	3.66898	4.93426	5.51391	3.64574	4.06664	2.83299	2.91199	3.71075	2.22284	1.45874	2.48097	3.21323	2.27682	3.0852	2.31658	1.83737	2.02847	1.10929	1.2298	2.69814	2.61803	2.08489	1.30387	0.515917	1.65301	1.46895	2.78306	3.73514	5.54288	4.13691	4.68655	4.55686	4.17157	3.47745	0.213481
ihec.chipseq.ihec-chipseq-containerv1.1.4.IHECRE00000738.3.67a5e32d-33dd-4f32-920b-c5d14568aeea.fc.signal	1.20685	3.18413	5.03313	3.24465	2.98571	1.59793	2.08881	4.45907	3.05737	2.17976	3.67846	3.77874	1.41221	2.50421	2.62845	1.08158	0.705854	1.94343	1.0424	3.5576	1.71741	2.05012	1.43232	0.0973949	0.782481	0.37602	2.1095	2.93001	4.05502	3.47068	7.52808	3.01985	4.274	3.4383	4.74807	0.275956
ihec.chipseq.ihec-chipseq-containerv1.1.4.IHECRE00004905.1.68af8a6c-0e3d-475b-8b36-e8635e2eb67e.fc.signal	1.81022	0.121893	0.9142	1.43426	1.12361	0.693664	0.402351	0	0	0	0	0	1.48109	1.64564	0.918362	1.19318	2.0544	0.773935	0	0	0.0279356	1.15724	1.28602	0.169056	0.87708	0.271719	0.473406	2.29774	1.7066	1.59079	0.54852	2.06008	1.65784	0.605433	1.76444	0.561703
ihec.chipseq.ihec-chipseq-containerv1.1.4.IHECRE00001013.4.0a2cbc1f-05a1-4b3e-8b80-47b4f56057cd.fc.signal	0.170363	0.160572	0.648172	0.500472	0.120294	0.120679	0.146323	0	0.389688	0.759792	0.589425	0.845949	0.107701	0.505223	0.509194	0.804818	0.349569	0	0	0.199736	0.68538	0.407309	0.205614	0.440602	0	0	0.227155	0.419062	0	0.0528714	0.712795	0.833668	0.963444	0.0078328	0	0.323974
ihec.chipseq.ihec-chipseq-containerv1.1.4.IHECRE00001918.1.c154a44f-91a2-4062-881d-72e98844dc88.fc.signal	0.0851274	0.834558	0.112589	0.117067	0.596913	0.348738	0.695792	0.326704	0.537151	1.42491	0.467662	0.547068	0.389215	0	0	0	0.572411	0.419231	0	0	0	0	0.835248	0.232879	0	0.987806	0.70066	1.263	0.0959295	0.0783757	2.29187	1.22288	0	0	0	0.321658
ihec.chipseq.ihec-chipseq-containerv1.1.4.IHECRE00000348.2.ebee7a5f-3411-4595-bc73-d0dfa8919fd3.fc.signal	0.635789	0.773776	0.83346	1.44166	0.836804	1.21752	2.05189	1.15478	0.385956	1.20969	0.83249	0	0	0	0	0	0	0.579649	0.67637	0	0	1.40105	1.77083	1.02603	0.329615	1.37617	1.49053	0.947343	0.96907	0	0.883133	2.13108	0.598318	0.557135	1.04746	0.390773
ihec.chipseq.ihec-chipseq-containerv1.1.4.IHECRE00000808.1.8af206b7-e06b-4314-a764-ad70944f0481.fc.signal	2.25715	2.46005	2.04631	2.79545	2.93645	3.14434	4.45627	3.47128	2.12547	1.60685	3.75142	4.25024	2.0242	2.70718	1.72273	1.50289	0.795593	0.969136	0.540918	1.38795	1.89745	0.668644	1.76554	0.447953	1.70114	2.76408	2.42126	1.2468	1.26364	2.09731	2.9815	2.82987	2.7708	3.03582	1.67574	0.364264
ihec.chipseq.ihec-chipseq-containerv1.1.4.IHECRE00001011.4.50bed74b-26a1-4f2d-ace1-0725fd1277d8.fc.signal	0	0	0	0	0	0	0	0	0.242666	0.595621	0	0	0	0	0	0	0	0	0	0.107729	0.239829	0.424001	0.133792	0	0	0	0	0	0	0	0	0	0	0.405921	0.82727	0.575397
ihec.chipseq.ihec-chipseq-containerv1.1.4.IHECRE00000709.3.6a6e5234-23fa-41fc-9f41-6ee555b180c8.fc.signal	0	0.082516	0.846622	0.0862355	0.13822	1.1689	0.600413	0.498106	0	0.716488	2.58564	0.629742	0	0	0.0724625	1.61124	0.529846	1.28594	1.31991	1.88003	0.111293	0.626197	0.372962	0.763252	0.216968	0	0.269858	1.68046	0	0.330218	0.6858	0.63806	0.835627	0.43526	1.2301	0.633803
ihec.chipseq.ihec-chipseq-containerv1.1.4.IHECRE00000265.2.912f6612-6de1-47ac-b2cb-b08fbdb6d93b.fc.signal	0.0973241	0.200653	0.0100459	0.244239	0.299374	0.639374	0.597085	0.937676	0.494023	0.734864	0.498362	0.43323	0.0925939	0	0.243691	0.216992	0.582046	1.13786	1.22622	0.444038	0.277073	0	0.0964377	0.305456	0.0563491	0.166619	0.925367	0.63055	1.41695	1.69477	1.69931	0.467503	0.970117	0.607362	0.32701	0.606003
ihec.chipseq.ihec-chipseq-containerv1.1.4.IHECRE00003838.5.15c4be13-1cb6-4f0a-9012-ac7bfa4a2475.fc.signal	0	0	0.172531	0.828989	0.256474	0	0	0.719579	2.65108	1.58054	1.36607	0.596818	1.16732	1.83345	1.77606	0.840171	0.518715	0.901441	0.057435	0	0	0	0.160511	0.661615	0.426081	0	0.218543	1.17658	0.452529	0.874395	0.566686	1.37391	0.134601	0	0	0.529412
ihec.chipseq.ihec-chipseq-containerv1.1.4.IHECRE00003685.2.cb8ce07d-5bf2-4abf-a883-851526414fcb.fc.signal	0.327997	0.174199	0.29661	0.456685	0.312304	0.420483	0	0	0.0879357	0.263189	0.117268	0	0	0	0.161233	0.12061	0.0881507	0	0	0	0	0	0	0	0	0	0	0	0	0	0.0156933	0.717268	0.819315	0.799919	0.899909	0.364322
ihec.chipseq.ihec-chipseq-containerv1.1.4.IHECRE00003833.4.ec16fc35-ccb2-4f91-92dd-1cc5fac441b7.fc.signal	1.86981	1.40079	1.24773	0.990881	0.49185	0.26242	0.323208	0.395622	0.665613	1.50564	0.817127	1.19651	0.708732	0.210834	0.965561	1.89328	1.44586	2.26	1.65114	0.691906	0.77127	0.237125	0.676609	0.209609	0.195945	0.631604	0.702478	0.137578	0.644113	1.30699	1.07352	0.389804	0.481522	0.846313	2.56724	0.656297
ihec.chipseq.ihec-chipseq-containerv1.1.4.IHECRE00003829.4.8d269671-1194-421c-8d53-c81f23ee5f40.fc.signal	2.98031	3.50581	0.793339	1.2025	1.79781	0	0	0	0	0	0	0	0	0	0	0.0244276	3.00531	0.564256	0	0.702445	0.945006	0.208343	0	0	2.27539	4.84873	0	0	0	0	2.83374	0.83057	0	0	0	0.517674
ihec.chipseq.ihec-chipseq-containerv1.1.4.IHECRE00002005.1.1ff1e0cf-fe7a-4485-b51f-e180baac3300.fc.signal	0	0	0.644859	0.867443	0.414703	1.29749	0.72106	0.147151	0.731659	0.691741	0.0960366	0	0	0.268484	1.69174	0.806921	0.0969121	0.105818	0.326033	1.31425	1.09494	0.395471	1.03074	0.527718	0	0.689814	0.642785	0.133348	0.207054	0.459448	0.557697	0	0.468236	0.649124	0.0799547	0.712418
ihec.chipseq.ihec-chipseq-containerv1.1.4.IHECRE00003832.2.1f43525d-0a83-4caf-ad11-becd1d0bf5b9.fc.signal	3.52156	2.41833	2.99313	2.01693	1.3281	2.47611	2.4284	2.93378	3.30138	3.74706	1.41959	2.30466	0.640381	1.03815	2.95136	1.46398	0.860725	1.28913	0.565794	1.91924	1.45835	0.135166	0.403417	0.252175	0.114992	0	0.0242088	1.04908	1.7999	2.76457	3.15156	4.82129	2.67874	2.82442	2.96482	0.173934
ihec.chipseq.ihec-chipseq-containerv1.1.4.IHECRE00000195.3.d7bae694-a963-49c0-91a4-12894b97ce77.fc.signal	0.726435	0.355053	0	0.179781	0.685394	0.563983	1.1	2.1171	1.46473	0.0292152	0	0	0.0390691	1.2672	0.233668	0.852684	0.683803	0	0	0	0	0	0.332378	1.05954	0.418007	0.37282	0.235036	0.521004	0.0784315	0.409305	1.06005	1.21027	0.426876	0.383698	0.414669	0.889944
ihec.chipseq.ihec-chipseq-containerv1.1.4.IHECRE00000734.3.6ccbc7fb-c4ab-455f-9ca2-ab402f33bf16.fc.signal	3.76308	4.26153	8.10161	5.08346	6.12762	3.75368	4.97767	4.96431	4.54018	1.65976	2.54728	3.90358	4.12188	3.34037	2.2522	4.78731	1.87856	2.16461	1.65459	2.63402	1.86903	1.73104	1.63025	1.34029	2.11427	3.79919	2.80122	3.83557	5.9769	5.11239	8.59683	6.30446	5.13011	3.53511	4.61361	0.271216
ihec.chipseq.ihec-chipseq-containerv1.1.4.IHECRE00001936.1.2c3a006d-4902-4554-a0ba-f4040c3979e5.fc.signal	0.53031	0.356019	0.218558	0.286374	0.408918	0.822685	0.440039	0.789551	1.031	0.363866	0.4117	0.817733	0.67518	0.46154	0.922427	0.827227	1.11948	0.685146	0.812025	0.593458	0.595063	0.353994	0.929978	1.30175	0.451669	0.304536	0.769499	1.00552	0.831619	0.337718	1.22893	0.971621	0.454678	1.08879	0.988393	0.889787
ihec.chipseq.ihec-chipseq-containerv1.1.4.IHECRE00000972.6.cf621cfe-3687-4632-9cb9-1d96c4cbf6b0.fc.signal	0	0	0	0.257602	0.0537059	0	0.0505871	0.557096	0.0333756	0.73813	0.325942	0	0	0	0	0	0.120106	1.03946	1.72992	0.472798	0	0.377108	0.707658	0	0	0	0.211379	0.477448	0	0	0	0.692206	0.446479	0.505158	0.83435	0.747191
ihec.chipseq.ihec-chipseq-containerv1.1.4.IHECRE00000353.2.7feba782-dce7-436b-94de-23dd85e832eb.fc.signal	0.0830664	0.179	0.394439	1.52532	1.25804	0.164106	1.88467	2.11946	1.70975	0.861763	0.556736	0.230707	0.522528	1.25754	2.37379	0.824626	0.501447	1.19548	0.870055	0.25399	0.0164757	0.609233	0.583543	0.0775121	0.947815	1.85698	1.72983	0.0949489	0.321682	0.510384	1.00639	2.05464	3.567	2.48643	0.916178	0.593089
ihec.chipseq.ihec-chipseq-containerv1.1.4.IHECRE00000308.2.5d1b7c48-8f4b-4d82-81db-8c83f87afb83.fc.signal	0.15812	0.172408	0.202082	0.434768	0.879101	0.755402	0.192141	1.72809	1.05187	0.0445471	0	0.164087	0.447628	0.45521	0.459911	0.24266	0.498133	0.713764	0.601464	0.746756	0.881246	0.106928	0.0434544	0.29229	0.226918	0.878128	0.558468	0.65929	0.409016	1.5658	0.822923	0.564108	0.542076	0.909851	0.686071	0.636354
ihec.chipseq.ihec-chipseq-containerv1.1.4.IHECRE00003837.4.b0a69b43-094d-48ec-bc60-f9af8670e969.fc.signal	2.11006	0.258587	1.8773	0.44394	0	0.215683	2.13792	3.86141	0.869423	0	0	1.26012	2.5591	1.1679	0	2.23062	2.89836	0	0	0	0	0	0	0	2.86559	4.43974	0.633197	3.17515	2.09659	1.64391	0	0	0.996733	1.73773	0	0.240812
ihec.chipseq.ihec-chipseq-containerv1.1.4.IHECRE00000983.7.a8cf4d02-7de5-4d62-b6f2-913c0f5454c6.fc.signal	0	0	0.194781	0.41823	0	0.501562	0.130142	0.345737	0.589214	1.58534	0.377859	0	0	0	0.0194781	0.441556	0	0.331272	0	0	0	0.78399	0.80347	0.31165	0	0	0	0	0	0	0	0.452867	0.500148	0.214259	1.38396	0.495327
ihec.chipseq.ihec-chipseq-containerv1.1.4.IHECRE00000129.3.b3adf3d7-6c77-4bc6-a996-7aa999aedf39.fc.signal	0.767775	0	0	0	0	0.826663	1.06161	0.356472	0	0	0	0	0	0	0	0	1.07728	0.911708	1.63745	0.492776	0.571996	0.532184	0	0	0	0	0	0	2.70703	2.41643	1.60598	1.5958	2.35553	0.701237	0	0.67931
ihec.chipseq.ihec-chipseq-containerv1.1.4.IHECRE00000048.3.1896e4ef-d88b-439f-9ac2-0cee1d66c3f3.fc.signal	0.932316	0.57886	0.499696	0.309929	0.280611	0.745919	1.42133	1.28289	0.955578	0.439935	1.24203	0.74159	0.33386	0.355538	0.676709	0.405631	0.244433	1.09459	1.08835	0.526866	0.489861	0.188535	0.611926	0.200878	0.653963	0.45801	0.631897	0.908898	1.60519	2.17825	1.25074	1.97809	1.61855	1.73902	3.93414	0.831776
ihec.chipseq.ihec-chipseq-containerv1.1.4.IHECRE00000270.2.43754eb9-4d4f-4ac8-9c98-cfd7436168c7.fc.signal	0	3.74395	0.499804	2.14548	2.6259	0	3.27652	0.424833	0	0	0	0	0.262396	1.7869	2.52431	0.930722	1.55179	0	0	0	0	0	0	0	0	0	0.620713	1.8603	0	0	0	0	0	0	0	0.720884
ihec.chipseq.ihec-chipseq-containerv1.1.4.IHECRE00000053.3.19ff4aa6-fb54-46a9-9e6d-d838602855e5.fc.signal	0.734649	0.0468005	0.830459	0.432578	0	0	0	0.307223	0.477009	0.914061	0.666103	0.265027	0.359449	0.168793	0	0	0.531408	0.807882	1.39353	0.263976	0	0	0.597443	1.63498	0.152497	0.394391	0.682987	1.19961	0.992275	0.269695	0.289985	0.916028	0.296242	0.330026	0	0.5
ihec.chipseq.ihec-chipseq-containerv1.1.4.IHECRE00000828.1.45bbe382-78c1-4fac-99df-1349446e9df6.fc.signal	1.65285	1.3935	1.14319	1.4203	1.57165	0.363631	0.0828975	0	0.0193363	0.620314	0.436925	0.373672	0	0.109496	0.587865	0.269919	0	0	0	0	0.348865	0.296221	0	0.602795	0.793299	1.14227	1.45798	0.971481	1.31544	1.75915	2.04858	1.11882	1.13666	1.01743	0.806314	0.837165
ihec.chipseq.ihec-chipseq-containerv1.1.4.IHECRE00003805.1.f408b983-67f5-4319-bdfc-18075038ed07.fc.signal	0.820856	1.01276	0.739203	1.32999	1.37913	0.741885	1.38934	0.891253	1.76726	1.4197	1.37466	0.0995448	0	0.2062	1.27749	2.31086	1.66376	1.0962	1.30224	1.12106	0.857242	0.165234	0.208124	0.229316	0	0	0.592297	1.63673	2.32579	1.3611	0.901322	0.514456	1.30438	1.25965	1.50025	0.3279
ihec.chipseq.ihec-chipseq-containerv1.1.4.IHECRE00003812.1.155d6bcb-5d5c-4947-89c2-c75cf0a7e99d.fc.signal	0.0959104	0.788767	1.03917	1.2447	0.798003	0.98364	0.535643	0.368758	0.151069	0.130773	0.289527	0.18183	0.212476	0.0611819	0.144625	0.63355	0.430741	0.690965	0.356005	0.694451	0.86577	0.859435	0.644744	0.251536	0.216023	0.790554	0.576264	0.677509	0.177018	0.633132	0.232759	0	0.297138	0.543119	0.863308	0.552419
ihec.chipseq.ihec-chipseq-containerv1.1.4.IHECRE00001904.1.30aebd5d-55b8-4958-834c-27c8c0a165bb.fc.signal	0.742862	0	0.305371	0.374217	0	0	0.0971306	0.829036	0.526617	0.0551166	0	0	0	0.0446182	0.587851	0.854875	0.231758	1.64967	0.175412	0.751951	1.47943	3.06075	1.01638	0	0.175241	0.60689	0.109875	0.781084	1.00767	1.42458	1.89978	1.16791	1.42648	0.286753	0	0.975829
ihec.chipseq.ihec-chipseq-containerv1.1.4.IHECRE00003826.4.93a8f270-5d77-4704-ada1-4b6b1a7c8853.fc.signal	0	0	0	0	0	0.287528	0.643391	0	0.663792	1.52942	0.620231	0	0	0	0	0.588672	0.136212	0	0	1.23624	0.898484	0	0.331717	0.714726	0.17602	1.37516	0.393074	0	0.631772	0.450909	0	0	0	0.210566	0.917724	0.185886
ihec.chipseq.ihec-chipseq-containerv1.1.4.IHECRE00000142.3.a0b17085-db21-404e-b32b-6ced8ad38877.fc.signal	1.55988	3.68059	2.09007	1.02226	3.1158	2.13615	2.2193	4.15877	3.04728	2.72802	1.92031	1.50033	1.41259	1.17558	3.65044	2.92487	1.30049	2.29569	1.59251	2.79588	2.55087	1.25739	0.594191	0.915866	1.13155	1.94756	0.886166	1.0148	3.58535	3.36351	2.68702	4.8369	2.89678	3.80079	2.7211	0.671024
ihec.chipseq.ihec-chipseq-containerv1.1.4.IHECRE00003396.1.f283c7ad-e125-498d-831d-e15ed9c8164f.fc.signal	0.266617	1.86779	1.1531	1.07652	1.37841	0.789817	0.40195	0.513213	0	0.687903	0.20197	0.327138	0.425126	0.432925	0.691316	0.782934	0.885078	0.388745	0	0	0	0	0.0762976	0.721728	0.627013	0.0960865	0.288685	1.51757	1.42618	0.473289	0.994006	0.952766	0.324434	1.18662	1.18809	0.175
ihec.chipseq.ihec-chipseq-containerv1.1.4.IHECRE00003730.1.3f439d72-e3f6-44c0-a502-169344c6ad35.fc.signal	1.47719	1.94764	0.397713	0.297852	0	0.331684	0.772426	1.57422	1.65916	0.707084	0.708644	0.322118	0.422204	0.469554	0	0.0948275	0.389079	0.0367679	0	0.487836	0.451037	0	0	0.450316	1.20487	1.48061	0.717831	0.158974	0.387875	0.526895	0.326204	1.04813	1.78917	0.738586	0	0.194444
ihec.chipseq.ihec-chipseq-containerv1.1.4.IHECRE00001915.1.f5573e79-d80d-470a-8d12-22719ef4a51e.fc.signal	2.01871	2.32975	1.84185	1.37224	2.78106	3.67149	1.98212	1.0185	0	0.56719	2.32365	0.890429	0	0	0	1.43322	2.25046	0.0975808	1.00288	1.94221	0.505931	1.56683	1.2398	0	0	0.396423	1.49421	0	0.481805	2.0858	3.6227	3.1348	0.615979	1.40273	0.409262	0.390751
ihec.chipseq.ihec-chipseq-containerv1.1.4.IHECRE00003843.4.c2c52d4b-c9da-43f3-925f-8359bbb97ee0.fc.signal	0	3.82807	3.98385	0	0	0	0	0	0	0	0	0	0	0	7.62691	1.34593	0	4.40591	4.09759	0	0	0	0	0	0	0	0	0	0	0	4.27011	12.486	0.0269074	0	0	0.259259
ihec.chipseq.ihec-chipseq-containerv1.1.4.IHECRE00003398.1.f0bdf12d-8bcf-4989-949c-4d32dbd60ffe.fc.signal	0	0.275812	0.408749	0.413741	0.456307	0.779522	0.892214	1.3042	0.046084	1.28105	0.409054	0.45949	0.299661	0	0.0875596	0.733209	0.826954	1.322	0.585255	0	0	0	0	0.330844	0.565555	0.610694	0.17028	0.518444	0	0	0	0.362614	0.814348	0	0	0
ihec.chipseq.ihec-chipseq-containerv1.1.4.IHECRE00000330.2.a75633c9-8b06-42b2-a9c8-fdd55ba8ffe7.fc.signal	1.09538	1.15326	0.79385	0.169029	1.92251	1.48948	0.697887	0.662561	0.191981	0.997918	1.3438	0.611795	0	0	0.122822	0.652025	0.493528	0.456109	1.03475	0.25004	0.702913	1.30738	0	0.0719923	0.418708	0.174913	0.62629	0.577145	0.730933	0.768037	1.63931	0.754015	0.0347497	0.272162	0.725159	0.4375
ihec.chipseq.ihec-chipseq-containerv1.1.4.IHECRE00000013.3.21204e63-5580-42b6-aaaf-3888daa8192c.fc.signal	1.3758	0.310322	1.06375	1.89648	0.339975	0	0	0	0	0	1.96357	2.37256	0	0	0	0.135773	0.429573	0	0	1.35871	0.847003	0	0	0	0	0	0.559383	0.486047	0	0	0	0	1.49753	1.3673	1.30848	0.797482
ihec.chipseq.ihec-chipseq-containerv1.1.4.IHECRE00003827.1.2bef3df7-5fcc-4d31-9411-95e1295b79d5.fc.signal	1.99073	2.46377	2.54236	1.19722	1.28414	2.32035	2.80581	2.83204	1.8798	1.59447	2.27025	2.0878	0.770383	1.58088	1.99513	1.61305	0.96468	1.38456	0.891904	2.19215	0.503261	0.239699	1.53786	0.661985	0.664073	2.10164	0.811983	2.35127	3.54699	5.23877	5.20647	3.87362	3.94912	3.36384	1.96795	0.424855
ihec.chipseq.ihec-chipseq-containerv1.1.4.IHECRE00000147.3.e9b176a3-5494-49ee-8d08-7a11a1b815ff.fc.signal	0.659995	0.541329	1.87934	3.2511	4.91917	2.65279	2.0319	1.20356	2.59747	3.49155	2.18512	5.141	1.7309	1.92065	4.56218	0.843518	0	0.727987	0.425058	0.701796	2.46754	2.03648	0.797299	1.731	0.390101	1.54523	1.14796	0.490664	0.581121	2.15173	0.739157	0	2.26837	5.99727	8.30029	0.358943
ihec.chipseq.ihec-chipseq-containerv1.1.4.IHECRE00001010.4.69b34e98-e895-4591-bbf6-ca5ed99320f1.fc.signal	0.255836	0.0953778	0	0	0.0045418	0.514585	1.10938	0.783984	0.298198	0.0136254	0	0	0	0	0.260333	0.284547	0.0590434	0.322405	0.306953	0.581855	0.327212	0.0617134	0.183887	0.0377131	0	0.171074	0.101434	0.110517	0.502492	0.204335	0	0	0.0938639	0.398051	0.209162	0.274074
ihec.chipseq.ihec-chipseq-containerv1.1.4.IHECRE00000076.3.f65e08d4-24f9-4e2e-9954-ebc62b19e96f.fc.signal	0.631295	0.792072	1.32255	1.56925	0.241335	1.22554	1.34445	1.59703	1.62415	0.688629	1.43148	1.38219	1.76675	1.4737	0.915401	0.714463	0.301855	2.24212	1.34243	0.870325	1.21923	0.300074	0	0.0667184	1.66707	1.94583	2.59205	0.62242	1.02902	1.54662	1.55614	1.45997	2.19079	2.71163	3.62027	0.312209
ihec.chipseq.ihec-chipseq-containerv1.1.4.IHECRE00001964.2.194197dc-d3ad-4faf-839a-1e28c390e1c7.fc.signal	0	0	0.339308	0.847564	0.127	0.0946713	1.27611	1.6416	0.338308	0.57699	0.556214	1.12961	0.666211	0.85461	0.295197	0	0	0.129804	1.13192	1.94925	0.601361	0.44083	0.353671	0.372352	0.401198	0.130971	0.586162	0.0640274	0	0	0.11342	0.426557	0.498173	0.480593	0	0.815514
ihec.chipseq.ihec-chipseq-containerv1.1.4.IHECRE00001008.4.a169f921-cefd-41e3-aba6-62149b95f327.fc.signal	0.211346	0.184927	0.909671	0.941769	0.363941	1.32692	1.13806	0.711497	0.724724	0.209458	0.238969	0.751584	0.522777	0	0	0.676758	1.25964	0.728762	0.540127	1.06254	0.173732	0.203797	0.762445	0.939874	0.152847	0.130203	0.156623	0.725694	0.666136	0.439677	0.324569	1.23808	0.228372	0.8474	1.50484	0.758794
ihec.chipseq.ihec-chipseq-containerv1.1.4.IHECRE00000238.3.b63d6dc1-6fc0-4b8d-9bff-172e3f638785.fc.signal	0	0	0	0	0.122335	0.718056	0.436153	0.991981	1.27649	0.324455	0.781883	0.454769	0.0239352	0.417536	0.614337	0.220736	0.0851029	0.638272	0.553169	0	0	1.2146	2.28179	1.92438	0.692646	0.792487	1.54505	0.273925	1.48389	1.01054	0	0.162227	0.728694	1.23132	1.07079	1
ihec.chipseq.ihec-chipseq-containerv1.1.4.IHECRE00000243.3.6e43a1d4-827b-4226-ab35-bcd9e4427ba9.fc.signal	0	0	0	0	0	0	0	0	0	0	0	0	0	0	0	0	0	0	0.68375	2.73491	3.91206	2.96257	0.956674	0.607776	0.486786	0.109738	0	0	0	0	0	0	0	0	0	1
ihec.chipseq.ihec-chipseq-containerv1.1.4.IHECRE00000290.2.9036d968-bf50-4310-9e21-078c3dff6fda.fc.signal	0.764509	0.334969	0.271524	1.2146	0.251057	0.336551	0.364918	0.325572	0.352926	0.686369	0.595078	0	0	0	0.321439	1.02485	0	0.446011	1.02901	1.04577	0.521242	1.06361	0	0	0	1.07697	0.903996	0.800335	0.527271	0	0	0.409792	0.306853	0.4679	1.62569	0.34507
ihec.chipseq.ihec-chipseq-containerv1.1.4.IHECRE00003804.1.99f64bff-6a7f-4116-8a49-8ea2121e3dc6.fc.signal	0.00496987	0.037274	0.216212	0.286326	0.252237	0.135199	0.1814	0.333059	0.349316	0.120537	0.425275	0.362579	0.657955	0.836955	0.3543	0.328776	0.271009	0.177139	0.1787	0.332522	0.1356	0.0895035	0.228683	0.134525	0.263445	0.724418	1.15455	0.523882	0.0245995	0	0	0.148781	0.387959	0.528279	0.398866	0.939297
ihec.chipseq.ihec-chipseq-containerv1.1.4.IHECRE00001973.1.61dbfaab-48a0-49aa-b249-2516c02981de.fc.signal	0.0123936	0	0.173695	0.969006	1.10766	0.853599	1.78936	0.809405	2.33271	0.961648	0.402328	0	0	0.355648	0.264293	0.507065	0.120498	0	0.46815	0.865244	1.95397	0.340864	0.986521	1.25062	0.564813	0.328692	0.836924	1.08812	0.616107	0.189212	0.424351	0.801319	1.08794	0.630999	1.1739	0.854054
ihec.chipseq.ihec-chipseq-containerv1.1.4.IHECRE00003678.3.651f7635-fa04-4a73-ad9d-b88c234511f0.fc.signal	1.29844	1.29251	4.09273	3.92782	2.85126	1.04938	1.2325	3.37214	2.85467	1.86624	2.30951	3.61519	1.83565	0.263357	2.86069	3.30959	3.26307	2.60784	1.64115	3.07287	3.52891	2.11441	2.3095	0.71799	0.230036	1.56153	0.835474	4.08746	2.1157	5.22319	5.58657	1.851	3.17529	5.48483	6.69063	0.987342
ihec.chipseq.ihec-chipseq-containerv1.1.4.IHECRE00000240.3.8f250bd6-ace7-4938-8056-c658c54331a9.fc.signal	0	0	0	0.242316	1.00965	0.329819	0	0	0	0	0	0	0	0	0	0	0	0	0	0	0.390719	0.43345	0.326217	0.533499	0.0866926	0	0	0	0	0	0	0	0	0	0	1
ihec.chipseq.ihec-chipseq-containerv1.1.4.IHECRE00002067.1.986e393c-de82-4afc-818b-4cc2a632dc28.fc.signal	0.562634	0.363023	0.491325	0.674397	0.892767	0.11598	0.36676	1.15863	0.364909	0.365327	0.0480376	0.396727	0.0128867	0	0.185327	0.981557	1.00889	0.388643	0.192183	0.302055	1.30592	0.639726	0	0.101573	0.138818	0.303392	0.415089	0.413865	1.40369	1.42981	1.43692	1.30671	1.0099	0.43484	0.328776	0.898305
ihec.chipseq.ihec-chipseq-containerv1.1.4.IHECRE00001460.1.cebcbc5c-1675-466e-a9ba-73e404631121.fc.signal	0.0529933	0.251769	1.12821	2.4708	0.679881	0.697926	0	0.0835318	0.694607	0.0859316	0	0	0	0	0	0	0	0	0.34444	0.789829	0.110833	0	0	0	0.0630175	0.857741	0.123271	0	0	0.0707893	0.648899	0.0824131	0.512765	0.365559	0.690302	0.690909
ihec.chipseq.ihec-chipseq-containerv1.1.4.IHECRE00000246.3.09da5152-42b4-4f12-8b13-d2635a0af815.fc.signal	0	0	0	0	0	0	0	0	0	0	0	0	0	0	0	0	0	0	0.218265	2.47044	3.69077	2.07942	3.91494	2.93537	0.604168	0	0	0	0	0	0	0	0	0	0	0.378543
ihec.chipseq.ihec-chipseq-containerv1.1.4.IHECRE00003677.3.486b8afb-6747-4d4a-93ee-788cf88097fc.fc.signal	0.457098	0.094234	1.51383	1.27745	1.09573	1.85317	2.09926	1.69292	0.88034	0.942683	0.668485	1.27481	0.261411	0.485956	1.2113	0.344527	1.07165	2.26986	1.80889	2.09494	0.536191	1.02339	3.24761	1.3485	0.388794	1.2045	1.13856	3.46847	3.47092	1.30609	4.31506	2.52602	2.31564	4.36159	4.6463	0.578297
ihec.chipseq.ihec-chipseq-containerv1.1.4.IHECRE00001021.4.fe2297ab-7a22-4ba1-b2e8-9748d9ff6f48.fc.signal	0	0	0.050218	0.351526	0.3587	0.714869	0.566684	0.588444	0.304805	0.199823	0.353887	0.927667	0.29649	0	0	0.49152	0.186898	0.135283	0.473716	0.658054	1.27902	0.460282	1.44419	0.564296	0.028696	0	0	0	0.482942	0.306025	0.219963	0.569015	0	0.342444	0.673822	0.858491
ihec.chipseq.ihec-chipseq-containerv1.1.4.IHECRE00001018.4.7d5e4bbb-c134-4315-817d-269727d9d89c.fc.signal	0	0	0.410061	1.01075	0.933163	1.29317	0.921975	0.852481	1.1031	0.29455	0.308983	0.557314	0	0.311926	1.08747	0.292592	0	0.38585	0.38667	0.649383	0.127055	0.854725	1.20124	0.542879	0	0.765222	0.101082	0	0.0895342	0.684393	0.25416	1.35385	0.876217	1.22728	1.58519	0.204082
ihec.chipseq.ihec-chipseq-containerv1.1.4.IHECRE00000666.1.82a0e928-74cd-4da1-b128-7df88bbdd398.fc.signal	2.11059	1.6276	1.59034	2.7976	3.14498	3.00478	3.51998	1.61123	1.40658	2.26015	2.69766	3.12146	2.52013	2.91766	1.90721	1.06766	1.3474	1.5391	1.30926	3.29124	0.986834	1.43085	2.04428	1.07047	0.763302	1.91807	0.772199	1.02238	1.30798	1.24467	2.73255	1.90005	1.70338	1.9325	3.00991	0.302141
ihec.chipseq.ihec-chipseq-containerv1.1.4.IHECRE00001905.1.df1689af-57f6-440c-8357-740ccbe030e5.fc.signal	0.456499	0.978492	1.90838	1.22402	0.594786	0.951188	1.08709	0.822762	0.414793	0.852059	0.630181	0.32511	0.48752	0	0	0.0374592	0.643705	0.652328	1.78892	0.501775	1.13155	1.23993	0	0	0	0	0.272941	1.26868	0.711576	1.20079	1.81655	1.46617	0.994739	0.928483	1.20138	0.965162
ihec.chipseq.ihec-chipseq-containerv1.1.4.IHECRE00000001.4.8e4a8d6c-26e0-4b8d-aa08-7875973212d4.fc.signal	0	0	0	0	0	0	0	0	0	0	0	0	0	0	0	0	0	0	0.139277	1.23012	0.615528	1.08721	1.26115	0	0	0	0	0	0	0	0	0	0.196265	1.75912	2.18073	0.463087
ihec.chipseq.ihec-chipseq-containerv1.1.4.IHECRE00000867.3.bf8314bb-e0a5-4e88-aa06-5fe1c397e2c6.fc.signal	0.695999	1.1902	1.24966	1.16385	1.30116	0.518375	1.3174	3.47391	2.87877	2.23461	2.44647	2.85613	1.87358	1.613	0.408312	0.785255	1.81026	1.11038	1.5871	1.10288	1.17303	0.807331	1.34691	1.20066	1.32765	0.636764	1.50018	1.35807	1.18683	2.99853	3.46067	3.42628	1.35461	3.12652	2.89532	0.267959
ihec.chipseq.ihec-chipseq-containerv1.1.4.IHECRE00001955.3.e3f14527-a39d-40b4-9738-20c86afa593c.fc.signal	1.14569	0.733992	0.236721	0.404788	0.105649	0.136394	0.783937	1.13313	0.966715	0.45967	0.472872	0.370009	0.229033	0.394303	1.16402	0.932988	0.92976	0.85519	1.31543	1.18999	0.635605	0.460926	0.437744	0.469644	0.358613	0.296509	0.553981	0.588081	0.630316	0.770673	0.578843	0.988119	1.05424	0.684968	0.188611	0.812791
ihec.chipseq.ihec-chipseq-containerv1.1.4.IHECRE00000317.2.3c23d7dd-68a4-4757-a8c9-0e430f641fbf.fc.signal	0.503321	0	0.333135	1.3866	1.311	0.856815	1.80819	0.832997	0.373507	0	0.280489	0.714154	0.302522	0	0.655398	1.30681	1.81378	0.00342133	0	0.848879	1.6987	0.71512	0.526191	0.445758	0.73703	1.08702	1.51313	1.40576	1.26663	0.678605	0.861425	0.943578	0.217927	0.753056	0.819426	0.643516
ihec.chipseq.ihec-chipseq-containerv1.1.4.IHECRE00000070.3.1d2d8a11-2856-4a11-b3ab-c0927aa2c890.fc.signal	0.915825	0.294561	0.602547	0.308352	0.75266	0.203344	0.453019	0.327971	0.92275	1.41778	1.44398	0.438236	0.00557987	0.166533	0.653712	0.542031	0.815429	1.16916	0.715257	0.625124	0	0.232913	0.693139	0.740432	0.430364	0.0743208	0.349053	0.595873	0.587683	0.558092	0.333579	0.187476	0	0.0990545	0.220572	0.318584
ihec.chipseq.ihec-chipseq-containerv1.1.4.IHECRE00000260.2.dd35c871-2bf4-4723-8cec-a51879108a65.fc.signal	1.7945	0.849465	0	1.82574	0.0872914	0.426797	2.7924	1.47573	2.56192	0.0853973	0	2.27157	0.375748	0	0	0.0164299	3.00934	6.62424	0.204954	2.20199	2.94086	0	1.01103	2.14098	1.1227	0	0	0	0	0	1.38239	1.18898	0.596161	0	0	0.782196
ihec.chipseq.ihec-chipseq-containerv1.1.4.IHECRE00000774.3.0226d0bd-e448-4e8e-922e-bd3e7a7abd00.fc.signal	0.318158	0	0.674193	0.640104	1.80668	2.01121	1.30293	1.78774	0.704494	2.03772	2.41648	0.140141	0.439362	0.265132	0.391887	0.561002	0.243297	0.172096	0.238036	0.196137	1.41704	1.43406	0.0851196	0.594744	0.262532	0	0.723432	2.32179	1.50368	2.44678	0.731007	0	0.181805	0.64768	0.56814	0.810169
ihec.chipseq.ihec-chipseq-containerv1.1.4.IHECRE00001025.7.9c7e2dd7-abf1-40e7-80a7-163dc7b3844f.fc.signal	0.0347358	0.302325	0	0	0	0.206858	0.179272	0.385671	0.167321	0.221102	0	0	0	0.346208	0.754368	0.0179272	0	0.264672	0.452351	0.554109	0	0	0.875011	0.259944	0	0	0	0.323209	0.0415289	0	0.326755	0.314386	0	0.0400689	1.20331	0.349138
ihec.chipseq.ihec-chipseq-containerv1.1.4.IHECRE00001903.1.a4b839f4-cb72-4000-8141-3e889aede665.fc.signal	1.21375	0.624165	0.714345	0.65553	1.53658	1.01381	0.667148	0.797959	0.637248	0.0205563	0.0601301	1.11318	1.58659	0.293395	0.788534	0.233593	0.626033	1.83514	0.687005	0.783239	1.43364	0.732722	0.88953	1.70101	0.327031	0.614823	0.34198	0.540072	0.978003	0.631537	0.60198	0.462347	0.344799	0.881814	1.27545	0.950418
ihec.chipseq.ihec-chipseq-containerv1.1.4.IHECRE00000236.3.2c1c8672-6452-4ab8-881a-a766bd324041.fc.signal	0	0	0	0	0	0	0	0	0	0	0	0	0	0	0	0	0	0	0.0682455	0.322263	0.552212	0.299738	0.258988	0.463453	0.300513	0	0	0	0	0	0	0	0	0	0.175933	0.532995
ihec.chipseq.ihec-chipseq-containerv1.1.4.IHECRE00000882.3.99d1607d-4a89-46a3-95ed-97767dd51f51.fc.signal	1.5559	1.28165	0.546494	1.44488	0.923117	2.00793	2.99506	1.63209	1.16303	0.633814	0.84177	1.41065	0.889957	0.126621	1.57025	1.37198	1.35199	0.410688	0.564781	1.54627	2.46859	1.07213	0.177414	0.0310571	1.19035	1.83606	1.6975	0.995801	0.100162	2.33902	1.53912	2.13673	0.584889	1.06858	2.4273	0.255677
ihec.chipseq.ihec-chipseq-containerv1.1.4.IHECRE00004703.3.ff0deec0-0a6b-4d27-8ce7-758715469921.fc.signal	0.132985	0.438283	0.518255	0.429312	0.552466	0.270465	0.278329	0.465641	0.280837	0.297061	0.741946	0.632665	0.601266	0.539697	0.840191	0.470571	0.785755	0.442845	0.355024	0.533903	1.07449	1.07718	0.87365	0.119948	0.180887	0.384078	0.237329	0.242495	0.319781	0.321752	0.212746	0.121762	0.476699	1.27761	1.50141	0.582524
ihec.chipseq.ihec-chipseq-containerv1.1.4.IHECRE00000124.3.7fe1ce38-bbc5-43fa-a5e9-edea03584032.fc.signal	0.569893	0.266919	0.537405	0.486526	3.59048	1.97947	0.28816	1.18892	3.03511	1.46617	1.51571	2.41704	1.28099	0.11472	0.584015	0.0631459	0.461187	0.478034	0.361325	0.590388	0.521367	0.517192	0.81727	0.258733	0	0	1.35632	1.77783	0.681949	0.588265	0.682965	1.42735	1.77418	1.28956	1.8481	0.728365
ihec.chipseq.ihec-chipseq-containerv1.1.4.IHECRE00002065.1.b81732b7-0852-42a0-916a-8784920a02a3.fc.signal	0.873531	0.304626	0.567366	0.88165	2.04645	1.04035	0.264274	0.217426	0.366101	0	0.117872	0.577441	0.0342203	0	0.218059	0.151909	0	0	0.239181	0.30022	0.918444	0.128977	0.584939	0.771876	0.182886	0.501493	0.353103	0.133084	0.985908	0.455721	1.38508	2.25605	1.42161	1.75329	1.21699	0.845745
ihec.chipseq.ihec-chipseq-containerv1.1.4.IHECRE00000155.3.8279b76b-57ad-4ec8-b5cb-d16fdac7512c.fc.signal	0.559646	0.472092	1.4638	1.52187	1.86994	1.22107	1.5491	2.1606	0.852939	1.18586	2.33307	2.0445	0.412396	0.566008	1.81425	2.73095	2.2728	1.88646	0.934427	0.76961	1.14406	0.428836	0.396218	0.371807	0.75681	1.896	1.8242	1.22968	1.08381	1.51171	2.31143	1.40874	1.2739	1.73079	1.78322	0.830189
ihec.chipseq.ihec-chipseq-containerv1.1.4.IHECRE00000831.3.4e376f30-4003-4c7e-977c-588c33e2f5b4.fc.signal	0.430393	0.122033	0.734807	0.298808	0	0.461621	1.62462	1.31098	0.121151	0.761661	0.493127	0.33162	0.680972	0.247046	0.443034	0.0141425	0	0.826314	1.00881	1.26225	2.80698	0.747641	1.18092	0.893579	0.118798	0	0.0274047	0.447085	0.644805	0.647337	0.843598	0.57473	2.10201	1.92491	1.89662	0.805549
ihec.chipseq.ihec-chipseq-containerv1.1.4.IHECRE00001306.1.0ec52f8d-9c86-4f23-89de-b9919d031a2d.fc.signal	0.0995939	1.49083	0.254244	0.336392	1.76748	1.19833	0.690671	1.17719	0.530843	1.43328	0	0	0	1.23097	5.06172	1.43115	0	0.925099	1.15089	3.38681	1.00616	0	0	0.332039	3.05628	1.78138	0.458543	0.745926	2.28051	0.224312	0	0	0	0.319049	0.54446	0.435754
ihec.chipseq.ihec-chipseq-containerv1.1.4.IHECRE00001007.4.259e94cd-5685-43b2-a4f5-8d6cc0ff4b88.fc.signal	0	0	0.245935	1.01802	0.521091	0.97193	0.970874	0.882147	0.257176	0.254449	0.443425	0.52486	0.0351371	0	0.660975	1.60879	0.0549523	0	0.160313	0.551087	0.948656	0.18447	0.261332	0.348689	0.0351371	0.46337	0.489723	0.241567	0	0.0790584	0.471173	0.0306869	0.612798	0.970966	1.93353	0.356436
ihec.chipseq.ihec-chipseq-containerv1.1.4.IHECRE00000235.3.077c5772-92ce-4a32-a06f-48c1b9a6f571.fc.signal	0	0	0.141085	0.40316	0.167962	0	0	0	0	0	0	0	0	0	0	0	0	0	0	0.0973821	0.372619	0.325583	0.352399	0.124737	0	0	0	0	0	0	0	0	0	0	0	0.753555
ihec.chipseq.ihec-chipseq-containerv1.1.4.IHECRE00000233.3.c81f88e2-7199-4952-a0ac-fbf221a68e22.fc.signal	0	0	0	0	0	0	0	0	0	0	0	0	0	0	0	0	0	0.105139	0.490516	1.14412	1.1078	0.720432	0.914623	1.18628	0.640822	0.0330773	0.266931	0.285821	0.0519787	0	0	0	0	0	0	0.482255
ihec.chipseq.ihec-chipseq-containerv1.1.4.IHECRE00000161.3.6de3a207-ef97-4cbc-a25e-5966bc51a6e1.fc.signal	0.193367	0.874415	0.84389	1.65767	0.950294	0.120138	1.26711	0.8814	0.340309	0.141829	0	0.432765	0.689031	0.611064	0.510812	0.216623	1.02927	0.803521	0.138476	0.93059	0.347306	0.37097	0.0300027	0.0833431	0.381612	0.193159	0.213999	0.996168	0.796568	0.967538	0.469255	0.930223	0.545943	0.733616	1.12166	0.740068
ihec.chipseq.ihec-chipseq-containerv1.1.4.IHECRE00000309.2.0c14f087-138e-4102-9f12-e14cca67a11e.fc.signal	0	0	0	0	0.247793	0.514982	0.441717	0.0145007	0	0	0	0.194557	0.15328	0	0	0	0	0	0	0.260635	0.539746	0	0	0	0	0	0	0.240698	1.23318	0.201045	0	0	0	0.354105	0.98339	0.283665
ihec.chipseq.ihec-chipseq-containerv1.1.4.IHECRE00003803.1.d5373538-03e5-4aea-a61c-f80d029c4d74.fc.signal	0	0.268215	1.28885	0.918847	1.40087	2.77588	0.764243	0.552023	0	0	0	0.124521	0.678459	0.0574173	0.881878	0.666028	0.487188	0	0.151064	0.669403	0.194225	0	0	0	0	0.0783625	0.860921	0.541177	0.96654	0.352758	0.183568	0.74814	0.460083	0.518231	0.418272	0.453488
ihec.chipseq.ihec-chipseq-containerv1.1.4.IHECRE00000225.3.d3516206-786f-4b11-864f-1792d77e2a36.fc.signal	0	0.228518	1.28433	1.28852	0.621141	0.222948	0.182271	0.904358	0.831452	0.340704	0.5258	0.895927	0.65197	0.128993	0.996884	1.8087	1.96995	1.37266	0.943615	0.562434	0.375075	0.598339	0.913363	0.769984	0.817267	0.591688	0.682813	0.528602	0.492155	0.574867	0.968832	1.726	1.38669	0.501965	0.736085	0.240113
ihec.chipseq.ihec-chipseq-containerv1.1.4.IHECRE00001921.1.dcad099b-2714-4a20-92d0-2cd9bce288ab.fc.signal	2.58297	2.60749	1.0885	2.38052	1.70491	0.458888	1.61946	2.04299	1.20958	0.99298	2.42914	1.90742	0.402119	0.00773307	1.60107	1.16917	0.908743	1.12016	0.941806	1.73061	2.37508	2.03226	1.6286	0.602378	0.178131	1.97281	1.65531	2.64655	3.67769	2.97831	2.57054	2.95532	2.18868	1.732	1.83272	0.342147
ihec.chipseq.ihec-chipseq-containerv1.1.4.IHECRE00000094.3.78702c15-fd78-4925-ac56-ecb614183d13.fc.signal	0.568247	0.463765	0.454481	1.6399	1.57684	0.893071	0.102054	1.50039	2.59929	1.14963	0.784683	0.724289	1.00934	1.35697	0	0.478918	1.86975	0.71613	0	2.14855	1.16844	0	0.0683672	0.839962	0.520152	0.875763	0.102141	0.35836	1.82581	1.32362	1.38605	0.14123	0.905439	1.03946	0.910371	0.625813
ihec.chipseq.ihec-chipseq-containerv1.1.4.IHECRE00000059.3.7a04d905-73a0-4079-9968-67c3833836fc.fc.signal	0	0.169401	1.33548	0.727256	0	0	0	0	0	0.882246	0.803171	0	0	1.2126	1.17094	0.608725	0.932535	0.802068	1.09623	1.31314	0.236278	0	0	0	0	0	0.561825	0.363628	0	0	0.328703	0.821397	0	0	0	0.874236
ihec.chipseq.ihec-chipseq-containerv1.1.4.IHECRE00003691.3.e70a956a-e876-473f-ae67-333f104e486a.fc.signal	0.331212	0	0	0	0	0	0	0.127704	0.298941	0	0	0	0	0	0.403779	0.0638659	0.108844	0.257259	0	0	0	0	0	0	0	0.309144	0.164036	0.31954	0.148245	0	0.38643	1.00782	0.802752	0.168747	0.400434	0.442771
ihec.chipseq.ihec-chipseq-containerv1.1.4.IHECRE00004681.3.c6a7774b-6eaf-490c-a1c8-9eecf570b062.fc.signal	0	0	0.234506	0.117287	0	1.32752	1.85046	0.469361	0.203844	0.332872	0.375521	0.506101	0.42649	0	0	0	0.0998443	0.304893	0.0191925	0.0439291	0.386702	0.0892721	0.305655	0.21852	0	0	0	0.302759	1.46805	0.912529	0.290592	0.688707	0.485824	0.721992	1.2436	0.28246
ihec.chipseq.ihec-chipseq-containerv1.1.4.IHECRE00001907.1.87217a77-af17-4375-b2cb-d5433d7630b0.fc.signal	1.29398	0.754865	0.646309	0.509775	0.0433413	0.1707	0.377134	0.23539	0.589948	0.221714	0.190332	0.649255	0.599763	0.499434	0.701438	0.560562	0.288621	0.287743	0.48599	0.512493	0.614754	1.02338	0.562133	0.0890409	0.0560864	0.288785	0.426553	0.720511	0.904161	0.706964	1.46973	2.51584	0.826519	0.52843	0.767401	0.865225
ihec.chipseq.ihec-chipseq-containerv1.1.4.IHECRE00001016.4.25a9e821-dfde-4c33-9022-9cf883133012.fc.signal	0	0	0.234595	0.106873	0.669411	0.975484	0.906586	1.1748	0.922077	0.41018	0.257737	0.810745	0.257636	0.0879732	0.0195117	0.573257	0.641044	1.12922	0.547835	0.352082	1.35196	0.376378	0.628527	0.465114	0	0	0	0	0.318399	0.350202	0	0	0.327304	0.503369	0.659468	0.263158
ihec.chipseq.ihec-chipseq-containerv1.1.4.IHECRE00000231.3.9f5b0463-4f76-4b11-9c3e-298af7f4a26f.fc.signal	0	0	0	0	0	0	0	0	0	0	0	0	0	0	0	0	0	0	0	0.563229	0.456549	0.169783	0.235667	0.102209	0	0	0	0	0	0	0	0	0	0	0	0.557522
ihec.chipseq.ihec-chipseq-containerv1.1.4.IHECRE00001935.1.9f989b17-6131-4e53-a04c-2c3b0ade703c.fc.signal	0.539561	2.59251	0.630837	0.228365	0.414659	0.229804	1.63841	0.17444	0.53014	0.129586	1.24231	0.437611	0.724947	0.0884538	0.53009	0.25698	0.438342	0.228314	1.18094	3.4429	1.93826	0.299952	0	0	0	0	0	0	0.466247	1.6609	1.58683	1.15666	0.734671	0.190407	1.29449	0.974818
ihec.chipseq.ihec-chipseq-containerv1.1.4.IHECRE00003682.3.da9e495d-70d1-4135-9b7b-7d3c249e647d.fc.signal	0.734743	0.298345	0.524408	1.72831	1.66181	0.591366	0.157109	1.29199	1.71499	1.25506	0.801704	1.44308	0.0617745	0.254926	1.25801	0.68017	1.43495	1.19599	1.11584	0.847706	0.636089	0.636114	0.939124	0.456823	0.091972	1.27352	0.446853	0.801726	2.16598	1.24594	1.72698	2.65884	3.14248	3.73604	5.72852	1
ihec.chipseq.ihec-chipseq-containerv1.1.4.IHECRE00000043.3.c7277a95-3c87-4ff4-8d24-2adf03b194fd.fc.signal	0.835023	0.111039	2.00351	0.990181	0	0	0	0.470503	0.892906	0.161734	0.746621	0	0	0	0	0	0	0.169256	1.18438	0.69377	1.72499	1.0516	0	0	0.43266	1.7039	1.00264	0	1.39819	2.84215	2.05491	1.3159	6.37682	1.31957	0	0.719493
ihec.chipseq.ihec-chipseq-containerv1.1.4.IHECRE00000016.3.90c9bd75-e378-4adf-8726-9bc0261986e3.fc.signal	1.15531	0.776689	0.78935	0.0659937	0.628442	1.11558	1.42206	1.48832	0.970661	1.17324	0.529555	0.661038	0.406723	0.325779	0.842478	0.50016	0.424269	0.863745	0.925786	1.47032	0.836466	0.347471	0.10688	0.565	0.442489	1.27366	1.30328	0.631228	0.940951	0.918276	0.612757	0.92886	0.94974	0.797358	0.264185	0.742604
ihec.chipseq.ihec-chipseq-containerv1.1.4.IHECRE00004603.3.7d97a6bf-d33b-47aa-868b-891cee1e0474.fc.signal	0	0	0	0	0	0	0	0	0	0	0	0	0	0	0	0	0	0	0	1.04769	0.908571	0.271653	2.50325	0.917056	0	0	0	0	0	0	0	0	0	0	0	0.634615
ihec.chipseq.ihec-chipseq-containerv1.1.4.IHECRE00001457.1.f36a6625-c0c2-4dbc-9606-c09835fba2ef.fc.signal	0.71526	1.15894	0.64791	0	0.173892	1.34641	0.027457	1.3625	0.393925	0	0.801336	0.535545	1.40136	1.45222	0.540747	0.819887	0.547075	0.193336	0.607095	1.07932	0.304281	0.613942	0.29531	1.21904	1.92352	0.463721	0.00817133	0.605477	0.607096	1.41101	2.94012	1.66932	1.6448	1.39873	0.728581	0.92809
ihec.chipseq.ihec-chipseq-containerv1.1.4.IHECRE00000321.2.e400c00e-f4bd-4ecb-8a68-235b22580a1f.fc.signal	1.73307	3.76381	0.63494	0.642835	0	0	0	1.2231	0.211568	0	0	0	1.34719	0.953978	0	0.172584	2.69032	0.385776	0	0	0.178024	3.05506	1.53432	0.24274	0	0	1.26259	1.08409	3.45268	2.08343	0.858898	0.587283	1.73057	0.580328	0	0.554545
ihec.chipseq.ihec-chipseq-containerv1.1.4.IHECRE00001236.5.94801060-fc98-4727-a392-ae741c9cf8fc.fc.signal	0	0	0	0	0	0	0.232301	1.32491	0.0441413	0	0	0	0	0	0.451548	0.186525	0	0	0	0.781017	3.28808	0.80866	0.603708	0.0312599	0	0	0	0	0	0	0	0	0	0.0611232	1.01879	0.526316
ihec.chipseq.ihec-chipseq-containerv1.1.4.IHECRE00000060.3.cbf21cc3-59bc-4d31-8242-16b6ee9a92b5.fc.signal	1.0263	0.289395	1.38258	1.54164	1.91142	0.798948	0.578508	0.777733	0.713684	0.43919	0	0.326343	0.713684	0.149447	0	0.0971218	0.411517	0.030936	0.625206	0.494407	0.4466	0.131338	0.342014	0.76142	0.928769	0.270022	1.42486	1.01402	0.288896	0.51704	1.13861	0.758681	0.639393	0.765528	0.481681	0.92956
