	chr10:73014346-73014495	chr10:73014496-73014645	chr10:73014646-73014795	chr10:73014796-73014945	chr10:73014946-73015095	chr10:73015096-73015245	chr10:73015246-73015395	chr10:73015396-73015545	chr10:73015546-73015695	chr10:73015696-73015845	chr10:73015846-73015995	chr10:73015996-73016145	chr10:73016146-73016295	chr10:73016296-73016445	chr10:73016446-73016595	chr10:73016596-73016745	chr10:73016746-73016895	chr10:73016896-73017045	chr10:73017046-73017115	chr10:73017116-73017195	chr10:73017196-73017265	chr10:73017266-73017345	chr10:73017346-73017495	chr10:73017496-73017645	chr10:73017646-73017795	chr10:73017796-73017945	chr10:73017946-73018095	chr10:73018096-73018245	chr10:73018246-73018395	chr10:73018396-73018545	chr10:73018546-73018695	chr10:73018696-73018845	chr10:73018846-73018995	chr10:73018996-73019145	chr10:73019146-73019295	chr10:73019296-73019399	Expression
ihec.chipseq.ihec-chipseq-containerv1.1.4.IHECRE00001548.1.3dc7fe6c-3810-4c39-b1cb-839043a609f3.fc.signal	3.54679	3.08208	1.06183	1.04832	0.417415	0.411319	1.46057	1.18074	4.26016	3.2911	3.12567	1.69234	2.06308	3.10563	1.02237	0.520018	1.6422	0.991255	1.52931	1.06598	0.427841	0.576647	1.07365	1.26351	1.5886	4.86372	3.19455	2.70994	1.67829	3.08044	2.09483	2.379	2.16925	1.37493	2.1337	4.53602	0.172414
ihec.chipseq.ihec-chipseq-containerv1.1.4.IHECRE00004888.1.fd25c27d-77c4-4595-b48c-e5f0d2d321a9.fc.signal	1.03221	1.32627	1.30574	1.92241	0.86735	0.158123	1.21585	0.727395	1.68903	1.32718	1.15807	1.42801	1.7722	1.35518	0.883064	1.29651	0.716728	0.330358	0	0	0.0690611	0.866121	0.543834	0.805547	1.49667	1.8104	1.59847	1.57619	1.86458	1.91675	2.16869	1.34725	1.93839	2.05894	1.29152	0.343767	0.595807
ihec.chipseq.ihec-chipseq-containerv1.1.4.IHECRE00000987.6.289adc7a-9e11-437f-b6f6-57bfdeddcb3b.fc.signal	0.433001	0.210533	0.277773	0.487543	0.0569419	0.0709793	0.773117	0.596205	0	0.0177447	0.229612	0.0305799	0.226106	0.117113	0	0	0	0.0570706	0.57394	0.562489	0.0760429	0	0	0.372431	0.845759	0	0.431856	0.730546	0.0374392	0.116355	0.541038	0.148979	1.05547	0.663233	0.61286	0.442874	0.403846
ihec.chipseq.ihec-chipseq-containerv1.1.4.IHECRE00003808.1.706821fd-c657-4ad5-a143-e15e65116e15.fc.signal	0.893964	1.50154	0.643236	0.122921	0	0.111553	0.570497	0.957844	0.573217	1.12177	0.840633	0.82035	1.32867	1.94057	1.11639	0.857035	0.965346	0.665277	0.302743	0.17113	0.184861	0.18754	0.0700149	0.666831	1.33378	1.16456	1.59685	1.92861	2.38707	2.38593	1.32345	1.75088	1.22453	0.573375	0.642012	1.20434	0.611111
ihec.chipseq.ihec-chipseq-containerv1.1.4.IHECRE00000949.6.e11d45c2-991c-46e2-8d13-bb1e23aff42f.fc.signal	0.0857077	0.20036	1.41543	0.70273	0.166878	0.767652	1.39654	0.642116	0.614702	0.543366	0.228689	1.05853	1.13593	0.165853	0	0	0.170303	0.22376	0	0	0	0.150689	1.11557	0.31854	0.0574337	0	0.0480637	0.433911	0	0.108148	0.894249	0.913105	0.579631	0.619884	0.426084	0.399805	0.68306
ihec.chipseq.ihec-chipseq-containerv1.1.4.IHECRE00001002.4.308bde30-3fb4-4075-a143-aa64ea58703c.fc.signal	0.688145	0.78616	0.0462979	0.275051	1.36267	0.734449	0.425792	1.09485	1.28733	1.40898	0.328611	1.16966	1.41154	1.07275	0.383795	0.340711	0.231081	0.12389	0	0	0.00175043	0.206634	0.589042	0.109339	0	0.33176	1.25904	0.660917	0.751555	1.02036	1.24547	1.64711	2.64074	2.28252	2.19961	0.957066	1
ihec.chipseq.ihec-chipseq-containerv1.1.4.IHECRE00001546.1.967ca253-1932-4175-8466-de89b0808edb.fc.signal	4.68343	1.00269	1.79757	1.91985	0.672556	2.93783	2.11112	3.77841	3.13746	1.99938	3.43386	6.52377	0.0236357	0	0	0.722855	1.38744	0.622379	0	0	0	0.55578	0.560629	1.11886	1.61971	3.77426	2.59534	4.05732	4.76576	5.28372	5.88178	6.60531	6.27068	3.7503	1.91912	0.741278	0
ihec.chipseq.ihec-chipseq-containerv1.1.4.IHECRE00001893.4.1ce16d7a-b11b-4cc6-9954-df2d097852d0.fc.signal	1.08657	2.10886	1.24892	0	0	0	0	1.12748	1.52097	2.39994	0.534953	2.03534	1.9079	0	0	0.404054	1.75122	0.714325	0.712604	1.25206	1.07807	0	0.029716	0.972761	0.193154	0.283395	1.98781	0.108685	0.977143	0.534139	2.27085	3.23897	0.726143	1.27868	2.78821	2.11065	0.355731
ihec.chipseq.ihec-chipseq-containerv1.1.4.IHECRE00001892.4.1a48d1e3-a2d4-434f-8cee-d284ec0da60a.fc.signal	0.457516	1.12504	0.429605	0	0	0	0	0.633402	0.734966	0.67653	0.539593	0.409136	1.62163	0.513819	0	0	0	0	0	0	0	0	0	0	0.743932	0.363561	0	0	0.44604	1.74655	0.48706	0	0	1.06013	1.67761	1.50177	1
ihec.chipseq.ihec-chipseq-containerv1.1.4.IHECRE00001335.1.16baff19-56fb-479e-97b6-edd56ebc9920.fc.signal	1.67515	1.79544	1.5942	1.84535	0.469087	0.72623	1.13771	1.87138	3.7604	1.56563	1.9023	0.855018	3.44449	3.03908	1.34363	1.35127	1.30243	0.708647	0.948552	0.534313	0	0.310574	1.25795	1.15011	1.45914	2.08348	2.78521	3.32542	2.39146	1.76693	5.12834	4.21689	2.50357	2.20552	3.1424	1.00933	0.492727
ihec.chipseq.ihec-chipseq-containerv1.1.4.IHECRE00000228.3.8bd2a4a9-ace6-4e3a-b0aa-9993e4990638.fc.signal	0.223507	0.371672	0.293629	1.00145	1.08818	0.386089	0	0	0	0	0	0	0	0.331169	1.02705	1.23029	0.537734	0.0355733	0	0	0.223906	1.12547	1.37749	0.244964	0.0550966	1.01575	2.20088	2.04446	1.73419	1.84481	1.75051	1.44816	1.99143	1.49379	0.273882	0.133184	0.811245
ihec.chipseq.ihec-chipseq-containerv1.1.4.IHECRE00001990.1.14fdd58f-89fa-40e4-a658-f79765679f58.fc.signal	0.582767	0.620014	1.68461	0.641356	0	0.135231	1.329	0.46335	1.11022	1.33933	0.401926	0.0981448	0.547255	0.486005	0.529936	1.79303	0.92145	0.449929	0	0	0	0.130403	0.799762	0.43548	2.3082	2.40164	4.43536	2.30654	2.79807	1.43724	1.67902	2.27275	0.866392	1.18512	1.64016	1.34793	0.861111
ihec.chipseq.ihec-chipseq-containerv1.1.4.IHECRE00000665.1.5571d7d7-4894-4e51-8082-c8a874cb2438.fc.signal	0.59933	0.204468	0.455256	0.2714	0.697587	0.99775	0.52635	1.3983	1.04674	0.0176581	0	0.464527	0.515818	0.219551	0.710491	0.862359	0.415848	0.750681	0.144171	0	0	0	0.26659	0.204362	0.533843	1.29238	1.49102	0.749723	1.80896	2.27647	1.03363	2.15058	1.33261	2.14646	2.24408	2.162	1
ihec.chipseq.ihec-chipseq-containerv1.1.4.IHECRE00003816.1.3579346a-a108-4e99-ba8a-c53f4809c6bb.fc.signal	0.545735	0.419545	0.762402	0.467769	0.75236	0.485627	0.840151	1.1775	0.595417	0.499436	0.720806	1.11494	1.40979	1.35547	1.03685	0.38025	0.907969	0.66888	0.416129	0.019747	0	0.096005	0.578934	0.136099	0	0.473243	1.07507	0.729109	0.435427	1.04889	1.4284	1.51287	0.468942	0.470337	0.944454	0.803284	1
ihec.chipseq.ihec-chipseq-containerv1.1.4.IHECRE00001906.1.d4812fd5-35f7-424c-8ea9-21e1d395b54b.fc.signal	0.516202	0.547921	0.468332	0.34366	0.0619828	0.443719	0.4104	0.401646	0.794578	1.07809	0.873028	0.712596	0.7751	0.647875	0.208511	0.260848	0.351624	0.42981	0.106436	0	0	0	0.137792	0.53882	0.454508	0.677525	0.583313	0.563792	0.435855	0.457345	0.755529	0.527074	0.350388	0.499943	0.398916	0.369708	0.504065
ihec.chipseq.ihec-chipseq-containerv1.1.4.IHECRE00001965.2.b75058ba-d142-4ae0-9acf-08c2d019a7dc.fc.signal	1.49742	0.695389	2.05279	4.0597	3.08449	5.56387	5.9328	5.33032	12.3402	16.563	11.915	11.5869	7.05294	14.0466	17.6945	15.3684	9.11976	8.52146	6.16001	1.37917	1.06288	4.95522	9.44901	12.5306	13.9258	12.1391	8.63604	11.983	12.4624	9.0445	15.1447	17.451	10.803	8.23212	6.77819	3.47789	0.422925
ihec.chipseq.ihec-chipseq-containerv1.1.4.IHECRE00001232.5.c85debd1-3d92-448f-90c2-50b50f17d029.fc.signal	0.565824	1.29286	0.022948	0.14527	0.309728	0	0.267979	0.355899	0.811618	0.161017	0	0.514477	0.578782	0.353699	0.608119	0.640486	0.286445	0	0	0	0	0	0	0.053276	0.755697	0.430782	2.32785	1.70218	1.44188	1.60081	0.975282	0.723913	1.09244	1.0813	0.994809	1.29618	0
ihec.chipseq.ihec-chipseq-containerv1.1.4.IHECRE00001952.2.52215347-885a-4412-918b-b787711b8d37.fc.signal	1.09958	0.891998	0.878227	0.721279	0.548938	0.606851	1.34068	2.00446	1.68676	1.78908	0.393676	0.906961	0.961854	3.36071	4.58011	5.0122	2.83937	2.09756	2.54087	1.03533	0.945906	2.4875	1.891	5.47214	3.31776	1.77883	3.75242	5.27716	6.69632	2.72043	8.3576	7.02519	5.92473	3.08335	3.64834	4.08956	0
ihec.chipseq.ihec-chipseq-containerv1.1.4.IHECRE00000343.2.43c6f7a4-d039-46a2-872e-bb5eb8075426.fc.signal	0.806502	1.02822	0.276525	0	0.467327	0.378312	1.28728	1.02751	0.802007	1.21379	0.65959	0.795522	1.68097	0.328209	0.379068	0.114964	0	0.0781476	0.65123	0.65706	0.206505	0.263715	0.622902	0.0356059	0.502933	0.422113	0.644368	0.972587	1.02255	1.67754	2.44744	0.627533	0	0	0.182471	1.86124	0
ihec.chipseq.ihec-chipseq-containerv1.1.4.IHECRE00003716.2.bdafba4d-384d-4886-a6c9-d1ddd966b153.fc.signal	0.120924	0.450973	0.658712	0.0918042	0	0	0.0178611	0.250248	0.471443	0.798594	0.926267	1.00359	0.631754	1.7971	0.185799	0.0746024	0.502992	0.421958	0.608265	0.335185	0	0	0.287767	0.929158	0.601443	1.10825	0.69051	2.06832	0.969099	1.50305	2.02399	1.31321	1.33198	1.91976	1.95015	1.85168	1
ihec.chipseq.ihec-chipseq-containerv1.1.4.IHECRE00003846.4.a8b62515-f113-4847-973f-317b45173002.fc.signal	1.92427	1.01659	2.10538	0.930726	0.786163	0	0.518262	1.70961	0.615284	0.597574	0.767728	1.47468	1.30595	2.04766	0.0257779	0	0	0.149256	0.757615	0.477002	0.129301	0.319007	0.514882	1.24899	1.23656	1.33362	0.131527	0	0.243885	0.941224	0.606304	0	0	0	0.266381	1.11408	0
ihec.chipseq.ihec-chipseq-containerv1.1.4.IHECRE00001249.1.1fccbf88-8984-430d-91d0-4fb767fb9d0a.fc.signal	1.86298	1.95517	0.815236	0	0	0	0.366416	1.205	0.468684	0.188145	0.0221435	0.624126	0.28778	0.512104	0.154572	0	0	0	0	0	0	0.166868	0.666862	0.002588	0.452036	0.358055	0.520581	1.13028	3.90536	2.94228	1.06903	2.92188	2.66819	1.60579	2.70687	3.76454	1
ihec.chipseq.ihec-chipseq-containerv1.1.4.IHECRE00000974.7.9dac3370-6335-4df0-bea0-9e684edfa350.fc.signal	0.413082	1.16706	0.134518	0	0.299552	0.853907	0.291681	2.04379	2.3666	2.86234	1.23527	2.28278	2.33153	3.56435	1.46681	1.39608	4.40389	0.681097	0	0	0.254941	1.43451	2.07059	0.532403	2.53566	2.47648	1.72389	3.18394	3.83826	6.19197	5.6959	4.01285	4.74514	3.56335	1.98969	2.84054	0
ihec.chipseq.ihec-chipseq-containerv1.1.4.IHECRE00001471.1.c36bbd63-78f2-464a-952f-d221dd832d3f.fc.signal	0.348098	0.129448	0.402832	0	0	0.312437	0.461523	0.205944	1.89487	2.86854	1.43782	1.44733	0.594574	0.610654	0.276022	0.0616061	0.49476	0.279163	0.094178	0	0	0	0	0	0.184304	0.119087	1.12861	0.958115	0.471697	2.07965	0.559205	0.363876	0.3872	0.526732	1.13745	2.44557	0.833887
ihec.chipseq.ihec-chipseq-containerv1.1.4.IHECRE00004647.3.6c7e93ea-bf0c-48a2-82fb-1c49e3dc143b.fc.signal	0.816861	1.04077	0.746284	0.601743	0.442426	0.85607	0.62271	0.333085	0.607869	0.909916	0.989721	0.604735	0.680649	0.988588	0.796561	0.888879	0.368187	0.349713	0.424819	0.298355	0.315057	0.52797	0.903872	0.708355	0.703951	0.679169	0.771622	0.689912	0.649649	0.838758	0.991527	0.733148	0.342494	0.353702	0.485173	0.477745	1
ihec.chipseq.ihec-chipseq-containerv1.1.4.IHECRE00001852.4.e1095ee8-c1a0-47db-b726-788ab3dbb842.fc.signal	0.949693	0.589323	1.07925	1.13635	0.447408	0.216794	1.06624	1.33048	1.35652	1.04396	1.41352	1.02853	0.995589	1.43316	1.10566	0.905917	1.0133	1.21886	0.707151	0.377475	0.315696	0.367352	0.873918	1.08828	1.14866	1.35841	1.19804	0.960856	0.688618	0.760697	0.857733	0.640988	0.62479	1.02897	1.08526	1.40649	0
ihec.chipseq.ihec-chipseq-containerv1.1.4.IHECRE00000223.3.555de7dc-c653-4909-9c33-caf14688e0ce.fc.signal	1.83394	1.95326	1.19415	1.56086	0.45212	0	0	0	0	0	0.0468118	0.33437	0.543909	1.77678	1.20346	0.748638	0.496395	0.177689	0	0	0	0.115315	0.433338	0.41877	0.0987041	0.569114	1.79844	2.45218	1.9262	1.51224	1.55955	1.60581	2.52435	2.09421	0.982561	0.491168	0
ihec.chipseq.ihec-chipseq-containerv1.1.4.IHECRE00000318.2.9cc4804f-5850-46a5-b627-ca441aa97c73.fc.signal	0	0.290426	0.375552	0	0.436135	1.72438	1.89767	0.59811	0.427059	0.250518	0.368379	0.566765	0.705226	2.60962	1.37088	0.147975	0.686783	1.16049	0	0	0	0	0.529148	0.762262	1.07548	1.46545	1.39601	1.14816	1.24624	0.605697	0.116496	0.882654	0.700454	0.556107	0.648922	0.146827	0.194915
ihec.chipseq.ihec-chipseq-containerv1.1.4.IHECRE00001914.1.d83c61fb-c563-40ff-afb5-9fc097a52b75.fc.signal	0.886051	1.41079	0.323166	0	1.25174	1.5747	0	0.761596	0.371228	1.17071	0.900029	0.95153	0.721671	1.2743	0.0671574	0	0	0	0	0	0.258309	1.87934	2.13722	0.554885	0.684175	1.80515	0.930625	0.64893	2.6099	1.70261	2.11811	0	0.802004	0.421587	0.0292516	0.743722	1
ihec.chipseq.ihec-chipseq-containerv1.1.4.IHECRE00000250.2.a39935bf-2e13-411b-a0e6-5df09e4383e1.fc.signal	0.393033	0.710628	1.66629	0.0958887	0.418134	3.21431	3.4799	2.01493	1.83916	1.21399	1.40699	0.91843	1.86688	1.28052	0.670099	0	2.50746	2.2693	0.0234981	0.595476	0.75616	2.21734	1.92597	0.864246	0.914999	1.32331	2.15738	0.432516	0	1.44826	6.27642	3.37262	0	0	0	0.045493	0.138973
ihec.chipseq.ihec-chipseq-containerv1.1.4.IHECRE00001039.6.a3034dad-cf3f-4b0e-b7ac-4dfa7b52d765.fc.signal	1.2591	1.83905	0.495411	0.0323535	0	0	0.199276	1.16032	1.935	2.12701	0.939364	1.9585	1.5713	1.32886	0.535078	0.301848	0.30503	0.527611	0.271983	0	0	0.10266	0.74662	0.501005	0.446889	0.778237	1.1723	0.560216	2.90527	2.17215	1.06692	1.43022	1.7418	0.886353	0.853109	0.748228	0.669065
ihec.chipseq.ihec-chipseq-containerv1.1.4.IHECRE00000055.3.f7f2e0ed-3f12-40ea-ab1e-c5e10f8d62d8.fc.signal	0.519474	1.56481	1.33242	1.24914	0.966002	0.932691	1.19085	0.527156	0.686688	0	0	0	0.0955392	0.93546	0.116098	0	0	0	0	0	0	0	0.331389	0.453804	0	0	0	0.2415	1.02199	0.955375	0.827003	0.747185	2.24594	0	0	0	0.514493
ihec.chipseq.ihec-chipseq-containerv1.1.4.IHECRE00001891.4.41bb4ab6-1e8d-4527-bfe1-5ddf65dcaa7f.fc.signal	0.204128	0	0	0	0.724977	0.259754	0	0	0.463006	0.647565	0.114586	0.36039	0.67949	0.720871	0	0	0	0	0	0	0	0	0.424479	0.403808	1.13877	1.82703	2.06368	2.04566	2.15714	3.22893	5.04936	6.00153	3.32171	0.219891	0.386751	0	0.865243
ihec.chipseq.ihec-chipseq-containerv1.1.4.IHECRE00004635.3.13102329-ee3d-4773-b2d1-9ab40cd17100.fc.signal	0.816806	0.473263	1.15069	1.48822	1.38439	0.49301	0.58908	0.788026	1.13203	2.43478	2.94334	1.96942	1.98502	1.2583	1.59294	1.39727	1.35832	2.43418	1.06973	0.0820756	0.002388	0.384785	1.91104	3.4254	3.48035	2.27207	1.95524	1.98238	2.38509	2.46067	2.73796	1.46423	1.54704	1.72498	1.71798	1.88502	0
ihec.chipseq.ihec-chipseq-containerv1.1.4.IHECRE00001889.4.440b0def-8afc-49ae-ab48-eb6e55baaba4.fc.signal	0.35886	0.0178528	0.402658	0.0883085	0.414696	0.182081	1.06669	1.82516	1.06153	1.266	0.0664149	1.42477	2.41091	1.16777	0.391169	0.735336	0.722966	0.758602	0.134232	0	0	0	0	0	0.944834	1.23985	3.06985	2.04889	3.80044	2.05134	1.70373	2.53184	3.15239	3.24912	3.03253	1.24039	1
ihec.chipseq.ihec-chipseq-containerv1.1.4.IHECRE00004900.1.b52b6048-f5e8-441d-8082-83c6ea7d797d.fc.signal	0	0.827373	0.16704	1.6402	1.40486	0.275494	0.671135	0.379937	1.90599	2.61306	1.27748	2.67312	3.34709	2.87296	2.2549	2.93773	2.2528	1.14814	0.645942	0.398964	0	2.24818	4.11403	1.07704	1.00628	1.75534	2.25279	1.87584	3.55737	3.23663	2.66987	2.92455	3.37273	2.15831	1.98309	1.79436	0.623188
ihec.chipseq.ihec-chipseq-containerv1.1.4.IHECRE00000227.3.cbba33e3-8091-43f4-8be2-0ec669b6bf51.fc.signal	0.888704	1.36709	1.28761	0.813435	0.431783	0.310411	0.742264	1.49343	1.58104	1.03628	0.362975	1.37041	1.17862	0.506498	0.425524	0.404399	0.165387	0	0	0	0.220154	0.320662	0.541355	0.502847	0.213194	0.167697	0.309286	0.214068	0.100986	0.270994	0.517695	0.590257	0.74974	0.696167	0.645235	0.639807	0.342105
ihec.chipseq.ihec-chipseq-containerv1.1.4.IHECRE00003806.1.2dfc8185-75fc-483f-9a76-86d609a673b1.fc.signal	0.93105	1.13764	1.08333	1.10661	1.02518	0.530007	0.548089	0.559766	1.65216	1.47248	1.19014	1.15556	0.760487	0.726295	0.681275	0.422098	0.566021	0.667702	0.553997	0.118751	0	0.121156	0.297291	0.841581	0.801865	1.01409	1.39545	1.66982	0.649892	0.851777	0.388897	0.358784	0.40848	0.370877	0.283149	0.61023	1
ihec.chipseq.ihec-chipseq-containerv1.1.4.IHECRE00000864.3.14e2d66e-78ce-42e0-867f-4b49c7b19bff.fc.signal	1.8476	2.23408	1.60558	1.01905	0.997585	0.999211	0.924225	1.5852	0.590584	0.608891	0.761701	1.14956	0.934844	1.08545	1.78829	1.496	0.576548	0.522124	0.486966	0.0401755	0	0.408831	1.58299	1.69966	2.13455	1.526	2.48916	4.06665	3.96891	4.92158	4.48998	5.22671	3.13366	2.80341	3.03422	2.1473	0
ihec.chipseq.ihec-chipseq-containerv1.1.4.IHECRE00003847.4.2b3ec079-53bd-4903-ae08-424fc11f8e29.fc.signal	1.50218	1.85009	0.967312	0.0314267	0	1.403	3.58695	2.01871	2.39547	1.44386	0.911444	0.95408	0.421745	0.0188561	0.172538	0.644746	0.544856	0	0	0	0.00959314	1.71442	1.27559	0.691553	0.4522	0.632093	0	0	0.229897	0.318381	0	0	0.382362	1.33373	1.70227	0	0
ihec.chipseq.ihec-chipseq-containerv1.1.4.IHECRE00001901.1.bd86e759-1531-4112-8c3a-ef0446d756a3.fc.signal	1.99562	1.7754	0.937188	0.34387	0.19265	0.856349	1.61405	2.90205	2.4493	3.218	2.17618	1.89991	3.26081	3.27838	2.06083	2.75997	1.8914	0.593288	0.348192	0.177197	0	0.163021	0.697849	0.810322	1.01303	2.30573	2.14262	2.73425	2.49238	1.79122	1.57528	2.58184	2.6694	2.25357	3.31966	3.93911	0
ihec.chipseq.ihec-chipseq-containerv1.1.4.IHECRE00001954.2.fc509fae-cfc8-4cd1-b6e1-cb05b98526c1.fc.signal	1.22918	0.774922	0.186113	0.186589	0.911439	2.27562	1.46568	3.14474	2.49208	4.84291	4.12667	2.42238	1.91876	3.41807	4.34566	6.05051	4.58968	1.72901	0.118463	0	0.735341	3.1026	4.2494	4.32099	4.07605	4.91785	4.59334	4.86458	4.45286	4.29528	3.14096	3.63568	4.2401	4.44332	2.74247	1.49802	0.390023
ihec.chipseq.ihec-chipseq-containerv1.1.4.IHECRE00001913.1.7dd02c2b-e08d-4010-8330-5cb791ced7b2.fc.signal	0	0	0.239659	3.66409	0.56602	0	0	0	0	0	0.264518	3.02953	0.531446	0	0	0.501416	3.76932	0.400519	0	0	0	0	0	0	0	0	0	0	0	1.74971	1.6888	0.877605	3.06002	0.204602	0	0	1
ihec.chipseq.ihec-chipseq-containerv1.1.4.IHECRE00004641.3.2af65a74-ad9a-47d1-bb59-7449ff40f2d9.fc.signal	0.887953	1.18178	0.633457	0.134352	0.0168112	0.577134	0.52019	0.296072	1.22226	0.999009	0.714618	0.617165	1.10917	0.992318	0.873812	1.16588	0.838413	0.174471	0.0500293	0.23468	0.421707	0.747422	1.66213	1.12917	0.419183	1.56778	0.852458	0.528439	0.48169	0.586594	0.319584	0.37738	0.611825	0.246334	0.157592	0.52335	0.965157
ihec.chipseq.ihec-chipseq-containerv1.1.4.IHECRE00002063.1.fc1674f3-b9c6-4107-8983-478acef979ab.fc.signal	1.52201	2.08597	0.903955	2.2103	0.263041	0	0.420337	1.27149	0.964361	1.01954	0.496684	0.489695	1.22809	1.00404	0.803547	0.888462	1.81778	0.869603	0.330594	0.337464	0.317479	0.402817	0.516313	0.180896	0	0.824872	1.82431	2.25793	4.49773	2.81129	1.27144	1.21576	3.25088	1.0561	0.711186	0.576015	0.389222
ihec.chipseq.ihec-chipseq-containerv1.1.4.IHECRE00004713.2.73d0436f-3c8c-4e5c-a1fe-dc4d41b2902f.fc.signal	0.36921	1.10718	1.8295	1.23871	1.6638	1.31169	0.670111	1.28409	1.19976	0.521428	0.0626282	0.0274091	0.517883	0.0577863	0.863386	0.739828	0.102	0	0	0	0.169581	0.544033	0.747141	0.432358	0.742126	0.353052	0.439178	0.98674	1.21281	1.43832	0.446681	0.512669	0.852597	0.487266	0.513182	0.772845	0.641026
ihec.chipseq.ihec-chipseq-containerv1.1.4.IHECRE00001875.2.6632043e-47cf-4bfd-b8e1-020b2411b571.fc.signal	0.548667	0.720423	1.58482	0.973496	0	0.928997	1.27962	0.679733	1.0717	1.02691	1.48439	1.72861	0.638826	1.53531	0.64161	0.392524	2.01531	0.147996	0.792539	0.0561125	0	0.533428	0.225106	0.587535	0	0	0.34552	0.529449	1.4291	0.684224	0.912004	1.97115	1.31914	0.693795	2.36655	0.620678	0
ihec.chipseq.ihec-chipseq-containerv1.1.4.IHECRE00003809.1.88fb2a51-3313-49d0-b432-b95b6b91fc4b.fc.signal	1.61668	1.9338	1.71118	1.87025	1.86258	1.59333	2.60025	3.40249	4.47841	3.31192	1.86505	2.03878	3.56772	3.81252	2.92784	4.32263	4.58522	3.36909	1.23741	0.335863	0.321856	0.882455	1.42185	1.4083	1.92156	2.98249	2.4561	3.70489	5.34515	4.2392	3.44124	2.7466	3.80394	5.67291	5.09687	4.47944	0.332713
ihec.chipseq.ihec-chipseq-containerv1.1.4.IHECRE00004884.1.cdb41994-86e2-4949-bf91-2378fd47bfa2.fc.signal	0.437717	0.841368	0.728002	1.76129	2.12107	0.637214	0.849893	0.640132	0.753442	1.12042	0.639416	2.41002	0.965286	0.517012	0.613984	1.2387	1.85473	0.509955	0	0	0	0.247986	1.24809	1.14748	2.48776	1.16872	1.18698	5.95518	5.58249	2.84216	3.48578	3.19245	2.89918	0.930871	1.0766	0.926423	0.605634
ihec.chipseq.ihec-chipseq-containerv1.1.4.IHECRE00001851.4.41736f40-6f67-4bdc-bc7e-afd139847fe8.fc.signal	0.869302	0.0466828	0.753403	1.11716	1.09276	0.528341	0.526608	1.56937	1.26107	2.18021	1.7802	0.803842	0.901873	0.767012	0.828331	0.474054	0.146052	0	0	0	0	0	0.271683	0.579118	1.10219	0.865107	1.01429	2.21952	2.12125	0.937589	0.612306	1.13933	2.25766	1.55852	1.36332	1.18789	1
ihec.chipseq.ihec-chipseq-containerv1.1.4.IHECRE00000121.3.6767ca98-deae-49f6-b4ac-75d0144cef28.fc.signal	0.222264	0.783534	1.9716	2.18561	0.952035	0.368053	1.07762	0.995715	1.54812	1.86931	0.616075	0.248865	0.590689	0.388768	0.18304	0	0	0.677415	1.14306	0.693553	1.2304	1.41694	1.02467	0.523547	1.759	0.501797	0.810485	1.3689	1.0264	1.95223	0.793926	0.298277	1.43805	0.966676	1.17016	1.87937	0
ihec.chipseq.ihec-chipseq-containerv1.1.4.IHECRE00001887.4.92e33eb4-60fb-4aba-99b3-db60d30e791f.fc.signal	0.326315	1.03072	0.500899	0.290562	0	0	0.345055	1.67643	2.59086	2.54819	0.458893	0.795215	1.22458	1.09226	0.119393	0.460474	0.251791	0	0	0	0	0	0.699756	0.166498	1.10107	1.41633	2.69097	1.62572	2.3845	0.474501	1.28469	0.970548	1.55992	1.06668	1.35905	1.23596	0.239292
ihec.chipseq.ihec-chipseq-containerv1.1.4.IHECRE00001015.4.9280a4bd-15d9-4bff-baed-11156e36abac.fc.signal	0.26561	0	0	0.352256	0.933147	0.498493	0.288204	0.65794	1.22432	0.543664	0.194284	0.733061	1.04174	0.133243	1.2133	0.835426	0.510953	0.279973	0.283904	0.0997573	0	0.273924	0.819847	0.0018974	0.117969	0.665602	1.18201	0.85923	0.43115	0.714169	0.845348	1.33549	1.05618	2.50607	2.26146	0.790175	0
ihec.chipseq.ihec-chipseq-containerv1.1.4.IHECRE00003835.4.bcf78771-4438-44b9-b60f-ce0703898bd2.fc.signal	0	0	0	0	0	0.460166	1.28593	0	0.66695	1.62474	0	0.422009	0.585876	0	0	0.39424	0.912639	0	0	0	0	0	0	0	0	0.117438	0.576018	0.424717	0	0	0	0	0	0	0	0	0
ihec.chipseq.ihec-chipseq-containerv1.1.4.IHECRE00004617.2.4b42183d-fbd0-4b87-afb1-913c17cc15e7.fc.signal	0.632594	0.438934	0.773117	1.50028	0.4334	0.51909	0.163064	0.206742	0.797349	0.56526	1.35281	0.957961	0.309566	0.565293	0.615399	0.983461	0.749319	1.28553	0.783584	0.273394	0.0480686	0.992764	1.41116	0.190672	0.196516	0.435242	0.685797	0.97717	0.740887	1.48682	0.47708	0.208567	0.943354	1.27101	1.01391	0.604316	0.166667
ihec.chipseq.ihec-chipseq-containerv1.1.4.IHECRE00000174.3.b164f810-2e27-4827-b5c8-f5006a5eea9e.fc.signal	0.311557	0.469186	1.40166	0.147406	0.365596	0.245357	0.657123	0.473959	0.739519	0.929801	1.38694	0.815119	0.721481	0.0389844	0	0.0350989	0.417414	0.846118	0.622157	0.125695	0	0	0.433436	1.22723	0.234416	0.178324	0.684014	0.391373	1.2055	0.612562	0.722076	0.354216	0.840089	0.333423	0.964906	2.27465	0.362745
ihec.chipseq.ihec-chipseq-containerv1.1.4.IHECRE00001902.1.526cb17b-4947-475e-9954-5626d82b7161.fc.signal	1.2048	0.113601	0.307612	0.315537	0.0416635	1.22813	1.68127	3.31493	1.80137	1.11306	0.521534	0.563334	0.660021	1.02707	1.75177	1.68178	0.985733	0.583533	0	0	0	0	0.241487	1.28661	1.00945	0.228913	0.290787	0.436091	0.911976	2.27208	3.41689	2.49842	1.35221	0.353649	1.30745	1.36734	0
ihec.chipseq.ihec-chipseq-containerv1.1.4.IHECRE00003824.4.96c109c2-5b12-4d08-bc59-f48ccc7c2f4a.fc.signal	1.45984	0.218212	1.15629	0.211473	0	0	0	0.728532	0.59094	0.332633	0.380421	0.420918	0.0847959	0	0.783424	0.310582	0.778715	0.530899	0.655806	0.442616	0	0.372702	0.875419	0.994883	0.112357	1.14538	0.664141	0.53496	0.870862	0.535196	0.23896	0.843836	0.774568	0.325131	0.292439	0.295578	1
ihec.chipseq.ihec-chipseq-containerv1.1.4.IHECRE00003811.1.705a3dcb-b728-43db-b37f-bbceaf83732a.fc.signal	1.28434	1.91509	2.21593	1.14963	1.324	0.940276	1.01034	3.34299	3.90217	2.36809	1.901	2.42479	2.0773	2.73867	2.23591	2.98614	3.19963	0.829217	0.18511	0.00462775	0.0343776	0.356327	0.545444	1.78746	3.63189	2.50275	3.12064	2.40752	2.61702	2.77009	2.61221	3.08615	3.13302	5.25327	5.4011	3.36193	0.320862
ihec.chipseq.ihec-chipseq-containerv1.1.4.IHECRE00001908.1.6595c262-e2a7-4360-ae08-dca9de90347a.fc.signal	0.293901	0.236584	0.13782	0.474044	0.432728	0.609433	0.557065	0.121832	0.232802	0.199449	0.109194	0.17536	0.376841	0.970847	0.384717	0.485993	0.608219	0.434039	0.38983	0.153498	0	0.199846	1.1463	0.629014	0.677115	1.04928	1.45095	0.487724	0.502298	0.905027	1.2052	0.491001	0.128834	1.04667	1.30403	0.537947	0.120968
ihec.chipseq.ihec-chipseq-containerv1.1.4.IHECRE00001916.1.f84a631d-885b-4535-bad7-e4cb346c7bb1.fc.signal	0.662372	1.16878	0.184343	0.456801	0.559234	0	0.481578	0.446458	0.194241	2.01921	0.271766	0	0	0	0.0404768	0.998777	0	0	0	0	0	0	0.950116	0.760409	0.0919188	0.336428	1.21912	0.323789	0	1.00026	1.13555	0.659203	0.261035	1.84664	0.849975	0.924501	1
ihec.chipseq.ihec-chipseq-containerv1.1.4.IHECRE00001957.2.0bd574cb-6c79-4f0e-a131-98ee1a6088f8.fc.signal	1.59684	2.52172	1.82321	2.0369	1.42282	3.64935	4.28568	5.21912	5.98782	8.9203	6.69622	6.16332	3.7037	6.4278	6.22534	5.74115	2.54051	2.21856	2.5966	0.672598	1.69736	4.11259	3.85607	5.96349	10.1319	6.58558	8.97684	11.4512	7.98297	7.08274	7.57438	6.34724	2.84316	2.03192	2.61703	2.9224	0.0170648
ihec.chipseq.ihec-chipseq-containerv1.1.4.IHECRE00001956.2.6c45d08b-377b-419c-a177-44262ce42f4b.fc.signal	0.380494	0.970601	0.75164	1.25127	1.11861	0.441134	0	0.434538	1.53493	0.859792	0.243471	0	0.103869	0.171329	0.271838	0.137774	0.163373	0.445941	0.345992	0	0.413955	0.524396	0.513223	0.0836147	0.573768	1.19096	2.14716	3.18207	2.12854	1.63921	1.39835	1.87668	0.852144	1.38305	1.18205	0.573884	0.323774
ihec.chipseq.ihec-chipseq-containerv1.1.4.IHECRE00000943.7.e73b84a4-42ef-4b6b-83f9-72b6584af2ee.fc.signal	0.281557	0.596933	0.204573	0.149335	0.279485	0.625669	0.719697	0.9296	1.01342	0.787416	0.601689	1.29543	0.866992	1.26148	0.640619	0.195345	1.14466	0.323961	0	0	0.0612771	0.294019	0.343252	0.0873506	1.10566	0.971865	1.18198	1.1011	1.11551	1.02348	1.43519	1.30573	1.17587	2.32381	2.18844	0.559085	0.0594315
ihec.chipseq.ihec-chipseq-containerv1.1.4.IHECRE00004615.1.8cd5cefc-1c86-42bb-a689-d60dd071a471.fc.signal	1.44737	0.846476	0.375568	0.253882	0.755344	0.795181	1.85338	2.47553	2.57985	2.68975	1.3873	1.13588	0.502205	1.01132	1.07426	0.562293	0.183771	0.734682	0.786805	0.271481	0.062958	0.983474	1.83111	0.157541	0.675087	2.50277	1.73074	1.92615	1.83901	2.0643	1.91426	1.23689	0.45056	0.284969	1.27293	1.91506	0.186869
ihec.chipseq.ihec-chipseq-containerv1.1.4.IHECRE00001961.2.058af969-8786-43c5-84e7-d3c325107d07.fc.signal	0.463154	0.68328	0.670549	0.905398	0.0940143	0	0.0733981	0.271921	0.420863	0.382767	0	0	0	0	0	0.20516	0.402722	0.435838	0.332298	0	0	0.12105	0.986528	0.526114	0.972109	0.742096	0.553395	0.201762	0	0.235153	0.169509	0.381185	0.733627	0.385229	0.427649	1.11074	0
ihec.chipseq.ihec-chipseq-containerv1.1.4.IHECRE00001050.8.a9a09927-f961-43dc-bcc9-a3c995bbca26.fc.signal	0	0.34916	0.34596	0	0	0	0.17298	2.36425	2.19795	1.08743	2.11966	2.77301	2.30617	1.07742	0	0.165459	1.49651	1.24933	0.580181	0	0	0	0	0	0.035025	0.600309	2.41036	1.2922	0.463322	1.23247	0.688865	0.608646	0.479293	1.38338	2.16002	0.479146	0
ihec.chipseq.ihec-chipseq-containerv1.1.4.IHECRE00004614.1.0ac6fcf9-3ed9-4ad3-9178-9d485c424be8.fc.signal	0.561917	1.14477	1.28509	0.919547	0.613371	0.681515	0.0698027	0.841054	0.393394	0.272452	0.174348	1.5255	1.33828	1.43333	0.972461	0.257619	0	0.646734	1.6405	0.498437	0.0886903	1.3175	1.50129	0.289192	2.09793	0.80589	2.20537	2.18579	1.39491	1.08642	2.02632	1.51441	0.606372	1.37812	0.395245	0.343353	0
ihec.chipseq.ihec-chipseq-containerv1.1.4.IHECRE00001958.3.3cd86255-36f1-4b55-a6a7-d6b5647cff3a.fc.signal	0.665675	0.704319	0.500518	0.383535	0.422317	0.226222	0.212009	0.455331	1.63588	1.01437	0.783355	1.12044	0.993667	0.70564	1.31752	1.33565	2.08759	1.68232	0.498947	0.11547	0.625608	1.49019	1.98319	2.53691	2.99679	2.19492	3.47641	3.754	3.69609	3.53727	3.22581	3.441	1.60638	0.796359	1.93142	1.95613	0.213439
ihec.chipseq.ihec-chipseq-containerv1.1.4.IHECRE00002076.1.483aa0c8-5543-4e25-b16f-2f222c5a2d5b.fc.signal	1.07652	1.836	0.726292	0.818206	0.513696	0.420353	0.980193	0.655731	1.52316	1.57002	0.263252	1.32901	0.830499	0.78229	0.110491	0.353484	2.24312	1.01066	0	0	0	0.445326	0.414473	0.861637	1.5106	2.22625	0.502995	0.046574	2.66867	2.10517	3.07384	1.36461	1.08985	2.38459	1.39263	0.257431	0.238095
ihec.chipseq.ihec-chipseq-containerv1.1.4.IHECRE00004905.1.68af8a6c-0e3d-475b-8b36-e8635e2eb67e.fc.signal	0.633264	1.0792	0.116769	0	0.100882	0.920426	1.2506	0.431379	0.799522	0.272332	0	0	0	0.325178	0.603517	0.316656	0.9142	0.146272	0	0	0	0	0	1.54812	1.92312	2.17527	2.47457	2.58835	2.24747	2.30997	1.85286	1.51764	0.761833	0.485047	3.40691	4.25477	0.45098
ihec.chipseq.ihec-chipseq-containerv1.1.4.IHECRE00001854.4.9795bbe6-24d0-4d23-b44e-724aab1b2c12.fc.signal	1.14153	1.03786	0.798814	0.98779	1.20919	0.596047	1.53335	1.21944	1.03599	1.01438	0.463469	0.159025	0.549522	1.26232	0.948097	0.887708	0.860747	0.826614	0.698007	0.377287	0.273764	0.350947	0.570972	1.10579	1.06315	1.5183	1.31018	1.01782	1.40875	0.812577	0.225814	0.325987	0.588984	0.537399	1.41688	1.29572	0
ihec.chipseq.ihec-chipseq-containerv1.1.4.IHECRE00001027.7.cd19865b-26c6-4f71-a2cb-2c7271712e2b.fc.signal	0.1159	0.462238	1.08055	0.0495024	0.163817	0.932729	0	2.45281	1.58502	0.868643	0.267458	1.13938	1.49826	0.283692	0.519541	0.189288	0.975322	0.0171308	0	0	0	0.651583	1.73799	0	0.612558	1.23756	2.53785	1.44715	1.62082	1.51239	1.45792	0.534855	2.33229	1.5804	1.19693	1.01364	0.521918
ihec.chipseq.ihec-chipseq-containerv1.1.4.IHECRE00000242.3.60fb688a-cd94-4204-878d-aedbff00484b.fc.signal	0	0.0593744	0.568397	0.963943	0.598647	0.0943224	0	0	0	0	0	0	0.0747234	0.546249	0.666037	0.816461	0.748416	0.176634	0	0	0	0.211429	0.359232	0.198542	0.0070776	1.18714	1.80187	1.53431	1.18146	1.09723	1.41913	2.15018	2.57269	1.4072	0.316209	0.0715606	0.472826
ihec.chipseq.ihec-chipseq-containerv1.1.4.IHECRE00004604.3.044a44f4-7a76-4042-adca-64782b5c2f81.fc.signal	2.19223	4.08326	0	0	0	0	0	0	0	0	0	0.615369	0.988308	0.136979	2.94895	1.0568	0.252028	0	0	0	0.13927	0.631358	1.57245	1.1054	0.845117	1.34621	5.07747	1.77492	0.0435484	1.44223	4.80156	2.39091	1.9433	1.92099	1.24548	0.482619	0
ihec.chipseq.ihec-chipseq-containerv1.1.4.IHECRE00000195.3.d7bae694-a963-49c0-91a4-12894b97ce77.fc.signal	0.934666	0.42151	0.149509	0.814405	0.0928667	0.306946	0.173579	0.315855	0.464815	0.761047	0.255225	0.634636	1.04571	0.901232	0.625516	0.240065	1.14502	0.408285	0	0	0	0	0.0873796	1.29414	1.90094	0.069955	1.65008	1.78133	0.145283	0.0410241	0.636637	0.444133	0.681012	1.0134	1.43981	2.40679	0.211577
ihec.chipseq.ihec-chipseq-containerv1.1.4.IHECRE00004664.3.88322dc5-ffd0-48cb-8071-68d28d8e1eea.fc.signal	0.177587	0.625214	0.306189	0.658592	1.02438	1.38832	1.22847	0.728337	1.04896	1.80243	0.447586	0.993742	1.14189	0.142479	0.664438	0.341942	0.30451	0.205936	0	0	0	0	0.672551	1.14223	0.750355	2.51343	2.38684	1.70706	1.39006	0.986217	1.08632	1.0903	0.644508	0.450155	0.780378	1.09082	1
ihec.chipseq.ihec-chipseq-containerv1.1.4.IHECRE00003837.4.b0a69b43-094d-48ec-bc60-f9af8670e969.fc.signal	0	0	0	0	0	0	0	0	0.629794	1.9584	0	1.83105	0.0704903	0	0	0	0	0	0	0	0	0	0	0	0	0	0	0	0	0	0	0	0	0.93452	0.440811	0	0.412121
ihec.chipseq.ihec-chipseq-containerv1.1.4.IHECRE00000184.3.e49570a0-926e-4a06-8cdb-e56c6d55c91c.fc.signal	0	0	1.58526	2.4934	0.610936	0	0.77587	2.9949	0.285225	1.2261	0.760055	1.49623	0.408766	0	0	0	1.06027	0.419612	0	0	0	0	0.111984	1.61995	0.14987	1.74581	1.11463	0	0	4.32705	3.3831	1.22836	0.815158	0.81806	0	0	0
ihec.chipseq.ihec-chipseq-containerv1.1.4.IHECRE00003819.1.15862055-4b77-42a2-9c80-a7361014730f.fc.signal	3.6016	3.68995	4.04873	3.09781	3.50473	3.15032	3.18971	3.52514	5.06893	5.91642	4.45418	2.91787	3.26387	4.63792	4.44746	4.40223	4.55191	3.90727	2.24718	1.10482	0.748528	1.13898	2.45537	2.63475	3.39681	3.93936	3.54833	4.21107	6.06729	4.94988	4.09927	2.81972	3.60886	5.72233	5.2722	5.27586	0.609555
ihec.chipseq.ihec-chipseq-containerv1.1.4.IHECRE00003715.2.e8a2a442-a331-474b-9c0f-ad5c0953942a.fc.signal	0.822964	0.60818	0.474609	0.420547	0.653713	0.590087	0.858037	1.02296	1.26212	1.29481	0.830461	1.18588	0.798987	0.93961	0.384047	0.431871	0.425185	0.312361	0.333391	0.304208	0.468769	0.671104	0.517894	0.395149	1.33337	1.60729	1.61295	0.992678	1.13289	1.59985	0.985275	0.901877	1.27485	0.767363	1.01375	1.14832	0.425287
ihec.chipseq.ihec-chipseq-containerv1.1.4.IHECRE00001904.1.30aebd5d-55b8-4958-834c-27c8c0a165bb.fc.signal	0	0.360196	0.419004	0	0.300226	1.09827	1.08097	0.964772	0.922561	0.165351	0	0.57085	0.4223	0.222196	0.127743	1.5038	0.358049	1.1557	0.871362	0	0.0796064	0.478124	1.29959	0.795412	0	0.266372	0.412954	0.408205	0.368456	0	0	0	0	0.294883	1.18723	0.842947	0.944606
ihec.chipseq.ihec-chipseq-containerv1.1.4.IHECRE00003826.4.93a8f270-5d77-4704-ada1-4b6b1a7c8853.fc.signal	1.07587	1.90323	0	0	0.622011	1.65818	0	0	0	0	0	0.380409	0.508221	0.790851	0	0	0	0	0	0	0	0	0	0	0	0	2.10811	0.488413	1.11876	0.868289	3.55211	1.05081	1.7394	0.755629	0.789942	0	0
ihec.chipseq.ihec-chipseq-containerv1.1.4.IHECRE00001966.2.f603ad07-1fa1-4eda-9e31-ea07130b3846.fc.signal	0.439974	0	0.350161	0.423164	0.334982	0.562539	0.0939959	1.28388	1.58002	1.09935	0.535116	0.288946	0.452413	0.656261	1.02578	0.0449331	0.133516	0.423565	0	0	0	0	0	0.113478	0.673953	1.49373	2.82037	0.923691	1.0941	1.1741	1.35726	0.700743	1.62801	1.32746	1.07214	0.448558	0.23719
ihec.chipseq.ihec-chipseq-containerv1.1.4.IHECRE00000013.3.21204e63-5580-42b6-aaaf-3888daa8192c.fc.signal	0.941705	0.64236	3.36228	0.539929	0	0.987305	0.148356	0	0.00870853	1.30628	1.3237	0.405792	0	0	0	0	0	0	0	0	1.02636	1.30628	1.35853	0.513803	0.788137	0.335807	0	0	0	0	0	3.2918	3.43983	0.88827	0	1.35128	0.663551
ihec.chipseq.ihec-chipseq-containerv1.1.4.IHECRE00001964.2.194197dc-d3ad-4faf-839a-1e28c390e1c7.fc.signal	3.15892	3.60238	1.86899	4.51981	7.46934	7.59899	9.47275	15.3954	25.0684	30.6641	27.863	18.209	13.6378	22.3818	31.0299	17.319	14.0743	11.3141	3.7481	1.11289	1.88113	4.57221	14.1185	23.5363	19.091	17.0438	11.6117	17.5178	23.3609	21.1482	28.3325	23.5142	17.3145	12.2329	7.96248	4.855	0.516807
ihec.chipseq.ihec-chipseq-containerv1.1.4.IHECRE00004618.1.40df65f6-ad48-44fa-bfba-39b465419c5e.fc.signal	0.546122	0.987919	0.582992	0.782295	0.601644	0.158951	0.833985	0.906517	0.718458	0.827962	0.745276	1.20057	1.15204	0.314409	0.459519	0.982955	0.617528	0.348685	0.708273	0.302373	0	1.10371	1.43841	1.07662	0.394904	1.51753	1.30114	0.989529	1.46769	0.868766	0.652323	1.6036	0.852199	0.79138	0.496452	0.739786	0
ihec.chipseq.ihec-chipseq-containerv1.1.4.IHECRE00003804.1.99f64bff-6a7f-4116-8a49-8ea2121e3dc6.fc.signal	2.56895	1.49224	1.03304	2.07019	1.75372	2.14381	3.04726	2.06845	1.85753	2.73305	1.75974	2.06676	2.25224	3.49175	4.32188	3.30675	4.04245	3.41704	1.20423	0.097791	0.263619	1.05553	1.83875	2.57786	1.76629	2.91641	2.23671	1.85617	2.39012	2.0082	2.17228	2.25811	3.66014	3.65599	4.79469	3.77889	0.274336
ihec.chipseq.ihec-chipseq-containerv1.1.4.IHECRE00001973.1.61dbfaab-48a0-49aa-b249-2516c02981de.fc.signal	0.0432388	0.160942	1.81874	2.40446	1.20397	0.496824	0.0583728	0.179784	0.712225	0.678503	1.14389	0.847417	0.959217	1.73052	0.975829	0.644901	0.230848	0.452432	0	0	0	0.641667	1.66816	0.471012	0.493698	0.677608	1.09161	2.63395	2.79928	1.09456	1.99313	1.43487	0.227387	0.361014	1.20295	0.591622	0.551724
ihec.chipseq.ihec-chipseq-containerv1.1.4.IHECRE00000775.1.672aeb75-b003-40bb-88b0-79458561e736.fc.signal	0.87699	1.7873	1.911	2.00818	1.67477	0.591355	0.861101	1.14658	2.33071	2.23576	1.29517	1.60109	1.46375	1.42481	2.8745	1.98902	1.56641	2.27586	0.403786	0	0	0.738653	1.53461	1.04178	0.490843	1.43495	4.53507	3.08842	4.12009	10.0307	6.50823	6.20941	6.20655	5.00549	5.67709	3.66961	0
ihec.chipseq.ihec-chipseq-containerv1.1.4.IHECRE00001959.2.a16168d3-492b-4fa9-9ed9-f6132409aea8.fc.signal	0.566421	0.24684	0.85433	0.219503	0	0.506643	0.188277	0	0.0446488	0.765871	0.608853	0.424727	0.0095672	0	0	0.0646748	1.76608	0.0646471	0	0	0	0.197543	0.94789	0.189201	0.590674	0.00546693	0.692977	1.09108	0.0332187	0	0.0730165	1.52453	0.805429	0.613872	0.515661	1.04741	0
ihec.chipseq.ihec-chipseq-containerv1.1.4.IHECRE00000240.3.8f250bd6-ace7-4938-8056-c658c54331a9.fc.signal	1.74734	1.66344	0.649389	0.96332	2.21524	1.19243	0	0.0471175	0.908687	1.62895	0.578867	0	0.694672	0.52772	0	0.087093	0.390173	0.360168	0.0450273	0	0	0	0	0	0.0467606	1.14264	1.26462	1.12129	2.40349	1.13615	0.701771	0.256194	0.501559	0.886703	0.251271	0	1
ihec.chipseq.ihec-chipseq-containerv1.1.4.IHECRE00002067.1.986e393c-de82-4afc-818b-4cc2a632dc28.fc.signal	0.509922	0.0989046	0.129992	1.87947	1.74104	0.0961689	0.931312	1.03838	1.17003	1.00036	0.965199	1.94962	0.453743	0.513373	0.50714	0.829356	0.726115	0.0339006	0	0	0	0.302031	0.460214	0	0.996618	2.27818	0.757201	0.705339	0.998953	1.18679	0.371019	1.87727	1.13895	1.02475	1.39683	2.16473	1
ihec.chipseq.ihec-chipseq-containerv1.1.4.IHECRE00001021.4.fe2297ab-7a22-4ba1-b2e8-9748d9ff6f48.fc.signal	0.24648	0.311527	0.0961951	1.26723	1.41785	0.456698	0.327148	0.883088	0.752338	1.327	1.38918	1.61872	1.08702	0.796801	0.0372166	0	0	0	0	0	0	0.138996	0.439967	0.275003	0.0290579	0.682495	3.31588	2.49006	2.2997	2.7456	1.53318	1.86028	1.23425	1.46102	1.66188	0.0226044	0.115044
ihec.chipseq.ihec-chipseq-containerv1.1.4.IHECRE00000992.7.d770a09a-2cad-4524-8aaf-69b927e47c59.fc.signal	0.619011	1.99539	0.833465	0.261925	0.193076	0.436186	1.06178	0.808261	0.913275	0.844453	0.44757	0.902453	0.473233	0.908324	0.673641	0.0987823	1.55141	0.294853	0	0.0505147	0.22451	0.364824	1.09096	0.188587	0.908067	1.23094	1.37336	1.57788	0.876324	1.31619	1.00658	1.0085	1.48492	0.691425	0.72311	0.783615	0
ihec.chipseq.ihec-chipseq-containerv1.1.4.IHECRE00001900.1.eba0146b-fc0a-4798-98b6-8f831ec2d14a.fc.signal	1.05495	1.65656	1.20343	0.648657	0.714224	0.608324	1.90183	1.63316	1.90827	1.63604	1.83352	1.97079	2.4474	2.74204	0.782761	1.5059	1.4291	0.816917	0.712104	0.362262	0.68608	0.743154	0.785063	1.36459	1.92102	1.33168	2.84104	1.62962	1.5658	1.32541	1.05317	0.973058	1.21309	1.69352	1.38763	1.04257	0.232593
ihec.chipseq.ihec-chipseq-containerv1.1.4.IHECRE00001905.1.df1689af-57f6-440c-8357-740ccbe030e5.fc.signal	0	0.358134	0.215755	0.313134	0.34091	0.361591	0.598793	0.25599	0.0749225	0.53309	0.0162335	0	0	0	0	0	0	0	0	0	0	0	0	0	0.409634	0.788981	0.881111	0.41855	0.176383	0.766911	0.536999	0.317531	0.555344	0.293288	1.2827	0.595233	1
ihec.chipseq.ihec-chipseq-containerv1.1.4.IHECRE00001955.3.e3f14527-a39d-40b4-9738-20c86afa593c.fc.signal	0.57058	0.232901	0.98075	0.769238	0.362985	0.849428	0.459305	0.230053	0.686164	1.01288	0.453908	0.32443	0.420671	0.781089	1.08233	0.758342	1.17637	1.33023	0.489757	0.579619	0.559209	0.745878	0.926593	1.29184	1.63343	1.20335	1.02172	1.15719	1.04005	1.58081	2.46101	2.52646	1.45435	1.2964	1.64309	1.59673	0.129148
ihec.chipseq.ihec-chipseq-containerv1.1.4.IHECRE00000070.3.1d2d8a11-2856-4a11-b3ab-c0927aa2c890.fc.signal	0.507133	0.50087	1.26127	0.640842	0.148784	0	0.464725	1.86982	2.26414	0.705358	0.412787	0.297586	0.235093	0.515219	0.295436	0	0.088094	1.26937	0.540365	0	0.138433	0.44663	0.866083	0.822691	0.218609	0.9404	0.799287	1.03247	2.06449	1.18609	1.14227	1.46047	1.00561	0.389495	0.323113	0.885692	0.835227
ihec.chipseq.ihec-chipseq-containerv1.1.4.IHECRE00001903.1.a4b839f4-cb72-4000-8141-3e889aede665.fc.signal	0.638808	0.661949	0.419105	0.129325	0.382634	0.71013	0.411885	0.422676	0.483116	1.48536	1.02955	1.38413	0.651635	0.314201	0	0	0	0.28365	0.772865	0.700785	0.320356	0.122636	0.0186875	1.14649	0.542897	0.601254	0.872308	0.315346	0.466933	0.539416	0.0792255	0.190888	0.532089	0.547123	0.698477	0.20359	0.658863
ihec.chipseq.ihec-chipseq-containerv1.1.4.IHECRE00002065.1.b81732b7-0852-42a0-916a-8784920a02a3.fc.signal	0.576516	1.00071	1.37824	0.73044	0.428035	0	0	0.485423	1.25374	1.38983	1.85123	1.44869	0.464864	0	0	0.19013	0.4297	0	0	0	0	0.85952	0.798903	0	0.868134	1.37169	1.28272	1.88092	0.382809	0.27635	0.67703	0.699593	0.221163	0.167001	1.51193	1.38122	1
ihec.chipseq.ihec-chipseq-containerv1.1.4.IHECRE00003813.1.0652445e-a604-4bf6-a647-b7142178f30a.fc.signal	1.09973	1.53096	1.27887	2.47657	1.11096	0.773844	0.73984	1.22351	1.98476	2.312	2.72814	2.65639	2.38227	2.66496	1.63897	0.674604	2.02507	2.33587	1.62854	0.582452	0.1778	0.204491	1.10618	1.4026	1.73613	1.81021	2.32504	3.4004	3.29963	3.25459	1.5874	1.73985	1.5154	1.56128	2.1227	2.30427	1
ihec.chipseq.ihec-chipseq-containerv1.1.4.IHECRE00001888.4.5d335139-80db-490f-af5c-5cf1e8a1a3de.fc.signal	0.882098	0.841007	0.216169	0	0	0	0	0	0.729164	0.911538	0.19985	1.13081	1.05172	0	0.488519	1.21332	0.717247	0	0	0	0	1.10134	1.34553	0.031156	0	0.223684	0.838704	0.102894	0.190747	0.225416	0.332843	0.744812	0.723572	1.52604	1.97205	0.158299	0.952145
ihec.chipseq.ihec-chipseq-containerv1.1.4.IHECRE00000161.3.6de3a207-ef97-4cbc-a25e-5966bc51a6e1.fc.signal	0.712059	0.732058	0.320846	0	0.29124	0.762594	0	0.191193	0.721514	0.229349	0.503394	0.322617	1.13402	0.473153	0.147074	0.404015	0.465053	1.0872	0.750848	0.493861	0.371507	0.11773	0	0.270391	0.159722	0.294473	0.143838	0.351403	0.417414	0.745074	1.24202	0.94222	0.590372	0.709909	1.17263	2.08227	0
ihec.chipseq.ihec-chipseq-containerv1.1.4.IHECRE00000225.3.d3516206-786f-4b11-864f-1792d77e2a36.fc.signal	0.941416	1.2393	1.00325	0.484763	0.940394	1.3842	0.70634	1.14477	1.88003	2.23237	1.28412	0.583356	0.818076	0.682634	0.286161	0.155334	0.006076	0	0.06166	0.205736	0.264791	0.356254	0.551907	0.628428	0.297606	0.269236	0.47524	0.59871	0.277401	0.248572	0.299861	0.242477	0.531997	0.814323	0.569492	0.516659	0.368421
ihec.chipseq.ihec-chipseq-containerv1.1.4.IHECRE00001921.1.dcad099b-2714-4a20-92d0-2cd9bce288ab.fc.signal	0.357754	0	0.0734641	0.862232	1.00529	0.804235	1.56597	1.38645	1.26494	2.21886	2.07084	0.165279	0	0.33829	0.699571	0.325134	0.637974	0.858365	0.57998	0.57998	0.149138	0.311739	1.00142	0.77717	1.00529	0.854107	1.22442	1.72746	3.99036	1.84393	2.29444	0.230324	1.71738	2.49504	0.367751	0.808198	1
ihec.chipseq.ihec-chipseq-containerv1.1.4.IHECRE00004608.1.6d8749d8-24c7-4e6d-8992-3543e47f35de.fc.signal	1.6485	1.05692	1.89023	0.728718	1.8189	1.0984	2.35395	0.960902	1.40532	2.03207	1.08038	1.49758	1.38036	0.104734	1.16674	0.106556	0.291028	0.0599872	0	0	0.0100586	1.10896	1.51617	0.255823	0.932668	1.14806	3.02733	1.69786	1.24217	0.483403	1.00687	2.02843	1.62786	0.989729	0.759552	1.98985	0
ihec.chipseq.ihec-chipseq-containerv1.1.4.IHECRE00000059.3.7a04d905-73a0-4079-9968-67c3833836fc.fc.signal	1.19221	0.353927	0	0	0	0	0.0737308	1.18835	1.08473	1.30555	0.232006	2.90825	3.14163	1.81729	0.276035	0	0	0	0	0	0	0	0.729546	1.74497	1.96186	3.68724	1.4788	0	0	0	0	0	0.197168	2.95749	0.690083	0	0.456311
ihec.chipseq.ihec-chipseq-containerv1.1.4.IHECRE00003810.1.c695043f-867f-4d87-b518-a1edfe717a8b.fc.signal	2.30154	2.40199	1.87768	1.46937	1.7036	1.38923	2.89532	3.9925	1.76906	2.46423	2.88539	3.14555	2.97181	1.88183	1.90246	3.33402	2.98694	1.83741	0.758982	0.4074	0.296563	0.717633	1.24997	1.90693	1.67	1.07256	2.37899	2.78435	2.74521	2.17944	4.17847	4.46473	3.67976	3.09376	2.78428	3.01258	0.338569
ihec.chipseq.ihec-chipseq-containerv1.1.4.IHECRE00000099.3.e8d8915f-2a7b-434d-ae6f-f1c573d41250.fc.signal	1.84324	4.10961	0.810687	1.04942	0.515696	0.948741	0	0.588309	2.0568	0.263333	0.610888	1.74629	0.351401	1.82332	0.435334	0	0	0	0	0	0	0	0	0	0.265474	3.86738	2.96449	0.57095	1.69905	2.2859	1.26026	0	1.21358	1.90317	1.86482	1.88483	0
ihec.chipseq.ihec-chipseq-containerv1.1.4.IHECRE00003817.1.49aa2390-1029-4804-9d85-ae2b9507e615.fc.signal	1.95678	2.0217	2.42812	2.10973	0.77723	0.562617	0.893436	2.1781	1.82558	2.64791	2.30574	1.27894	3.49507	4.9824	3.16789	2.19889	1.94144	1.3624	1.40253	1.39446	1.39562	0.965234	1.34986	2.44625	0.904894	0.26835	2.0412	3.51089	2.39802	2.59799	3.31334	3.94565	4.30413	4.3327	3.785	2.97772	0.614699
ihec.chipseq.ihec-chipseq-containerv1.1.4.IHECRE00001907.1.87217a77-af17-4375-b2cb-d5433d7630b0.fc.signal	0.71562	0.641328	0.494545	0.443216	0.09276	0.180388	0.774925	0.494091	0.929207	0.914772	0.0596958	0.0901199	1.1263	0.426846	0.0396701	0.281794	0.120378	0	0	0	0.0322441	0.343693	0.225709	0.254436	0.194247	1.72801	1.87165	1.59244	1.0847	1.23426	0.951585	0.280003	0.209208	0.772473	0.689894	0.638388	0.35503
ihec.chipseq.ihec-chipseq-containerv1.1.4.IHECRE00000231.3.9f5b0463-4f76-4b11-9c3e-298af7f4a26f.fc.signal	0.479806	0.476753	0.0340604	0.872421	1.70282	1.58107	0.268472	0	0	0	0	0	0.21091	0.688115	0.881762	0.864271	0.537692	0	0	0.0487174	0.377021	1.34818	2.51367	1.22806	0	0.486232	1.24014	1.51013	1.24768	0.903943	1.13424	0.889575	0.527393	0.380868	0.258537	0.0539662	0
ihec.chipseq.ihec-chipseq-containerv1.1.4.IHECRE00001935.1.9f989b17-6131-4e53-a04c-2c3b0ade703c.fc.signal	0.598571	1.44701	0.580565	0.561696	0.268397	0.345872	0.48422	0.687159	0.763684	2.1083	1.48348	0.518724	0.716896	0.558445	0.422354	0.649922	0.0337991	0.653005	0.379471	0	0	0	0.846694	0.796887	1.39726	0.512231	1.31534	1.2425	0.354485	0.444015	0.620903	1.85455	0.111558	0	0	0	1
ihec.chipseq.ihec-chipseq-containerv1.1.4.IHECRE00000043.3.c7277a95-3c87-4ff4-8d24-2adf03b194fd.fc.signal	3.76514	0.801898	0	0	0	0	0	0	0.32696	0.684909	0	0.410769	1.03499	0	0	0	0	1.39131	0.981027	0	0	0	0	0	0	0.364438	1.32731	0	0	0	0	0.419685	2.40358	2.26929	0.0470157	0	0.247525
ihec.chipseq.ihec-chipseq-containerv1.1.4.IHECRE00001457.1.f36a6625-c0c2-4dbc-9606-c09835fba2ef.fc.signal	2.98883	3.08745	0.946581	0	0	1.25893	1.01987	1.32931	1.62256	1.04465	1.15971	4.39162	3.69231	3.0236	0.97441	0.548686	1.51739	2.71192	0.702505	0.789054	0.326097	0	0.99905	2.04209	1.32644	0.909149	3.29186	2.33515	1.44805	1.52936	0.441524	1.86468	1.22915	0.722194	1.59364	2.95695	0.295533
