	chr16:3530599-3530748	chr16:3530749-3530898	chr16:3530899-3531048	chr16:3531049-3531198	chr16:3531199-3531348	chr16:3531349-3531498	chr16:3531499-3531648	chr16:3531649-3531798	chr16:3531799-3531948	chr16:3531949-3532098	chr16:3532099-3532248	chr16:3532249-3532398	chr16:3532399-3532548	chr16:3532549-3532698	chr16:3532699-3532848	chr16:3532849-3532998	chr16:3532999-3533148	chr16:3533149-3533298	chr16:3533299-3533448	chr16:3533449-3533598	chr16:3533599-3533748	chr16:3533749-3533898	chr16:3533899-3534048	chr16:3534049-3534198	chr16:3534199-3534348	chr16:3534349-3534498	chr16:3534499-3534648	chr16:3534649-3534798	chr16:3534799-3534948	chr16:3534949-3535098	chr16:3535099-3535248	chr16:3535249-3535398	chr16:3535399-3535548	chr16:3535549-3535655	Expression
ihec.chipseq.ihec-chipseq-containerv1.1.4.IHECRE00001019.4.8179c079-b296-4030-830a-f12b3bc5acd1.fc.signal	1.27779	0.933788	0.317842	0.417289	0.327515	0.619574	0.227085	0.84659	0.37772	0.143547	0.776322	0.124293	0.398662	1.55322	1.44	1.09575	0.999893	0.658559	1.21424	0.738752	1.17257	1.94257	0.686717	1.02145	2.15455	1.1112	0.456677	1.14689	0.722588	1.28697	0.610452	0.313806	0.201383	0.121777	0.459259
ihec.chipseq.ihec-chipseq-containerv1.1.4.IHECRE00001548.1.3dc7fe6c-3810-4c39-b1cb-839043a609f3.fc.signal	0.352092	0.6663	1.55747	0.0697493	0.545421	0	0.868178	0.979767	0.424304	0.867552	0.0557995	0.412274	0.193266	0	0	0.511855	1.80222	0.634818	0.125216	0.631687	0.80259	1.1569	0.859534	0.970683	0.127037	1.55176	0.828774	0.667673	1.21298	1.40493	1.96448	0.186475	0.87665	0.808352	0.645429
ihec.chipseq.ihec-chipseq-containerv1.1.4.IHECRE00004888.1.fd25c27d-77c4-4595-b48c-e5f0d2d321a9.fc.signal	0.831495	0.703997	0.553817	0.385239	0.38706	0.131844	0.596886	0.450317	0.669641	0.573351	0.848411	0.352085	0.63922	0.715443	0.475849	0.229179	0.315599	1.12564	1.52498	0.586674	1.09273	1.22199	0.779074	0.492556	1.106	0.636017	0.410467	1.2343	0.829094	1.49626	1.33032	1.77654	0.679541	1.23719	0.495717
ihec.chipseq.ihec-chipseq-containerv1.1.4.IHECRE00003690.3.bb55a212-99c2-4448-84cc-6786b9df2691.fc.signal	0.769709	0.48961	1.09062	0.200321	0	0	0	0	0	0	0.324554	0.268918	0	0	0.393167	0.769698	0.617626	0	0	0	0.124256	0.72703	0.500486	1.0715	1.86564	1.50873	2.69761	3.20401	6.64507	3.17569	0.735652	0.0489697	1.39884	2.80812	0.152562
ihec.chipseq.ihec-chipseq-containerv1.1.4.IHECRE00000987.6.289adc7a-9e11-437f-b6f6-57bfdeddcb3b.fc.signal	0	0	0	0.856028	0.254916	0	0.106468	0.215066	0	0	0	0	0	0	0	0	0.085168	0.560167	0.0038646	0	0.358725	0.193412	0	0	0.0483739	0.862716	0.669963	0.844537	0.710244	0.201237	0.699876	0.488709	0.559288	0.764713	0.502227
ihec.chipseq.ihec-chipseq-containerv1.1.4.IHECRE00003808.1.706821fd-c657-4ad5-a143-e15e65116e15.fc.signal	0.165834	1.57735	1.14139	0.79656	0.0887699	0	0.445174	1.09537	0.852822	0.477668	0.756515	1.31174	0.36585	0.48181	0.984775	1.13401	0.403082	0.628528	0.661518	0.899571	1.07539	1.56435	1.20293	1.28173	1.91443	1.21606	2.09826	2.08201	0.636167	0.849537	1.52289	1.45469	2.02927	2.52611	0.660584
ihec.chipseq.ihec-chipseq-containerv1.1.4.IHECRE00000949.6.e11d45c2-991c-46e2-8d13-bb1e23aff42f.fc.signal	0.193508	0	0	0.0276439	0.59237	0.0315931	0	0	0	0.450201	0.191039	0	0.358993	0.643077	0.801734	0.0315931	0	0	0	0	0.333672	0.262443	0.268525	0.349526	0.23358	0	0.201377	0.887286	0.849152	0.616072	0.620022	0.608537	1.06648	0.326666	0.5
ihec.chipseq.ihec-chipseq-containerv1.1.4.IHECRE00001002.4.308bde30-3fb4-4075-a143-aa64ea58703c.fc.signal	0.250929	0.449556	0.236784	0.0260166	0.123098	0.0644813	0.0133776	0.108352	0.243169	0.372694	0.016263	0.0154688	0.256578	0.69644	0.320705	0.377497	0.314719	0.219044	0.105015	0.123124	0.0686011	0.188399	0.200374	0.0658269	0.0884485	0.164884	0.0615581	0.0626059	0.115574	0.271799	0.460768	0.699856	0.319398	0.218251	0.441011
ihec.chipseq.ihec-chipseq-containerv1.1.4.IHECRE00000868.3.f6951f12-890b-447a-bf19-25234f29276d.fc.signal	1.023	0.747318	0.959335	1.27698	0.61195	0.415616	0.605693	0.614032	3.80407	2.36974	1.74015	1.56794	1.24848	1.64517	2.00298	2.15444	1.65849	1.85453	0.170725	1.18337	1.87233	1.65109	1.10466	1.93021	2.29251	1.80996	1.97585	1.6449	1.08094	1.82036	1.3437	0.852587	1.45916	1.20824	0.189922
ihec.chipseq.ihec-chipseq-containerv1.1.4.IHECRE00000704.1.66176b59-ae1e-4572-9837-187809968b90.fc.signal	3.58211	5.78851	3.19379	2.3671	0.986845	0.433303	1.64475	2.29284	2.12835	2.77158	2.8378	1.82149	4.55617	3.73458	6.31629	5.40803	7.5658	3.08648	6.29914	7.75207	7.52438	8.12884	8.63971	8.2458	8.39308	7.65781	7.5265	4.66665	8.66066	9.57609	6.5955	5.79832	7.17303	4.52195	0.0892857
ihec.chipseq.ihec-chipseq-containerv1.1.4.IHECRE00001233.5.d6317c97-f6d6-4ceb-8b71-b3b4801f5d92.fc.signal	0.344884	0.484519	0.535297	0.348551	0.224471	0.29351	0	0	0.0617951	0.442031	0.633671	0.194961	0	0	0.508007	1.39119	0.243946	0.525184	0.00967927	0.359215	0.504553	0.743635	0.472704	0.602493	0.514697	0.561029	0.558313	0.0567384	0.310327	0.947079	0.980082	0.178884	0.75692	0.17112	0.358974
ihec.chipseq.ihec-chipseq-containerv1.1.4.IHECRE00000193.3.aa854cbd-228f-48b3-bc4a-7a1e57daf907.fc.signal	1.20822	1.32248	1.2847	0.756412	0	0	0	0	1.44078	0.600327	0	0	1.29671	0.744405	0	0.300163	2.01712	1.6575	1.51282	0.528287	1.42878	0.612333	0	0	0.0321264	1.64222	0.172098	0.789166	0.399589	0.928578	0.683115	0	0	0.336632	0.547619
ihec.chipseq.ihec-chipseq-containerv1.1.4.IHECRE00001546.1.967ca253-1932-4175-8466-de89b0808edb.fc.signal	0	0	0	0	0	0	0	0	0	0	0	0	0	0.717647	0.222318	0	0.257421	1.34231	1.22279	0.452411	1.14765	1.10383	0.913102	0.0122273	0	1.22465	0.73523	0.362107	0.796966	1.90185	0.870902	0.018341	0	0.522804	0.629482
ihec.chipseq.ihec-chipseq-containerv1.1.4.IHECRE00004605.1.ca94bee3-450c-404f-8e72-f443f0a32f9b.fc.signal	0.78453	1.23485	0.554595	0.585457	0.426601	0.585419	1.79895	0.540378	1.49794	1.22302	0.715842	1.10449	0.621029	0.113758	0.777437	0.49773	0.12323	0	0.357919	0.353178	0.23698	0.431342	0.514328	0.602076	0.867521	0.19196	0.0805732	0.274897	0.293855	0.692079	0.869632	0.848921	0.898301	1.13304	0.417299
ihec.chipseq.ihec-chipseq-containerv1.1.4.IHECRE00003814.1.e3fd041d-f794-414d-802b-cfe9e9d53c6e.fc.signal	0.238281	1.15648	0.644896	0.521507	0.899819	0.333989	0.547838	0.894875	0.271986	0.999355	1.98681	0.831885	0.832194	1.2004	1.09547	0.894426	1.43026	1.16011	0.878095	1.48587	0.744864	0.807701	1.97006	2.09889	0.874049	0.225671	1.09994	1.51505	1.76077	1.75161	1.38857	0.974828	1.56283	1.66679	0.546125
ihec.chipseq.ihec-chipseq-containerv1.1.4.IHECRE00000237.3.a5cd5780-31d9-4de0-9c6f-91eeeabb1306.fc.signal	0.353175	0.731658	0.682124	0.97636	0.595615	0.452766	0.307811	0.167432	0.399702	0.817412	0.699948	0.183343	0.328447	0.492204	0.648424	0.575088	0.446876	0.46447	0.696019	0.638493	0.631349	0.703637	0.867479	0.871208	0.844968	0.626437	0.453087	0.133765	0.0249743	0.0934445	0.296984	0.765729	0.798237	1.00181	0.537525
ihec.chipseq.ihec-chipseq-containerv1.1.4.IHECRE00000224.3.98331644-3ccd-45b3-bad7-e0e81208e171.fc.signal	0.971042	1.20211	0.696652	0.613402	0.271122	0.220613	0.297941	0.388821	0.435369	0.257489	0.180737	0.242826	0.653002	0.365032	0.529731	0.526999	0.236862	0.520009	1.03383	0.828527	0.424506	0.310489	0.446575	0.541602	0.657642	0.419879	0.719495	0.813743	1.17995	1.368	0.825544	1.28954	1.22772	0.831772	0.540703
ihec.chipseq.ihec-chipseq-containerv1.1.4.IHECRE00001892.4.1a48d1e3-a2d4-434f-8cee-d284ec0da60a.fc.signal	2.94028	2.39664	0.771241	0	0	0	0	0	0	0	0	0	0	0	0	0	0.632354	0.835915	0.0724056	1.19963	0.228762	0	1.40488	2.17239	1.53657	1.97096	0.321803	0	0.321803	1.3454	1.39579	2.27664	1.83421	0.530072	0.564246
ihec.chipseq.ihec-chipseq-containerv1.1.4.IHECRE00001335.1.16baff19-56fb-479e-97b6-edd56ebc9920.fc.signal	2.21706	1.37199	1.67881	1.95667	0.606766	0.516716	1.19748	1.59131	1.92932	0.329198	0.658397	0.573386	0.0291695	1.01143	3.24701	3.0673	1.12545	0.661051	1.37198	2.52203	1.54594	1.82082	1.73131	1.4668	1.0533	0.805283	1.59285	0.261409	1.65846	2.87095	3.65435	1.23522	2.65448	2.42948	0.621399
ihec.chipseq.ihec-chipseq-containerv1.1.4.IHECRE00000228.3.8bd2a4a9-ace6-4e3a-b0aa-9993e4990638.fc.signal	0.652405	0.649491	0.252201	0.211325	0.299086	0.459566	0.220039	0	0.5358	0.593884	0.213809	0.117101	0.383994	0.272287	0.224296	0.3445	0.245979	0.591579	0.719478	0.345251	0.483089	0.731854	0.490855	0.513506	0.900587	0.463214	0.610153	0.5703	0.441017	0.478339	0.469972	0.437952	0.380115	0.399236	0.140255
ihec.chipseq.ihec-chipseq-containerv1.1.4.IHECRE00001482.1.feb5cf97-c346-43c5-9925-b098ecdfe359.fc.signal	0.140778	0.783181	1.39405	0.304289	0	0.412862	0.786892	1.6273	1.50587	0.670298	0.534292	0.354576	0.673412	1.25805	1.29375	0.985743	2.84581	1.67586	1.47643	1.03609	0.603462	0.344639	1.46226	1.42021	1.45239	2.29762	1.07353	1.36014	1.25017	1.97172	0	0.801535	1.19411	1.69607	0.538961
ihec.chipseq.ihec-chipseq-containerv1.1.4.IHECRE00001488.1.8a6af925-1821-4fc7-84d7-e838a44be225.fc.signal	1.60309	2.39668	3.82642	1.89092	0.776771	0.0800747	1.43294	1.26491	0.851651	0.833217	1.04725	0.291776	0.717954	0.483447	0.263508	0.824534	1.07767	2.97831	1.18794	0.887146	0.810943	3.12394	2.50616	1.51831	1.28701	1.86946	3.57438	3.41572	4.80933	2.0956	1.88316	1.83312	1.53619	2.03783	0.179845
ihec.chipseq.ihec-chipseq-containerv1.1.4.IHECRE00004610.2.100e7289-c631-4bb0-9eef-015950828bf4.fc.signal	0	0.565743	0.234837	0	0	0	0	0.707179	0.328238	0.202814	0.36293	0	0	0	0	0	0	0.5524	0.24818	0	0	0.565743	0.234837	0	0	0	0	0	0.0986357	0.455015	0.943653	1.1685	2.49263	3.00047	0.262324
ihec.chipseq.ihec-chipseq-containerv1.1.4.IHECRE00003818.1.3d6cbb41-685c-49c7-85eb-8977ab8f14b3.fc.signal	1.03743	0.886906	0.569897	0.146477	0	0.0415378	0.83295	0.20279	0.222992	0.896351	0.800074	1.1465	0.28952	0.759478	1.16041	1.63193	1.61454	2.54501	1.55372	0.592725	1.02056	1.3642	0.413102	0	1.22593	1.21972	0.179269	1.51225	0.771737	1.21554	0.732387	0.765296	1.22022	1.06961	0.544419
ihec.chipseq.ihec-chipseq-containerv1.1.4.IHECRE00001990.1.14fdd58f-89fa-40e4-a658-f79765679f58.fc.signal	1.8925	1.83129	1.57177	0.513548	0.734082	0.691591	0.401835	0	0	0.428859	0.883473	0.155776	1.16129	0.555187	1.08561	1.80692	0.468513	1.34384	1.15515	0.390094	0.707784	0.475211	2.40701	0.463626	0	0	0.336155	0.965444	0.845318	0.816619	1.02021	1.41014	2.08244	1.02364	0.331897
ihec.chipseq.ihec-chipseq-containerv1.1.4.IHECRE00000008.3.2e1ab747-5c43-4469-97d5-a2e674bc3ee6.fc.signal	0.117611	1.82369	1.29664	1.10458	0.122512	0	0	0.961236	1.12338	0.289128	0.465382	0	1.48642	1.82791	1.28721	0.350697	0.92771	0.340729	0.945424	1.58517	0.902789	0.852614	0.308888	0.264625	0.831956	1.23384	0.947214	0.133432	0.380776	0.533785	0.358642	0.890242	0.870066	1.14807	0.618182
ihec.chipseq.ihec-chipseq-containerv1.1.4.IHECRE00000234.3.004bcd0c-68a8-42c5-b5aa-454db7d061e9.fc.signal	0.571155	0.711285	0.256801	0.410943	0.234789	0.271915	0.410665	0.213032	0.334183	0.319804	0.0785277	0.0283129	0.232614	0.47355	0.435327	0.30658	0.415791	0.547103	0.554864	0.294951	0.169957	0.226229	0.3539	0.354378	0.388036	0.481319	0.56722	0.558819	0.854868	1.30736	1.24641	1.0452	1.12827	1.30558	0.0666667
ihec.chipseq.ihec-chipseq-containerv1.1.4.IHECRE00000665.1.5571d7d7-4894-4e51-8082-c8a874cb2438.fc.signal	1.32744	0.421644	0.324367	0.125541	0	0.0961145	1.13703	0.595003	0.942229	0.171826	0	0.100281	0.147287	0.247263	0.187223	0.54544	0.285382	0.607918	0.507423	1.00838	0.294792	0.343147	0.219781	0.0333693	0.33458	0.9596	0.592626	1.1296	1.83484	1.37168	1.35129	0.876842	0.7318	1.47685	0.520455
ihec.chipseq.ihec-chipseq-containerv1.1.4.IHECRE00003816.1.3579346a-a108-4e99-ba8a-c53f4809c6bb.fc.signal	1.63573	1.32811	1.45694	1.25477	0.148996	0.456007	0.900348	1.31074	0.511478	1.47362	2.00105	1.05747	1.55052	1.46934	1.74835	1.68621	2.10585	2.20431	3.0137	4.1519	1.93632	3.25242	3.4303	1.76513	2.26728	2.30456	1.57774	1.09588	2.15366	2.59538	1.54722	1.73716	2.20441	1.38552	0
ihec.chipseq.ihec-chipseq-containerv1.1.4.IHECRE00003676.3.edac7fd7-5249-4224-ba52-76d331cfbbb5.fc.signal	0.0496017	0.501283	0.676265	0.0086124	0	0	0	0	0	0.145362	0.52061	0.470503	0	0.440201	0.0383552	0	0	0	0.737508	0.3425	1.10273	0.401132	0.953089	1.6924	0.651661	0.454033	1.8854	0.423932	1.0659	0.392211	0.725746	1.72855	0.739565	0.660443	0.490173
ihec.chipseq.ihec-chipseq-containerv1.1.4.IHECRE00001906.1.d4812fd5-35f7-424c-8ea9-21e1d395b54b.fc.signal	0.192974	0.218414	0.462105	0.310343	0.151835	0.085944	0	0	0.0181174	0.206386	0.25402	0.21773	0.270253	0.483074	0.57271	0.524079	0.352314	0.356748	0.282951	0.376734	0.176027	0.234045	0.555958	0.56908	0.51294	0.202916	0.295071	0.600722	0.156954	0.208474	0.612753	0.462271	0.235463	0.337725	0.272727
ihec.chipseq.ihec-chipseq-containerv1.1.4.IHECRE00001965.2.b75058ba-d142-4ae0-9acf-08c2d019a7dc.fc.signal	0.813675	1.20545	1.07492	0.138194	0	0.356266	0.119244	0.284341	0.149427	0	0.25644	0.683376	0.199629	0.97033	0.738308	0.528826	0.690733	0.59614	0.570097	0	0.443131	0.738904	1.02851	0.638132	0.752731	0.119785	0	0.245698	0.289541	1.03957	0.729416	0.0872332	0.413394	0.516638	0.704478
ihec.chipseq.ihec-chipseq-containerv1.1.4.IHECRE00001232.5.c85debd1-3d92-448f-90c2-50b50f17d029.fc.signal	0.484632	0.800911	0.347816	0.0509989	0.20784	0	0	0	0.157985	0.455458	0.314532	0.0294731	0.976542	0.398014	0.736236	0.891462	0.226186	0.211977	0.616093	0.512346	0	0.190238	0.560954	0.345267	0.16685	1.12837	0.585669	0.205834	0.516226	1.6135	1.14243	0.843225	0.970541	0.931964	0.543237
ihec.chipseq.ihec-chipseq-containerv1.1.4.IHECRE00000194.3.b1e4c4c4-c6d4-40c1-a695-e34b416693ed.fc.signal	1.81253	1.74712	1.03522	3.91634	1.30731	0.976614	0.441914	1.65281	0.64903	1.31661	0.696492	0.476107	1.96806	4.37904	1.31387	4.52912	1.8582	3.6957	2.80898	0.757209	2.08796	5.65426	4.08782	1.3604	3.24802	2.17174	1.09708	0.9959	1.91369	2.78619	6.0513	6.32895	0.564411	0	0
ihec.chipseq.ihec-chipseq-containerv1.1.4.IHECRE00001952.2.52215347-885a-4412-918b-b787711b8d37.fc.signal	0.0597428	0.193015	1.22458	1.39919	0.62953	0	0.420411	1.37736	1.62518	0.692948	0.893001	0.174625	1.03386	0.170037	0	0.50092	0.840932	1.19519	0.204281	0.570872	0.6974	0.477907	1.69399	1.70159	0.488741	1.13871	1.32321	0.833718	1.55451	0.845376	1.23145	0.750247	1.1069	0.412293	0.719457
ihec.chipseq.ihec-chipseq-containerv1.1.4.IHECRE00000886.3.656fbaec-dfab-4967-84ac-8cd7cc42a743.fc.signal	1.82798	2.82667	2.21013	0.804549	0.887662	0.509016	0.624306	1.83254	0.994969	0.593947	0.763844	0.929923	4.11216	3.75435	2.51823	2.30655	1.49338	2.11969	0.92304	1.84607	1.30436	0.761337	1.63141	2.85765	0.85173	3.27138	1.71322	1.59799	1.12717	1.58198	1.25414	0.741069	1.07562	1.68796	0.080597
ihec.chipseq.ihec-chipseq-containerv1.1.4.IHECRE00000188.3.deb161f9-8c5a-42cb-af84-131a7fc1593f.fc.signal	0.580208	0.763909	0.0951388	0.243443	0.615604	0.176287	0.162296	0.853451	1.3991	1.11928	1.20603	0.622941	0.18797	0.800285	0.878859	0.49174	0.962583	1.97551	1.41309	1.94756	1.67333	2.16855	2.51268	2.09582	1.04932	2.28886	3.2318	2.096	2.14824	3.35491	1.91112	1.80202	1.8776	1.76915	0.048
ihec.chipseq.ihec-chipseq-containerv1.1.4.IHECRE00000160.3.56b2af9a-69f7-4eb1-8688-9440739bee08.fc.signal	2.07317	0.814971	0	1.20101	1.51556	0	1.04373	1.67283	0	2.11606	1.59075	1.62848	0.649051	1.20806	1.37064	1.23817	0	0.727197	1.18651	0	0.0939649	0.884218	0.093245	0	0	2.48784	3.09442	2.20808	1.91922	0.201613	0.183602	4.01101	0.895311	0.260566	0.0984848
ihec.chipseq.ihec-chipseq-containerv1.1.4.IHECRE00000343.2.43c6f7a4-d039-46a2-872e-bb5eb8075426.fc.signal	0.48376	1.50399	0.874775	0.489581	0	1.1927	2.07384	0.284833	1.87372	0.364939	0.164666	2.21181	1.78462	1.44191	0.315973	0	0.308613	0.67651	0.464523	2.44772	1.82465	1.33509	0.195829	0.538539	1.23719	1.49087	1.64221	0.872304	0.137973	0	0.658213	1.95632	0.838279	1.09804	0.167382
ihec.chipseq.ihec-chipseq-containerv1.1.4.IHECRE00000964.7.68ad223e-c775-4c49-8f3f-4ec63b3e920b.fc.signal	1.13767	0.770124	0.481636	1.47029	0.167869	0	0	0	0.971453	0	0.397569	0.0843211	0.405019	0.371986	0.406855	0.432365	0.266181	1.05432	0.600187	1.19573	1.95879	0.643318	1.09382	2.11641	1.89196	1.41997	0.518176	0.183125	0.597716	1.44688	0.700291	1.02788	0.837962	0.654814	0.0208333
ihec.chipseq.ihec-chipseq-containerv1.1.4.IHECRE00003716.2.bdafba4d-384d-4886-a6c9-d1ddd966b153.fc.signal	1.76936	1.84443	0.924389	0.662603	2.06587	0.652028	0.0233129	0.766054	0.473955	0	0.262647	0.169169	0	0.505769	0.977894	0.443062	0.834994	0.819354	0.578563	0.263849	0.49689	0.535048	0.360588	0.730199	0.364437	0	0.13504	0.364613	0.451423	0.654135	1.7343	0.388382	0.321972	1.2307	0.776639
ihec.chipseq.ihec-chipseq-containerv1.1.4.IHECRE00001005.4.f193a9be-90be-4e6b-adc3-81560fdb7706.fc.signal	0.396925	0.817526	0.489585	0.126188	0.0309321	0.285348	0.154529	0.59642	0.259097	0.180551	0.780467	0.210348	0.451965	0.190213	0.353627	0.621545	0.348908	0.519458	0.692633	0.564338	0.384912	0.682399	0.634217	0.924142	0.519652	0.643944	0.453285	0.383396	0.993566	0.640976	0.385697	0.180668	0.168175	0.881797	0.551402
ihec.chipseq.ihec-chipseq-containerv1.1.4.IHECRE00003846.4.a8b62515-f113-4847-973f-317b45173002.fc.signal	0.0861127	1.51513	0.63021	1.58788	0.316218	0.175069	0.552655	0.20898	0.595638	0	0	0	0	0	0	0.0154294	0.583823	0.132393	0	0	0	0.217163	0.887401	0.0782809	0	0	0	0.416127	0.0785307	0	0.128398	0.498968	0.151344	0.32085	0.166
ihec.chipseq.ihec-chipseq-containerv1.1.4.IHECRE00003684.3.b5459224-ca8f-46dd-880a-e16781c88032.fc.signal	0	0	0.0063278	0.299516	0.430284	0.181395	0.375447	0.434505	0.107573	0	0	0	0.17296	0.402867	0.0358575	0	0	0	0	0	0	0.685504	1.10646	1.48278	1.88711	2.18656	2.93043	3.60805	3.94182	3.81176	2.44428	1.68536	1.03672	0.700779	0.592814
ihec.chipseq.ihec-chipseq-containerv1.1.4.IHECRE00000974.7.9dac3370-6335-4df0-bea0-9e684edfa350.fc.signal	0.722963	0.934126	0.712448	0.0832593	0.783117	0.0620148	0.98407	0.462147	0.226497	0.593979	0	0	0.364167	0.110664	0.102103	0.54111	0.273668	1.1055	0.867266	0.648077	0.28354	0.183584	0.307261	0.739551	0.585077	0.0824973	1.02054	1.08035	0.313658	0.671538	0.559661	1.45018	0.984744	0.488178	0.503778
ihec.chipseq.ihec-chipseq-containerv1.1.4.IHECRE00000261.2.55f7971e-ddc8-4e1e-a2b7-5640ae93b614.fc.signal	0.703956	1.45896	1.41274	0.637288	0	0	0	0.287626	0.296732	1.35635	1.79906	1.21535	0.405706	0.488612	1.43301	3.47592	3.05515	2.16205	2.3697	1.88576	0.627254	0.828678	1.76317	1.46893	1.58022	1.53697	0.638776	1.03327	1.20675	1.55335	1.57414	1.66186	1.26793	2.17149	0.229508
ihec.chipseq.ihec-chipseq-containerv1.1.4.IHECRE00001471.1.c36bbd63-78f2-464a-952f-d221dd832d3f.fc.signal	0.431751	0.458467	0.346447	0	0	0	0	0	0	0.237485	0.295	0.217694	0.683702	0.170124	0.112946	0.486176	0.831751	0	0.543764	0.350141	0.47624	0.5176	0.603667	0	0.237485	0.311668	0	0.385503	0.696407	0.59493	0.468588	0.410347	0.010264	0	0.62536
ihec.chipseq.ihec-chipseq-containerv1.1.4.IHECRE00001852.4.e1095ee8-c1a0-47db-b726-788ab3dbb842.fc.signal	0.169852	0.40267	0.824795	0.313554	0.195919	0.131898	0.510629	0.874702	0.522972	0.0840753	0.205175	0.224462	0.396317	0.0712354	0.307011	0.634992	0.664014	0.304266	0.226865	0.142113	0.398987	0.400873	0.315448	0.331355	0.319336	0.482159	0.50202	0.452009	0.256854	0.247598	0.408811	0.519888	0.811453	0.729893	0.511331
ihec.chipseq.ihec-chipseq-containerv1.1.4.IHECRE00003693.3.f2b1cfa1-231f-48d8-af6a-ed3f48905f6f.fc.signal	0	0.219582	0.166494	0	0	0	0	0	0	0	0.197106	0.256955	0.510311	0.179745	0	0	0.163088	0.01809	0.407779	0.389915	0.425657	0.267802	0.668129	1.26205	1.19312	1.2415	2.96984	3.53818	3.27618	2.04011	1.44758	1.61589	2.06914	3.11428	0.538429
ihec.chipseq.ihec-chipseq-containerv1.1.4.IHECRE00000223.3.555de7dc-c653-4909-9c33-caf14688e0ce.fc.signal	0.0735717	0.1962	0.109843	0.438917	0.666629	0.213637	0	0	0.0329861	0.323421	0.414859	0.0952015	0.25108	0.153802	0.20161	0.3755	0.323094	0.442587	0.431659	0.317259	0.539676	0.529989	0.249838	0.206516	0.0843612	0.0954404	0.129804	0.438669	0.735592	0.821835	0.609054	0.492459	0.7453	0.99583	0.583913
ihec.chipseq.ihec-chipseq-containerv1.1.4.IHECRE00000318.2.9cc4804f-5850-46a5-b627-ca441aa97c73.fc.signal	0.382765	0.492312	0.608976	0.03917	0.00705813	1.01766	0.465943	0.242554	0.500648	0	0	0.206295	0.755034	0.313939	0	0	0.852883	0.478759	0	0.510618	0.132311	0.0870474	0.907201	0.145393	0.500884	0.494159	0.031336	1.15037	0.989689	0	0	0.33171	0.31155	0	0.434343
ihec.chipseq.ihec-chipseq-containerv1.1.4.IHECRE00001914.1.d83c61fb-c563-40ff-afb5-9fc097a52b75.fc.signal	2.49173	1.93349	2.25786	0.314211	0.124881	1.37383	0	0.354183	2.31144	0.170165	0.897315	0.467503	1.45472	2.44628	1.54449	2.97633	0.342409	2.6876	0.690955	3.13225	1.24391	3.49694	1.29386	2.89744	4.18634	3.93985	1.16686	3.69969	2.90021	4.60386	4.14859	1.14883	1.75356	2.72033	0.231602
ihec.chipseq.ihec-chipseq-containerv1.1.4.IHECRE00000250.2.a39935bf-2e13-411b-a0e6-5df09e4383e1.fc.signal	0.6883	0.707061	0.589441	1.264	1.17462	0.71079	0.487979	0	0	0	0.509148	1.16456	0.994461	1.0307	1.11755	1.36851	0.902371	0.0907392	1.2419	3.24158	3.73057	0.821705	0.685585	1.16701	0.578673	0	0	0	0.262148	2.02665	0.609135	1.69856	2.55092	1.10248	0.631841
ihec.chipseq.ihec-chipseq-containerv1.1.4.IHECRE00001022.4.65d6531d-7428-4454-855d-d39b585d5301.fc.signal	0.451546	0.225601	0.446382	0.993658	0.262757	0.00710873	0.64631	0.443588	0	0.0030656	0.304226	0.0588027	0.417699	0.697723	0.995066	1.55906	1.84008	0.667945	0.684729	1.09759	1.12852	0.817383	0.915844	0.87704	0.889246	0.748116	0.643964	0.467385	0.737107	0.653567	0.774566	0.384052	0.374031	0.423873	0.497041
ihec.chipseq.ihec-chipseq-containerv1.1.4.IHECRE00001039.6.a3034dad-cf3f-4b0e-b7ac-4dfa7b52d765.fc.signal	0.440062	0.926716	3.12145	0.985474	0.0323535	0	0.783978	1.26968	0.151813	0.281054	0.376774	0.246751	0.0199099	1.31895	1.26961	2.35375	0.995418	0.592319	0.378287	0.421104	1.64202	2.02725	1.35374	1.40103	0.76898	0.65949	0.722689	0.715447	2.6503	3.23507	1.53542	0.231028	0.3809	1.22098	0.580046
ihec.chipseq.ihec-chipseq-containerv1.1.4.IHECRE00000055.3.f7f2e0ed-3f12-40ea-ab1e-c5e10f8d62d8.fc.signal	0.349759	0.545552	0.0955328	0	0.999312	0.499656	0	0	0	0	0.516311	0.982657	0	0	1.92367	4.83011	0.741156	0	0	0.848874	0.6628	0.221598	2.75582	1.58674	2.62848	1.82457	1.06287	0.930194	0.41742	1.4512	1.10258	0	0	0	0.664141
ihec.chipseq.ihec-chipseq-containerv1.1.4.IHECRE00003828.3.9b92fd9a-9859-4ffd-96f8-490b60d6c4db.fc.signal	0.869925	0.931359	1.12217	0.818295	0.565087	0	0.381676	0.987516	2.14354	0.664084	0.125663	0	0	0.58265	0.533857	0.746673	0.171735	0	0	0	0.177764	0.359755	0	0	0.218025	0.360698	0.201095	1.14721	1.44149	0.311948	0.785764	0.366426	2.24925	1.27864	0.634483
ihec.chipseq.ihec-chipseq-containerv1.1.4.IHECRE00004602.2.741c4143-cd13-4cda-85a5-e7102d67912b.fc.signal	0.372992	0.499561	0.893976	0.0744884	0	0	0	0.112109	0.922362	0.0993179	0	0	0.560524	0.574714	0	0	0	0	0.929474	0.205757	0	0	0	0	0	0	0	0	0	0	0	0	0	0	0
ihec.chipseq.ihec-chipseq-containerv1.1.4.IHECRE00000126.3.4655431f-8c56-4476-831c-eb227cec568c.fc.signal	0.808908	0.798803	0.758327	0.155057	0.451687	0	0.923493	2.88168	0.432442	0	0	0	0.485329	1.62486	2.17052	1.19805	0.887934	0.171911	0.19801	1.29425	1.26726	0.640793	0.497163	0.250421	0.441575	0.279281	0.384572	1.68181	2.21774	0.208969	0.16854	0.63917	1.38259	0.860766	0.568093
ihec.chipseq.ihec-chipseq-containerv1.1.4.IHECRE00001508.1.f6c67936-5b0a-4ed6-8085-a2a611177783.fc.signal	2.96996	2.05092	1.03304	1.78572	1.1134	1.42806	1.50399	1.85337	0.159522	1.13944	0.915405	1.00271	1.13944	1.17742	0.772008	0.812915	0	0	0	0	0.436059	0.972322	0.188254	2.70674	2.47623	4.35238	0.486131	1.72428	3.81006	0.172546	2.02811	2.41438	0.494289	1.1466	0.536232
ihec.chipseq.ihec-chipseq-containerv1.1.4.IHECRE00001891.4.41bb4ab6-1e8d-4527-bfe1-5ddf65dcaa7f.fc.signal	0.262983	1.3845	0.298239	0.377798	0	0	0	0	0	0	0	0	0.501201	0.385377	0	0	0	0	0.167615	0.50119	0.162612	0	0	0	0	0.485768	0.777609	0	0	0	0	0	0	0	0.434227
ihec.chipseq.ihec-chipseq-containerv1.1.4.IHECRE00004635.3.13102329-ee3d-4773-b2d1-9ab40cd17100.fc.signal	0.894002	1.31277	0.923985	0.503823	0.570814	0.48663	0.176803	0.300049	0.273215	0	0.169487	0.114357	0.259758	0.416226	0.0909031	0.0845472	0.26349	0.316965	0.427822	0.569406	0.247192	0.254437	0.375713	0.344725	0.0845677	0.1829	0.0938887	0.258555	0.294089	0.0689995	0.269521	0.285209	0.421101	0.432588	0.639549
ihec.chipseq.ihec-chipseq-containerv1.1.4.IHECRE00001889.4.440b0def-8afc-49ae-ab48-eb6e55baaba4.fc.signal	1.26386	3.14317	2.37821	1.70838	1.23403	0.110671	1.80056	2.26698	0.491237	0.0459107	1.18933	1.75164	0.927036	0.702174	1.1795	0.894669	1.33135	1.41024	0.87581	0.563368	0.745778	0.89274	2.14913	2.86214	1.76937	2.66491	2.89958	2.50628	0.890676	0.40237	1.06364	1.32552	1.66354	0.781581	0.415842
ihec.chipseq.ihec-chipseq-containerv1.1.4.IHECRE00003400.1.b3d30ae7-78a7-458d-9ccf-f1436025286b.fc.signal	0.555701	0	0.455776	0.459078	0	0	0.704522	1.09224	0	1.14426	1.20383	1.06787	0.70925	0.690337	0.236417	0	0.754714	1.07199	1.40489	0.576543	0.172224	0	0.729568	0.980254	0	0.471301	1.29798	0.627619	0.857425	0.612484	0.76718	1.53198	1.17263	0.0463995	0.586022
ihec.chipseq.ihec-chipseq-containerv1.1.4.IHECRE00001517.1.def76da7-e51f-466f-a75e-d4cb918f9d1a.fc.signal	1.39988	2.67726	4.5692	0	0	0.261125	3.53141	3.00985	1.3305	0.279777	1.40085	0.377773	0.269037	1.14118	1.26195	5.03705	3.32841	4.44626	4.25008	2.1972	3.40369	2.86153	1.56507	2.6932	2.56772	4.58442	3.01447	5.90758	2.85877	3.98023	7.67297	2.88856	2.63922	0.992341	0.203804
ihec.chipseq.ihec-chipseq-containerv1.1.4.IHECRE00001044.7.93646603-f0c6-4b5c-9750-3c77b569d934.fc.signal	0.675511	0.181027	0	0.323178	0.39648	0.465864	0.981288	0.234584	0.561671	1.08696	0.829304	1.418	0.902623	0.592523	0.652233	1.27958	0.745033	1.25008	1.8747	1.03445	0.72	0.384138	0.30851	0.230385	0	0.51661	1.13257	1.14338	1.25362	2.22624	2.66494	2.53699	1.60673	2.13068	0.0327456
ihec.chipseq.ihec-chipseq-containerv1.1.4.IHECRE00001235.5.b69b018c-be0b-42b3-9bd0-adb684b6c71f.fc.signal	0.366493	0.473936	0.56882	0.518512	0.183132	0	0.0250749	0.455254	0.54819	0.624652	0.977339	0.236317	0.280825	0.433798	0.799021	0.535386	0.371515	2.1166	1.65772	0.92913	0.813153	1.98944	1.5384	1.46823	1.31334	0.483649	0.634468	0.540636	0.504655	1.3952	0.852944	1.31117	2.24267	0.290506	0.448756
ihec.chipseq.ihec-chipseq-containerv1.1.4.IHECRE00004900.1.b52b6048-f5e8-441d-8082-83c6ea7d797d.fc.signal	1.38807	1.30513	1.22064	0.374605	0.722566	0.199482	0	0.263444	0.920269	0.332427	0.377308	0.118923	0	0.563917	0.16024	0.637602	0.733358	0.583807	0.613071	0.982821	1.0253	0.0557143	0.543217	0.397785	0.540356	0.415546	0.485253	0.483094	0.540065	0.795838	0.945055	1.21586	1.1777	0.405889	0.462039
ihec.chipseq.ihec-chipseq-containerv1.1.4.IHECRE00000810.3.4c807da6-ffa8-4451-adb2-428243de39ad.fc.signal	3.8013	0	3.0334	1.74077	0	0	0	0	3.36893	1.6671	0.764086	6.44264	2.86532	2.1273	7.93609	4.37613	0	0	0	0	0.976463	2.86829	0	0	0	0.607796	4.42823	0	0	1.02233	7.4028	4.09016	3.90593	4.07709	0.415584
ihec.chipseq.ihec-chipseq-containerv1.1.4.IHECRE00000071.3.a976fdae-f5dd-439a-80ce-578a0400ca86.fc.signal	0	0.486174	0.633081	0.238437	1.70651	1.28149	2.14441	2.9043	1.68247	0.101147	0	0	0	1.04615	0.688083	1.51065	0.662338	2.4244	3.07817	1.25574	0.618208	1.70007	0.0838546	0.660221	1.03679	0.173871	0	0.663286	1.42961	0.225388	0.0044134	0.888952	0.18675	0	0.676
ihec.chipseq.ihec-chipseq-containerv1.1.4.IHECRE00003842.2.aaff33ab-ed7b-4de9-8003-f28b910ee10b.fc.signal	0.803792	0.487998	1.00481	1.0838	0.161429	0.371458	1.26135	1.17081	0.405878	2.2627	1.44818	0.540133	1.38623	1.38024	1.57988	1.18642	1.26759	1.13958	0.14674	1.00143	2.24458	1.81154	0.768051	1.76401	1.29882	1.49239	1.77026	3.02537	4.37101	2.26904	2.14045	1.2832	0.633798	1.27367	0
ihec.chipseq.ihec-chipseq-containerv1.1.4.IHECRE00000227.3.cbba33e3-8091-43f4-8be2-0ec669b6bf51.fc.signal	0.480555	0.659524	1.0144	0.893165	0.307435	0.376543	0.388286	0.480451	0.574106	0.488331	0.279853	0.101687	0.250587	1.03579	1.15505	0.309407	0.0512619	0.163369	0.241667	0.230229	0.30098	0.267062	0.209069	0.0970343	0.218748	0.354703	0.275692	0.236249	0.203592	0.0716306	0.174116	0.373488	0.344263	0.201715	0.617978
ihec.chipseq.ihec-chipseq-containerv1.1.4.IHECRE00003806.1.2dfc8185-75fc-483f-9a76-86d609a673b1.fc.signal	0.0490125	0.490572	0.338292	0.363094	0.24798	0.67787	0.825726	0.236171	0.0957295	0.618101	0.622933	0.757229	0.701309	0.633888	0.736811	0.183582	0.145226	0.0728689	0.0105101	0.377528	0.624989	0.511778	0.552428	0.532604	0.752736	0.986285	1.28968	0.489552	0.562562	0.584171	0.354364	0.472883	0.774898	0.634821	0
ihec.chipseq.ihec-chipseq-containerv1.1.4.IHECRE00003686.3.867f20aa-cd84-4630-be8b-4d90cccd43d7.fc.signal	0.185666	0.0696105	0.339861	0	0.285298	0.124239	0	0	0	0	0	0	0.651194	0.409509	0.167888	0.281176	0.128307	0	0	0	0	0	0.206924	0.715499	0.744686	0.0945429	0.229711	0.745173	1.15509	0.615451	0.629666	0.247353	0.164537	0.10062	0.531289
ihec.chipseq.ihec-chipseq-containerv1.1.4.IHECRE00000864.3.14e2d66e-78ce-42e0-867f-4b49c7b19bff.fc.signal	1.97253	1.28965	1.625	1.42887	0.964428	0.328296	0.43957	0.617819	0.431211	0.60363	1.39973	0.658762	1.4445	1.24692	1.50209	2.39727	2.30211	2.35399	0.637174	2.59981	2.75353	3.44526	1.6491	2.55728	3.59517	3.2636	2.9162	2.23148	3.09207	3.95699	3.47841	3.76616	3.32849	1.60654	0.397015
ihec.chipseq.ihec-chipseq-containerv1.1.4.IHECRE00003847.4.2b3ec079-53bd-4903-ae08-424fc11f8e29.fc.signal	0	0	1.10325	0.99732	0.404102	0	0	0.585718	0.746438	0.20693	0.973865	0	0.653589	0.7078	0	0	0	0	0	0.688909	0.135776	0.373571	0.564541	0.953749	0.315642	0.483463	0	1.17862	0.542135	0	0	0.0488459	1.23535	0	0
ihec.chipseq.ihec-chipseq-containerv1.1.4.IHECRE00001901.1.bd86e759-1531-4112-8c3a-ef0446d756a3.fc.signal	0.440727	0.326962	0.249305	1.2542	0.920836	0.341359	0.503875	0.663833	0.511436	0	0	0.309807	0.744165	0.160462	0.17808	0.517003	0.382637	0.51315	0.796686	1.24872	1.42054	1.1645	0.794571	1.68426	1.42903	0.509251	1.0624	1.6212	1.31149	0.73509	1.59204	1.83205	1.05054	1.7012	0.327273
ihec.chipseq.ihec-chipseq-containerv1.1.4.IHECRE00000316.2.3f5a9e9c-04a3-407c-8bb6-519c406c7e44.fc.signal	0	0	0	0	0	0	0	0	0	0	0	0.924992	1.48748	0	0	0	0	1.29994	3.86107	0	0.626309	2.27037	2.03545	3.71782	0	0	0.375777	4.69717	1.18997	3.68923	0.855688	1.1117	1.78498	0	0.216216
ihec.chipseq.ihec-chipseq-containerv1.1.4.IHECRE00001954.2.fc509fae-cfc8-4cd1-b6e1-cb05b98526c1.fc.signal	0	0	0.329779	0.318	0	0	1.50765	1.60894	1.10866	0.278717	0.360334	0.21589	1.86978	1.21231	0.184909	1.41933	1.52923	1.36041	0.512322	0.239437	0.0645946	0.526275	0.407491	0.383313	0.488783	1.382	0.800932	0.569282	2.49117	2.73059	1.64535	0.558907	0.681325	0.657577	0.738479
ihec.chipseq.ihec-chipseq-containerv1.1.4.IHECRE00000957.7.e974118a-1765-49cc-99dd-3d99dcd758cf.fc.signal	0.345442	1.05553	0.549689	0.00909547	0.333983	0	0.27354	0.317876	0.0960469	0	0	0	0	0.45461	0.215197	0.198624	0.117426	0.0916343	0.109747	0.346539	0.815004	0.303451	0.11835	0.421878	0.526634	0.637533	0.359267	0.409809	0.234903	0.587942	0.676693	0.739989	0.43464	0.701802	0.27685
ihec.chipseq.ihec-chipseq-containerv1.1.4.IHECRE00001458.1.90311c59-c092-4716-8ced-a612dc9a7683.fc.signal	1.76884	2.65841	3.24291	2.15574	2.25964	1.05637	2.93507	2.844	2.104	0.688982	1.18296	1.93373	2.30171	2.59974	5.07924	5.47354	3.47009	6.36571	8.58455	7.65355	6.65139	5.93944	6.01578	5.59331	5.14304	4.93817	4.94625	3.15567	6.73658	10.3143	4.18992	3.69012	5.72663	3.30021	0.201149
ihec.chipseq.ihec-chipseq-containerv1.1.4.IHECRE00001913.1.7dd02c2b-e08d-4010-8330-5cb791ced7b2.fc.signal	0.721054	5.30627	0.985238	0	0	0	0	0	0	3.33742	1.4303	0	0	0	0	0	0	2.45727	2.31057	0	2.84233	1.92544	0	3.63044	0.689365	0	3.09361	5.97806	0.476765	4.43772	0	0	0	0	0.208524
ihec.chipseq.ihec-chipseq-containerv1.1.4.IHECRE00004641.3.2af65a74-ad9a-47d1-bb59-7449ff40f2d9.fc.signal	0.498239	0.860545	1.01832	0.51844	0.388377	0.165587	0.612241	1.59307	1.02329	0.655508	0.51092	0.600558	0.384615	0.407879	0.350953	0.609255	0.635375	0.493666	0.628075	0.917253	0.777189	1.47788	1.96291	0.676187	0.871871	1.38125	0.85294	0.750267	0.839295	0.9293	0.626161	0.828478	1.09819	1.03136	0.267108
ihec.chipseq.ihec-chipseq-containerv1.1.4.IHECRE00002063.1.fc1674f3-b9c6-4107-8983-478acef979ab.fc.signal	1.80609	1.66872	1.17485	1.49045	0.637091	0.1016	0.471088	0.587742	0.407072	0.464817	0.691614	1.0133	0.840571	0.375734	0.208338	0.471838	0.996993	0.618759	1.19694	1.20542	0.658841	0.477499	1.34098	1.80318	1.06671	0.578651	1.33646	0.616687	0.453014	0.403329	1.27125	0.806619	1.20115	2.20418	0.398042
ihec.chipseq.ihec-chipseq-containerv1.1.4.IHECRE00004713.2.73d0436f-3c8c-4e5c-a1fe-dc4d41b2902f.fc.signal	0	0.181119	0.670854	0	0	0.456246	0.158276	0.540375	0.0403047	0	0	0	0	0.157836	0.393188	0.490523	0.973665	0.91591	0.714419	0	0.124578	0.456502	0.919236	0.0659532	0.54961	0.501934	1.05877	0.6595	0.370071	0	0	0	0.567664	0.436548	0.572687
ihec.chipseq.ihec-chipseq-containerv1.1.4.IHECRE00003660.4.f57dabc7-264e-43f4-83fd-08369e826dea.fc.signal	1.88738	1.33025	0.912745	0.527581	0.162019	0	0.348806	0.686057	0.627253	0.434062	0.477274	0.0148736	0.186954	0.322506	0.376652	1.85764	0.407289	0.386698	0.34662	0.161548	0.6733	0.92047	1.00268	1.21373	0.776567	0.748803	0.635303	0.284841	1.09371	1.20618	1.1516	0.7122	0.427909	0.752416	0
ihec.chipseq.ihec-chipseq-containerv1.1.4.IHECRE00001875.2.6632043e-47cf-4bfd-b8e1-020b2411b571.fc.signal	0.863117	0.33477	0.0312444	0.737624	0.634859	0	0	1.55834	0.742205	0	0.202276	1.00158	0.957208	1.63365	1.08515	0	0.84885	1.19302	0.852595	0.668256	0.294134	0.640732	1.37985	0.967891	0.911831	1.35302	1.12572	2.7199	0.850535	0.0032892	0.407835	2.1356	0.79408	0.689147	0.365269
ihec.chipseq.ihec-chipseq-containerv1.1.4.IHECRE00000014.2.6a99d923-7ab5-41be-874b-467d20e26e79.fc.signal	1.43864	0.480083	0.422032	0.413502	0.332443	0.61344	1.51837	0.709947	0.256815	0.403737	1.05616	1.54396	0.792125	1.21941	1.50517	1.34398	0.373717	0.513215	0.861015	0.99754	0.616458	0.179925	0.398741	0.779638	0.376651	0.567224	0.344862	0.397834	0.691111	0.812089	0.790768	1.50968	0.854619	0.760074	0.51145
ihec.chipseq.ihec-chipseq-containerv1.1.4.IHECRE00003809.1.88fb2a51-3313-49d0-b432-b95b6b91fc4b.fc.signal	0.454455	0.203429	0.28265	0.686207	0.384724	0.0508937	0.111088	0.366398	0.303164	0.0278117	0.150046	0.651788	0.663741	0.742026	0.728364	0.357829	0.257604	1.04922	0.932659	0.582463	0.882571	1.84812	1.60704	1.54548	1.48093	1.50986	1.16271	0.657212	1.48697	1.70179	2.06054	2.27611	2.54687	1.69611	0.589342
ihec.chipseq.ihec-chipseq-containerv1.1.4.IHECRE00000221.3.7d6e7c7b-090f-4b2a-a7ba-f833c718a8ac.fc.signal	0.471651	0.301442	0.214733	0.224206	0.480906	0.477853	0.163433	0.0265041	0.519437	0.619629	0.570706	0.47804	0.62014	0.80673	0.678596	0.504091	0.256514	0.629047	0.609979	0.269973	0.243365	0.171242	0.159945	0.12922	0.268642	0.346385	0.39947	0.54325	0.268943	0.276764	0.609921	1.27412	0.654306	0.118813	0.345455
ihec.chipseq.ihec-chipseq-containerv1.1.4.IHECRE00003675.3.83112ba3-4a46-4bcb-b23c-b8a94da18e77.fc.signal	0.489733	1.47028	0.807643	0.518645	0.116144	0	0.675387	0.417041	0.303444	0.426064	0.242969	0.252104	0.70277	0.127953	0.226535	0.340514	0.55595	0.251411	0.503601	0.496498	0.229587	0.429421	0.363443	0.834408	0.390269	0.80914	0.573581	0.131724	0.482513	0.349318	1.37409	1.05117	0.533273	0.764739	0.465435
ihec.chipseq.ihec-chipseq-containerv1.1.4.IHECRE00002086.1.61135aae-0e5d-4a79-9f3a-0fb631125d88.fc.signal	0.675705	0.621895	0.554905	0.0807525	0.250561	0.310593	0	0	0.139923	0.705458	0.374105	1.06199	1.06532	0	0.694864	0.97952	0.443886	0.43967	0.320755	0.873202	0.409158	0	0.246351	0.353473	0.238317	0.114723	0.470857	0.615247	0.244561	0.659115	0.834068	0.300781	0.250065	0.686557	0.413681
ihec.chipseq.ihec-chipseq-containerv1.1.4.IHECRE00004884.1.cdb41994-86e2-4949-bf91-2378fd47bfa2.fc.signal	0.290477	1.16355	0.557138	0.859777	0.243378	0.52713	0.554681	0.809213	1.11434	0	0.687666	0	0	0.332351	0.336599	0.933121	0.388466	0	0.163022	0.44366	0.527016	0.352987	0.501842	0.679525	0.109771	0.119679	1.10569	0.83783	2.04495	3.23835	0.34789	0	0.156669	0.688073	0.413408
ihec.chipseq.ihec-chipseq-containerv1.1.4.IHECRE00003692.4.3bf09a2c-baea-4256-b5b7-ae913b7ca17e.fc.signal	0	1.05299	1.22104	0	0	0	0.655278	0.818256	0.773072	0.734908	0.84066	0.644728	0.673371	0.305169	0.425178	0.712676	0.255324	0.490278	0	0	0	0.461031	0.600031	0.387958	0.238608	0.585239	0.566147	0.11465	0.77192	0.125486	0.243955	0.0047044	0.750197	0.108919	0.77037
ihec.chipseq.ihec-chipseq-containerv1.1.4.IHECRE00000315.2.e9fbad15-4a0e-4eb7-a1cb-5ed723b77040.fc.signal	0.942929	1.04462	0	0	0	0	0	0.92444	1.06311	0	0.647108	1.34044	0	0	0	0	0	1.63626	2.07999	0.258843	0	0	0	0	0	0	0	0	0	0	1.02541	1.43077	0.076777	0	0.451292
ihec.chipseq.ihec-chipseq-containerv1.1.4.IHECRE00000969.7.07e61421-b434-44b9-b0ec-8515d70faad3.fc.signal	0.367929	0.225125	0.366275	0.657858	1.2675	1.12731	1.93491	0	0.707787	0.24813	0.877771	0.127676	2.49751	1.74245	1.31311	0.447792	0.43221	0.519801	0.222542	0	1.31492	1.45179	0.761144	2.28107	0.0574549	0.860571	1.39881	0.775878	0.244437	0.491291	0.293078	0.370313	1.25471	0.102794	0.356968
ihec.chipseq.ihec-chipseq-containerv1.1.4.IHECRE00001851.4.41736f40-6f67-4bdc-bc7e-afd139847fe8.fc.signal	2.9921	1.91358	0.854383	1.08514	0.2483	0.378139	0.440217	0.598204	0.42329	0.293481	0.2872	0	0.112877	0.42329	0.394972	1.48423	0.815817	1.03828	0.891628	1.24718	0.661107	0.312711	0.348672	0.429938	0.396606	0.997542	0.944392	0.498567	0.962798	0.778788	0.332988	0.323476	0.17496	0.42329	0.342593
ihec.chipseq.ihec-chipseq-containerv1.1.4.IHECRE00003679.3.9ac74a4d-9d70-4efc-945e-29c0f04f171f.fc.signal	0.274796	0.348417	0.296067	0.192574	0.0167456	0.332129	0.0892318	0.382366	0.0307003	0.459444	1.06069	0.0879103	0.348875	0.167459	0.573857	1.15846	1.05329	0.415685	0.417253	0.352049	0.537463	0.145418	0.573627	0.817163	0.525298	0.249734	0.355665	0	0.294927	0.845817	0.61511	0.50893	1.33074	1.66369	0.560763
ihec.chipseq.ihec-chipseq-containerv1.1.4.IHECRE00003680.3.f291fb29-a363-426c-a2c2-33a98c6182ef.fc.signal	0.229712	0.218102	0.488594	0.290217	0	0	0.214328	0.211666	0	0	0	0	0	0	0	0.17312	0.234395	0	0.074563	0.251369	0.249444	0.0716634	0	0	0	0.412819	0.522078	0.0967755	0.198625	0.0965725	0	0.135064	0.0232365	0.400658	0.600975
ihec.chipseq.ihec-chipseq-containerv1.1.4.IHECRE00003821.3.18c7c517-acd2-418c-a70e-986e331348db.fc.signal	0.279489	0.248895	0.917343	0.820576	0.0633033	0	0	0	0	0	0.0779886	0.529569	0	0	0.505308	0.759456	0.433214	0.184415	0.414944	0.435477	0.465705	0.46151	0.105015	0.259046	0.178111	0.499933	0.762644	0.482057	0.698342	1.20989	0.45447	0.0741001	0.519786	0.467749	0.652778
ihec.chipseq.ihec-chipseq-containerv1.1.4.IHECRE00003402.2.b9e005f4-fbbb-49ef-81b0-40cfa3806f30.fc.signal	0.355162	0.867296	0.5817	0.407096	0	0.220739	0.540197	1.35625	1.21683	0.557619	1.19197	0.424469	0.859586	0.287979	0.541247	1.12985	0.534627	0.423909	0.673099	0.373824	0.218077	0.28402	0	0.0485551	0.35749	0.188272	0.237163	0.139247	0.0375521	0.478767	1.0779	0.909852	0.432051	0.00937486	0.610966
ihec.chipseq.ihec-chipseq-containerv1.1.4.IHECRE00000121.3.6767ca98-deae-49f6-b4ac-75d0144cef28.fc.signal	0.489987	0.432133	0.0654487	1.08624	0.22597	0.581591	1.14837	0.437122	0	0.129654	0.477641	0.455647	0.263845	0.356423	0.65394	0.75377	0.164715	0	0.0229082	0.523717	0.581591	1.341	1.70033	0.318578	0.940923	1.33359	0.426007	0.3371	0.796448	1.97816	0.500095	0.518616	0.27783	0.878525	0.600592
ihec.chipseq.ihec-chipseq-containerv1.1.4.IHECRE00003695.3.976830f0-f131-4dc5-bdfd-64d83fdc4635.fc.signal	0.733203	1.32765	0.998594	0.330493	0.364213	0.0379674	0	0.1814	0.127964	0.14062	0	0	0	0	0	0	0.558356	0.97326	0.351607	0.935662	0.958614	0.836125	1.01969	1.85227	3.31216	2.50906	4.82434	5.74394	9.89833	4.64372	4.24324	4.7411	4.34028	3.64362	0.581662
ihec.chipseq.ihec-chipseq-containerv1.1.4.IHECRE00003825.5.7e6f312b-3e7d-4ced-adc8-a790c0432db2.fc.signal	0.640979	0.242268	0	0	0	0	0.713514	0.417768	0.084715	0.496771	0.368206	0.203606	0.384489	0.963167	1.08319	0.933683	0.128187	0	0	0	0.764634	0.900032	0.303406	0.227126	0.493752	0	0.702236	0.129449	0.344536	0.640763	0.40509	0.305187	0.101791	0	0
ihec.chipseq.ihec-chipseq-containerv1.1.4.IHECRE00001997.1.3ac72c63-5790-4eab-ab70-1f2408156b61.fc.signal	0.00393073	2.23387	1.71924	0	0	0.0199611	1.34125	0.626981	1.32679	0.596008	0.95358	0.0898583	0.787589	0.809616	0.478554	0.874491	0.652752	0.302957	0	0.698297	0.95522	0.984832	0.801727	0.220121	0	0.980349	1.04055	0.514998	1.44742	0.62128	0.639566	0.723078	0.53294	0.999961	0.536585
ihec.chipseq.ihec-chipseq-containerv1.1.4.IHECRE00000784.3.589e1f11-0874-4698-ac02-5c217aac91a6.fc.signal	2.33066	4.57018	1.62568	1.12906	0.184172	0.386764	1.25529	1.4967	0.479694	0.689171	2.86754	0.257957	0.290898	0.908302	0.92638	2.7213	2.43297	3.21107	2.99532	2.17448	1.99706	0.887266	1.821	1.11043	0.338568	0.296573	1.21333	1.35972	2.7834	3.45774	2.87058	1.52674	2.94374	4.26251	0
ihec.chipseq.ihec-chipseq-containerv1.1.4.IHECRE00001015.4.9280a4bd-15d9-4bff-baed-11156e36abac.fc.signal	0.886877	1.34611	1.4048	0.372233	0.544347	0.119898	0.356367	0.327175	1.0265	1.90936	0.489114	0	0	0.349989	0.636713	0.960115	0.345099	1.47562	0.904703	0.530548	0.676368	0.782984	0.426778	0.827006	1.37511	0.989313	0.545613	0.519735	1.17923	1.33903	0.98768	0.736635	0.303462	0.506896	0.632047
ihec.chipseq.ihec-chipseq-containerv1.1.4.IHECRE00003835.4.bcf78771-4438-44b9-b60f-ce0703898bd2.fc.signal	0.74772	0	0	0	1.51277	0.749823	1.38018	0.772988	1.03341	1.58518	1.8362	0	0	2.07393	2.76511	0.670928	0	0	0	0	0	0	0	0	0.795922	0.498908	0.64999	0	1.03433	0.595584	0	0	0.85509	0.817058	0.189765
ihec.chipseq.ihec-chipseq-containerv1.1.4.IHECRE00000239.3.9e4848b7-a913-4011-92b1-1d083e775db4.fc.signal	0.720712	0.417729	0.0748877	0.116298	0.128373	0.331587	0.470199	0.0285254	0.279948	0.40994	0.360876	0.259723	0.228223	0.22906	0.647571	0.64786	0.405909	0.674447	0.511705	0.426175	0.548441	0.710833	0.559231	0.358736	0.375875	0.558434	0.791113	0.612978	0.460847	0.47009	0.440204	0.896968	1.15493	0.970631	0.0877193
ihec.chipseq.ihec-chipseq-containerv1.1.4.IHECRE00003822.3.77ca98f2-545d-4aeb-bc0c-48db2083d121.fc.signal	0.66124	0.852404	0.342113	0.761191	0.372927	0	0.644002	0.617368	0.148859	0.175497	0.106551	0	0.609531	1.35539	1.90224	0.952689	0.256977	0.1943	0.529619	0.17863	0.316521	1.66094	2.44753	0.711379	1.29428	0.601699	1.61951	1.09084	1.26544	1.32562	1.29114	1.46821	1.32248	0.957724	0
ihec.chipseq.ihec-chipseq-containerv1.1.4.IHECRE00004617.2.4b42183d-fbd0-4b87-afb1-913c17cc15e7.fc.signal	0	0.909992	0.518248	0.0515936	0.307318	0.352184	1.13299	0.309581	0	0	0	0	0	0.0558778	1.11726	0.465951	0.495752	0.370133	0.289373	0.406024	0.381349	0.428457	0.289377	0	0.673019	1.12174	0	0.232795	0.422812	0.460976	0.997899	0.376914	1.67464	0.557947	0.327922
ihec.chipseq.ihec-chipseq-containerv1.1.4.IHECRE00000891.3.26bc37a9-c73c-42b9-835b-56fe5f674b6a.fc.signal	0.278908	2.37012	3.23938	0.622678	0	0.117054	2.05767	1.38316	1.3608	0.195081	1.49473	2.23598	1.79	1.67466	0.504525	0.0299733	1.92597	0.817235	0	0	0.345375	0.364055	0.314825	0.200135	0	0	0.0986408	2.87845	3.07607	1.01682	0.967129	0.742055	1.23777	1.2402	0.27758
ihec.chipseq.ihec-chipseq-containerv1.1.4.IHECRE00003836.3.5c9cb736-993f-45fe-be70-bfabfbcef3f6.fc.signal	0.345571	0.366785	0.301917	0.127557	0.222749	0.212508	0.0204827	0.57668	0.578559	1.38846	1.18197	0.337132	0	0	0	0	0.348205	0.0870513	0.471014	0.611837	0.222536	0	0	0	0	0	0	0.183	0.364743	0.791859	0.172755	0	0	0.0969042	0.646226
ihec.chipseq.ihec-chipseq-containerv1.1.4.IHECRE00001902.1.526cb17b-4947-475e-9954-5626d82b7161.fc.signal	0.480314	1.35869	1.56226	1.17995	0	0.527401	0.485686	0.0834307	0.423113	0.080451	0.831327	0.429072	0.243301	1.27943	0.613944	1.32084	1.35063	1.13797	1.60008	0.673405	0.611988	2.74518	2.46065	2.7768	2.01712	1.57028	1.75204	1.83249	0.602476	1.12461	1.50814	0.542213	1.29913	0.965996	0.527197
ihec.chipseq.ihec-chipseq-containerv1.1.4.IHECRE00003824.4.96c109c2-5b12-4d08-bc59-f48ccc7c2f4a.fc.signal	0.0878613	0.328313	0.347051	0	0.286183	0.503288	0	0	0.288647	0.653778	1.12372	1.04612	0.269217	0.135647	0	0.0912815	0.303449	0	0	0.310854	0.478617	0	0.407781	0.545915	1.11354	0.495883	0.73026	0.382398	0	0.569899	0.219571	0.298519	0.892487	2.05005	0.403509
ihec.chipseq.ihec-chipseq-containerv1.1.4.IHECRE00003811.1.705a3dcb-b728-43db-b37f-bbceaf83732a.fc.signal	1.27466	1.3885	1.7469	1.86328	0.65771	0.136978	0	0.254214	0.428211	0.320851	0.226935	0.677119	0.595849	0.518879	0.486431	0.401273	1.59368	1.08822	1.1239	1.61769	1.52106	1.3116	0.990823	1.06416	0.792431	1.64238	2.98613	2.65728	2.40718	1.83524	1.67695	0.968258	1.23498	1.23771	0.618375
ihec.chipseq.ihec-chipseq-containerv1.1.4.IHECRE00001326.1.567f2eaa-fb2e-4531-aa24-4f23ad86e52a.fc.signal	0.610749	0.949459	1.32522	1.34066	1.65651	0.267205	1.97668	0.614583	0.0921331	1.12906	0.532116	1.89302	0.802058	2.20816	0.527509	0	0	0	0.998306	0.281574	0.981241	0.60581	2.3886	0.641534	3.02808	1.17886	0.879949	2.14689	0.955379	1.27072	1.11776	0.930037	0.916362	1.42248	0.584615
ihec.chipseq.ihec-chipseq-containerv1.1.4.IHECRE00001916.1.f84a631d-885b-4535-bad7-e4cb346c7bb1.fc.signal	0.884304	0.0775163	0.916139	1.63505	0.353273	0	0	0	0	0.30477	2.44255	0.391197	0.523112	0.824649	0.302549	0.40452	0.575139	0.982622	0.594838	1.40317	1.44264	0.617337	0.4148	0.429733	1.06161	2.80808	0.67582	1.33516	2.61576	3.03759	0.805077	0	0	0	0.390691
ihec.chipseq.ihec-chipseq-containerv1.1.4.IHECRE00001012.4.9fd4b387-15fe-4e26-8d53-15d3dbb86837.fc.signal	0.218786	0.339243	0.265596	0.434916	0.575087	0.31256	0.258325	1.19168	0.670202	0.884857	0.644662	0.0739009	0.303623	0.315084	0.263539	0.446443	0.53833	0.259973	0.747676	0.326291	0.149583	0.213366	1.1417	0.482203	0.206023	0.200034	0.108688	0.0920353	0.298553	0.327562	0.104844	0.460772	0.458406	0.136213	0.555556
ihec.chipseq.ihec-chipseq-containerv1.1.4.IHECRE00001246.1.32f3ac57-7b9e-4a64-9c91-902a000688fe.fc.signal	0.505228	0.837913	0.892417	0.675715	0.397537	0.640224	0.427739	0.732664	0.83973	0.281034	0.129798	0.20584	0.695087	1.65981	1.06169	1.01171	0.475113	0.883974	0.469337	0.440872	0.897783	0.372056	0.632531	1.16254	1.0538	1.20784	1.42045	0.740639	0.960614	0.929973	0.892347	1.30431	1.37456	1.10113	0.481132
ihec.chipseq.ihec-chipseq-containerv1.1.4.IHECRE00001518.1.19ef5b88-8aca-40d7-ba6e-e2093039b88a.fc.signal	1.27421	1.87388	1.73794	0.67258	0.33947	0.761671	1.05623	1.12246	0.833753	0.433645	0.0722431	0.705458	1.91312	1.02201	1.24662	2.30316	3.26882	3.72064	2.72935	2.50127	3.91635	4.77814	1.9714	2.64732	2.60889	2.33419	2.01013	1.19048	1.69422	2.08596	0.973191	1.9284	2.13671	1.88629	0.483568
ihec.chipseq.ihec-chipseq-containerv1.1.4.IHECRE00001957.2.0bd574cb-6c79-4f0e-a131-98ee1a6088f8.fc.signal	0	0.524372	2.00829	1.74535	1.44572	0.456925	0.294613	0.0017144	0.497046	0.109761	0	0.372065	1.21103	1.06123	0.548395	2.24342	0.591795	0.441999	0.194261	0.509511	0	0.074898	1.17606	0.202253	0.599379	0.325836	0.75657	0.822769	0.345819	0	0	0.00748133	0.314077	0.222594	0.750933
ihec.chipseq.ihec-chipseq-containerv1.1.4.IHECRE00004606.2.411a52db-8794-484a-8712-a21b0a7c3495.fc.signal	0.958652	0.981834	0.381276	0.604799	0.643167	0.0678078	1.35599	0.150671	0.592634	1.08231	0.585142	0	0	1.1878	1.37788	1.56504	0.752379	0.700457	1.15511	0.21598	0.705703	0.198401	1.05216	1.02986	0.15481	1.60458	1.34976	1.05296	0.603503	1.72354	0.89925	0.857396	0	0	0.378022
ihec.chipseq.ihec-chipseq-containerv1.1.4.IHECRE00000277.2.6f1c9091-fd70-44a8-b612-a333084af5aa.fc.signal	3.59919	2.95628	1.1768	0.513396	0.920567	0.606791	0.872602	1.16073	1.36288	0.737176	1.14749	0.82522	0.123281	0	2.33711	3.05281	2.18165	4.13756	1.04819	0.697103	1.80048	1.60587	2.7896	2.15051	1.02606	0.947841	2.29698	1.61991	5.02929	1.72474	2.18416	2.65576	1.64446	1.43429	0.343348
ihec.chipseq.ihec-chipseq-containerv1.1.4.IHECRE00003696.3.61e7591e-7d42-4bac-a82f-41dc0577b027.fc.signal	0.307602	0.226667	1.04647	0.492579	0.143106	0.0759339	0.392687	0.986796	0.956147	0.221958	0.668549	0.388309	0.506564	0.941543	0.652525	0.755796	0.789808	0.641385	0.664165	1.1502	1.43849	1.36863	1.4945	3.04923	4.02781	4.20958	8.39498	8.34803	8.07189	4.13035	4.18103	4.47867	2.93855	3.54414	0.393031
ihec.chipseq.ihec-chipseq-containerv1.1.4.IHECRE00001004.4.11ad2674-be5c-41ad-b54e-80291c85aeb3.fc.signal	0.191376	0.181293	0.048048	0.2639	0.411805	0.12509	0	0	0.0146352	0.170889	0.298632	0.0474142	0.225911	0.278579	0.444458	0.657356	0.197332	0.11432	0.182884	0.448685	0.260853	0.206887	0.3756	0.354665	0.363131	0.499893	0.498177	0.131915	0.516841	1.04538	0.624197	0.30947	0.542576	0.534902	0
ihec.chipseq.ihec-chipseq-containerv1.1.4.IHECRE00003830.4.1d911208-29b2-4159-abb9-21b476db4aa7.fc.signal	0	0	0	0	0	0	0	0	1.46384	0.611732	0	0	1.48576	0.587723	0	0	0	0	0	0	0	0	0	0	0	0	0.553743	0.242848	0	0.41694	0.175406	0	0	0	0
ihec.chipseq.ihec-chipseq-containerv1.1.4.IHECRE00003845.2.fa3c8e36-edcb-4649-9a8e-5dec7e1c367c.fc.signal	0.53073	0.957749	1.12489	1.75692	0.281433	0.458825	0.668058	0.342591	0.70355	0.523689	0.962912	0.612984	0.49798	1.02037	0.642324	0.455138	1.36423	1.0522	0.828298	1.11461	1.19416	0.447809	0.5567	0.625222	0.692524	0.699857	1.29081	1.96618	1.58204	1.36297	1.50981	2.56687	1.67255	1.2984	0
ihec.chipseq.ihec-chipseq-containerv1.1.4.IHECRE00001956.2.6c45d08b-377b-419c-a177-44262ce42f4b.fc.signal	0.162441	0.905565	1.51714	0.372061	0.402372	0	0.393667	0.639297	1.23235	0.7745	0.616951	0.356357	0.724759	0.966121	2.34439	1.42019	1.83648	2.38167	1.33844	2.442	1.39308	0.593312	0.834229	0.135269	1.52859	0.560505	0	0.23621	1.91026	2.38382	2.09179	1.69782	1.40197	3.10364	0.643892
ihec.chipseq.ihec-chipseq-containerv1.1.4.IHECRE00000339.2.661eb5d7-e490-45e2-a8f4-f36ea8a48c60.fc.signal	0	0	0.895684	5.69778	0.960419	0	0	0	0	0.750172	2.05628	2.57254	0.035763	0	0.723033	1.0592	0	0.0755407	2.14747	2.65462	2.63304	0.0431661	0	0.143049	3.17194	0.997372	0.155946	1.15469	0.733824	0	0	0.91634	0.84174	1.54309	0.578454
ihec.chipseq.ihec-chipseq-containerv1.1.4.IHECRE00000332.2.3d98bc1f-c00a-45a1-9387-7764c6e8d313.fc.signal	1.20849	3.08963	3.00605	2.0115	1.34555	0.162602	0.190376	1.29138	1.1617	1.34555	2.23046	1.63127	0.22224	1.11455	1.52153	2.36632	2.34722	2.8024	3.32625	4.5395	2.82407	2.07419	1.50269	1.9087	2.43888	2.65034	1.33881	1.9292	1.88374	1.57351	2.18158	0.83889	1.78303	2.13056	0.57037
ihec.chipseq.ihec-chipseq-containerv1.1.4.IHECRE00001909.1.245ee420-3705-4794-9ed7-05083df48af9.fc.signal	1.32104	1.48125	1.23227	1.869	1.75227	0.366996	0.654727	1.06521	1.25807	0.822149	0.393011	0.954838	1.30993	3.40277	3.43146	1.67249	1.45312	3.02415	4.96887	3.19677	3.59195	2.34493	1.69367	2.0149	2.61875	2.9757	2.05132	1.32831	2.2937	2.56833	3.07759	2.23486	1.71459	3.33411	0
ihec.chipseq.ihec-chipseq-containerv1.1.4.IHECRE00000943.7.e73b84a4-42ef-4b6b-83f9-72b6584af2ee.fc.signal	0.376482	0.467662	1.0676	0.857632	0.436367	0.0399186	0.938575	1.00791	0.673343	0.314858	0.450128	0.0288383	0	0.555149	0.621141	0.550195	0.144385	0.263439	0.359388	0.647752	0.612188	0.340912	0.666865	0.659105	0.85082	0.753351	1.06084	1.06995	0.533967	0.736907	0.423955	0.570282	1.13735	0.290557	0.282258
ihec.chipseq.ihec-chipseq-containerv1.1.4.IHECRE00004615.1.8cd5cefc-1c86-42bb-a689-d60dd071a471.fc.signal	0	0.182602	0.240286	0	0	0	0.113324	0.316886	1.1078	1.35555	0.955846	0.536862	0.0862812	0.429746	0.531386	0.554409	0.635742	0.291669	0.268621	0.459477	0.279053	0.765811	0.713921	1.74549	0.398557	0	0	0.216706	0.482571	0.729903	0.771587	0.793091	0.0902398	0.269613	0.431138
ihec.chipseq.ihec-chipseq-containerv1.1.4.IHECRE00001961.2.058af969-8786-43c5-84e7-d3c325107d07.fc.signal	0.800039	0.347717	0.388098	0.713831	0.318892	0.567755	0.29607	0.152419	0	0.0120984	0.322516	0.0080656	0	0.65021	0.243711	0.0425907	0.295948	0.181234	0.392144	0.0149797	0	0	0	0.0529855	0.161038	0.200355	0.592043	0.0311283	0	0.170223	0.259008	0	0.0461155	0.704004	0.641379
ihec.chipseq.ihec-chipseq-containerv1.1.4.IHECRE00001050.8.a9a09927-f961-43dc-bcc9-a3c995bbca26.fc.signal	1.21773	1.80041	0.244878	0.48259	0.72075	0	0	2.30768	2.10395	1.23724	0	0	0	0.110991	1.24403	0.770955	0.208533	1.78089	1.86835	3.03314	0.55606	0.290842	1.02888	0.459468	0.81722	0.57236	0.658767	0.609616	2.92678	0.929666	1.49071	0.891352	0.569153	0.257658	0.477912
ihec.chipseq.ihec-chipseq-containerv1.1.4.IHECRE00003683.3.9d98dd69-4d9c-4c81-bc8f-9c0f23e13a7b.fc.signal	0.328114	0.036748	0.286773	0.5107	0.117853	0	0	0	0	0	0	0	0	0.369275	0.259278	0	0	0	0.131603	0.62659	0.791259	0.881137	0.117775	0.880494	0.514627	0.219337	0.603727	1.44174	2.78869	1.07628	0.497606	1.14711	1.27675	0.598951	0.566986
ihec.chipseq.ihec-chipseq-containerv1.1.4.IHECRE00001378.1.0fecda09-3e67-46f5-9229-720f600c0eed.fc.signal	1.21193	3.17991	4.1831	1.05456	0.996922	0.338307	0	0	1.41352	0.777757	0.783678	0.299571	0.802814	1.63046	4.03904	0.498996	3.06159	4.79532	6.71518	2.25721	6.39904	2.55436	2.23352	1.94152	3.51374	1.15716	2.91311	1.99957	2.6101	1.84559	3.71862	2.431	3.87712	4.41051	0.580645
ihec.chipseq.ihec-chipseq-containerv1.1.4.IHECRE00004614.1.0ac6fcf9-3ed9-4ad3-9178-9d485c424be8.fc.signal	0.394468	0.329947	1.0722	0.906811	0.667488	0.0056552	0.139531	0.42606	0	0	0	0.00188507	0.639166	0.626012	0.420441	0.00942533	0	0	0	0.388389	0.54462	0.698752	0.291963	0.454371	0.671221	1.27465	0.560002	0.871338	1.09427	1.1714	0.102252	0.467287	0.560809	0.00264262	0.438272
ihec.chipseq.ihec-chipseq-containerv1.1.4.IHECRE00001014.4.25d46380-43d3-437b-8e36-9163ff0c4c1c.fc.signal	0.163298	0	0	0.281169	0.50611	0.196202	0.0699943	0	0.200443	0.607462	0.0396283	0	0.124946	0.338326	0.061619	0.0655273	0.471421	0.620419	0.497609	0.402618	0.254714	0.292449	0.0694187	0.257283	0.772231	0.231073	0.301006	0.423842	0.343893	0.532704	0.491435	0.225976	0.326966	0.350326	0.418182
ihec.chipseq.ihec-chipseq-containerv1.1.4.IHECRE00001958.3.3cd86255-36f1-4b55-a6a7-d6b5647cff3a.fc.signal	0.200318	0.102794	0.271386	0.296136	0.565138	0.424438	0.238925	0.405378	0.101964	0.189949	0.429521	0.211838	0	0	0.245249	0.433125	0.297403	0.354421	0.599577	0.47588	0.697703	0.587361	0.548139	0.445749	0.26837	0	0.133371	0.175316	0.196905	0.672276	0.437204	0.530997	0.326589	0.415287	0.64133
ihec.chipseq.ihec-chipseq-containerv1.1.4.IHECRE00000728.1.a576b355-9f1b-4be4-8c29-c0a8e58c48ba.fc.signal	1.21244	0	0.982292	1.73792	1.35509	0.608445	1.15246	2.96838	2.05491	0.697793	0.996458	1.37024	2.59597	4.74716	1.79595	2.13407	1.91092	2.89741	2.55928	3.34539	2.12845	4.35751	4.99909	3.0222	2.95533	3.51031	3.27684	2.13571	1.80293	2.88337	2.70704	2.40481	0.415955	2.86692	0
ihec.chipseq.ihec-chipseq-containerv1.1.4.IHECRE00002076.1.483aa0c8-5543-4e25-b16f-2f222c5a2d5b.fc.signal	0.803587	0.954943	0.477361	0.148869	0.343316	0.0936223	0.577357	0.242242	0.174432	0	0.823764	0	0	0.330931	0.408793	0.407815	0.28669	0.155999	0.177725	0.653398	0.960717	1.36688	0.241411	0.822665	0.303117	1.41307	0.804566	0.445783	0.491887	0.808707	0.176758	0.626322	0.908205	0.22685	0.568228
ihec.chipseq.ihec-chipseq-containerv1.1.4.IHECRE00002058.1.0fc0f90b-b2ac-4c17-952e-d39560131bf4.fc.signal	0.179884	0.463287	0.410996	0.252237	0.654089	0.952789	0.28758	0.28338	0.513111	0.294674	0.794709	0.286716	0.527807	0.375899	0.486345	0.75112	0.396965	0.912596	0.722482	0.41818	1.82254	1.05582	0.974693	0.332899	0.475614	0.874573	0.486398	0.555774	1.02981	0.723621	1.21692	1.44813	1.20774	0.512121	0.506472
ihec.chipseq.ihec-chipseq-containerv1.1.4.IHECRE00000743.1.09e06815-2793-4e11-8820-4681b880b4c1.fc.signal	1.14975	2.20342	1.15657	1.5067	1.41267	1.38813	2.00501	1.0411	1.36533	0.948223	1.55637	1.63172	0.840034	2.13616	3.54914	2.67807	0.806257	3.56493	1.79472	2.10495	2.62228	0.842187	1.14762	2.61585	1.45471	1.24607	4.35009	4.05917	2.59743	1.89113	2.2529	0.687911	2.48836	4.19196	0.300752
ihec.chipseq.ihec-chipseq-containerv1.1.4.IHECRE00000738.3.67a5e32d-33dd-4f32-920b-c5d14568aeea.fc.signal	0.796512	1.85288	3.11617	2.16079	0.159302	0	1.20733	3.31672	3.0545	0.194667	0	1.57911	0.159302	1.74992	1.14025	4.77044	4.5716	3.28651	2.38108	4.61518	1.61618	1.28215	0.0996441	2.52855	0.786166	3.93306	2.7416	3.37724	5.38616	6.56467	4.4687	2.55716	2.05415	6.08818	0
ihec.chipseq.ihec-chipseq-containerv1.1.4.IHECRE00004905.1.68af8a6c-0e3d-475b-8b36-e8635e2eb67e.fc.signal	0.644435	0.888813	0.975157	1.82851	1.25554	1.55422	0.455543	0.959218	0.66368	0.0768603	0.777575	0.262287	1.51897	2.44096	0.505387	2.4672	0.703618	0.302391	0.371259	0.398988	0.237067	2.23575	1.3637	0.0649537	1.85649	2.71462	1.31926	0.0982933	0.392717	0.664311	0.27784	1.10693	0.802765	1.39863	0
ihec.chipseq.ihec-chipseq-containerv1.1.4.IHECRE00001854.4.9795bbe6-24d0-4d23-b44e-724aab1b2c12.fc.signal	0.352396	0.649957	0.652984	0.997746	0.292472	0	0	0	0.0568231	0.543162	0.434939	0.0708049	0.0183839	0.25069	0.148743	0.2458	0.148448	0.495379	0.153757	0.25069	0.118098	0.0986047	0.25069	0.0267403	0	0	0.0446827	0.489681	0.384391	0.548175	0.337596	0.329211	0.162438	0.399328	0.364912
ihec.chipseq.ihec-chipseq-containerv1.1.4.IHECRE00001013.4.0a2cbc1f-05a1-4b3e-8b80-47b4f56057cd.fc.signal	0.43044	0.197594	0.371093	1.12131	0.365012	0	0	0.449336	0.595768	0.651552	0.001525	0	0.746635	0.523605	1.01718	0.509651	0	0.291638	0.241282	0	0	0.139222	0.648003	0.654725	1.23852	0.951882	0.676138	0.551626	0.801382	1.64963	0.421062	1.03408	0.0967093	0.411806	0.355556
ihec.chipseq.ihec-chipseq-containerv1.1.4.IHECRE00001918.1.c154a44f-91a2-4062-881d-72e98844dc88.fc.signal	1.05971	0.559031	0.303863	2.10516	0.310399	1.01246	0	0	0	0	0	0	0.366468	0.96686	0.542218	2.23833	0.60096	1.28448	1.69806	0.507508	1.35677	0.368954	0.821015	0.31909	0.337593	0.476163	1.25956	0.0498382	0.0443708	0.594949	2.21117	0.36929	0	0	0.290133
ihec.chipseq.ihec-chipseq-containerv1.1.4.IHECRE00000348.2.ebee7a5f-3411-4595-bc73-d0dfa8919fd3.fc.signal	0	0	0.273914	0.987237	0.0251732	0	0.252366	1.85878	0.350867	0	0	0	1.23349	0.486682	0	0.184603	2.50906	1.04891	1.25588	0.346981	1.21538	0.264439	0	0	0	1.0321	0.930571	0.866126	0	0	0	0	0	1.10415	0.580583
ihec.chipseq.ihec-chipseq-containerv1.1.4.IHECRE00000808.1.8af206b7-e06b-4314-a764-ad70944f0481.fc.signal	0.532739	0.478905	1.51669	0.687194	1.16666	0.219418	1.05985	2.10374	0.739999	0.790932	2.65694	1.71098	0.722147	0.839094	0.526	0.797756	1.57304	1.99829	2.72867	2.62101	1.41433	1.15911	0.352061	2.38573	0.826237	0.005076	2.7052	5.35679	3.36061	1.48534	1.47084	2.62734	1.57886	2.67375	0.057971
ihec.chipseq.ihec-chipseq-containerv1.1.4.IHECRE00000709.3.6a6e5234-23fa-41fc-9f41-6ee555b180c8.fc.signal	1.04885	0	0.655467	1.10959	0	0	0	0	0	0	1.15066	0.943166	0	0	0	0	0	0	0	0	0	0	0	0	0	0	0.0571697	1.32526	2.29591	1.14792	1.02141	0.190456	0	0.317924	0.488304
ihec.chipseq.ihec-chipseq-containerv1.1.4.IHECRE00001878.2.e386caa6-13f2-44b9-82dc-f7880f6e8e17.fc.signal	0.104064	1.82757	1.13629	0.861805	0.119258	0	0.79392	1.82839	0.251791	0	0	0	1.29602	1.92904	1.42054	0	0	0	0	0.522648	0.107564	0	0.412246	0.798171	0.217135	0.982202	0.612882	1.42377	1.30663	0.17742	1.53369	0.699085	0.224018	1.5958	0.520833
ihec.chipseq.ihec-chipseq-containerv1.1.4.IHECRE00001027.7.cd19865b-26c6-4f71-a2cb-2c7271712e2b.fc.signal	1.07429	0.928352	1.93829	1.4967	0.911365	0	1.03622	0.346025	0.517531	0.72484	1.15289	1.16086	0.0616538	0.28546	0.580397	0.359683	0.800774	1.67562	1.04854	0.77039	0.689578	0.88092	0.516782	0.94703	0.637336	0.626317	0.585928	0.384037	0.115554	0.558375	0.882971	0.500504	0.738152	0.162678	0.456311
ihec.chipseq.ihec-chipseq-containerv1.1.4.IHECRE00000242.3.60fb688a-cd94-4204-878d-aedbff00484b.fc.signal	0.265235	0.135134	0.0342807	0.377943	0.543656	0.167603	0	0	0.0836929	0.505907	0.577992	0.418899	0.431743	0.239003	0.434223	0.529643	0.530303	0.654931	0.509946	0.466698	0.459786	0.463597	0.56019	0.594261	0.429939	0.631856	0.915019	0.479575	0.517952	0.928051	1.24008	1.9365	1.6683	1.20137	0.262477
ihec.chipseq.ihec-chipseq-containerv1.1.4.IHECRE00003838.5.15c4be13-1cb6-4f0a-9012-ac7bfa4a2475.fc.signal	1.45814	1.21265	1.99883	1.0941	1.03098	0.231444	0	0	0	0.235652	0.698539	0.328229	0	0	0	0	0	0	0	0	0	0	0.23986	0.39135	0.63121	0	0	0	0	0.846346	1.54857	0.0336645	0	0	0
ihec.chipseq.ihec-chipseq-containerv1.1.4.IHECRE00003685.2.cb8ce07d-5bf2-4abf-a883-851526414fcb.fc.signal	0	0.153998	0.353105	0.582325	0.164784	0	0	0	0	0.288763	0.213434	0	0.296609	0.205586	0	0	0	0	0	0	0.0272334	0.726248	0.446205	0.46401	1.04328	0.750966	2.05803	2.22108	2.12544	1.61059	1.74452	0.787625	0.635643	1.13602	0.471286
ihec.chipseq.ihec-chipseq-containerv1.1.4.IHECRE00004604.3.044a44f4-7a76-4042-adca-64782b5c2f81.fc.signal	1.0904	0.78247	0.0592461	0	0.189643	1.85436	1.53564	0.357489	0.160356	0.871471	0.513741	0.00695587	0	1.1982	0.428387	1.78478	0.643959	1.15839	0.345158	0.548868	1.47704	0.676191	1.35913	0.100741	0	0.0082944	0.754325	0.865351	0.087822	0.454052	1.25181	1.89276	0.492822	0.875893	0
ihec.chipseq.ihec-chipseq-containerv1.1.4.IHECRE00003833.4.ec16fc35-ccb2-4f91-92dd-1cc5fac441b7.fc.signal	1.05643	1.97083	2.27315	2.33639	1.26322	0.448172	0.0104227	0	0.699603	1.04226	0.604505	0.154255	0.348114	0.954034	0.959534	1.23767	0.86924	1.49252	1.25488	1.15899	0.647425	0.608115	0.305341	0.214707	0.360622	0.624688	0.541972	0.827495	0.939141	1.53629	1.27876	1.09635	0.750915	0.580961	0
ihec.chipseq.ihec-chipseq-containerv1.1.4.IHECRE00004728.1.8beb4625-34f3-4c76-87f5-2108669b4ebf.fc.signal	0.302998	0.404197	0.041021	0	0	0	0	0	0	0.177571	0.490114	0	0.205118	1.25122	0.0364463	0.0575814	0.537886	0	0	0.0122795	0.427769	0.0373875	0.213232	0.283869	0.366101	0.426066	2.52995	0.951365	0.443908	0.284688	0	1.03274	1.77081	0.345925	0.110266
ihec.chipseq.ihec-chipseq-containerv1.1.4.IHECRE00003829.4.8d269671-1194-421c-8d53-c81f23ee5f40.fc.signal	1.02971	3.13124	0.751867	0	0	0	0	0	0	0	0	0	0	0	0	0	0.193853	1.98659	0.903275	0	0	0	0	0	0	0	0	1.73144	0.548948	0	0	0	0	0	0
ihec.chipseq.ihec-chipseq-containerv1.1.4.IHECRE00002005.1.1ff1e0cf-fe7a-4485-b51f-e180baac3300.fc.signal	0.426152	1.27882	1.30994	0.186089	0	0.247257	0.534699	0.242264	0.174281	0.107465	0	0	0.340512	0.289991	0.261786	0.397838	0.530476	0.318481	1.14455	2.09223	1.53214	0.346717	0	0.898338	0.608759	1.15949	0.827054	0.948731	0.924792	0.627263	1.14881	1.21044	1.50114	1.25323	0.445325
ihec.chipseq.ihec-chipseq-containerv1.1.4.IHECRE00003832.2.1f43525d-0a83-4caf-ad11-becd1d0bf5b9.fc.signal	0.561269	1.23143	2.00035	1.04738	1.58532	0.0867482	1.26261	1.84755	2.13596	1.83744	0.873346	0.490172	1.87173	1.31907	0.556697	0.835033	1.16178	3.55787	1.27935	1.10056	1.79306	1.19565	1.34127	1.76887	2.01091	2.09965	5.82307	3.20365	3.94916	2.71079	1.63981	3.3943	0.670055	1.36808	0
ihec.chipseq.ihec-chipseq-containerv1.1.4.IHECRE00000195.3.d7bae694-a963-49c0-91a4-12894b97ce77.fc.signal	0.649171	1.85177	0.828073	0	0	0	0	0	0	0	0.00701173	0.364275	0.314001	0.690567	0.69976	0.131197	0	0.393234	0.109383	0.357603	0.315282	0.143579	0.646962	0.100274	0	0.435192	0.548489	0.473277	0	0.663872	0.968935	0	0	0.412588	0.491329
ihec.chipseq.ihec-chipseq-containerv1.1.4.IHECRE00000734.3.6ccbc7fb-c4ab-455f-9ca2-ab402f33bf16.fc.signal	0.354042	1.21515	4.00613	4.76897	1.91266	0.845052	2.213	4.05897	3.24507	1.3433	1.24924	3.0083	1.21125	4.52672	3.9542	2.19604	2.71374	1.5887	0.965211	0.764703	1.13237	2.6366	2.55774	0.992484	0.28572	3.24504	2.14101	3.70421	4.36746	4.79757	2.76596	3.73517	4.01081	3.49813	0
ihec.chipseq.ihec-chipseq-containerv1.1.4.IHECRE00001936.1.2c3a006d-4902-4554-a0ba-f4040c3979e5.fc.signal	1.07487	0.526312	0.588106	0.510046	0.243618	0	0.241026	0.737706	0.681302	0.171312	0.277949	1.0727	0.536783	0.615138	0.281251	0.475575	0.269321	0.211185	0.481662	0.50013	0.403726	1.1182	1.33726	0.785153	0.363892	0.230259	0.720746	0.549571	0.461414	0.339466	0.893654	0.546169	0.681694	0.601302	0.405145
ihec.chipseq.ihec-chipseq-containerv1.1.4.IHECRE00004609.2.ff95f1fe-813e-4cf7-a1c8-3ae5ac2c2c17.fc.signal	1.13244	1.10388	0.300086	0.283089	0	0.199031	1.54617	1.7931	0.823624	0.520681	0.247012	0	0.145574	0.380503	0.897503	0.470923	0.396286	0.565107	0.0817451	0.696659	0.869022	0.483362	0.821076	0.527902	1.04651	0.60608	0.436553	1.01971	2.19649	1.46624	1.00061	0.77838	1.13926	0.201792	0.431034
ihec.chipseq.ihec-chipseq-containerv1.1.4.IHECRE00000972.6.cf621cfe-3687-4632-9cb9-1d96c4cbf6b0.fc.signal	0.826936	1.15433	0.264724	0	0	0.354254	2.05411	0.849408	0.018542	0.424098	0.722059	0	0.626145	0.842811	1.73734	1.19797	1.0373	1.34693	0.755126	2.94343	1.30445	1.41471	1.80407	1.36869	0.828459	0.328539	0.669813	0	0	0.439888	0.549378	0.484861	0.350427	0	0.166667
ihec.chipseq.ihec-chipseq-containerv1.1.4.IHECRE00001962.2.719bf6dc-a72b-46ff-9660-2f00ca7238e3.fc.signal	0.690859	0.731243	0.362627	0.177447	0.303629	0.038421	0.0773345	0.64697	0.151448	0.222584	0.390965	0.318919	0.230518	0.154634	0.113103	0.456437	0.5649	0.194561	0.5146	0.507761	0.411234	0.588319	0.304903	0.310177	0.723764	0.574493	0.281258	0.346832	0.0935687	0.191177	0.513161	0.545398	0.40669	0.415274	0.537815
ihec.chipseq.ihec-chipseq-containerv1.1.4.IHECRE00003837.4.b0a69b43-094d-48ec-bc60-f9af8670e969.fc.signal	0	0	0	0	0	0	0	0	0	0	0.302578	1.66695	0	0	0	1.13694	1.07503	0	0	0	0	0	0	0.0397502	1.60637	0.186444	0	0	0	0	0	0	0	0	0
ihec.chipseq.ihec-chipseq-containerv1.1.4.IHECRE00000983.7.a8cf4d02-7de5-4d62-b6f2-913c0f5454c6.fc.signal	0.627104	0.613856	0.32805	0.54298	0.05075	0	0.696005	0.260845	0	0.123713	0.819885	0.0282747	0	0.144679	0.463038	0.555561	0.683225	0.608829	0.187004	0.913871	0.388043	0.483815	0.931485	1.00143	0.446739	0.46788	0.273801	0.470631	0.760584	0.504578	0.678479	0.588461	0.885723	0.445795	0.369458
ihec.chipseq.ihec-chipseq-containerv1.1.4.IHECRE00000184.3.e49570a0-926e-4a06-8cdb-e56c6d55c91c.fc.signal	1.97577	0	0	0	0	0	0	0	0	0	0	0	0	0	1.801	0.618255	2.01605	1.3851	4.79497	2.69835	0	0.706228	2.69449	3.64065	0.876707	0	0	0	0	0	0	0	0	0	0.415512
ihec.chipseq.ihec-chipseq-containerv1.1.4.IHECRE00000129.3.b3adf3d7-6c77-4bc6-a996-7aa999aedf39.fc.signal	0.653442	0.335328	0.0207507	1.16058	0.246118	0	0.927044	2.10841	0.68913	0.828597	1.27683	0.684483	1.003	1.16172	2.01235	1.75461	0.639907	0	1.09933	0.418401	0	0	0.653976	0.93416	1.27691	2.54847	3.40531	2.69754	1.55147	1.6172	1.07219	0	0.877772	0.402529	0.657658
ihec.chipseq.ihec-chipseq-containerv1.1.4.IHECRE00000270.2.43754eb9-4d4f-4ac8-9c98-cfd7436168c7.fc.signal	0	0	0	0	0	0	0	0	0	0	0	0	0	0	0.0394909	2.32624	0	0	0	3.55303	2.09302	0.638289	2.19175	0	0	1.086	4.51898	0	0	0	0	1.787	2.39906	0.608972	0.5
ihec.chipseq.ihec-chipseq-containerv1.1.4.IHECRE00000053.3.19ff4aa6-fb54-46a9-9e6d-d838602855e5.fc.signal	0.152542	1.25695	0.836657	1.01844	1.05202	0.464424	1.06877	0.512106	0	0	0	0	0	0	1.21428	1.16391	0.727411	0	0	0	0.399154	0.397727	1.9413	0.638005	1.02333	0.997233	0.638852	0	0	0.511553	2.6695	1.93711	1.32171	0.7364	0.503704
ihec.chipseq.ihec-chipseq-containerv1.1.4.IHECRE00003805.1.f408b983-67f5-4319-bdfc-18075038ed07.fc.signal	0.725859	1.5386	2.51712	2.44771	1.25442	1.27837	1.09665	0.592176	0.270737	0.343137	0.325459	0.676129	1.13091	2.45538	3.82814	4.01296	1.59083	0.666817	1.96851	2.02627	0.755384	0.686014	0.736737	0.98235	1.59519	1.707	0.986329	1.19056	3.65976	3.44909	2.29948	2.8507	2.34115	2.43862	0.0679612
ihec.chipseq.ihec-chipseq-containerv1.1.4.IHECRE00003819.1.15862055-4b77-42a2-9c80-a7361014730f.fc.signal	0.843646	0.861422	0.745503	0.770637	1.31657	0.974976	0.473714	1.09826	1.21472	0.824941	0.646013	0.321947	0.696535	0.894063	1.11175	0.790119	0.40121	1.18604	2.06227	1.63422	1.22592	1.97552	1.91701	1.52064	2.66678	3.14841	1.85828	1.06919	1.78247	1.74251	1.89481	2.31398	2.31115	2.24572	0.52
ihec.chipseq.ihec-chipseq-containerv1.1.4.IHECRE00003812.1.155d6bcb-5d5c-4947-89c2-c75cf0a7e99d.fc.signal	1.3617	1.06247	0.744016	0.378846	0.0274229	0.188533	0.428769	0.95552	0.641879	0.359687	0.583934	0.143388	0.419506	0.399812	0.64016	1.22915	0.677136	0.674522	0.34127	1.41158	0.434863	0.520963	1.23914	1.26748	1.62821	1.29428	1.0312	0.945703	1.51413	3.43958	1.57188	0.331881	0.945737	0.929009	0.71517
ihec.chipseq.ihec-chipseq-containerv1.1.4.IHECRE00003715.2.e8a2a442-a331-474b-9c0f-ad5c0953942a.fc.signal	1.39479	1.19572	1.02556	0.574204	0.287807	0.736448	0.819266	0.565266	0.720137	0.465239	0.111453	0.615108	0.711053	0.678574	1.5547	0.867378	0.821354	1.16868	0.988418	0.953497	0.592771	0.796778	0.833756	1.01105	1.05771	1.10912	1.00194	0.473048	0.85713	1.44254	1.56735	1.64517	1.13459	0.703981	0.648746
ihec.chipseq.ihec-chipseq-containerv1.1.4.IHECRE00001904.1.30aebd5d-55b8-4958-834c-27c8c0a165bb.fc.signal	0	0	0.359847	0.98318	0.225739	0	0	0.15391	0.82195	0.61537	0.0274595	0.568264	0.201306	0.0773055	0.317378	0.0626853	0.472739	0.591821	0.922604	0.621617	0.343308	0.323412	0.256441	0	0	0	0.37576	0.220411	0	0	0	0.568943	2.30429	0.78558	0.704741
ihec.chipseq.ihec-chipseq-containerv1.1.4.IHECRE00003826.4.93a8f270-5d77-4704-ada1-4b6b1a7c8853.fc.signal	0	0	0	3.17259	3.16006	2.91378	1.20142	0.200374	1.89938	1.2106	0	0	0.748066	3.00562	2.56522	2.04542	1.74329	2.02879	1.30661	1.99395	0.350812	0.613647	0.245749	0.309546	0.313085	3.81129	4.23288	1.66144	0.12106	1.13128	0.141932	1.11041	4.65446	2.25302	0.156085
ihec.chipseq.ihec-chipseq-containerv1.1.4.IHECRE00003396.1.f283c7ad-e125-498d-831d-e15ed9c8164f.fc.signal	0.867318	0.39887	1.5534	0.40003	0.597378	1.94669	1.43868	0.226569	0.106675	0.80006	0.080006	0.309671	1.1995	1.17895	1.17609	0.847993	0.0946461	0.112008	1.43999	1.60531	0.789355	0	0	0	0	0.779129	0.683235	0	0	0.271161	1.59419	0.0906675	0.773391	0.615837	0.463731
ihec.chipseq.ihec-chipseq-containerv1.1.4.IHECRE00000279.2.cf6e92c8-e3ec-4439-b44a-88a19fe6bafe.fc.signal	1.28012	1.21863	0.55542	0.089904	0.584376	0.67428	0	0	0.67428	0	0.85705	0.708688	0.259723	2.38727	2.66477	2.61407	2.30004	2.35477	2.61593	1.97083	2.24464	1.40801	1.58523	1.49841	0.984181	2.46624	0.900949	1.70412	1.4957	3.18995	0.695743	1.43448	0.0758327	2.44347	0.394737
ihec.chipseq.ihec-chipseq-containerv1.1.4.IHECRE00003730.1.3f439d72-e3f6-44c0-a502-169344c6ad35.fc.signal	1.03122	0.783129	1.46793	0.111173	0	0.633371	0.350273	0.268703	1.43482	0.287896	1.11805	1.65074	0.604582	0.537406	0.447839	1.93598	1.05088	1.63635	1.27645	1.69393	1.47776	1.02691	0.716644	0.18842	0.422881	1.66994	1.48168	0.205086	0.638169	1.38845	0.861961	0.440563	0.487119	0.583472	0.608974
ihec.chipseq.ihec-chipseq-containerv1.1.4.IHECRE00000244.3.992f6d96-d5b2-437a-bccb-03e66d23c6c3.fc.signal	0.0729665	0.0833693	0.0520328	0.161604	0.130471	0.040075	0	0.103825	0.375056	0.254747	0.0185821	0	0.0670205	0.486318	0.394409	0.0498912	0.0760513	0.158184	0.200329	0.201475	0.173838	0.183224	0.201696	0.169155	0.0988169	0.197388	0.297557	0.271293	0.240947	0.184957	0.199816	0.212792	0.174899	0.276471	0.328358
ihec.chipseq.ihec-chipseq-containerv1.1.4.IHECRE00003694.3.61c30d06-38bd-4873-b3e9-1676bf3449d1.fc.signal	0.0843128	0.264619	0.558215	0.0728483	0	0.142314	0.0562949	0.398128	0.420426	0.333439	0.702978	0.0641349	0.222648	0.345646	0.434212	0.530428	0.453072	0.703698	0.666543	0.93017	0.873004	2.63208	3.91479	7.45611	4.91547	3.52692	8.53347	9.87124	8.78733	8.55909	5.38817	5.87896	5.65585	4.42557	0.573067
ihec.chipseq.ihec-chipseq-containerv1.1.4.IHECRE00001915.1.f5573e79-d80d-470a-8d12-22719ef4a51e.fc.signal	2.23465	0.425812	0.276638	0	0	0	0	0.461671	2.70695	0.15263	0.259528	0.799296	1.79687	2.42355	0.105108	0.693683	0.0590031	0.83002	0.535993	0.199226	0.257998	0.131051	0.970517	1.2854	1.09185	0.40233	0.521829	0.725502	0.635194	0.297507	0.0542741	0.347983	0.47288	1.62988	0.220264
ihec.chipseq.ihec-chipseq-containerv1.1.4.IHECRE00001966.2.f603ad07-1fa1-4eda-9e31-ea07130b3846.fc.signal	1.05126	0	0.0195493	0.987796	0.11014	0	0.534013	0.54891	0.479614	0.0600768	0.215443	0.190362	0	0	0.710277	0.937798	0.771673	0.752791	0.160205	0.407305	0.278183	2.05274	0.757168	0.327521	0.624733	0.729796	0.448989	0.710656	1.40013	2.57606	0.801789	1.1299	2.00254	3.19471	0.610317
ihec.chipseq.ihec-chipseq-containerv1.1.4.IHECRE00003843.4.c2c52d4b-c9da-43f3-925f-8359bbb97ee0.fc.signal	0	0	0	0	0	5.59848	9.3745	5.9376	0	0	0	0	0	0	2.51641	3.09199	0.18164	0	0	0	0	0	0	0	0	0	0	0	0	0	0	0	0	0	0
ihec.chipseq.ihec-chipseq-containerv1.1.4.IHECRE00003398.1.f0bdf12d-8bcf-4989-949c-4d32dbd60ffe.fc.signal	0.48939	0.887518	0.0960083	0.151462	0.635511	0.479102	0.773934	0	0	0	0	0	0	0	0.597035	1.82069	1.50556	0.820573	0.481061	0.985802	0.349946	0	0.415216	1.14285	1.00243	0.508585	1.04665	0.206382	0	0	0	0	0	0	0.652605
ihec.chipseq.ihec-chipseq-containerv1.1.4.IHECRE00000013.3.21204e63-5580-42b6-aaaf-3888daa8192c.fc.signal	1.50055	1.41835	0.940522	0	0	0	0	0	0.122822	1.10227	0.254986	1.95027	0.254334	0.735651	1.74959	1.75042	0.870853	0	0	0.169219	0.892266	2.80415	1.7359	0	0	0	0.808159	0.530338	2.33934	1.819	2.2568	0.609648	0.401013	0	0.410494
ihec.chipseq.ihec-chipseq-containerv1.1.4.IHECRE00003827.1.2bef3df7-5fcc-4d31-9411-95e1295b79d5.fc.signal	0.778675	0.864195	1.01692	0.455361	0.77606	0.257418	0.690516	0.516297	0.0870511	0.582527	1.49182	0.246692	0.800494	0.276025	0.242965	0.427576	0.35962	0	0.0765965	0.671558	0.23614	0.822645	0.504906	0.863206	1.21078	0.870784	1.55032	1.38165	1.58147	1.62483	0.634845	0.57234	0.876539	0.352623	0.0085592
ihec.chipseq.ihec-chipseq-containerv1.1.4.IHECRE00000147.3.e9b176a3-5494-49ee-8d08-7a11a1b815ff.fc.signal	1.35906	0.917658	0	0	0	0	0.383981	1.74516	6.28164	1.47211	0	0	0	0	2.58699	2.72522	2.3453	1.1031	5.45318	0.463998	0	2.60176	2.54046	0.404649	2.10199	1.07101	3.88715	1.392	2.19176	1.16312	0.660109	2.0455	2.18578	1.35792	0.255814
ihec.chipseq.ihec-chipseq-containerv1.1.4.IHECRE00003404.1.0fdae11f-7f58-4d45-8594-d429c2e066c7.fc.signal	1.33786	0.745844	0.0854243	0	0.391008	0.498187	0.712897	0.0895195	0	0.891065	0.485784	0	0.431956	1.00313	0.828817	0.524191	0.532666	1.00767	0.720923	0.434227	0.640804	1.05827	0.256734	0.209031	1.23535	0.813713	0	0.203763	1.13186	2.69726	1.16195	0.55227	0.784988	0.573836	0.621701
ihec.chipseq.ihec-chipseq-containerv1.1.4.IHECRE00003401.1.04bbdaed-a320-4540-aa2d-1d676d505c81.fc.signal	0.480719	0.266118	1.20676	1.27588	0	0.14947	0.80073	0.11744	0	0.955577	1.11238	0.992552	1.94857	0.186837	0	0	0	0.591109	1.05167	1.22786	0.186837	0	0	0.197513	0.80073	0.0693966	0.560511	0.507129	0.731333	0.464423	0.881672	1.25857	0.040654	0	0.686747
ihec.chipseq.ihec-chipseq-containerv1.1.4.IHECRE00004607.2.654f15ab-b67f-4220-9161-30be6d438771.fc.signal	1.68105	0.442207	0.633247	0	0	0	0.578544	0.212208	0.586084	1.0661	1.33138	0.0151548	0.257656	0.50019	0	0	0.0530418	0.340983	0.949887	0.550719	0.881648	0.381455	1.59158	1.02566	0.634097	0.658071	0.675494	0.249006	0.014415	0.463765	0.307068	0.970394	0.496539	0.335057	0.435976
ihec.chipseq.ihec-chipseq-containerv1.1.4.IHECRE00001964.2.194197dc-d3ad-4faf-839a-1e28c390e1c7.fc.signal	1.83052	0.3501	0.791621	0.925977	0.45808	0	0.82152	1.45263	0.180571	0	0	0	0	0	0	0	0	0.0638795	0.624141	0.992	0.791226	0.106485	1.11343	0.898616	0.355302	0.888029	0.560405	0	0.635069	1.04801	0.689041	0.114772	0	0	0.725253
ihec.chipseq.ihec-chipseq-containerv1.1.4.IHECRE00004618.1.40df65f6-ad48-44fa-bfba-39b465419c5e.fc.signal	0.15824	0.800865	0.183147	0	0	0	1.10062	1.10302	0.542428	0.909832	0.700811	0	0	0.359493	1.09327	0.660388	0.413351	0.640707	0.433365	0.560748	0.402582	0.714246	0.188335	0.229788	1.31335	0.648147	0.56258	0.454886	0.243131	0.927189	0.883779	0.241163	0.258125	0.24463	0.300128
ihec.chipseq.ihec-chipseq-containerv1.1.4.IHECRE00001008.4.a169f921-cefd-41e3-aba6-62149b95f327.fc.signal	0.755961	0.686391	0.831826	1.36151	0.411249	0.715599	0.394123	0.269663	0.408346	0.385881	0	0.0732492	0.148075	0.4598	0.690185	1.01844	0.632407	0.673119	0.36144	1.02036	1.15511	0.982496	1.02508	0.956807	1.12272	1.68861	1.16277	0.595835	0.106451	0.767495	2.00485	0.417711	1.2036	1.08246	0.617514
ihec.chipseq.ihec-chipseq-containerv1.1.4.IHECRE00000238.3.b63d6dc1-6fc0-4b8d-9bff-172e3f638785.fc.signal	0.117334	0.0133599	0.275667	0.619935	0.18466	0.211314	0.225089	0.147636	0.294834	0.0363447	0	0.503668	0.877853	0.149532	0.214292	0.431379	0.496636	0.156468	0.217367	0.162596	0.161582	0.0983701	0.0165257	0.146683	0.135357	0.133579	0.196501	0.0782683	0.0183377	0.234004	0.338754	0.189294	0.183779	0.0397581	0.236203
ihec.chipseq.ihec-chipseq-containerv1.1.4.IHECRE00000243.3.6e43a1d4-827b-4226-ab35-bcd9e4427ba9.fc.signal	0.129	0.20734	0.168368	0.0956585	0.205428	0.375412	0.729126	0.680993	0.710735	0.849299	0.320552	0.14626	0.484671	0.487341	0.261394	0.222795	0.099443	0.0886553	0.0886101	0.152158	0.211097	0.403973	0.475719	0.630016	0.672952	0.703005	0.6562	0.48608	0.393798	0.232521	0.592409	0.74667	0.645762	0.487674	0.309048
ihec.chipseq.ihec-chipseq-containerv1.1.4.IHECRE00003804.1.99f64bff-6a7f-4116-8a49-8ea2121e3dc6.fc.signal	1.30009	1.10368	0.385134	0.1901	0.338065	0.224916	0.279769	0.12848	0.276772	0.0720631	0.188297	0.421895	0.308322	0.624931	1.46119	1.63307	0.289557	0.32685	1.26776	0.564621	0.215654	0.311438	1.03841	0.74938	0.440359	0.925911	1.41973	0.765933	0.780189	1.07573	1.00498	1.69853	0.834212	0.519468	0.414815
ihec.chipseq.ihec-chipseq-containerv1.1.4.IHECRE00001973.1.61dbfaab-48a0-49aa-b249-2516c02981de.fc.signal	0.896296	1.28157	0.353765	0.173511	0.664818	0.289751	0	0	0	1.06814	0.570019	0	0	0.207597	0.0859296	1.05041	1.31586	0.347063	0.577864	1.66299	2.61094	1.42122	0	0	0.141192	0.471664	0	0.41021	0.111545	1.22025	1.7902	0.572755	0	0.0921845	0.461444
ihec.chipseq.ihec-chipseq-containerv1.1.4.IHECRE00000775.1.672aeb75-b003-40bb-88b0-79458561e736.fc.signal	2.47035	0.726179	0.50232	0.951782	0.983739	0.0525519	0.453745	1.14407	1.11113	1.79793	1.27793	0.269793	2.03586	1.03535	0.75324	1.90338	1.58206	0.681868	0.257545	1.41036	1.58451	0.363005	0.659087	1.0449	1.93773	0.966415	1.40097	1.76322	1.24565	0.088284	2.47002	1.4365	1.16702	1.93176	0.362245
ihec.chipseq.ihec-chipseq-containerv1.1.4.IHECRE00001959.2.a16168d3-492b-4fa9-9ed9-f6132409aea8.fc.signal	0.44947	1.31492	1.22346	1.51351	0.525354	0	0	0	0	0	0.951247	0.469873	0	0.511102	0.059	0.339555	0.778709	0.4127	0.41432	0.700486	0.35613	0.183376	0.334876	2.20765	1.75393	2.87327	3.13171	0.923458	0.145463	0.314976	0.112452	0	0.0848253	0.6405	0.67451
ihec.chipseq.ihec-chipseq-containerv1.1.4.IHECRE00003678.3.651f7635-fa04-4a73-ad9d-b88c234511f0.fc.signal	0.0826545	0.775481	0.335167	0.884907	0.951047	0.34627	0.456831	0.0630442	0	0	0	0	0	0	0	0	0	0.509697	0.221918	0	0.669709	0.009754	0.166027	0.19018	0.343559	1.06949	1.25181	0.102121	1.07695	0.329888	0.0893739	1.09921	1.03753	1.49131	0.483013
ihec.chipseq.ihec-chipseq-containerv1.1.4.IHECRE00000240.3.8f250bd6-ace7-4938-8056-c658c54331a9.fc.signal	0.358652	0.232583	0.175072	0.342563	0.0689913	0.366137	0.409059	0.418963	0.299581	0.44532	0.0119909	0.287083	0.510386	0.421523	0.488985	0.346066	0.0881095	0.271636	0.314631	0.248029	0.465514	0.552241	0.446278	0.895367	0.777979	0.506262	0.236033	0.205875	0.345665	0.4581	0.204619	0.275246	0.356145	0.301684	0.435666
ihec.chipseq.ihec-chipseq-containerv1.1.4.IHECRE00002067.1.986e393c-de82-4afc-818b-4cc2a632dc28.fc.signal	1.4885	0.838951	0.978181	0.696038	0.216125	0.450565	0.586112	0.318693	1.44708	1.80615	0.135555	0	0.48336	0.372298	1.04942	1.68882	0.508842	0.703366	0.692374	0.413934	0.666724	0.707556	0.650285	1.37457	0.646771	0.504143	0.859998	0.168148	0.399982	0.768291	1.19098	0.934933	0	0.0180654	0.521265
ihec.chipseq.ihec-chipseq-containerv1.1.4.IHECRE00003677.3.486b8afb-6747-4d4a-93ee-788cf88097fc.fc.signal	0.225536	0.262332	0.506779	0.134288	0	0	0	0	0.143559	0.24119	0.237259	0	0	0	0.233369	0.899405	0.0699781	0.305515	0.010535	0.183383	0.0571025	0.0759815	0.131362	0.229793	0.00172693	0.418317	0.0948768	0.093915	0.635206	0.56612	0.353582	0.197275	0.0484291	0.0446992	0.727034
ihec.chipseq.ihec-chipseq-containerv1.1.4.IHECRE00001021.4.fe2297ab-7a22-4ba1-b2e8-9748d9ff6f48.fc.signal	0.308638	0.697577	0.487835	0	0.573465	0.498832	0.755277	0.289899	0.239819	0.45234	0	0	0	0	0	0.419157	0.133076	0.0982941	0.449759	0.416145	0.690698	0.440976	0.504825	0.532534	0.0399526	0.726517	0.386687	1.29831	0.557283	0.741176	0.434584	0.586549	0.867155	0.152073	0.596583
ihec.chipseq.ihec-chipseq-containerv1.1.4.IHECRE00000992.7.d770a09a-2cad-4524-8aaf-69b927e47c59.fc.signal	1.85022	2.19457	0.815147	0.618025	0.274734	0.252358	1.17996	1.54733	0.618251	0.402572	0.981011	0.246736	0.620354	0.641232	1.10951	0.372921	0.768961	0.43344	0.914488	1.20227	1.31307	0.690876	0.427859	1.15969	0.889071	1.2375	1.34553	1.04436	0.593837	1.05337	1.64048	0.355295	0.732086	0.859068	0.378545
ihec.chipseq.ihec-chipseq-containerv1.1.4.IHECRE00001900.1.eba0146b-fc0a-4798-98b6-8f831ec2d14a.fc.signal	0.62757	0.520507	0.471893	0.713761	0.0507859	0	0	0	0.287051	0.460386	0.33938	0.381037	0.548598	1.00202	0.669005	0.342522	0.773299	0.701997	0.922381	0.540105	0.413087	0.207883	0.302269	0.208904	0.33155	0.312087	0.971748	1.18264	1.64955	1.03957	0.85981	0.680003	0.759917	0.611747	0.629442
ihec.chipseq.ihec-chipseq-containerv1.1.4.IHECRE00000666.1.82a0e928-74cd-4da1-b128-7df88bbdd398.fc.signal	0.895363	1.42463	1.37429	0.745393	0.315661	0.197103	1.48369	2.33931	2.76805	2.50504	2.45958	2.20246	1.77092	1.95793	2.27367	0.716349	2.20168	5.31021	1.8961	1.19618	1.84714	1.59923	2.11119	4.25495	2.66886	2.97145	1.75907	2.04541	3.71615	3.06595	1.25099	1.75859	2.53834	2.6457	0
ihec.chipseq.ihec-chipseq-containerv1.1.4.IHECRE00000001.4.8e4a8d6c-26e0-4b8d-aa08-7875973212d4.fc.signal	0	0.254774	0.622182	0.257584	0.864782	0.428403	0	0	0	0.669578	0.795288	0.0479845	0.660605	1.27085	0.98079	0.639073	0.443549	0	0.292942	0.222047	0	0.188318	0.233182	0.268845	0.266175	0.616608	0.530741	0.981714	0.994351	0.559589	0.949365	1.04102	1.14065	0.655934	0.391304
ihec.chipseq.ihec-chipseq-containerv1.1.4.IHECRE00000867.3.bf8314bb-e0a5-4e88-aa06-5fe1c397e2c6.fc.signal	1.98853	2.90589	1.76567	4.1958	0.197253	0	1.1622	2.59105	2.73373	0.990107	1.44233	1.67918	3.24149	6.32485	3.8828	4.01833	6.02443	2.13787	0	0.0586429	3.16681	4.44261	1.54955	0.927623	1.14087	3.57736	2.97492	1.83392	4.13183	1.54073	2.30845	0.757027	3.17218	2.69804	0
ihec.chipseq.ihec-chipseq-containerv1.1.4.IHECRE00001955.3.e3f14527-a39d-40b4-9738-20c86afa593c.fc.signal	0.657741	0.523556	0.546039	0.603052	0.966772	0.693525	1.45449	1.1296	0.278443	0.364248	0.602473	0.481187	0.29505	0.745203	1.54361	0.687006	0.410663	0.520576	0.791254	1.07533	0.782829	0.574477	0.525403	0.627895	0.245682	0.450704	1.0343	0.820007	0.447271	0.638853	0.650956	0.381177	1.19373	0.736056	0.686047
ihec.chipseq.ihec-chipseq-containerv1.1.4.IHECRE00000260.2.dd35c871-2bf4-4723-8cec-a51879108a65.fc.signal	1.68587	3.16148	0.239113	0	0	0	0	0	0	0	0	0.187874	4.37235	3.24885	0	0	1.38011	2.96237	2.29006	5.89242	2.33989	0	0	0	1.21264	2.62979	0.547114	0	0	0	3.46816	4.3718	3.11708	0	0.610811
ihec.chipseq.ihec-chipseq-containerv1.1.4.IHECRE00001025.7.9c7e2dd7-abf1-40e7-80a7-163dc7b3844f.fc.signal	1.57481	1.25709	1.12544	0.633981	0.220395	0.341077	0.741868	1.0341	0.523712	0.326507	0.870177	0	0	0.441955	0.54704	0.497025	0.824217	0.738175	0.531918	0.903668	0.484492	0.737447	0.976123	0.226009	0.877507	1.30711	0.540844	0.676019	1.22212	1.51507	0.778421	0.794613	0.52862	1.37888	0.311828
ihec.chipseq.ihec-chipseq-containerv1.1.4.IHECRE00001903.1.a4b839f4-cb72-4000-8141-3e889aede665.fc.signal	0.715066	0.0896403	0.502087	0.412936	0.17753	0.130811	0.239034	0.468109	1.10783	0.675114	0.285599	0.604429	0.49368	0.487234	0.0300493	0	0.305487	0.545135	1.05243	0.621175	0.0365127	0.259722	0.0279021	0	0.478166	1.59043	1.33001	0.361123	0.942474	1.50245	0.390294	0.612852	0.846493	0.47165	0.746753
ihec.chipseq.ihec-chipseq-containerv1.1.4.IHECRE00000236.3.2c1c8672-6452-4ab8-881a-a766bd324041.fc.signal	0.940382	1.0039	1.01538	0.620347	0.209324	0.32121	0.494586	0.519514	0.916365	0.853951	0.518416	0.308384	0.219144	0.48953	0.901869	0.955534	0.972177	0.945577	1.10757	1.43276	1.21803	0.864424	0.911552	0.988331	0.726527	0.907038	1.42462	1.8819	2.16435	1.43398	1.06583	0.988881	0.953476	0.951827	0.318182
ihec.chipseq.ihec-chipseq-containerv1.1.4.IHECRE00000882.3.99d1607d-4a89-46a3-95ed-97767dd51f51.fc.signal	2.45154	2.58916	2.63216	3.74178	2.78699	0	0	0.784557	2.18293	2.2021	0.129034	1.17645	0.0388243	0.0854135	2.35824	3.7431	2.15907	2.18487	2.61494	2.48598	2.34831	1.45376	2.04727	3.27731	1.80641	5.53099	5.48796	6.15894	6.72666	6.92452	3.79341	1.9925	3.74718	2.77433	0.286385
ihec.chipseq.ihec-chipseq-containerv1.1.4.IHECRE00002065.1.b81732b7-0852-42a0-916a-8784920a02a3.fc.signal	1.86091	1.07284	0.592564	0.717625	1.26817	0.067703	0.599318	0.583551	0.095065	0	0	0.573758	1.85045	1.47338	1.95901	0.385062	0.103932	1.35393	1.13143	0.760117	0.817018	0.0361253	0	0.293471	0.986754	1.20816	0.356093	0.357077	0.800982	1.63315	1.50201	0.942099	0.592939	0.517081	0.526389
ihec.chipseq.ihec-chipseq-containerv1.1.4.IHECRE00003813.1.0652445e-a604-4bf6-a647-b7142178f30a.fc.signal	1.56384	1.9468	0.904654	0.0865583	0.1778	0.419731	1.02796	0.808652	1.10414	0.341439	0.45885	0.267959	0.176675	0.868007	0.707859	0.876839	1.39583	0.266071	0.378092	0.84421	0.833503	0.780142	0.368724	1.11094	3.02338	1.50341	0.915576	0.876094	1.4132	2.04079	1.37855	1.9364	2.90363	3.59515	0.538462
ihec.chipseq.ihec-chipseq-containerv1.1.4.IHECRE00001306.1.0ec52f8d-9c86-4f23-89de-b9919d031a2d.fc.signal	1.19971	2.71607	1.76223	0	0	1.84677	1.05019	0.0707815	1.17298	2.8324	1.97039	1.03818	0	0	0	3.68272	1.89787	0.448573	1.28089	0.437154	0.659165	1.92522	2.83593	0.899281	0.594915	2.66037	1.19187	2.30907	4.96277	3.55557	3.02365	1.64106	1.2054	0.773259	0.571429
ihec.chipseq.ihec-chipseq-containerv1.1.4.IHECRE00000235.3.077c5772-92ce-4a32-a06f-48c1b9a6f571.fc.signal	0.91484	0.521894	0.531079	0.611668	0.593118	0.403674	0.2112	0.148295	1.13238	1.95389	0.725361	0.175148	0.711406	0.855322	0.560037	0.214278	0.24761	0.559832	0.867911	0.822953	0.845016	1.13378	0.962749	0.96092	1.22975	1.4633	1.39136	1.3263	1.65601	2.1498	2.43805	2.63957	1.75811	2.30607	0.141975
ihec.chipseq.ihec-chipseq-containerv1.1.4.IHECRE00000233.3.c81f88e2-7199-4952-a0ac-fbf221a68e22.fc.signal	1.16105	1.24429	0.347389	0.154874	0.2394	0.242957	0.0475257	0	0.182456	0.992791	1.24429	0.824931	0.998262	0.644413	0.544717	0.499789	0.814107	0.992307	0.712722	0.598052	0.74722	0.681396	0.907803	1.03992	1.42575	1.6756	1.32242	0.775165	1.16102	1.68757	1.31636	1.20684	1.07171	1.21884	0.0679315
ihec.chipseq.ihec-chipseq-containerv1.1.4.IHECRE00000230.3.93bed2a7-7118-417a-9bcf-494520ff91da.fc.signal	1.15229	0.886989	0.878281	0.973507	0.5155	0.390161	0.430595	0.708366	1.39762	1.03923	0.374677	0.0582546	0.113983	0.277069	0.702266	0.739087	0.244581	0.196226	0.450884	0.664023	0.595694	0.448245	0.458817	0.739852	1.25729	1.27719	1.17914	1.45028	1.48776	1.63238	1.54177	0.792384	0.467518	0.490853	0.161687
ihec.chipseq.ihec-chipseq-containerv1.1.4.IHECRE00001888.4.5d335139-80db-490f-af5c-5cf1e8a1a3de.fc.signal	2.05022	3.95038	2.39399	2.12159	0.856407	0	0.677815	0.255568	0	0	0	0	0	0	0	0	0	0	0	0	0	0.0034348	1.08367	0.819605	0.069149	0.330167	0.293521	0.614951	1.34036	0.718186	0.0817698	0	0	0	0.0813187
ihec.chipseq.ihec-chipseq-containerv1.1.4.IHECRE00000953.7.d1230a6c-251f-4531-9280-d78355c8285e.fc.signal	0.316224	0	0	0	0	0	0.219742	1.44449	0.12458	0.305305	0.529794	0.438423	1.04227	0.166274	0	0.221219	0.712172	0.116674	0.009867	0.488777	0.0927703	0	0.0390991	0.494941	0.435733	0.212922	0.515328	0.836732	1.01006	0.182194	0.425845	0.250777	0.926075	0.0450611	0.28972
ihec.chipseq.ihec-chipseq-containerv1.1.4.IHECRE00003803.1.d5373538-03e5-4aea-a61c-f80d029c4d74.fc.signal	0.332457	0.333319	1.46566	0.585999	0	0	0	0	0.591997	1.26419	0.17881	0	0.884927	2.98164	0.203492	0.466469	1.49564	1.40438	0.207288	1.65204	2.33413	1.74518	2.34337	0	0	0.268159	1.33378	0.0795505	0	0.0506592	1.1314	1.22011	0.478345	0	0.590588
ihec.chipseq.ihec-chipseq-containerv1.1.4.IHECRE00000225.3.d3516206-786f-4b11-864f-1792d77e2a36.fc.signal	0.274828	0.59867	0.967069	0.623697	0.267558	0.363266	0.578359	0.279717	0.156625	0.518737	0.281481	0.129703	0.263197	0.127715	0.161398	0.0810945	0.150249	0.198736	0.303891	0.314717	0.0997137	0.0697263	0.117422	0.181711	0.119327	0.130012	0.165908	0.297952	0.387297	0.204822	0.170378	0.191629	0.194238	0.366018	0.682008
ihec.chipseq.ihec-chipseq-containerv1.1.4.IHECRE00004616.1.bdf8440d-f4c1-4471-9c29-b1cf45563873.fc.signal	0.0440368	0.446051	0.435867	1.40907	1.06896	0	0.601687	0.314576	0	0.439738	0.784923	0.607769	0.62309	1.4904	1.55144	0.427595	0.483567	0.0702359	0.427523	1.38195	0.542068	0	0	0	0	0.744724	0.892949	1.04094	1.01736	0.881599	1.31423	0.743721	1.50942	0.276741	0
ihec.chipseq.ihec-chipseq-containerv1.1.4.IHECRE00004608.1.6d8749d8-24c7-4e6d-8992-3543e47f35de.fc.signal	1.0984	1.05722	0.893257	0.842835	0.325994	0.039899	0.927072	0.089186	0	0	0.321896	0.380214	0.734614	0.622432	0.563757	0.467055	0.04694	0.434124	0.251764	0.504861	0.335408	0.514248	0.344131	0.514026	0	0	1.09431	1.31219	1.14587	1.25969	0.23321	0.389842	0.282361	0.497035	0.454798
ihec.chipseq.ihec-chipseq-containerv1.1.4.IHECRE00000980.8.339aed23-3831-43ff-b152-c5545f91df38.fc.signal	0	0	0	1.41516	0.416562	0	0.920081	0.0978624	0	0	0	0	0	0	0.870554	0.539131	0.0475578	0.35374	0.508676	0.698231	0.700431	1.6013	0.929934	2.18495	1.23206	0.467723	1.19372	0.346356	0.0517841	1.13822	0.0568533	0	0	0.479124	0.27957
ihec.chipseq.ihec-chipseq-containerv1.1.4.IHECRE00000059.3.7a04d905-73a0-4079-9968-67c3833836fc.fc.signal	0	0	0	0	0	0	0.0134056	1.84533	2.45913	0.309365	0.590115	0.317549	0	0	0.473867	1.55582	0.0193356	0.414737	0.397665	0	0	0.0307827	2.10015	0.862156	0	0	0	0	0	0	0	0	0	0	0.677741
ihec.chipseq.ihec-chipseq-containerv1.1.4.IHECRE00003691.3.e70a956a-e876-473f-ae67-333f104e486a.fc.signal	0	0.324912	0.148258	0	0	0	0.0630667	0.367463	0.04257	0.375389	0.0977905	0	0	0	0.0220733	0.302212	0.0411385	0.380905	0.0227374	0.494218	0.386041	0.50471	0.230573	0.472868	0.857753	1.67206	4.47955	5.6497	6.01886	1.63903	1.79377	3.00571	4.32621	2.2036	0.167399
ihec.chipseq.ihec-chipseq-containerv1.1.4.IHECRE00003810.1.c695043f-867f-4d87-b518-a1edfe717a8b.fc.signal	0.684358	0.9872	1.27115	1.01398	0.0892828	0	0.337886	1.00008	0.779361	0.627765	0.373438	0.623917	0.972371	0.587245	0.650373	1.44857	1.00655	1.67442	1.84129	0.688728	1.28723	0.986414	0.981666	1.11333	1.16625	2.27327	2.07489	1.00113	2.03821	2.1112	1.65267	1.7681	1.37491	1.76237	0.654596
ihec.chipseq.ihec-chipseq-containerv1.1.4.IHECRE00004681.3.c6a7774b-6eaf-490c-a1c8-9eecf570b062.fc.signal	1.08775	0.836027	0.209488	0	0.334817	0.193451	0.307395	0.52458	0.228901	0.452908	0.517026	0.239322	0	0	0.0347541	0.560574	0.344474	0.638661	0.449449	0.161452	0.32272	0.883248	1.13111	0.654019	1.10691	0.781733	0.650662	0.372104	0.106591	0.70141	1.29303	0.97045	0.389562	0.0141193	0.375
ihec.chipseq.ihec-chipseq-containerv1.1.4.IHECRE00000099.3.e8d8915f-2a7b-434d-ae6f-f1c573d41250.fc.signal	0	1.21786	0.730051	0	0	0	0	0	0	0	0.398212	1.29676	2.69	1.16389	2.8077	5.72989	1.64625	1.47653	1.13122	0	0	1.59533	1.28984	0.419926	0.981218	0.501027	1.33536	0	0	0.683871	1.37531	0	0	0	0.424623
ihec.chipseq.ihec-chipseq-containerv1.1.4.IHECRE00003817.1.49aa2390-1029-4804-9d85-ae2b9507e615.fc.signal	0.899379	0.924414	0.456228	0.0107359	0	0.155894	0.236284	0.0776344	0.0927213	0.358936	0.614254	0.438074	0.13933	0.280213	0.173714	0.287221	0.542335	0.303272	0.146434	0.273527	0.120878	0.516492	0.552566	1.18758	1.68086	0.82236	1.04147	1.43899	1.82025	1.20499	0.773578	1.00175	1.97379	1.7828	0.596447
ihec.chipseq.ihec-chipseq-containerv1.1.4.IHECRE00001907.1.87217a77-af17-4375-b2cb-d5433d7630b0.fc.signal	0.398912	0.751246	0.392631	0.261664	0.202454	0	0.361134	0.305985	0.485954	0	0.399541	0.261338	0.177454	0.144486	0.171179	0.057158	0.18961	0.319966	0.503696	0.341634	0.390293	0.30593	0.719405	0.521268	0.65801	1.17584	1.24774	0.228298	0.225516	0.0989681	0.633882	0.782737	0.634958	0.69824	0.32
ihec.chipseq.ihec-chipseq-containerv1.1.4.IHECRE00000222.3.752eff28-f561-4493-9961-9376765e5593.fc.signal	0.327322	0.326705	0.306422	0.293875	0.294846	0.097141	0.315518	0.776313	1.22889	1.78628	1.4564	0.462154	0.0322204	0.354275	0.568591	0.665108	0.85327	0.565068	0.59912	0.675601	0.92709	1.07698	1.29599	1.21658	1.20252	0.878619	0.830973	1.00625	0.975627	1.1391	1.76483	2.33699	1.55607	0.51907	0.342508
ihec.chipseq.ihec-chipseq-containerv1.1.4.IHECRE00000231.3.9f5b0463-4f76-4b11-9c3e-298af7f4a26f.fc.signal	0.846175	0.42501	0.36925	0.645253	0.576651	0.417783	0.0814152	0	0.182892	0.769082	0.784597	0.790742	0.920175	0.445122	0.315361	0.713303	0.693933	0.903618	1.08008	0.621246	0.581824	0.701137	0.641606	0.667125	0.628032	0.393357	0.325248	0.0628866	0.439903	1.39275	1.04459	0.262676	0.155775	0.231185	0.377049
ihec.chipseq.ihec-chipseq-containerv1.1.4.IHECRE00001935.1.9f989b17-6131-4e53-a04c-2c3b0ade703c.fc.signal	0.0708848	0.508514	0.989211	0.063641	0	0	0.080243	1.65165	0.741507	0	0.295155	0.915056	0.356504	0.0635948	0	0	0.17956	0.207546	0.364141	0.408255	0.049283	1.31971	0.864919	0.585036	0.558398	0.323398	1.44629	1.71819	0.143586	0.516448	0.0800549	0	0	0	0.741036
ihec.chipseq.ihec-chipseq-containerv1.1.4.IHECRE00003682.3.da9e495d-70d1-4135-9b7b-7d3c249e647d.fc.signal	0.0262773	0.164233	0.453464	0.981795	0.565144	0.254979	0.143248	0.178686	0.0183941	0.0936871	0.228439	0.0170803	0.446864	1.23939	0.984406	0.901638	0.370645	0	0	0	0	0	0.127445	0.409546	0.206799	0	0	0.146979	0.387774	0.477124	0.162975	0.306404	0.459637	0.132666	0.559603
ihec.chipseq.ihec-chipseq-containerv1.1.4.IHECRE00004603.3.7d97a6bf-d33b-47aa-868b-891cee1e0474.fc.signal	1.29472	1.10989	0.107693	1.31743	1.23801	1.49932	1.9596	0.628225	0	0.567546	1.40062	0	0	0.67543	0.433165	0	0.0606221	1.54096	0.724381	0.872241	0.579834	1.34785	0.799009	1.8498	1.27132	1.33518	2.01583	0.615504	2.5223	3.38627	1.83124	0.348737	2.18438	0.430932	0.0773481
ihec.chipseq.ihec-chipseq-containerv1.1.4.IHECRE00001457.1.f36a6625-c0c2-4dbc-9606-c09835fba2ef.fc.signal	1.0599	1.28667	1.8705	0.309754	0	0.250186	0.702902	0	0	0.196574	1.16753	0.542069	0	0	0.485077	0.304693	1.17808	1.53438	1.19326	0.183386	0.99155	0.443588	0.625857	0.511998	0	0	0.488458	1.69903	0.822038	0.53075	0	0	0.40895	0.978827	0.630058
ihec.chipseq.ihec-chipseq-containerv1.1.4.IHECRE00000321.2.e400c00e-f4bd-4ecb-8a68-235b22580a1f.fc.signal	0.572439	0.958498	0.77488	1.93613	0.248123	0	0	0	0	0	0	0	0	1.13689	1.65463	0.0625819	1.44064	1.62768	1.6715	1.15225	0	0	1.26546	3.31576	4.48854	1.48552	0.518803	0.75095	1.23535	2.23073	2.8885	0.327355	1.05737	0	0.561728
ihec.chipseq.ihec-chipseq-containerv1.1.4.IHECRE00001236.5.94801060-fc98-4727-a392-ae741c9cf8fc.fc.signal	1.24095	1.00517	1.77883	1.52659	1.21757	0.398404	0.572533	0.118649	0	0.624963	0.762163	0	0.56803	0.644662	0.0499674	0.485931	1.21235	1.88063	0.543979	0.960042	1.40944	0.63964	0.672871	1.27124	1.29161	1.2267	2.08066	1.64182	2.21041	2.81378	0.666184	0.211573	0.561277	0.0950857	0.45066
ihec.chipseq.ihec-chipseq-containerv1.1.4.IHECRE00003689.3.342e70ad-a023-4cf1-9866-19dd652b1429.fc.signal	0.800609	1.39036	1.10229	1.40382	0.899017	0.509401	0.439539	0.13735	0	0.0120579	0.267618	0.305527	0.415313	0.325286	0.506987	0.841859	0.957329	0.884485	0.792368	0.499992	0.839451	1.06928	1.46264	1.20443	1.0183	0.449237	1.47214	0.161045	0.143457	0.676105	0.866194	1.63831	1.47234	0.925061	0.253968
ihec.chipseq.ihec-chipseq-containerv1.1.4.IHECRE00000303.2.89d09183-5d60-46a5-b09a-bec32e88d696.fc.signal	0.449051	1.12404	1.27637	0.684495	0	0.253091	0.65446	0.524497	0.0375557	0	0	0.0232192	0.714553	0.334571	0.393277	0.972006	1.05067	0.545866	0.833456	1.32503	0.863776	0.936714	1.0984	0.219945	0.306566	0.880587	0.771848	1.45286	0.39035	1.09177	0.557611	1.53196	2.87608	1.22189	0.651163
ihec.chipseq.ihec-chipseq-containerv1.1.4.IHECRE00000060.3.cbf21cc3-59bc-4d31-8242-16b6ee9a92b5.fc.signal	0.921797	1.23166	0.849783	0.527638	0.45749	0.506289	0.186046	0	0.061872	0.320814	0.0216324	0	0.30556	0.204439	0.0769667	0.582426	0.646179	0.974211	1.30449	1.45737	0.3919	0.389384	0.857239	0.383258	0.389024	0.505782	0.298333	1.7833	0.836379	1.0885	0.881688	1.42816	0.916104	0.677147	0.667763
