	chr5:95650617-95650766	chr5:95650767-95650916	chr5:95650917-95651066	chr5:95651067-95651216	chr5:95651217-95651366	chr5:95651367-95651516	chr5:95651517-95651666	chr5:95651667-95651816	chr5:95651817-95651966	chr5:95651967-95652116	chr5:95652117-95652266	chr5:95652267-95652416	chr5:95652417-95652566	chr5:95652567-95652716	chr5:95652717-95652866	chr5:95652867-95653016	chr5:95653017-95653166	chr5:95653167-95653316	chr5:95653317-95653466	chr5:95653467-95653616	chr5:95653617-95653766	chr5:95653767-95653916	chr5:95653917-95654066	chr5:95654067-95654216	chr5:95654217-95654366	chr5:95654367-95654516	chr5:95654517-95654666	chr5:95654667-95654816	chr5:95654817-95654966	chr5:95654967-95655036	chr5:95655037-95655116	chr5:95655117-95655266	chr5:95655267-95655416	chr5:95655417-95655566	chr5:95655567-95655714	Expression
ihec.chipseq.ihec-chipseq-containerv1.1.4.IHECRE00004888.1.fd25c27d-77c4-4595-b48c-e5f0d2d321a9.fc.signal	0.454133	0.0761765	0.313496	0.207581	0.401006	0.54206	0.365525	0.899619	0.303042	0.579663	0.844615	1.09928	0.55382	0.671171	1.32749	2.07462	1.7452	0.997449	2.15122	0.27982	0.282752	0.433113	0.0544021	0.108413	1.00756	0.762116	0.453938	0.114265	0.413111	0	0	0.43655	0.476073	0.665164	0.067328	0.32
ihec.chipseq.ihec-chipseq-containerv1.1.4.IHECRE00003690.3.bb55a212-99c2-4448-84cc-6786b9df2691.fc.signal	0	0.505014	0.0440155	0.183335	0.346801	0.3391	0.176278	0	0.708666	1.03822	0.587858	1.25979	0	0.141218	0.802631	0.201405	0.04838	0.855081	1.82494	0.751908	0.421013	0.377224	0.161523	0.512554	0.399123	0	0	0	0.176413	0.500931	0.557715	0.411275	0.230914	0.40902	1.04596	0.437186
ihec.chipseq.ihec-chipseq-containerv1.1.4.IHECRE00000987.6.289adc7a-9e11-437f-b6f6-57bfdeddcb3b.fc.signal	0.161311	0.645085	0.0417894	0.274824	0.157739	0	0	0	0	1.3597	0.685454	0.423117	0.0680222	0.264612	0.175135	0.222724	0	0	0	0	0	0.290568	0.783757	0.266893	0.368003	0.566377	0.0362296	0	0.151398	0.461332	0.382797	0.0988619	0.633484	0.46745	0.686855	0.536585
ihec.chipseq.ihec-chipseq-containerv1.1.4.IHECRE00000949.6.e11d45c2-991c-46e2-8d13-bb1e23aff42f.fc.signal	0.274656	0	0.253167	0.197746	0	0.0273493	0.702255	0.272285	0.610612	0.5944	0.016028	0.388029	0.0674567	0.188906	0.297226	0.274146	0.299973	0.781004	0.755359	0.594125	0.212845	0	0	0	0	0	0	0.173384	0.0950902	0.0313479	0.149818	0.253897	0.0906809	0.747938	0.725108	0.416216
ihec.chipseq.ihec-chipseq-containerv1.1.4.IHECRE00001002.4.308bde30-3fb4-4075-a143-aa64ea58703c.fc.signal	0.287518	0.222801	0.251021	0.187219	0.253573	1.34338	2.05537	0.629123	0.36405	1.11665	1.61686	0.994117	0.216051	0.347676	2.08077	2.81523	2.67816	3.34995	2.16134	0.870721	0.511091	0.211312	0.260229	0.378877	0.171551	0.0245016	0	0	0.121646	0.885141	1.07749	0.506542	0.628196	0.759886	0.399314	0.50495
ihec.chipseq.ihec-chipseq-containerv1.1.4.IHECRE00000868.3.f6951f12-890b-447a-bf19-25234f29276d.fc.signal	0.753845	0.469381	1.14983	0.877993	0.673103	1.15984	2.10134	0.659982	1.10447	1.24663	1.18939	0.593658	0.550512	0.453089	1.06649	0.892321	1.91261	0.794416	1.23522	0.758755	1.02347	0.826827	1.21068	0.860593	0.834278	0.208109	0.461719	0.514291	0.631673	0.884967	0.877193	0.686513	1.22829	1.13094	0.752049	0.504348
ihec.chipseq.ihec-chipseq-containerv1.1.4.IHECRE00001375.1.70472333-cf93-4f75-9795-a7c0cfbd4b2b.fc.signal	0.333825	0	0.320592	0.542909	0.226402	0.390738	1.61899	1.15847	1.10488	0.454127	0.333384	1.0869	0.80026	1.2206	1.36884	1.14715	1.59753	1.33704	0.934961	0.617372	0.446825	0.0239154	0.230123	0.852403	0.52067	1.47482	0.916111	0.273215	0.165246	0.879243	0.92144	1.11019	1.18936	0.755112	0.613859	0.475309
ihec.chipseq.ihec-chipseq-containerv1.1.4.IHECRE00000193.3.aa854cbd-228f-48b3-bc4a-7a1e57daf907.fc.signal	7.18846	5.63824	2.18681	1.77287	4.26066	4.84247	4.20623	2.32421	6.27977	2.69972	4.83459	4.61597	0.970215	3.79414	2.61054	1.68324	5.90028	3.89092	5.74885	1.83057	2.66147	1.33061	1.88288	3.29574	3.95488	2.02394	0.716985	2.65479	1.25957	0.985975	5.72194	7.2428	7.65593	3.56957	0.981378	0.529249
ihec.chipseq.ihec-chipseq-containerv1.1.4.IHECRE00003814.1.e3fd041d-f794-414d-802b-cfe9e9d53c6e.fc.signal	1.79845	0.783378	0.0625201	0.250081	0.903168	1.70099	0.577429	0.115611	1.53511	1.66476	1.97567	1.83712	1.21034	1.78365	0.492324	0.153957	0.721591	0.802482	0.840114	0.481788	0.918711	0.870809	0.900201	0.602097	0.61398	0.560875	0.485299	0.0554091	1.56479	2.33007	1.30783	0.419509	0.77294	2.18826	2.05396	0.476636
ihec.chipseq.ihec-chipseq-containerv1.1.4.IHECRE00000237.3.a5cd5780-31d9-4de0-9c6f-91eeeabb1306.fc.signal	0.822016	1.3882	1.37234	0.801922	0.681584	1.25092	0.759055	0.154318	0	0	0	0	0	0	0	0	0	0	0.0361225	1.40082	2.12723	1.27497	0.360673	0	0	0	0	0	0	0	0	0	0	0	0	0.432787
ihec.chipseq.ihec-chipseq-containerv1.1.4.IHECRE00000224.3.98331644-3ccd-45b3-bad7-e0e81208e171.fc.signal	1.07528	0.837779	1.09894	1.13744	0.396343	0.846277	0.710438	0.195874	0	0	0	0	0	0.131457	1.13245	1.57318	0.818712	1.12498	0.845621	2.05625	2.62633	1.95914	0.38636	0	0	0	0	0	0	0	0	0	0	0	0	0.305677
ihec.chipseq.ihec-chipseq-containerv1.1.4.IHECRE00001892.4.1a48d1e3-a2d4-434f-8cee-d284ec0da60a.fc.signal	0	0	0	0	0	0	0.0899212	1.48497	1.56473	1.66029	0.632043	0.85495	0	0.495497	0.759457	0.331611	0.719499	0	0	0	0	0	0.748569	0.497787	0	0	0	0.716453	0.556643	0	0.956491	0.554851	0	0	0	0.669421
ihec.chipseq.ihec-chipseq-containerv1.1.4.IHECRE00001488.1.8a6af925-1821-4fc7-84d7-e838a44be225.fc.signal	1.65676	1.05699	0	0.498708	0.597735	0.664202	2.11749	0.973009	1.30798	3.17374	1.55776	0.28522	1.95177	1.64537	0.901061	1.49016	0.98332	1.17452	1.70179	0.922662	0.575487	0.239034	0.829012	0.767118	0.648706	0.560604	0.845783	0.501078	0.5148	0.00767957	0.532	0.300823	0.949856	1.66211	1.27935	0.417178
ihec.chipseq.ihec-chipseq-containerv1.1.4.IHECRE00004610.2.100e7289-c631-4bb0-9eef-015950828bf4.fc.signal	0	0.0457853	0.658489	0.0581492	0.146792	0.549853	0.521857	0.602883	0.429624	0.308344	0.544513	0.201679	0	0.683849	0.556007	0.3722	0.34404	0.341703	0.351508	0.721819	1.15212	0.561192	0.861855	0.94962	0.0932712	0.719668	0.589025	0	0.0048164	0.183043	0.178276	0.186164	0	0	0	0.401961
ihec.chipseq.ihec-chipseq-containerv1.1.4.IHECRE00000665.1.5571d7d7-4894-4e51-8082-c8a874cb2438.fc.signal	0.851379	0.83538	0.564188	0.928701	0.604811	0.290584	0.485812	1.22021	1.20324	0.603337	0.851889	0.35687	0.695595	0.966553	0.92758	1.1851	1.05884	1.40168	0.536128	0.558164	0.301965	0.165029	0.633793	0.832493	0.103129	0	0.0309343	0.43116	0.329922	0.770014	0.530333	0.222877	0.360293	0.600533	0.413781	0.408451
ihec.chipseq.ihec-chipseq-containerv1.1.4.IHECRE00003676.3.edac7fd7-5249-4224-ba52-76d331cfbbb5.fc.signal	1.63536	1.74264	1.34005	0.254551	1.23412	0.888031	1.02103	0.362928	1.0691	0.500813	0.639197	2.09331	0.788116	1.33192	1.63944	4.0378	2.90478	1.86952	2.65861	1.0692	1.14044	0.586473	0.209669	0.762604	0.0357178	0.503055	0.285365	0.806558	0.120149	0.323613	0.597265	0.0996493	0.547893	0.990077	0.284821	0.496241
ihec.chipseq.ihec-chipseq-containerv1.1.4.IHECRE00001965.2.b75058ba-d142-4ae0-9acf-08c2d019a7dc.fc.signal	0.119087	0.602621	0.868079	0.641805	1.82181	1.11233	1.10113	1.23632	0.71232	1.39457	1.293	0.847928	0.509712	0.901265	1.31248	0.991782	0.99072	1.4905	1.73638	1.49243	1.84829	0.481308	1.12455	1.34145	0.21889	0.432467	1.01869	0.494612	0.46487	0.322899	0.870026	1.43826	0.964663	0.658027	0.410888	0.425743
ihec.chipseq.ihec-chipseq-containerv1.1.4.IHECRE00000194.3.b1e4c4c4-c6d4-40c1-a695-e34b416693ed.fc.signal	1.48456	0	0	0	0	0.776413	1.09393	1.55451	0.228952	0	0	0.197217	0.795565	0.421174	0.259523	1.42218	0.679684	1.11615	0.687188	0.0562487	0.779309	0.54118	0.507501	0.487804	0.082625	0	0.305987	0.14749	0	0.408876	0.372957	0.585827	1.61445	0.881338	0.955536	0.435583
ihec.chipseq.ihec-chipseq-containerv1.1.4.IHECRE00001952.2.52215347-885a-4412-918b-b787711b8d37.fc.signal	0.896205	2.03646	0.545928	1.06433	0.675208	0.759048	1.36739	0.568702	1.44734	0.90102	0.797686	1.04879	0.514605	0.754107	0.436873	0.0607139	0.981457	1.13116	1.61302	1.26422	0.851727	1.21711	0.66382	0.547919	0.193441	0.127298	0.542974	0.780911	0.629959	1.26109	1.04531	0.895598	0	0.323881	0.90336	0.333333
ihec.chipseq.ihec-chipseq-containerv1.1.4.IHECRE00000886.3.656fbaec-dfab-4967-84ac-8cd7cc42a743.fc.signal	0.482644	0.189323	0.678758	0.382669	0.773848	0.766952	0.980973	1.88383	1.4247	0.840233	0.688113	0.770034	0.531522	0.667602	1.43746	0.542732	1.04885	0.921823	0.365789	1.35272	0.956813	0.561611	1.31299	0.764983	0.806105	0.138232	0.804891	1.11245	1.15739	0.396006	0.973321	1.68933	0.698221	1.37317	0.795514	0.539216
ihec.chipseq.ihec-chipseq-containerv1.1.4.IHECRE00003846.4.a8b62515-f113-4847-973f-317b45173002.fc.signal	0.288237	0.272074	0.525235	0.872915	0.325574	0	0	0.231837	1.30886	0.0646512	0.503659	0.848399	2.54072	0.850487	0.890648	0.821002	1.64461	1.05338	1.12051	1.47605	0.558963	0	0	1.12421	0.382441	0.517151	3.00671	1.33719	1.43315	2.07778	1.46961	0.759531	0.875473	0.957427	0.966966	1
ihec.chipseq.ihec-chipseq-containerv1.1.4.IHECRE00003684.3.b5459224-ca8f-46dd-880a-e16781c88032.fc.signal	0.0906985	0.412531	0.031639	0	0	0	0	0	0.541719	0.387969	0.122661	0.966684	0.585385	0.569006	0.406315	0.262508	0	0.316504	0.776928	0	0	0	0	0	0	0	0	0	0.0375168	0.31062	0.45575	0.164909	0	0.00613333	0.204523	0.323529
ihec.chipseq.ihec-chipseq-containerv1.1.4.IHECRE00000261.2.55f7971e-ddc8-4e1e-a2b7-5640ae93b614.fc.signal	0.546422	0.767717	0.127635	0.133828	0.370336	0.52104	0.738615	0.70971	0.738557	1.0174	0.392048	0.747744	1.19827	0.379252	0.799915	1.54359	1.00736	0.314899	0.91147	0.614699	0.411318	0.0868607	0.528574	0.756293	0.607569	0.603737	0.93945	1.4189	0.694601	0.0152983	0	0.75869	1.86464	2.29457	1.7411	0.438017
ihec.chipseq.ihec-chipseq-containerv1.1.4.IHECRE00001852.4.e1095ee8-c1a0-47db-b726-788ab3dbb842.fc.signal	0.838848	0.403578	0.389875	0.305248	0.562628	0.847216	0.7321	0.802837	0.48325	0.333271	0.400883	0.454276	0.464919	0.519675	0.722194	0.574872	0.433204	0.525107	0.667241	1.01581	0.379143	0.350821	0.594737	0.233049	0.76042	0.792592	0.789564	0.376455	0.256611	0.241909	0.658175	1.01807	0.841733	1.202	1.43278	0.345029
ihec.chipseq.ihec-chipseq-containerv1.1.4.IHECRE00003693.3.f2b1cfa1-231f-48d8-af6a-ed3f48905f6f.fc.signal	0	0	0.092862	0.155574	0.18091	0.322838	0.452308	0.394651	0.794923	0.435515	0.972461	0.351061	0.901232	0.453621	0.471608	0.552237	0.215086	0.253942	0.331518	0.272073	0.222069	0.666354	0.227149	0.246082	0.599635	0.168891	0	0	0.0904799	0.36196	0.294062	1.09794	0.399771	0.225868	0.866961	0.466667
ihec.chipseq.ihec-chipseq-containerv1.1.4.IHECRE00001914.1.d83c61fb-c563-40ff-afb5-9fc097a52b75.fc.signal	0	0	0	0	0	0.832758	0.528483	0	0	0.634889	1.05932	0.610551	0.760466	0.303641	0.112329	0.709433	0.825205	1.10332	1.0448	0.275073	2.55578	2.44623	1.97191	2.66039	1.98664	0	0	0	0	0	0	0	0	0.726547	1.64741	0.445415
ihec.chipseq.ihec-chipseq-containerv1.1.4.IHECRE00003828.3.9b92fd9a-9859-4ffd-96f8-490b60d6c4db.fc.signal	0.529775	0.857244	0.35968	0.797786	1.92819	2.43661	0.110882	0.129821	1.44409	0.389954	0.171629	1.21965	1.63251	1.02706	0.72187	0.69017	0.841084	0.499287	0.281732	1.555	1.11689	0.551697	0.216368	2.25271	1.17636	0.24734	0.449832	1.12533	0.194836	0.584955	0.323781	0.603262	0.932515	0.386483	0.0480318	0.438849
ihec.chipseq.ihec-chipseq-containerv1.1.4.IHECRE00004602.2.741c4143-cd13-4cda-85a5-e7102d67912b.fc.signal	1.00043	0.134808	0	0	0	0.0886767	0.759142	1.39772	0.0248295	0	0	0.900035	0.247963	1.78653	0.37621	0	0.646044	1.26171	0	0	0	0	0	0.211626	1.23342	0.477073	0	0	0	0	0.253949	0.470548	0	0.355519	0.925108	0.324074
ihec.chipseq.ihec-chipseq-containerv1.1.4.IHECRE00004635.3.13102329-ee3d-4773-b2d1-9ab40cd17100.fc.signal	0.805112	0.217382	0	0.198236	0.604888	0.408474	0.363485	0.496389	0.463096	0.518496	0.511775	0.405313	0.612985	0.590542	0.566032	0.835418	0.751356	0.656423	0.479083	0.687752	0.600681	0.2416	0.269566	0.2594	0.184087	0.146856	0.567346	0.450877	0.155991	0.160268	0.412578	0.386471	0.504649	0.801836	1.31742	0.1
ihec.chipseq.ihec-chipseq-containerv1.1.4.IHECRE00001517.1.def76da7-e51f-466f-a75e-d4cb918f9d1a.fc.signal	2.41562	0.0743224	0	0	0.111484	1.09309	1.30089	1.40509	0.771489	0.331393	0.23818	0.0840846	1.66774	1.53619	0.505346	0.411079	0.446717	0.148901	0.654824	1.63015	0.0660431	0.0700784	0.561733	0.340107	0.0918797	0	0	0	0	0	0	1.54774	0.294791	0.739758	0.743136	0.461538
ihec.chipseq.ihec-chipseq-containerv1.1.4.IHECRE00001044.7.93646603-f0c6-4b5c-9750-3c77b569d934.fc.signal	1.04133	0.244496	0	0.383264	0.376634	0	0.002267	0.412694	0.418821	0.407878	0.419828	0.436407	0.646358	0.269127	0.330541	0.925877	0.605655	0.160186	0.0534347	0.451611	0.388919	0.778657	0.485956	0.403711	0.322246	0.121909	1.28697	0.954069	0	0	0	0.16711	0.549131	0.413283	0.518572	0.449102
ihec.chipseq.ihec-chipseq-containerv1.1.4.IHECRE00001235.5.b69b018c-be0b-42b3-9bd0-adb684b6c71f.fc.signal	0.134869	0.666834	0.797606	0.0292293	0	1.10464	0.356529	0	0	0.364254	0.675107	0.420824	0.365287	0.385747	1.85232	0.280846	0.336746	1.55454	0.990283	0.832492	0.708344	2.54534	0.303943	0.485116	0	0	0	0	0	0	0	0	0	0.157838	0.566675	0.291045
ihec.chipseq.ihec-chipseq-containerv1.1.4.IHECRE00004900.1.b52b6048-f5e8-441d-8082-83c6ea7d797d.fc.signal	0.32438	1.28939	0.265261	0.732214	0.684799	1.75884	1.75039	0	0.403629	1.00923	1.6343	0.0812034	0.201594	0.399739	0.756704	0.597168	1.78061	1.13294	0.662457	2.02773	0.757271	1.2626	0.131436	0.514603	1.78625	0.369828	0	0	0.226081	1.30568	0.314774	1.42042	1.09386	1.97757	1.58885	0.461538
ihec.chipseq.ihec-chipseq-containerv1.1.4.IHECRE00000810.3.4c807da6-ffa8-4451-adb2-428243de39ad.fc.signal	3.20876	1.60579	3.40698	0	0.247274	3.13062	0.587187	0	0	0	0.786568	2.40012	1.14381	2.03148	0	0	0	0.174841	1.77911	2.00806	0	0	0	0	0	0.857478	1.14152	1.18516	0	0	0	3.43951	0.654285	0	0	0.486726
ihec.chipseq.ihec-chipseq-containerv1.1.4.IHECRE00003842.2.aaff33ab-ed7b-4de9-8003-f28b910ee10b.fc.signal	0.533887	0	0	0	0.387494	0.542351	0.0544456	0.415026	0.227636	0.347887	0.481244	0.0772084	1.62681	0.257091	1.28457	0.476449	0.258251	0.0797178	0.719437	0	0	0	0	0	0.0816175	1.49352	0.869444	0.191073	0.182705	1.4741	1.59885	0.783673	1.33497	0.243437	0.746245	0.300926
ihec.chipseq.ihec-chipseq-containerv1.1.4.IHECRE00003806.1.2dfc8185-75fc-483f-9a76-86d609a673b1.fc.signal	0.437603	0.458531	0.268897	0.364539	0.324728	0.193603	0.493728	0.39634	0.195173	0.437559	0.485047	1.01096	0.634723	0.823486	1.11499	0.962268	0.699383	0.761433	0.576196	0.275893	0.111937	0	0	0.263356	0.452411	0.175757	0.11631	0.0827159	0.669651	1.05822	1.05442	0.53916	0.496311	0.640223	0.26733	0.643564
ihec.chipseq.ihec-chipseq-containerv1.1.4.IHECRE00003686.3.867f20aa-cd84-4630-be8b-4d90cccd43d7.fc.signal	0.0709963	0.338517	0	0.0996329	0.309494	0	0	0	0.150146	0.809552	0.261185	0	0.202979	0.116313	0.23525	0.11636	0.170722	0.0744704	0.374623	0.261659	0.0259499	0	0.0245784	0.354897	0.0300403	0	0	0.215637	0.193539	0	0	0.237568	0.271692	0	0.0249309	0.401575
ihec.chipseq.ihec-chipseq-containerv1.1.4.IHECRE00000864.3.14e2d66e-78ce-42e0-867f-4b49c7b19bff.fc.signal	4.46012	3.70051	1.91567	0.784298	1.15969	1.89283	1.87973	0.896736	1.07437	2.0142	1.54644	1.46985	0.599229	0.809865	1.2991	1.23452	0.996604	1.10948	1.37603	1.61323	1.26176	1.35869	0.51405	0.880274	0.257495	0	0.190631	1.15971	0.396917	0.629793	0.840571	0.636977	1.2418	0.932809	1.33681	0.769697
ihec.chipseq.ihec-chipseq-containerv1.1.4.IHECRE00001954.2.fc509fae-cfc8-4cd1-b6e1-cb05b98526c1.fc.signal	1.51793	2.59788	1.74415	0.741339	1.76168	2.41794	2.88734	1.77942	0.273457	0.769378	0.741851	1.13973	1.10406	0.199874	0.391166	0.0895953	0.735782	1.19683	1.10701	1.1098	0.605871	0.15425	2.095	0.997882	0.0154285	0.471082	0.419722	0	0.736066	0.364542	0	0	0	0.136796	0.763686	0.308271
ihec.chipseq.ihec-chipseq-containerv1.1.4.IHECRE00000957.7.e974118a-1765-49cc-99dd-3d99dcd758cf.fc.signal	0.26063	0.195056	0.0463019	0.585088	0	0.235719	0.740862	0.28623	0.294649	0.665074	0.303067	0	0.267203	0.348124	0.703425	0.764094	0.0336741	0.763023	0.857571	0.771679	0.471443	0	0	0	0	0	0	0	0.0862771	0.449229	0.386726	0	0.160048	1.0264	1.38051	0.683099
ihec.chipseq.ihec-chipseq-containerv1.1.4.IHECRE00001913.1.7dd02c2b-e08d-4010-8330-5cb791ced7b2.fc.signal	4.39291	0	0	0	0	0	1.16992	2.06776	0	0	0.466327	3.95419	3.01039	0.998101	0	0	0	2.02125	1.7811	0	2.89653	0.993631	0	0	0	0	0	0	0	2.16179	5.10218	0.657845	0	0	0	0.337176
ihec.chipseq.ihec-chipseq-containerv1.1.4.IHECRE00003809.1.88fb2a51-3313-49d0-b432-b95b6b91fc4b.fc.signal	2.33547	0.75157	0.464592	0.870473	1.80628	2.37469	2.13031	1.61378	1.83502	0.808671	0.44201	0.896363	1.21453	1.15914	0.563865	1.23883	1.45013	2.13697	2.6577	1.49834	1.06155	0.181808	0	0.137074	0.498152	0.414216	0.16333	0.555218	1.00908	1.08816	0.322058	0.28185	0.883808	1.14549	0.490943	0.275641
ihec.chipseq.ihec-chipseq-containerv1.1.4.IHECRE00000221.3.7d6e7c7b-090f-4b2a-a7ba-f833c718a8ac.fc.signal	0.750609	0.442311	0.501629	1.05743	0.738589	2.777	4.13968	1.23152	0.12074	0	0	0	0	0	0.254309	0.77057	0.182389	0	0.0543639	0.356091	0.223512	0.0383483	0	0	0	0	0	0	0	0	0	0	0	0	0	0.401869
ihec.chipseq.ihec-chipseq-containerv1.1.4.IHECRE00003675.3.83112ba3-4a46-4bcb-b23c-b8a94da18e77.fc.signal	2.90462	1.26008	0.925325	1.30319	1.47953	0.639318	1.43821	1.06496	1.03832	1.49399	1.2158	1.38647	1.05776	0.587018	1.53769	5.26511	4.38068	6.11231	5.47623	3.25223	1.86452	0.935783	1.26309	1.08594	1.12318	0.933466	0.624767	0.799822	0.8353	1.28149	1.77878	0.862212	1.37041	1.45919	1.51713	0.47
ihec.chipseq.ihec-chipseq-containerv1.1.4.IHECRE00004884.1.cdb41994-86e2-4949-bf91-2378fd47bfa2.fc.signal	0.572898	0.920525	1.24584	0.605905	0.931895	3.22228	1.65147	2.29318	1.16089	1.36476	0.706015	0.843781	0	0	1.16343	0.906936	2.17457	1.29596	1.57909	1.1225	0.636073	0.886795	0	0.934098	1.8948	0.894726	0.634196	0	0.084937	2.00226	4.23666	2.44642	1.83098	0.248214	2.08311	0.356643
ihec.chipseq.ihec-chipseq-containerv1.1.4.IHECRE00003692.4.3bf09a2c-baea-4256-b5b7-ae913b7ca17e.fc.signal	2.38073	0.781152	0.615176	0.185747	1.16567	2.84258	1.21819	1.09958	0.917656	0.584367	0.391268	0.470958	1.66486	0.393234	1.14706	0.687598	1.33154	1.64728	0.690744	0.242154	0.710685	0.597338	0.787308	2.57163	0.10054	0	0	0	0	0.0438309	0.475505	0.858649	1.58881	1.35913	0.36267	0.423313
ihec.chipseq.ihec-chipseq-containerv1.1.4.IHECRE00000315.2.e9fbad15-4a0e-4eb7-a1cb-5ed723b77040.fc.signal	3.72501	0.864953	0	0	0	0	0	0	0.87415	0.572225	0	0	1.38337	2.06311	0.495865	0.930965	1.23814	1.13179	1.54308	0.481052	0	0	0	0	0	0	0.890608	2.15997	0.285793	0	0	0.836729	1.42156	0	1.46563	0.646048
ihec.chipseq.ihec-chipseq-containerv1.1.4.IHECRE00000969.7.07e61421-b434-44b9-b0ec-8515d70faad3.fc.signal	1.11498	0.460857	0	0	0	0.801468	1.7666	0.363397	0	1.86518	0.704968	0.272048	1.24816	0.267156	0	0.205933	4.04018	2.10106	1.81225	0.700323	1.73368	0.821462	0	0	0	0.0991093	1.73216	0	0.234015	1.40409	0.982863	1.81584	1.00092	1.85103	0.286258	0.438914
ihec.chipseq.ihec-chipseq-containerv1.1.4.IHECRE00001851.4.41736f40-6f67-4bdc-bc7e-afd139847fe8.fc.signal	0	0.281757	0.545336	0.496397	0.310115	0.436039	1.04787	0.987925	0.636837	0.367632	0.652438	0.641972	0.218582	0.189557	0	0.0876339	0.61505	1.33855	0.950368	0.152535	0	0	0	0	0	0	0.0638194	0.259651	0.0587195	0.11512	0.217453	0.138575	0.174298	0.147706	0.398857	0.542587
ihec.chipseq.ihec-chipseq-containerv1.1.4.IHECRE00003821.3.18c7c517-acd2-418c-a70e-986e331348db.fc.signal	0.826495	0.144615	0	0.53893	1.14481	0.611352	0.134482	0.069916	0.900229	1.46538	0.988448	0.403812	0.96674	0.982704	0.784757	1.66893	0.562827	0.517021	1.06425	0.765671	0.389749	0.303396	0.762444	0.720557	0	0.386195	1.31155	2.02236	0.798964	2.14313	2.8975	1.76998	1.09764	0.24407	2.34807	0.461078
ihec.chipseq.ihec-chipseq-containerv1.1.4.IHECRE00003695.3.976830f0-f131-4dc5-bdfd-64d83fdc4635.fc.signal	0.288329	0	0	0.326038	0.580365	0.883411	1.16282	1.08308	1.33512	1.31955	0.694485	0.716692	0.511203	0.350359	0	0.29536	0.795723	0.232954	0.158298	0.269229	0.596379	0.0421866	0	0	0	0	0	0.167472	0.36505	0.364755	0.0730915	0.25181	0.133043	0.255348	0.589554	0.422414
ihec.chipseq.ihec-chipseq-containerv1.1.4.IHECRE00003825.5.7e6f312b-3e7d-4ced-adc8-a790c0432db2.fc.signal	0.973488	0.999574	0.507724	0	0	0.424853	0	0.547745	0	0.982299	0.702998	0.932784	3.8089	1.92862	0.484183	1.7122	0.937028	0.681353	0.917042	0.455977	0	0	0	0	0	0	0	0	1.11502	3.30177	2.95559	1.09937	1.26302	0.977623	3.49544	0.25
ihec.chipseq.ihec-chipseq-containerv1.1.4.IHECRE00000784.3.589e1f11-0874-4698-ac02-5c217aac91a6.fc.signal	3.28928	2.92322	2.75087	1.01476	0.338261	1.54911	1.82338	1.31673	1.1229	0.911024	1.97527	1.29141	1.24027	1.07278	0.315107	1.48855	2.33418	1.8353	1.71535	0.543084	0.277841	0.851174	0.392777	0.69523	0.754441	0.464159	0.365474	0.384511	0.0047816	0.267999	0.443057	0.859958	1.34249	2.62771	2.03179	0.786164
ihec.chipseq.ihec-chipseq-containerv1.1.4.IHECRE00001887.4.92e33eb4-60fb-4aba-99b3-db60d30e791f.fc.signal	2.596	4.92124	0.237325	1.67061	3.02861	1.7989	2.33041	2.54737	1.52271	2.3756	1.36623	0.444321	1.17298	1.05499	0.756161	3.34339	1.51489	0.382619	0.443744	0.234161	0.609852	0.568978	0.167126	0.893258	0.0905587	0.456285	0.356198	0.182052	0.136647	2.98154	4.32425	1.47118	0.129256	2.18281	1.03064	0.343034
ihec.chipseq.ihec-chipseq-containerv1.1.4.IHECRE00001015.4.9280a4bd-15d9-4bff-baed-11156e36abac.fc.signal	0.615251	1.47952	1.08561	0.170973	0.216277	1.13877	2.88198	0.77101	0.210072	0.809531	0.640095	0.281017	0	0	0.999085	0.877508	0.851352	0.858691	0.555243	0.535596	0.377456	1.57571	0.254376	0.451832	0.0061786	0	0	0	0	0	0	0.141739	0.417722	1.137	0.828613	0.405172
ihec.chipseq.ihec-chipseq-containerv1.1.4.IHECRE00003835.4.bcf78771-4438-44b9-b60f-ce0703898bd2.fc.signal	0	0	1.85479	0.118393	0	0	0.00566087	1.32554	0.582253	1.34272	1.1393	2.45114	0.0283043	2.80111	1.10499	0	0	0	0.104075	1.16059	0.0749725	0	0	0.752211	1.13155	1.38783	0.585404	0	0	0	0.259003	1.55897	1.08903	1.8577	2.11319	0.83871
ihec.chipseq.ihec-chipseq-containerv1.1.4.IHECRE00003822.3.77ca98f2-545d-4aeb-bc0c-48db2083d121.fc.signal	0.498283	0.60483	0.622067	0.250709	1.40396	1.30524	0.159827	0.354127	0.432284	0.40324	0.35093	0.594171	1.01927	1.10461	1.10948	0.847828	0.790416	0.485359	0.495334	0.224108	0.206846	0	0.313918	0.527695	1.10031	0.520219	0.955819	0.595274	1.00022	1.53373	1.47261	0.521471	0.140372	0.83578	1.84281	0.508929
ihec.chipseq.ihec-chipseq-containerv1.1.4.IHECRE00004617.2.4b42183d-fbd0-4b87-afb1-913c17cc15e7.fc.signal	0	0.578754	0.13908	0.374619	0.343214	0.237779	0.410508	0.163754	0.518203	0.881669	0.297913	0.0981828	0.587489	0.532624	0.792979	1.38839	0.615098	0.790719	0.476055	0.787725	0.827705	0.152073	0	0	0.453076	0.942551	0.0291616	0	0.27457	0.918714	0.513708	0.145489	0.128981	0.557526	0.104571	0.653846
ihec.chipseq.ihec-chipseq-containerv1.1.4.IHECRE00003836.3.5c9cb736-993f-45fe-be70-bfabfbcef3f6.fc.signal	0.038405	0.680933	0.156175	1.50219	1.10815	1.54116	0.798709	0.513698	1.4999	0.209916	0.582397	0.834559	2.16322	1.50877	1.53228	0.762204	1.21229	0.503288	0.863221	1.24505	1.69453	1.86439	1.46956	1.30672	1.2042	1.77408	2.04545	0.430185	0.713721	1.32509	1.40448	0.538287	0.0537465	0.892525	0.69682	0.313636
ihec.chipseq.ihec-chipseq-containerv1.1.4.IHECRE00000310.2.3163c9b1-c09d-4c99-b14d-83694fc83b45.fc.signal	0	0.944223	0.369267	0	0	1.73005	0.79601	0.429224	1.38101	1.41904	0.420303	0.743724	0	3.88757	3.85547	1.41158	1.36121	3.37665	2.29392	0.820005	0.121715	0	0.877513	0.232757	0	0	0	0	0	0	0	0.408576	0.881162	0.173506	0	0.565574
ihec.chipseq.ihec-chipseq-containerv1.1.4.IHECRE00001916.1.f84a631d-885b-4535-bad7-e4cb346c7bb1.fc.signal	0.876255	0.948573	0	0	0	1.31277	0.600981	0	0.415773	1.57429	2.92719	1.45091	1.95338	0.968179	0.749231	1.02211	1.76508	2.14878	0.784044	0.0605178	0.964	0.0170955	0	0	0.10687	0.405581	0.992951	0.464718	0	0	0.385387	0.766326	0.514877	0.345152	1.17287	0.259928
ihec.chipseq.ihec-chipseq-containerv1.1.4.IHECRE00001957.2.0bd574cb-6c79-4f0e-a131-98ee1a6088f8.fc.signal	0.459667	0.0513871	0	0	1.24649	1.59263	0.578493	1.31502	1.19083	1.77135	1.66354	0.784229	0	0	0	0.189515	0.39451	0.850885	0.537736	1.93208	3.1928	0.802707	0.255415	1.5087	0.639585	1.11627	0.871293	0.753653	1.12056	0.220166	0	0.0321651	0.854674	0.478092	0.494804	0.289855
ihec.chipseq.ihec-chipseq-containerv1.1.4.IHECRE00003696.3.61e7591e-7d42-4bac-a82f-41dc0577b027.fc.signal	1.47248	0.0569427	0	0	0.156997	1.57432	2.04418	0.679152	0.761092	1.06749	0.881625	0.768329	0.644156	0.252839	0.608049	0.454822	0.362981	0.352012	0.491027	0.262805	0.0671723	0.145975	0.43647	0.787372	0.617513	0.337224	0.419452	0.520787	0.355712	0.761104	0.729089	0.21391	0	0	0.276042	0.397436
ihec.chipseq.ihec-chipseq-containerv1.1.4.IHECRE00001004.4.11ad2674-be5c-41ad-b54e-80291c85aeb3.fc.signal	0.349439	1.34523	0.841455	0.278254	0.243366	0.498758	0.668395	0.123678	0.265308	0	0	0	0	0	0	0	0	0	0	0.694445	0.350917	0.260445	0.116222	0	0	0	0	0	0	0	0	0	0	0	0	0.375796
ihec.chipseq.ihec-chipseq-containerv1.1.4.IHECRE00003830.4.1d911208-29b2-4159-abb9-21b476db4aa7.fc.signal	4.4317	3.99512	0.646016	0	0.946278	2.07653	2.70647	5.23285	4.7648	5.32363	3.93535	2.16618	4.22025	1.56826	0.608529	1.81597	2.46835	2.52008	1.09502	0.117322	0.890306	0.89826	1.92028	0.710491	1.75325	0.889842	2.70485	3.88449	0.360091	0.930621	0.379637	1.15224	2.10361	0.592177	2.78886	0.467422
ihec.chipseq.ihec-chipseq-containerv1.1.4.IHECRE00003845.2.fa3c8e36-edcb-4649-9a8e-5dec7e1c367c.fc.signal	0.075861	0.03672	0.312001	0.313226	1.649	1.32014	0.813624	0.9975	1.28473	0.930909	0.97365	1.25221	0.753807	0.642063	1.2462	1.59306	1.50567	0.799242	1.31256	0.58675	0.0782043	0.0311701	0.307608	0.760645	1.17821	0.617877	1.24186	1.17823	0.335976	1.03417	1.42026	1.10099	0.637509	0.513036	1.54467	0.448399
ihec.chipseq.ihec-chipseq-containerv1.1.4.IHECRE00001956.2.6c45d08b-377b-419c-a177-44262ce42f4b.fc.signal	0.209839	0.408698	0	0	0.408153	0.0804615	0	0	0.127938	0.627	0.0811958	0	0.0146725	0.769085	0.453687	0.665276	0.29379	0.0357074	0.222207	0.158346	0	0	0.223374	0.44481	0.185776	0.440129	0.554197	1.07284	0.354697	0.804256	0.472202	0.44292	0.0402458	0.496192	0.96582	0.322835
ihec.chipseq.ihec-chipseq-containerv1.1.4.IHECRE00000332.2.3d98bc1f-c00a-45a1-9387-7764c6e8d313.fc.signal	1.04728	0.220766	0.34977	0.930628	0.535144	1.53991	1.00145	0.399575	0.242481	0.933485	0.705333	0.0709893	1.49659	1.5443	0.287301	1.51058	1.98196	1.84402	1.91989	1.05851	0.563031	0.625452	0.486339	0.578117	0.0700393	0.261982	0.126033	0.599582	0.565084	0.537877	0.553091	1.20166	1.01652	0.62725	0.639908	0.442211
ihec.chipseq.ihec-chipseq-containerv1.1.4.IHECRE00004615.1.8cd5cefc-1c86-42bb-a689-d60dd071a471.fc.signal	0.699957	0.96918	0.163652	0.478364	1.1854	1.37004	0.459443	0.292698	0.448937	0.862315	1.01822	1.2087	0.573306	0.398137	0.435219	0.597955	0.937835	1.19805	0.430153	0.612663	0.0923384	0.76567	0.589055	0.369159	0.380353	0.0936375	0	0	0.386712	0.699522	1.28949	0.953736	0.416626	0.303352	0.510543	0.615385
ihec.chipseq.ihec-chipseq-containerv1.1.4.IHECRE00003683.3.9d98dd69-4d9c-4c81-bc8f-9c0f23e13a7b.fc.signal	0	0	0	0.155173	0.473379	0	0	0	0	0.13946	0.968361	0.242792	0.221319	0.280881	0	0	0	0.257029	1.09882	0	0	0.36731	0.946757	0.569624	0.0019642	0	0	0	0	0	0	0.390367	0.482311	0.296952	0.986829	0.374046
ihec.chipseq.ihec-chipseq-containerv1.1.4.IHECRE00004614.1.0ac6fcf9-3ed9-4ad3-9178-9d485c424be8.fc.signal	1.01636	0.6397	0.341287	0.239473	0.432388	0.42168	0.456277	0.561887	0.310197	0.699362	1.44671	0.810819	1.07479	0.440014	1.37037	0.364311	0.121676	0.277148	0.676202	0.825511	0.656973	0	0.130977	0.340736	0.707451	0.712726	0.837846	0.955352	0.38152	0	0	0.0867607	0.759231	0.555616	0.458685	0.42069
ihec.chipseq.ihec-chipseq-containerv1.1.4.IHECRE00001958.3.3cd86255-36f1-4b55-a6a7-d6b5647cff3a.fc.signal	2.28505	2.3196	1.83962	0.674721	1.11967	3.3214	3.94621	2.83096	2.41177	3.09303	2.47009	2.30321	2.10116	1.70285	1.41941	1.54749	1.85026	2.01634	2.78188	1.19846	1.33255	1.3125	1.06877	0.596553	0.573545	1.06569	0.441938	0.964856	1.35056	1.45067	2.20681	1.60137	1.13949	1.74436	1.41186	0.25969
ihec.chipseq.ihec-chipseq-containerv1.1.4.IHECRE00000728.1.a576b355-9f1b-4be4-8c29-c0a8e58c48ba.fc.signal	1.43426	0.864188	0.734319	0.51879	0.649349	0.521778	0.0577114	0.688324	0.722047	1.45098	1.05933	0.579381	0.632619	0.233306	0.574394	0.495515	0.664307	1.68467	1.02992	0.981688	0.452691	0.438447	0.515561	0.163237	0.479919	0.553505	0.398292	0.583944	0.683373	1.31405	1.23198	1.35973	0.194869	1.6812	0.278455	0.259259
ihec.chipseq.ihec-chipseq-containerv1.1.4.IHECRE00000743.1.09e06815-2793-4e11-8820-4681b880b4c1.fc.signal	0.41914	0.510156	0.648591	0.676603	0.4953	0.0861352	1.31577	0.818559	0.439832	0.142207	0.703489	0.346373	1.61833	0.9013	0.475744	0.353371	0.590524	0.307951	0.324497	0.719626	0.467356	0.822677	0.879988	0.174386	0.191809	0.510306	0.763269	0.8403	1.00725	0.672154	0.736458	1.28926	0.361318	1.75965	1.18975	0.481132
ihec.chipseq.ihec-chipseq-containerv1.1.4.IHECRE00001854.4.9795bbe6-24d0-4d23-b44e-724aab1b2c12.fc.signal	0.739951	0.327186	0	0.0560643	0.560432	0.504894	0.216565	0.257306	0.532547	0.339591	0.155251	0.107161	0.523625	0.713648	0.19216	0.200731	0.372991	0.0473533	0.141262	0.286187	0.959619	0.506283	0.198323	0.140198	0.430488	0.363797	0.275263	0.285528	0.0456744	0.239131	0.780476	1.14143	0.657073	0.656397	0.725388	0.210031
ihec.chipseq.ihec-chipseq-containerv1.1.4.IHECRE00001013.4.0a2cbc1f-05a1-4b3e-8b80-47b4f56057cd.fc.signal	1.52015	1.12183	0.744125	1.35117	1.62532	1.68782	1.48825	0.638383	1.01632	1.44712	0.748041	0.42102	0.29765	0.404308	1.28386	1.52217	0.79931	1.17486	1.27592	0.241401	1.61348	1.57674	0.232224	0	0	0	0	0.897257	0.369104	0.920446	1.58052	1.68766	1.19486	0.968625	0.519834	0.287037
ihec.chipseq.ihec-chipseq-containerv1.1.4.IHECRE00001918.1.c154a44f-91a2-4062-881d-72e98844dc88.fc.signal	0.837679	0.284083	0	0	0	0	0.440955	0.340305	0	0.478567	3.08881	0.158837	0	1.29403	1.91211	1.00837	0.361353	0	1.04385	0.954854	1.60799	0.553744	0.80972	1.85646	0	0	0.997471	0.129823	0	0	0	0.799587	1.22542	0	0	0.276753
ihec.chipseq.ihec-chipseq-containerv1.1.4.IHECRE00000348.2.ebee7a5f-3411-4595-bc73-d0dfa8919fd3.fc.signal	0.80455	0.0268087	0.473069	2.1174	3.54308	0.578727	0	0.725338	0.261288	0	0.0953823	1.56498	0.387804	0	0.908038	1.47798	1.33082	0.931337	0.766346	0.254812	0	0.528595	1.71244	0.957482	0.546596	0	1.56253	1.61538	0.277906	0.929942	2.30764	2.20017	0.840163	2.45161	2.2442	0.546392
ihec.chipseq.ihec-chipseq-containerv1.1.4.IHECRE00001027.7.cd19865b-26c6-4f71-a2cb-2c7271712e2b.fc.signal	2.42226	0.356906	0	0.964896	1.39481	0.24717	0.674073	0.297094	0.58853	2.67117	0.649936	0.347215	0.43549	0.80036	0.497334	0.786352	1.13352	0.7697	2.3123	0	0	0.076505	1.20109	0.789653	0.241285	0.05885	0.474632	0.570845	0.04708	0	0.871722	1.1281	1.17875	2.47851	2.24917	0.748466
ihec.chipseq.ihec-chipseq-containerv1.1.4.IHECRE00000242.3.60fb688a-cd94-4204-878d-aedbff00484b.fc.signal	0.374132	0.785216	0.893095	0.419522	0.404532	1.61888	1.81461	0.56519	0.0180187	0	0	0	0	0	0	0	0	0	0.115505	0.41559	0.389924	0.262618	0.12504	0	0	0	0	0	0	0	0	0	0	0	0	0.369231
ihec.chipseq.ihec-chipseq-containerv1.1.4.IHECRE00003838.5.15c4be13-1cb6-4f0a-9012-ac7bfa4a2475.fc.signal	0.609534	0.791117	0.197779	0.854238	1.13197	1.03098	0.307189	0.462887	1.11935	0.774284	0.643834	2.15453	1.59907	0.816365	1.72952	0.715371	1.5107	0.929983	0.677499	1.66639	0.180947	0	0.28194	0.98048	0.357686	1.10672	1.70072	3.07189	0.816365	0	0	0	0.185155	0.964531	0.677976	0.45
ihec.chipseq.ihec-chipseq-containerv1.1.4.IHECRE00003685.2.cb8ce07d-5bf2-4abf-a883-851526414fcb.fc.signal	0.051788	0.36566	0.125547	0.227558	0.323288	0.434714	0.018832	0.123721	0.49169	0.547576	0.31982	0.16615	0	0.303846	0.1946	0.233209	0.220889	0	0	0	0	0.0219707	0.434714	0.0455107	0	0	0.321357	0.139695	0	0	0	0	0	0.360108	0.371534	0.391304
ihec.chipseq.ihec-chipseq-containerv1.1.4.IHECRE00003829.4.8d269671-1194-421c-8d53-c81f23ee5f40.fc.signal	0	0	0	0.42171	2.73521	0.307584	0	0	0	1.69458	1.48864	0.471753	0	0	0	0	0	0	0	0	0	0	0	1.24054	2.00623	0	2.00317	1.66116	0	0	0	0	0	0	0	0.504
ihec.chipseq.ihec-chipseq-containerv1.1.4.IHECRE00003832.2.1f43525d-0a83-4caf-ad11-becd1d0bf5b9.fc.signal	0	0	0	0.159328	0.467107	1.15912	0.153853	0.225949	0.365069	0.722535	0.769187	0.843453	0.58008	0.33009	0.885242	0.253531	0.759172	1.38065	1.19211	0.219655	0	0	0	0	0	0	0	0.376411	0.091663	0	0.0816261	0.375228	0.105747	0.443632	1.41605	0.447059
ihec.chipseq.ihec-chipseq-containerv1.1.4.IHECRE00000734.3.6ccbc7fb-c4ab-455f-9ca2-ab402f33bf16.fc.signal	0.0705077	0	0	0.183787	0.210507	0.506624	1.10278	0.750043	1.24579	1.959	1.64741	0.630104	1.48166	0.97887	0.581577	1.14167	0.492122	1.03158	0.653357	0.860227	0.740982	0.548862	1.36388	1.14142	0.812844	0.795003	2.47822	0.592177	1.20245	0.950162	0.372347	0.563887	0.502783	0.771981	0.328774	0.391304
ihec.chipseq.ihec-chipseq-containerv1.1.4.IHECRE00001962.2.719bf6dc-a72b-46ff-9660-2f00ca7238e3.fc.signal	2.34874	3.21078	3.73351	2.68952	2.48873	3.29937	3.21233	2.17167	0.793688	1.12413	1.52606	2.15694	2.44633	2.71942	2.1559	2.18015	0.670309	1.41298	1.67683	1.89496	2.34278	2.21604	1.89908	1.39834	0.711566	0.882079	0.993822	0.543299	0.776888	1.16718	1.65034	1.37841	1.81099	3.182	1.57734	0.211155
ihec.chipseq.ihec-chipseq-containerv1.1.4.IHECRE00003819.1.15862055-4b77-42a2-9c80-a7361014730f.fc.signal	1.1872	1.92938	1.46157	1.56175	2.05677	2.6823	2.15804	1.56631	2.14764	2.42072	1.57207	2.42572	2.62357	1.22419	2.4054	2.13868	1.84964	2.04762	0.995414	0.394884	0.760264	0.78497	1.33587	0.85851	0.159141	0.211198	0.471934	0.601508	0.256956	0.248625	0.37566	1.05663	1.54435	1.11809	0.289035	0.333333
ihec.chipseq.ihec-chipseq-containerv1.1.4.IHECRE00003715.2.e8a2a442-a331-474b-9c0f-ad5c0953942a.fc.signal	1.81407	1.56055	0.480443	0.39648	0.514893	0.308731	0.764955	0.883434	0.96441	0.337993	0.151002	0.455309	0.236298	0.800263	1.00969	1.45856	1.45643	0.775806	0.815472	0.647204	0.180071	0.57024	0.220457	0.789826	0.801208	0.645252	0.918206	0.905162	0.648297	0.402597	0.391801	0.50172	0.68195	0.979176	0.896545	0.102564
ihec.chipseq.ihec-chipseq-containerv1.1.4.IHECRE00003826.4.93a8f270-5d77-4704-ada1-4b6b1a7c8853.fc.signal	2.10678	1.28574	1.94948	0.947604	0.82237	4.46668	1.76413	1.23641	0	0.433836	0.189266	0	0.169213	0.728781	1.29373	1.12479	0.999756	2.59518	1.34359	0.904402	0.0710446	1.89877	0.258498	0	0.334132	0.777907	0	0	0	0	0	0	1.69714	1.15548	0.790575	0.313953
ihec.chipseq.ihec-chipseq-containerv1.1.4.IHECRE00003694.3.61c30d06-38bd-4873-b3e9-1676bf3449d1.fc.signal	0.29603	0.105366	0.186896	0.134214	0.755239	0.3836	0.202087	0.5552	0.834673	0.778667	0.65065	0.253109	0.0176124	0.26373	0.007236	0.336523	0.127684	0	0.170415	0.476263	0.420161	0.129061	0	0	0.00250867	0.314844	0.185644	0.299793	0.222021	0.534041	0.332628	0.137189	0.434473	0.470274	0.339388	0.394444
ihec.chipseq.ihec-chipseq-containerv1.1.4.IHECRE00001915.1.f5573e79-d80d-470a-8d12-22719ef4a51e.fc.signal	0.872131	1.0185	0	0	0.023154	1.435	1.06165	0.82857	3.18373	3.05551	0.640377	0	0.0243952	1.81135	0.0548893	0.405565	1.80411	1.28709	0.0908186	0	0	0	0.25615	2.0492	1.47592	0	0	0	0	0	0	0.702869	2.39923	0.394768	0.649029	0.47619
ihec.chipseq.ihec-chipseq-containerv1.1.4.IHECRE00001966.2.f603ad07-1fa1-4eda-9e31-ea07130b3846.fc.signal	0.506322	0.357123	0.210269	0.0229877	0.292512	0.536222	0.707567	0.48729	0	0.671319	0.422916	0.160205	0.506982	0.75342	1.10988	1.00178	0.383598	0.0803997	0.0023696	0.436705	0.0634144	0	0	0	0	0.230805	0.393877	0.504269	0.344239	0	0.125705	0.613631	0.278048	0.241364	0.471047	0.314286
ihec.chipseq.ihec-chipseq-containerv1.1.4.IHECRE00003843.4.c2c52d4b-c9da-43f3-925f-8359bbb97ee0.fc.signal	0	0	0	0	0	0	0.855115	5.05329	0	0	0	0	0	0	0	0	0	0	0	0	0	0	0	0	0	0	0	0	0	0	0	0	1.46559	4.96165	2.57671	0.481707
ihec.chipseq.ihec-chipseq-containerv1.1.4.IHECRE00000330.2.a75633c9-8b06-42b2-a9c8-fdd55ba8ffe7.fc.signal	0.60121	0.920565	0.809927	1.16809	0.329321	0.24262	0.157156	0.310356	0.86911	1.60579	2.79521	1.12561	0.888113	0.913135	0.719934	0.994092	1.38954	2.75103	2.78856	1.4952	0.847453	0.556542	0.198983	0.206259	0.129528	0.0139076	0.251088	0.394172	0.188325	1.12698	1.25293	0.587301	2.72812	1.52535	0.726995	0.601533
ihec.chipseq.ihec-chipseq-containerv1.1.4.IHECRE00003827.1.2bef3df7-5fcc-4d31-9411-95e1295b79d5.fc.signal	0.494705	0.190265	0	0.221856	0.645287	0.976865	1.52775	1.22181	1.30658	1.5319	1.65578	1.57389	0.735432	0.524882	0.311661	0.343165	0.698783	0.932646	0.70656	0.642423	0.472997	0.0217577	0.013866	0.440631	0.301971	0.325081	0.94448	0.66249	0.257293	0.944234	1.28853	0.837743	1.11528	1.74627	1.69785	0.423645
ihec.chipseq.ihec-chipseq-containerv1.1.4.IHECRE00000147.3.e9b176a3-5494-49ee-8d08-7a11a1b815ff.fc.signal	0	0	0	0.488449	1.96916	0	0	0.0831124	2.07395	0.264469	0	0	0	0	0	0	0.0421964	1.1596	0.151992	0	0	0	0	0	0	0.247995	0.520448	0	3.06609	3.56265	0.0553007	2.40268	3.20801	0	0	0.458647
ihec.chipseq.ihec-chipseq-containerv1.1.4.IHECRE00003834.5.a2a75520-ec73-4bc1-be8b-d0657c5401cf.fc.signal	11.9669	11.1292	7.38509	4.72936	8.28746	14.3089	9.81042	5.30226	7.52264	10.9969	8.09919	11.2252	8.19544	6.59589	3.15877	1.3186	3.84199	8.15805	9.84494	4.02813	5.54351	6.84345	2.48956	5.97241	6.19827	2.06063	5.39655	3.15005	1.44412	3.2756	12.2863	11.1626	14.5451	19.9521	11.1217	0.4994
ihec.chipseq.ihec-chipseq-containerv1.1.4.IHECRE00004607.2.654f15ab-b67f-4220-9161-30be6d438771.fc.signal	0	0	0.191961	1.01052	0.656657	0.678853	0.742665	0.148774	0	0.273587	0.515719	0.284087	0.374596	0.563094	0.3762	0	0.159908	1.10134	0.931358	0.320959	0	0	0.733866	0.682641	0.523456	0.280801	1.02563	1.29083	0.120525	0.186482	0.594168	0.214821	0.530454	0.234205	0.49374	0.431535
ihec.chipseq.ihec-chipseq-containerv1.1.4.IHECRE00001964.2.194197dc-d3ad-4faf-839a-1e28c390e1c7.fc.signal	0.941326	0.877763	0.273986	0.502169	0.753971	1.36155	1.18398	1.24048	0.147556	0.4935	0.132461	0.65661	0.400932	0	0.328536	0.813933	0.708756	1.40223	1.46768	0.601753	0.0538574	0	0.0585071	0.832978	0.61521	0.801816	0.503434	0.118997	0.454637	0.0822447	0.0753476	0.543762	0.722381	0.503831	0.213666	0.350877
ihec.chipseq.ihec-chipseq-containerv1.1.4.IHECRE00004618.1.40df65f6-ad48-44fa-bfba-39b465419c5e.fc.signal	0.462678	0.72233	0.584815	0.065544	0.272926	0.806041	0.5717	0.175923	0	0.0659584	1.44066	1.1698	1.50297	0.425578	0	0.150665	0.736173	2.15269	0.763208	0.528724	0.391714	0.567817	0.17565	1.32816	0.501168	0.0187438	0.171501	0.388725	0.587681	0.756169	0.61405	0.249804	0.661241	0.77232	0.667989	0.508621
ihec.chipseq.ihec-chipseq-containerv1.1.4.IHECRE00001008.4.a169f921-cefd-41e3-aba6-62149b95f327.fc.signal	1.00028	0.747381	0.853083	0.547285	0.277394	1.03517	0.682205	0.221448	0.395944	0.885104	1.02842	0.929738	1.14712	0.791397	0.75223	0.564609	1.33772	0.836	1.30318	0.598506	1.11944	1.98414	0.302467	1.69279	0.682659	0.260406	0.232104	0.315133	0.0391607	0.22447	0.26671	0.262866	1.391	0.491072	1.05914	0.213953
ihec.chipseq.ihec-chipseq-containerv1.1.4.IHECRE00000238.3.b63d6dc1-6fc0-4b8d-9bff-172e3f638785.fc.signal	0.312251	0.204087	0.161242	0.238552	0.0970543	0.897653	1.1684	0.922421	0.396261	0	0	0.0292541	0.74731	0.805818	0.616996	0.890912	1.27121	1.15952	0.859829	1.11241	0.454879	0.307948	0.567217	0.390649	0	0	0	0	0	0	0	0.359028	2.10886	1.36158	0.26415	0.679612
ihec.chipseq.ihec-chipseq-containerv1.1.4.IHECRE00000243.3.6e43a1d4-827b-4226-ab35-bcd9e4427ba9.fc.signal	0	0.214279	0.403078	0.471233	0.420007	0.530147	0.742568	0.540247	0.084414	0	0	0	0.545874	0.813179	0.931358	0.841316	0.84413	0.329212	1.03827	2.32345	1.44698	1.2971	0.48468	0.016075	0	0	0	0	0	0	0	0	0	0	0	0.566667
ihec.chipseq.ihec-chipseq-containerv1.1.4.IHECRE00000775.1.672aeb75-b003-40bb-88b0-79458561e736.fc.signal	1.26531	2.08221	1.92318	0.43928	0.528047	1.00686	1.70854	0.777063	1.37035	0.994529	0.405274	0.389975	0.425057	0.529823	0.396672	0.852691	0.407703	1.19149	1.47654	0.780334	0.764675	1.78525	1.10878	0.733366	0.709146	1.19887	1.30238	0.0894382	0.447926	1.4932	1.06272	0.585501	0.269329	1.43704	1.04382	0.832
ihec.chipseq.ihec-chipseq-containerv1.1.4.IHECRE00001021.4.fe2297ab-7a22-4ba1-b2e8-9748d9ff6f48.fc.signal	1.20349	1.33713	0.307799	0	0.0334787	0.80575	1.31028	1.54459	0.850052	1.41677	0.515184	0.291442	0.123591	0.810521	1.03132	0.278249	0.41516	1.8644	0.993168	0.573755	0.598451	0.817373	0.824288	1.16428	0.31325	0.509283	0.408894	0.165002	0	0.42703	0.626295	0.262862	1.27996	0.666909	0.817408	0.333333
ihec.chipseq.ihec-chipseq-containerv1.1.4.IHECRE00000992.7.d770a09a-2cad-4524-8aaf-69b927e47c59.fc.signal	1.37269	0.79135	0.0239477	0.0913007	0.107765	0.288867	0.731122	0.130214	0.0823203	1.21982	1.65686	0.157155	0.582006	0.440032	0.890434	0.84837	0.860587	0.597386	0.706163	0.290055	0.47415	0.239473	0.607816	0.835433	0.508882	0	0	0	0.0563048	0.507332	0.924316	0.403086	0.842453	0.906138	0.613103	0.588235
ihec.chipseq.ihec-chipseq-containerv1.1.4.IHECRE00000112.3.82db9956-8c8a-45e2-94d6-753768151911.fc.signal	2.87166	5.10391	1.43651	1.80935	1.59708	6.85079	5.52572	1.63718	2.46802	6.31886	1.44711	1.84623	1.83077	2.65242	1.74976	2.59613	3.1046	3.6701	2.93025	1.72471	1.56224	0.931489	3.84595	1.21656	0.25066	1.80024	2.98042	2.85937	3.27556	4.9256	4.05126	2.91357	2.65902	5.29789	5.32945	0.582707
ihec.chipseq.ihec-chipseq-containerv1.1.4.IHECRE00000001.4.8e4a8d6c-26e0-4b8d-aa08-7875973212d4.fc.signal	0.74667	1.08596	0.340605	0	0.55787	1.37824	0.68666	0	0	1.94812	1.32298	0	0	0	0	0	0	0	0.34601	1.22945	0.862628	1.07466	0.32902	0	0	0	0	0	0	0	0	0	0	0	0	0.324786
ihec.chipseq.ihec-chipseq-containerv1.1.4.IHECRE00001955.3.e3f14527-a39d-40b4-9738-20c86afa593c.fc.signal	2.59971	0.946552	0.850883	1.45141	2.03181	1.55084	1.86011	1.85942	2.2954	3.07866	1.83944	2.27223	1.71407	1.15505	0.984959	0.955496	1.18493	1.23665	1.20195	1.24298	1.01688	1.15335	0.993201	0.782418	0.56906	0.348676	0.422834	0.414136	0.440064	1.11609	1.29825	0.586023	0.482015	0.717477	0.677552	0.295203
ihec.chipseq.ihec-chipseq-containerv1.1.4.IHECRE00001963.2.fedd976d-b28a-4be3-ac2b-5bf744440420.fc.signal	3.30164	3.9115	3.17857	2.50277	2.42706	3.13156	2.98812	1.97356	3.44159	2.46354	3.45687	3.68874	2.06469	1.74991	1.28674	1.37033	1.57297	1.81198	1.7737	2.8789	2.39809	2.20675	1.59805	1.65896	1.21365	0.757775	0.8233	0.416581	0.846842	2.42188	2.36951	2.24275	1.66778	0.634955	1.69439	0.22549
ihec.chipseq.ihec-chipseq-containerv1.1.4.IHECRE00000236.3.2c1c8672-6452-4ab8-881a-a766bd324041.fc.signal	0.84534	0.44722	0.0956801	0.00333527	0.203825	0.751125	0.806774	0.433003	0.204182	0.386353	0.375544	0.0189084	0	0	0.445764	0.648406	0.364707	0.162072	0.326155	0.838178	1.16603	0.845692	0.341961	0.0389439	0	0	0	0	0	0	0	0	0	0	0	0.44686
ihec.chipseq.ihec-chipseq-containerv1.1.4.IHECRE00003813.1.0652445e-a604-4bf6-a647-b7142178f30a.fc.signal	1.16426	0.592572	0.170028	0.814555	1.59525	1.14466	1.54552	1.42343	1.1247	0.679	0.722605	0.740309	1.39292	1.64163	0.913174	0.983431	1.22181	1.40841	1.32342	1.18075	0.90742	0.742614	0.696719	0.628654	0.459413	0.781277	0.574415	0.331819	0.745026	0.420237	0.109958	0.438965	0.386067	0.57818	0.623652	0.192308
ihec.chipseq.ihec-chipseq-containerv1.1.4.IHECRE00000235.3.077c5772-92ce-4a32-a06f-48c1b9a6f571.fc.signal	0.555715	0.913579	1.05685	0.70775	0.412534	2.33607	1.90407	0.133031	0	0.0241836	0.369555	0.318482	0	0	0	0	0	0	0.0334725	1.17124	1.59189	1.25431	0.530575	0.132037	0	0	0	0	0	0	0	0	0	0	0	0.340909
ihec.chipseq.ihec-chipseq-containerv1.1.4.IHECRE00000233.3.c81f88e2-7199-4952-a0ac-fbf221a68e22.fc.signal	1.27323	1.03522	1.86551	1.61464	0.113376	1.35105	2.27984	0.737203	0	0	0	0	0	0	0	0.299975	0.493697	0.3543	0.386881	2.65418	2.61267	1.25017	0.374531	0	0	0	0	0	0	0	0	0	0	0	0	0.392157
ihec.chipseq.ihec-chipseq-containerv1.1.4.IHECRE00000230.3.93bed2a7-7118-417a-9bcf-494520ff91da.fc.signal	0.672593	0.409898	0.568088	1.27296	0.540642	1.2654	1.80223	0.96434	0.102648	0	0	0	0	0.0324613	0.229861	0.416821	0.515948	0.862367	0.470535	0.53332	0.483552	0.568646	0.59487	0.0274414	0	0	0	0	0	0	0.083895	0.470327	0.976618	0.723903	0.155637	0.296422
ihec.chipseq.ihec-chipseq-containerv1.1.4.IHECRE00001888.4.5d335139-80db-490f-af5c-5cf1e8a1a3de.fc.signal	0.768847	0	0.37017	0.694706	1.58234	0.449011	0	0	0	0	0.0299156	0.605223	0.510122	0.579201	0.889583	0.582246	0.628785	0.0351367	0	0	0	0	0	0.0388346	0.83217	0.183077	1.02667	1.04885	0	0.713289	0.83217	0.267232	0	0.224878	0.355167	0.136986
ihec.chipseq.ihec-chipseq-containerv1.1.4.IHECRE00000225.3.d3516206-786f-4b11-864f-1792d77e2a36.fc.signal	0.348985	0.642795	0.491134	0.422136	0.610998	1.22298	1.06561	1.24507	0.343513	0	0.307069	0.640758	0.448697	0.0616961	0.281832	0.668805	1.22123	1.24374	0.623706	0.643784	0.542513	0.504927	0.375747	0.597944	0.464282	0.42066	0.0392563	0	0	0	0	0	0.250955	1.17075	0.767386	0.114537
ihec.chipseq.ihec-chipseq-containerv1.1.4.IHECRE00001921.1.dcad099b-2714-4a20-92d0-2cd9bce288ab.fc.signal	0.293857	0.665042	0.471717	0	0	0	0.548922	0.42017	0.143755	0.393065	0	0.150001	0.481562	0.463465	0.79685	0.174218	0.781523	0.350059	0	1.08266	1.72718	0	0	0.433052	0.854499	0.143062	0	0	0	0	0.594477	1.417	1.14822	1.00636	2.29995	0.266234
ihec.chipseq.ihec-chipseq-containerv1.1.4.IHECRE00000980.8.339aed23-3831-43ff-b152-c5545f91df38.fc.signal	0	0	0	0	0	1.5816	0.457165	1.0928	0.876518	0.743077	0	0	0	0	0	0.283555	0.92687	0	0	0	1.64663	0.111009	0	0	0	0	0	0	0	0	0	0	0	0	0	0.614865
ihec.chipseq.ihec-chipseq-containerv1.1.4.IHECRE00003691.3.e70a956a-e876-473f-ae67-333f104e486a.fc.signal	0	0	0.1419	0.544096	0.26024	0.520485	0.453845	0.107589	0.488632	0.685221	0.443499	0.318127	1.04412	0.868539	0.525206	0.191349	1.22175	0.65724	0.578317	0.780883	0.162941	0	0	0	0	0	0.312264	0.152962	0.0713706	0.313176	0.329563	0.31199	0.259088	0.356662	0.426988	0.385281
ihec.chipseq.ihec-chipseq-containerv1.1.4.IHECRE00003810.1.c695043f-867f-4d87-b518-a1edfe717a8b.fc.signal	0.98083	0.312129	0.229905	0.424985	0.341719	0.592268	0.768435	1.41948	0.970351	0.493314	0.754968	0.758586	0.601349	0.748871	0.716507	1.03081	1.59162	1.24496	1.12362	1.08411	0.48616	0.592532	0.481455	0.373382	0.27588	0.26827	0.470613	0.668962	0.427816	0.5805	0.360681	0.410243	0.815992	0.992777	1.04977	0.266667
ihec.chipseq.ihec-chipseq-containerv1.1.4.IHECRE00001907.1.87217a77-af17-4375-b2cb-d5433d7630b0.fc.signal	0.0685667	0.516677	0.229971	0.963113	0.753127	0.626001	0.682551	0.548192	0.460047	0.164106	0.358804	0.196884	0.44293	0.373025	0.0047864	0.360179	0.0961685	0.494211	0.590634	0.0467362	0.49749	0.727854	0.138492	0.00673533	0.236747	0.395188	0	0	0.433756	0.527249	0.746522	0.76408	0.515305	0.644352	0.291224	0.286957
ihec.chipseq.ihec-chipseq-containerv1.1.4.IHECRE00000222.3.752eff28-f561-4493-9961-9376765e5593.fc.signal	0.473169	1.4908	1.35888	0.540171	0.313967	0.446497	0.587038	0.638769	0.0805485	0	0	0	0	0.125436	0.732769	0.734094	0.81992	0.96253	0.322169	0.0229967	0.57145	1.51552	1.66099	0.225781	0	0	0	0	0	0	0	0	0	0	0	0.417411
ihec.chipseq.ihec-chipseq-containerv1.1.4.IHECRE00001016.4.25a9e821-dfde-4c33-9022-9cf883133012.fc.signal	1.5335	1.52301	0.749992	1.39943	0.67035	0.333057	1.01816	1.59009	0.972053	0.823817	0.936444	0.481843	0.861041	0.503919	1.29	1.58019	0.98166	1.39543	1.98897	1.6769	1.24827	0	0	0.290965	0.400154	0.0670272	0.624343	0.345632	0.322617	1.49936	1.79514	0.685373	0.653735	0.902348	0.494729	0.286713
ihec.chipseq.ihec-chipseq-containerv1.1.4.IHECRE00000231.3.9f5b0463-4f76-4b11-9c3e-298af7f4a26f.fc.signal	0.29713	0.762812	0.60839	0.239311	0.242637	3.26417	3.68622	0.848325	0	0.331962	0.62243	0.124486	0	0.0269715	0.361005	0.512466	0.178427	0	0	0.0997933	0.729325	0.807826	0.346398	0.0106427	0	0	0	0	0	0	0	0	0	0	0	0.493274
ihec.chipseq.ihec-chipseq-containerv1.1.4.IHECRE00001236.5.94801060-fc98-4727-a392-ae741c9cf8fc.fc.signal	0	0	0	0	0	1.18894	1.92985	0	0	1.2569	0.937833	0.148293	0	0.0428712	0.602766	0.39706	0.35619	0.927762	0.826264	0	0.859135	1.62989	0.94062	0.716447	0.0984627	0	0	0	0.0407432	0.851347	1.78272	0.308421	0.355846	0.785943	0.0550846	0.352113
