	chr8:28497433-28497582	chr8:28497583-28497732	chr8:28497733-28497882	chr8:28497883-28498032	chr8:28498033-28498182	chr8:28498183-28498332	chr8:28498333-28498482	chr8:28498483-28498632	chr8:28498633-28498782	chr8:28498783-28498932	chr8:28498933-28499082	chr8:28499083-28499232	chr8:28499233-28499382	chr8:28499383-28499532	chr8:28499533-28499682	chr8:28499683-28499832	chr8:28499833-28499982	chr8:28499983-28500132	chr8:28500133-28500282	chr8:28500283-28500432	chr8:28500433-28500582	chr8:28500583-28500732	chr8:28500733-28500882	chr8:28500883-28501032	chr8:28501033-28501182	chr8:28501183-28501332	chr8:28501333-28501482	chr8:28501483-28501632	chr8:28501633-28501782	chr8:28501783-28501932	chr8:28501933-28502082	chr8:28502083-28502232	chr8:28502233-28502382	chr8:28502383-28502478	Expression
ihec.chipseq.ihec-chipseq-containerv1.1.4.IHECRE00004888.1.fd25c27d-77c4-4595-b48c-e5f0d2d321a9.fc.signal	0.231932	0.401971	0.735266	1.2189	0.552345	0.546356	0.932869	0.522082	1.41803	0.169658	0.314482	0.750165	0.304749	0.175792	0.792075	0.61244	0.282465	0.191847	0.497044	0.593629	0.453859	0.536226	1.4329	1.05189	0.200452	0.780879	0.621643	0.739409	0.849336	0.460015	0.756014	0.0964858	0.932433	0.945634	0.467742
ihec.chipseq.ihec-chipseq-containerv1.1.4.IHECRE00003690.3.bb55a212-99c2-4448-84cc-6786b9df2691.fc.signal	1.34095	0.641555	1.49346	0.296731	0.7727	1.57841	1.27126	0.762529	0.676252	0.420901	0.707952	0.211239	0	0	0.159441	0.32815	0.864806	2.86087	3.42886	5.73691	1.27811	0.555717	0.978185	0.270676	1.0161	2.07503	4.91886	2.15254	2.06215	0.804884	0.178227	1.21643	0.332729	0.965164	0.415515
ihec.chipseq.ihec-chipseq-containerv1.1.4.IHECRE00000987.6.289adc7a-9e11-437f-b6f6-57bfdeddcb3b.fc.signal	0.58201	0.117708	0.424475	0.075712	0	0.309781	0.236703	0.395091	0.301439	0.900324	0.38461	0.436194	0.50434	0.142665	0	0.41391	0.194018	0	0.223883	0.374626	0	0	0	0	0	0.0792881	0.531907	0.500342	0	0	0.213827	1.36494	0.472337	0.541874	0.583333
ihec.chipseq.ihec-chipseq-containerv1.1.4.IHECRE00000949.6.e11d45c2-991c-46e2-8d13-bb1e23aff42f.fc.signal	0	0.0694189	0.622056	0.246644	0	0	0	0	0	0	0.672902	1.13831	0.1174	0	0	0.223789	0.339481	0.014629	0.114016	0.592851	1.09975	0.18027	0	0.477223	0.625664	0.0936845	0.584777	0.798939	0.888775	0.664477	0.107697	0	0.279119	0.963324	0.464865
ihec.chipseq.ihec-chipseq-containerv1.1.4.IHECRE00001375.1.70472333-cf93-4f75-9795-a7c0cfbd4b2b.fc.signal	0.162084	0	0.257725	0.759716	0.333431	0.426013	0.302341	0.192511	0.268772	0.262645	0.171715	0.0418443	0.361145	0.49614	0.299607	0	0	0.390767	1.84185	0.477723	0.456982	0.978339	1.12325	0.302676	0.802488	1.08026	0.347724	0.316298	0.588548	0.375761	0.414823	0.294561	0.51471	2.17207	0.632546
ihec.chipseq.ihec-chipseq-containerv1.1.4.IHECRE00000193.3.aa854cbd-228f-48b3-bc4a-7a1e57daf907.fc.signal	0	0	0	0	0	0	0	0	0	0	0.687345	0.254855	0	0.709233	0.592662	1.24766	1.08664	1.45891	1.18049	0.0819216	0	0.545491	0.626666	0	0	0.937357	0.259418	0	0.840166	0.570301	1.32142	0.902924	0	0	0.440299
ihec.chipseq.ihec-chipseq-containerv1.1.4.IHECRE00001546.1.967ca253-1932-4175-8466-de89b0808edb.fc.signal	0	0	0.157953	0.665509	0	0	0	0	0	0.359002	0.538228	0	0	0	0	0	0	0	0	0	0	0	0	0	0	0	0	0	0	0	0.02	0.761248	0.143636	0	0.389671
ihec.chipseq.ihec-chipseq-containerv1.1.4.IHECRE00004605.1.ca94bee3-450c-404f-8e72-f443f0a32f9b.fc.signal	0.0349349	0.87812	1.39467	1.78424	1.69804	0.755585	0.923342	0.778443	1.24429	0.651767	0.693498	0.342332	0.32677	0.549314	0.897537	1.25871	1.71517	2.10664	2.93323	2.2519	0.917445	1.39553	0.91745	0.609367	1.36538	2.28023	1.44663	1.91847	1.87271	1.86853	1.92296	3.30867	3.43047	7.46801	0.499369
ihec.chipseq.ihec-chipseq-containerv1.1.4.IHECRE00001893.4.1ce16d7a-b11b-4cc6-9954-df2d097852d0.fc.signal	0.775203	0	0	0	0	0	0	0	1.02422	0.59234	0	0	0	0.262075	0.768274	0	0	0.898371	1.77469	0	0	0	0	0	0	0	1.25741	1.66547	2.04868	0.323995	0	0	0	0	0.87
ihec.chipseq.ihec-chipseq-containerv1.1.4.IHECRE00000237.3.a5cd5780-31d9-4de0-9c6f-91eeeabb1306.fc.signal	0	0.360683	1.55943	0.879294	0	0	0.0071776	0.549103	1.06913	0.764423	0.170166	0	0	0	0	0	0	0	0	0	0	0.0351303	0.298896	0.50678	0.493208	0.185758	0	0	0	0	0	0	0	0	0.528302
ihec.chipseq.ihec-chipseq-containerv1.1.4.IHECRE00000224.3.98331644-3ccd-45b3-bad7-e0e81208e171.fc.signal	0	0.273403	1.26987	0.93673	0.439254	0.128461	0	0.247989	0.745369	1.16057	0.7977	0.167298	0	0	0	0	0	0	0	0	0	0.172105	0.93474	1.67141	0.85289	0.22406	0.00597493	0	0	0	0	0	0	0	0.443787
ihec.chipseq.ihec-chipseq-containerv1.1.4.IHECRE00001892.4.1a48d1e3-a2d4-434f-8cee-d284ec0da60a.fc.signal	1.62979	0.104615	2.26345	1.35784	0.133855	0	0	0.189454	0.981172	0.0723647	0	0	0	0.645054	0.789945	0.770591	0	0.70196	1.62411	0.137128	0.0162496	1.58317	1.6813	0.508224	1.57533	0.907338	1.46838	2.19394	1.96205	1.06426	0	0.161369	1.06145	0.188891	0.516667
ihec.chipseq.ihec-chipseq-containerv1.1.4.IHECRE00000228.3.8bd2a4a9-ace6-4e3a-b0aa-9993e4990638.fc.signal	0	0.299122	1.39699	1.11102	0.41417	0	0	0.00107167	1.09408	1.94641	0.537252	0	0	0	0	0	0	0	0	0	0	0.375048	0.612989	0.356213	0.314919	0.00107167	0	0	0	0	0	0	0	0	0
ihec.chipseq.ihec-chipseq-containerv1.1.4.IHECRE00004610.2.100e7289-c631-4bb0-9eef-015950828bf4.fc.signal	0.6018	0.589824	0.7931	0.451687	0.0567987	0	0.578747	0.224177	0.703259	0.522334	0.234473	2.88491	0.0827266	0.944677	0.256184	0.688963	0.832859	0.679701	0.622504	0.853428	0.489104	0.252811	0	0.234837	0.165453	0.912655	0.774114	1.18098	1.47847	1.92153	0.360291	0.637866	1.00343	4.14948	0.187565
ihec.chipseq.ihec-chipseq-containerv1.1.4.IHECRE00001990.1.14fdd58f-89fa-40e4-a658-f79765679f58.fc.signal	2.10536	2.34539	3.57635	1.85372	1.86522	1.43542	1.41275	0.609364	1.97594	2.43596	1.93175	0.367243	0	0.374249	2.24508	0.685179	0.949096	1.52068	1.20679	1.47275	0.861178	0.043152	0.571137	0.477096	2.38648	1.43507	0.539709	0.774004	2.08372	0.329123	0.297222	0.882769	0.712432	0	0.56797
ihec.chipseq.ihec-chipseq-containerv1.1.4.IHECRE00000234.3.004bcd0c-68a8-42c5-b5aa-454db7d061e9.fc.signal	0	0.619738	1.92718	1.22486	0.105532	0	0.0585125	1.05176	2.16479	1.98733	1.06649	0.181848	0	0	0	0	0	0	0	0	0.111467	0.375833	0.264471	0.0715499	0.0542575	0.121915	0.124934	0	0	0	0	0	0	0	0.212121
ihec.chipseq.ihec-chipseq-containerv1.1.4.IHECRE00000665.1.5571d7d7-4894-4e51-8082-c8a874cb2438.fc.signal	0.017818	0	0.145003	0.170534	0.214944	0.491434	0.0498027	0.174928	0.373439	0.226509	0.267715	0.0770261	0	0.0100078	0.234239	0.0522214	0	0.0704702	0.455606	0.0983373	0.0982911	0.264584	0.173483	0	0	0	0.0549871	0.52767	0.34195	0.0186516	0	0.0409343	0.33289	0.424202	0.548387
ihec.chipseq.ihec-chipseq-containerv1.1.4.IHECRE00003816.1.3579346a-a108-4e99-ba8a-c53f4809c6bb.fc.signal	0.403083	0.875898	1.09111	0.265936	0.313748	0.660633	0.0333528	0	0.0384597	0.503979	0.997054	0.385196	0.405399	0.466376	0.313177	0	0.401552	0.532643	0.865766	0.572593	0.004139	0.320076	0.190391	0	0.00748487	1.16916	1.51064	0.0707775	0.446647	0.597523	1.05558	0.720305	0.689943	0	0.13587
ihec.chipseq.ihec-chipseq-containerv1.1.4.IHECRE00003676.3.edac7fd7-5249-4224-ba52-76d331cfbbb5.fc.signal	1.90391	2.48612	2.6639	1.96518	2.95306	1.05084	4.07721	2.5722	3.1533	2.202	3.74933	2.08136	1.8838	2.81595	2.43557	1.782	3.24224	1.92458	3.5579	2.40882	3.00769	1.82292	2.53381	1.51519	1.56164	2.48931	4.26968	1.65275	4.10483	4.21771	3.51917	4.0446	1.29482	1.84886	0.855491
ihec.chipseq.ihec-chipseq-containerv1.1.4.IHECRE00003688.3.0aa4929d-9f0e-4abf-945b-21dad34e75e4.fc.signal	3.12325	3.41824	0.318711	0.82578	0.481069	0.248278	0.915878	0.342162	1.18825	1.03153	0.811334	0	0	0	0.317504	0.221297	0	0	0.521892	0.576898	0.407946	0.56571	0.748619	1.4072	0.62316	0.393279	1.20148	0.769126	0.508053	0	0.14051	0.966007	0.509945	0.511119	0.104433
ihec.chipseq.ihec-chipseq-containerv1.1.4.IHECRE00001965.2.b75058ba-d142-4ae0-9acf-08c2d019a7dc.fc.signal	0.341541	0.384852	0.310115	0.263127	0.364665	0.501872	0.706309	0.168717	0.378824	0	0.440776	0.464325	0.423247	0.0488371	0	0.399851	1.328	0.728736	0.221479	0.531765	0.569368	0.608178	0.74118	0.0965316	1.23709	0.470308	0.0224345	0	0	0.0813106	0.79734	0.556827	0.244396	0.203489	0.37884
ihec.chipseq.ihec-chipseq-containerv1.1.4.IHECRE00001232.5.c85debd1-3d92-448f-90c2-50b50f17d029.fc.signal	0.244029	0.243295	0.914618	0.508369	0	0	0.35308	0.287896	1.10222	0.556549	0.180122	0	0	0	0	0	0	0	0	0.177168	0.307813	0	0.555875	0.932493	0.45126	0.678119	0.506869	0.417796	0.0452667	0	0	0	0	0	0.255875
ihec.chipseq.ihec-chipseq-containerv1.1.4.IHECRE00000194.3.b1e4c4c4-c6d4-40c1-a695-e34b416693ed.fc.signal	0.972153	0.630559	1.24885	0.248403	0	0	0	0	0.770948	0.256372	1.09127	1.83634	0.764645	0.934772	0.614722	1.19791	0.167426	1.52165	0.751157	0	0.26351	0.685111	0	0	0	0.357417	1.46373	1.21923	0.437739	0.58034	1.93553	1.12574	0	0.129655	0.594059
ihec.chipseq.ihec-chipseq-containerv1.1.4.IHECRE00001952.2.52215347-885a-4412-918b-b787711b8d37.fc.signal	1.25195	1.23985	1.30212	1.3965	0.146149	1.06396	0.981362	0.300463	0.576981	0.865938	0.0541961	0.338575	0.191809	0	0.0686573	0.430908	0	0.19887	0.673956	0.254475	1.00941	2.43782	1.08728	0.959186	0.790382	1.44856	0.906184	0.882864	0.993907	0.855404	1.1645	1.46838	0.276627	0.440022	0.337615
ihec.chipseq.ihec-chipseq-containerv1.1.4.IHECRE00000886.3.656fbaec-dfab-4967-84ac-8cd7cc42a743.fc.signal	0.839244	0.415134	0.865267	0.701624	0.0332852	0	0	0.342176	2.52056	1.64338	0.373407	0.405	1.16787	1.15346	0.816074	0.119093	0.340828	0.481361	0.328701	1.06248	1.4914	0.626812	0	0.18204	0.369383	0.436999	0.630858	1.15054	0.953816	0.50102	1.34555	1.18106	0.451742	0.405931	0.207207
ihec.chipseq.ihec-chipseq-containerv1.1.4.IHECRE00000188.3.deb161f9-8c5a-42cb-af84-131a7fc1593f.fc.signal	0.687578	1.25905	1.69717	1.25487	0.353489	1.11684	0.537167	0.516088	0.671091	0.748548	0.484626	0.831058	0.311659	0	0	0.248635	1.12985	1.24397	0.561879	1.5879	0.951005	0.703758	0.194118	0.596214	1.07595	1.38059	2.58115	1.40982	1.95441	0.831607	0.308658	0.3904	0.343125	0.399136	0.462893
ihec.chipseq.ihec-chipseq-containerv1.1.4.IHECRE00003716.2.bdafba4d-384d-4886-a6c9-d1ddd966b153.fc.signal	0.340096	0.693893	0.70203	0.763081	0.853852	0.176935	0	0	0.307113	0.729642	0.148008	0.0476518	0.290973	0.19336	0.15441	0.246053	0.321935	0.719321	1.05487	0.342104	0	0.232609	0.131481	0.249383	1.38564	0.624629	0.130226	0.765549	0.565852	0.135017	0.467709	0.338421	0.091619	0.309188	0.453488
ihec.chipseq.ihec-chipseq-containerv1.1.4.IHECRE00000153.3.4632c7b2-2ae2-40a1-bd27-50236900252a.fc.signal	1.59798	0.59922	0.808396	2.87166	1.52713	0	0	0	0.895307	0.587929	1.75374	1.78348	1.53341	1.14416	1.45714	1.34712	0.626466	0.247339	0	0	0	0	1.38621	0.914301	0	0	0	0	0.25734	1.33237	0.829941	0.26874	0	0	0.4371
ihec.chipseq.ihec-chipseq-containerv1.1.4.IHECRE00003684.3.b5459224-ca8f-46dd-880a-e16781c88032.fc.signal	0.9615	0.450317	0.449426	0.236236	1.15362	0.782518	0.109682	0.153974	0.457704	0.288965	0.322713	0.30373	0.307948	0.185095	0.346987	0.0991347	0.590208	0.900635	0.0211973	0	0	0	0.248891	0.36279	0.520982	0.0906981	0	0.351766	0.45821	0.381407	0.141321	0	0	0.0329573	0.444444
ihec.chipseq.ihec-chipseq-containerv1.1.4.IHECRE00000974.7.9dac3370-6335-4df0-bea0-9e684edfa350.fc.signal	1.17859	1.02915	1.13638	0.711876	0.714903	1.02033	1.6542	0.916087	1.00262	0.872606	0.401512	0	0	0	0.428446	0.199076	0	0.381851	0.349949	0.365738	0	0	0	1.28084	1.22892	0.761585	0.408481	0.311664	0.89082	0	0.0908824	0.524698	0	0	0.600962
ihec.chipseq.ihec-chipseq-containerv1.1.4.IHECRE00001852.4.e1095ee8-c1a0-47db-b726-788ab3dbb842.fc.signal	0.652386	0.677173	0.705876	0.839399	0.887954	0.669286	0.645751	0.448621	0.473731	0.394692	0.415202	0.332234	0.811167	0.938677	0.76726	0.435877	0.647069	0.676922	0.573828	0.99996	0.706727	0.37116	0.129104	0.0949115	0.628483	0.51951	0.166219	0.496166	0.440586	0.531695	0.438384	0.375639	0.301883	0.357645	0.251773
ihec.chipseq.ihec-chipseq-containerv1.1.4.IHECRE00003693.3.f2b1cfa1-231f-48d8-af6a-ed3f48905f6f.fc.signal	0.415027	0.669854	0.348665	0.867452	1.20779	0.825553	0.894013	0.73234	0.352978	0.806145	1.07138	0.377621	0.316093	2.15841	1.2644	1.59375	1.74577	1.53224	2.11602	2.62221	0.95263	1.16426	1.52329	0.535657	1.23182	2.13668	1.20739	0.879332	0.99031	1.25824	0.806841	0.790304	0.67724	0.303493	0.5033
ihec.chipseq.ihec-chipseq-containerv1.1.4.IHECRE00000223.3.555de7dc-c653-4909-9c33-caf14688e0ce.fc.signal	0	0.534188	1.52676	1.08092	0.276413	0	0.454743	0.728928	1.22325	1.74858	0.61085	0	0	0	0	0	0	0	0	0	0.0757905	0.920028	1.43081	0.98265	0.549403	0.459961	0.0156039	0	0	0	0	0	0	0	0
ihec.chipseq.ihec-chipseq-containerv1.1.4.IHECRE00001914.1.d83c61fb-c563-40ff-afb5-9fc097a52b75.fc.signal	0.163081	0.0817123	0.90262	0.147822	0.96194	1.05383	0	0	0.0689549	1.34338	1.21033	0.453294	0	0	0.536358	0.431965	0.361488	0.45452	0	0.691804	0.188012	0.257174	1.72929	0.466803	1.05017	0.421516	1.78654	0.247001	0	0.0330149	1.76646	3.22328	0.87716	0	0.370629
ihec.chipseq.ihec-chipseq-containerv1.1.4.IHECRE00001447.1.93be3d5e-de27-4323-a7cc-c9b7ee0319de.fc.signal	2.41774	2.29171	4.35511	1.19515	0.854992	1.20557	0.613423	0.422735	1.00808	0.491504	0.457721	0.532545	0.0315523	0.807542	0.964236	0.0845932	0.505687	1.10752	0.883559	1.32079	0.222282	0.837479	0.674749	0.382304	0.634388	0.732819	0.814486	0.463539	0.0955813	0.655813	0.644492	0.346353	0.342117	0.688327	0.298622
ihec.chipseq.ihec-chipseq-containerv1.1.4.IHECRE00001549.1.f6d26e48-e432-43c5-8ad8-8ec3b14cf9c0.fc.signal	2.18955	3.0743	2.79658	1.84878	1.90819	1.44396	1.84563	1.12112	0.514006	1.21569	1.2539	0.550531	1.71853	1.84902	0.490084	1.88448	0.85434	1.49726	1.5614	0.734904	0.71534	1.46935	0.817835	0.588717	1.0884	0.745774	1.58464	1.11701	0.266171	0.717715	1.06291	0.295948	0.156741	0.487284	0.647059
ihec.chipseq.ihec-chipseq-containerv1.1.4.IHECRE00001039.6.a3034dad-cf3f-4b0e-b7ac-4dfa7b52d765.fc.signal	15.8819	21.9893	18.1311	25.7324	21.9682	10.1197	10.12	3.79435	3.16559	4.99646	4.90205	1.58336	0.680704	2.84088	4.50401	0.881891	1.03701	2.4634	2.40434	1.45653	0.854588	0.627415	1.07233	0.194294	1.56997	2.86631	2.0305	1.63405	1.77136	0.656504	1.36577	2.73412	0.845999	0.566281	0.555556
ihec.chipseq.ihec-chipseq-containerv1.1.4.IHECRE00003828.3.9b92fd9a-9859-4ffd-96f8-490b60d6c4db.fc.signal	0	0.472709	0.209223	0.294777	2.54537	1.52611	1.20934	1.36169	1.83864	0.30031	2.00855	1.10902	0.655095	0.841013	1.33967	0.768126	0.0738915	1.49845	0.560069	2.67832	2.39066	1.55162	0.627112	0	0.732747	1.28507	0.755172	0.629173	0.580163	0.121838	0.530386	0.851771	0.588993	0.884576	0.564327
ihec.chipseq.ihec-chipseq-containerv1.1.4.IHECRE00000341.2.ae820aec-dd3a-42d0-a6fa-3860a5d53528.fc.signal	0.0220967	0.424081	0.016573	0	0	0	0	0	1.38325	0.909571	0.653019	0.493977	0	0.394442	1.12619	0.855467	0.719532	0.771892	0.563602	0.308631	0.547548	0.635282	0.75921	0.476093	0.975425	2.06385	0.606133	1.18026	0.65243	0	2.00448	1.66028	0	0	0.635514
ihec.chipseq.ihec-chipseq-containerv1.1.4.IHECRE00004635.3.13102329-ee3d-4773-b2d1-9ab40cd17100.fc.signal	0.00187907	0.114708	0.216336	0.435532	0.321859	0.175159	0.248015	0.235999	0.230574	0.172291	0.441017	0.636604	0.578249	0.240584	0.571052	0.676728	0.497024	0.543534	0.358528	0.454187	0.295802	0.562098	0.385207	0	0.323822	0.767616	0.609327	0.240274	0.409559	0.884929	0.942482	1.20895	1.19691	0.841401	0.217553
ihec.chipseq.ihec-chipseq-containerv1.1.4.IHECRE00001889.4.440b0def-8afc-49ae-ab48-eb6e55baaba4.fc.signal	0.979334	1.11505	3.28629	1.26132	1.22789	0.533637	1.01231	0.294383	0.70242	1.40696	1.41425	0	0.484133	0.674435	0.970359	1.75623	1.57825	1.14887	1.5719	1.42255	0.643822	0.500262	0.656403	0.225502	0.407765	1.35452	1.453	1.40091	1.08431	0.371918	1.15272	0.802226	0.928222	0.660811	0.312183
ihec.chipseq.ihec-chipseq-containerv1.1.4.IHECRE00001517.1.def76da7-e51f-466f-a75e-d4cb918f9d1a.fc.signal	0	0.0870417	0.876635	0	0	0.0994763	0.8642	0.621727	0.34195	0	0	0	0	0	0	0	0.467096	0.906141	2.1764	0.3214	0.671465	0.0808245	0.882852	0	0	0.621727	0.34195	0	0.13678	0.716537	0	0	0	0	0.328358
ihec.chipseq.ihec-chipseq-containerv1.1.4.IHECRE00001044.7.93646603-f0c6-4b5c-9750-3c77b569d934.fc.signal	0.0246982	0	0.304979	0.787691	0.756584	0.344218	0.323774	1.09692	1.95596	1.90872	0.7407	0	0	0	0	0	0	0	0	0.280973	0.239507	0.0870477	0.833032	0.436446	0.24892	0.792541	0.371979	0.592738	0.500392	0.420888	0.106248	0.0194307	0.437314	0.341511	0.289954
ihec.chipseq.ihec-chipseq-containerv1.1.4.IHECRE00001235.5.b69b018c-be0b-42b3-9bd0-adb684b6c71f.fc.signal	0.526296	1.16677	1.36158	1.4641	0.245526	0	0	0	0.34722	1.2052	1.76578	0.490945	0	0	0	0	0	0	0	0.672118	0.0584489	0	0	0.300997	1.7569	1.05941	0.405931	0.0964358	0.957201	0.403302	0.651703	0.809526	0	0	0.526946
ihec.chipseq.ihec-chipseq-containerv1.1.4.IHECRE00004900.1.b52b6048-f5e8-441d-8082-83c6ea7d797d.fc.signal	0.899889	0.447726	0.25711	0.744738	0.741141	0.622732	0.289405	0.375401	1.06119	0.622911	0.834884	0.15072	0.241058	0.371712	0.358	0.324997	0.0129138	0.306345	0.616062	1.56912	0.482302	0.248244	0.447796	0	0	0	0	0.141049	0.741552	0.659611	0.283708	0.435526	0.563903	0	0.310345
ihec.chipseq.ihec-chipseq-containerv1.1.4.IHECRE00003842.2.aaff33ab-ed7b-4de9-8003-f28b910ee10b.fc.signal	2.24797	1.02653	1.59837	0.852348	0	0	0.837924	2.18117	0.779757	0.485822	0	0.412121	1.15788	0.0494953	0	0	0.189938	1.04233	1.6738	0.517309	0.36714	0.394257	0	0.167812	0.501789	0.0519917	0.64418	2.0876	0.294811	0	0.492998	0.376312	0	0	0.776398
ihec.chipseq.ihec-chipseq-containerv1.1.4.IHECRE00003806.1.2dfc8185-75fc-483f-9a76-86d609a673b1.fc.signal	0.429178	0.459186	0	0	0.114597	0.342111	0.283226	0.233941	0.019201	0.042647	0.288248	0.208696	0.443971	0.454104	0.453026	0.577242	0.574708	0.518446	0.485627	0.354633	0	0	0.0820085	0.336255	0.112323	0.242493	0.442688	0.349775	0.163787	0.541684	1.3467	1.10919	0.354178	0.117124	0.165563
ihec.chipseq.ihec-chipseq-containerv1.1.4.IHECRE00003686.3.867f20aa-cd84-4630-be8b-4d90cccd43d7.fc.signal	0.936669	0.515553	0.485577	0.0104404	0	0	0.247047	0.26889	0.282654	0	0.386394	0.0191165	0.303042	0.106496	0	0	0	0.167575	0.819557	1.0222	0.469907	0.155321	0.633105	0.0272967	0	0.119664	0.802995	0.44725	0.184102	0	0	0	0	0	0.601695
ihec.chipseq.ihec-chipseq-containerv1.1.4.IHECRE00000864.3.14e2d66e-78ce-42e0-867f-4b49c7b19bff.fc.signal	1.56504	1.48069	1.72383	1.64074	0.386039	0.946503	1.31559	0.905582	0.363193	0.0500606	0.523654	0.269735	0.0799083	0.379101	0.271716	0	0.23107	0.820343	0.117796	0.165922	0.921687	0.843827	0.00526267	0.156404	0.503404	1.2039	1.21239	0.864313	0.515726	0.422781	0.586015	0.177314	0.275445	0.673451	0
ihec.chipseq.ihec-chipseq-containerv1.1.4.IHECRE00003847.4.2b3ec079-53bd-4903-ae08-424fc11f8e29.fc.signal	0.917313	0.579688	1.5937	0.649287	0.263345	1.13511	1.35759	0.864069	1.79073	0.0181618	0	0	1.4257	1.29856	0.717392	2.81961	0.549394	0.612963	0.263347	0.48583	1.4464	1.27132	0.00454047	0	0	0.411094	1.01749	2.89115	0.381398	1.33035	1.29857	0.0590261	0.185727	1.55548	0.313356
ihec.chipseq.ihec-chipseq-containerv1.1.4.IHECRE00001954.2.fc509fae-cfc8-4cd1-b6e1-cb05b98526c1.fc.signal	0.0971579	0	0.100447	0.919619	0.937817	0.252592	0.372945	0.274789	0.177472	0.29844	0.150206	0.74355	0.3408	1.08637	0.585741	0.336745	0	0.520583	1.85313	0.215636	0.715009	0.412425	1.03264	0.413981	0.476476	0.629223	1.80586	0.334323	0.587988	0.693653	0.665947	0.359497	0.0399564	0.634336	0.333333
ihec.chipseq.ihec-chipseq-containerv1.1.4.IHECRE00001913.1.7dd02c2b-e08d-4010-8330-5cb791ced7b2.fc.signal	0	0	0	0	0	0	0	0	0	2.82318	0.864926	0	0	0	0	0	0	0	0	0	0	0	0	0	0	1.87081	1.73298	0	0	0	0	1.34359	2.19634	0	0.419753
ihec.chipseq.ihec-chipseq-containerv1.1.4.IHECRE00004641.3.2af65a74-ad9a-47d1-bb59-7449ff40f2d9.fc.signal	1.18723	1.82858	1.40902	1.20947	0.728873	0.824318	0.809631	0.516716	0.470649	0.342486	0.812878	0.621146	0.423589	0.496618	0.56709	0.33921	0.14692	0.215558	0.706763	0.880762	0.953162	0.759033	0.67301	1.22421	0.793194	0.924913	1.91402	2.34556	1.14956	0.460091	0.712938	0.439186	0.291685	0.49161	0.0674699
ihec.chipseq.ihec-chipseq-containerv1.1.4.IHECRE00002063.1.fc1674f3-b9c6-4107-8983-478acef979ab.fc.signal	0.638409	2.55608	1.51149	0.873614	1.7583	2.22044	0.946927	2.21562	2.49065	1.05646	1.26308	0.636166	0.387506	0.143033	0	0.0529248	0.570739	0.92337	1.13068	1.90969	0.885569	0.436191	0.327124	1.06904	3.27611	2.86602	2.31989	2.7247	2.41108	2.05206	1.14831	1.05382	1.66579	2.43391	0.455182
ihec.chipseq.ihec-chipseq-containerv1.1.4.IHECRE00004713.2.73d0436f-3c8c-4e5c-a1fe-dc4d41b2902f.fc.signal	0.584662	0.43269	1.09251	0.560618	0.0439655	0.595544	1.42393	1.36523	0.553371	0.366048	0.646207	0.635705	1.14526	0.382047	0.415706	0.744565	0.486221	0.702534	0.75666	0.677906	0.112682	0.639167	0.195643	0	0.422899	2.08463	2.38887	1.84156	1.62304	1.05203	1.012	2.19694	1.53949	1.54538	0.525386
ihec.chipseq.ihec-chipseq-containerv1.1.4.IHECRE00000229.3.201bcc7c-a1bc-4b3d-b4a1-a8869234c0b1.fc.signal	0.504414	1.25006	2.24669	1.12199	0.907643	1.222	0.450807	0.347175	0.642938	0.521936	0.146438	0	0	0	0	0	0	0	0	0	0	0.404866	1.21339	1.24926	1.03638	1.16817	1.1324	0.359698	0.203164	0.151193	0	0	0	0	0.294416
ihec.chipseq.ihec-chipseq-containerv1.1.4.IHECRE00003660.4.f57dabc7-264e-43f4-83fd-08369e826dea.fc.signal	0	0.77011	2.59636	0.704887	0.413864	0.198153	0.290959	0.602038	1.95585	1.29493	0.320835	0.300992	0	0.571885	0.0300992	0	0	0.100135	1.28317	0.953223	0.0526736	0.438425	0.19117	0.717688	1.13637	0.677305	0.740024	0.509178	0.168054	0.17307	0.0526736	0.371223	0.178087	0.137171	0.185714
ihec.chipseq.ihec-chipseq-containerv1.1.4.IHECRE00000221.3.7d6e7c7b-090f-4b2a-a7ba-f833c718a8ac.fc.signal	0.00666507	0.682076	4.1651	2.49873	1.10157	0.956228	0.718395	2.03254	4.99145	5.65799	1.9896	0.140145	0	0.105314	0.77057	0.331348	0	0.2646	0.400749	0.38534	0.156705	0.318525	1.14547	1.33027	1.32708	0.416613	0	0	0	0	0	0	0	0	0.398296
ihec.chipseq.ihec-chipseq-containerv1.1.4.IHECRE00003675.3.83112ba3-4a46-4bcb-b23c-b8a94da18e77.fc.signal	10.2374	8.86986	8.99441	5.20617	9.06826	7.73276	7.26207	3.13437	4.73571	5.81622	5.61875	3.20788	1.70721	2.14703	2.14747	2.31184	3.15483	3.61241	5.84253	7.74812	3.14393	3.42513	3.74786	1.63579	2.59488	3.65398	3.3408	4.74669	3.2482	2.27218	3.11104	1.67821	1.63362	2.31027	0.71875
ihec.chipseq.ihec-chipseq-containerv1.1.4.IHECRE00002086.1.61135aae-0e5d-4a79-9f3a-0fb631125d88.fc.signal	0.530143	1.9657	4.74161	1.13684	1.56149	1.53494	0.504245	0.300401	0.588455	1.10113	1.30273	1.04717	1.0319	1.30893	1.7252	0.871418	0.738717	2.89131	3.70787	1.27808	1.60785	1.26828	1.813	1.08897	2.49806	0.58348	0.556407	0.0303655	0.536098	0.791493	0.466029	0.202947	0.370814	0.501014	0.495927
ihec.chipseq.ihec-chipseq-containerv1.1.4.IHECRE00004884.1.cdb41994-86e2-4949-bf91-2378fd47bfa2.fc.signal	0.750383	0.2443	0.447421	0	0.299083	0.345749	0	0	0.71037	0	0.419544	0.0524429	0	0.638991	0.151052	0	0	0.288786	0.50396	0	0	0	0.402221	0.270043	0	0	0.0816351	0.564011	0.634992	0	0	0	0	0	0.391304
ihec.chipseq.ihec-chipseq-containerv1.1.4.IHECRE00003692.4.3bf09a2c-baea-4256-b5b7-ae913b7ca17e.fc.signal	0.391969	0.277934	0.361742	0.468242	1.32559	0.805075	1.0271	0.238592	0.427719	0.560646	0.662923	0.613451	0.504382	1.08518	0.366816	0.435628	0.270335	0.714931	0.969285	0.345188	0.607349	0.530325	0	0.158806	0.39526	0.966749	0.831544	0.838405	2.03649	1.47071	0.930467	0.961178	0	0.0133167	0.508197
ihec.chipseq.ihec-chipseq-containerv1.1.4.IHECRE00000315.2.e9fbad15-4a0e-4eb7-a1cb-5ed723b77040.fc.signal	0	0.700715	0.337825	0.265625	0.899263	0.103195	0	1.38321	1.33674	0	0	0	0	1.21023	0.63453	0	0	0.137175	0.889551	0.234903	1.44601	1.27582	0	0	0.571358	0.948344	0	0	0	0	0	0.433206	1.85957	1.1673	0.559375
ihec.chipseq.ihec-chipseq-containerv1.1.4.IHECRE00003687.3.2e985412-e008-4f6e-8fa0-b55dc4eeddb6.fc.signal	1.58464	1.85234	2.03372	0.765153	0.139107	0.589548	0	0	0.395883	0.330111	0.241781	0.486874	0	0	0	0	0.30471	0.421754	0	0	0	0.639229	0.675662	0.804832	0.0662413	0.675681	1.79514	0.547182	0.415262	0.164614	0	0	0.0264965	0.708989	0.170088
ihec.chipseq.ihec-chipseq-containerv1.1.4.IHECRE00000247.3.cbe182ef-6b41-4546-a41c-524edcebe7f8.fc.signal	0	0.255872	0.305655	0.0179157	0	0	0	1.10566	4.80662	4.08486	0.996502	0.117396	0	0	0	0	0.0273013	0.408155	0.233426	0	0.0553196	0.399949	1.15337	0.903105	0.164723	0	0	0	0	0	0	0	0	0	0.318449
ihec.chipseq.ihec-chipseq-containerv1.1.4.IHECRE00001851.4.41736f40-6f67-4bdc-bc7e-afd139847fe8.fc.signal	0	0.21209	0.750169	0.502678	0.320807	0.184328	0.560419	0.2914	0	0	0.0987571	0.251451	0.0176624	0	0	0	0.300045	0.378525	0	0.154655	0.115154	0	0	0.545184	0.814595	0.601383	0.294847	0.823075	0.955433	0.380222	0.195499	0.296164	0.0315099	0	0.583942
ihec.chipseq.ihec-chipseq-containerv1.1.4.IHECRE00003679.3.9ac74a4d-9d70-4efc-945e-29c0f04f171f.fc.signal	1.72044	4.10216	3.48718	3.26446	3.04232	2.75144	2.25846	1.69986	2.24114	1.32982	1.95159	1.92557	1.64541	1.05775	1.37973	1.58598	1.34104	2.05071	2.20377	1.92936	2.26484	1.67045	1.07261	0.763458	2.16348	2.69259	1.87472	2.28373	3.29247	3.20101	2.03968	3.34712	2.60268	1.74808	0.858407
ihec.chipseq.ihec-chipseq-containerv1.1.4.IHECRE00003680.3.f291fb29-a363-426c-a2c2-33a98c6182ef.fc.signal	0.0466519	0.477454	0.111795	0	0	0	0	0	0.0844136	0.313979	0.119553	0.679886	0.0327154	0.198613	0.422586	0.0984685	0.509737	0.712598	0.587326	0.0512768	0	0	0.149	0.178769	0.0716846	0.215536	0.0328355	0	0.0389555	0.137905	0.186275	0.479984	0.0249825	0.179031	0.583333
ihec.chipseq.ihec-chipseq-containerv1.1.4.IHECRE00003821.3.18c7c517-acd2-418c-a70e-986e331348db.fc.signal	1.24966	2.20582	1.02691	0.776742	1.94004	0.807397	0.368287	0.122291	0	0	0.268094	1.51893	0.530094	0.469277	1.40719	1.41562	0.739768	0.825234	0.396945	1.20401	1.30098	1.73348	0.525411	0	0.487737	0.808611	0.898929	0.830871	1.638	0.932002	0.521027	0.130743	0.0754626	1.24464	0.530457
ihec.chipseq.ihec-chipseq-containerv1.1.4.IHECRE00003402.2.b9e005f4-fbbb-49ef-81b0-40cfa3806f30.fc.signal	0.811729	0.732122	0.332882	0.264306	0.316587	0.563256	0.996132	0.0232357	0.859636	1.57408	0.956704	0.454431	0	0.152755	0.296519	0.362008	0.437687	0.824726	0.110278	0.461792	0.612786	0.0860836	0.387825	0.243975	0.859374	0.395952	0.319339	0.588903	1.22826	0.879903	0.695338	1.04169	1.47483	1.04357	0.201613
ihec.chipseq.ihec-chipseq-containerv1.1.4.IHECRE00003695.3.976830f0-f131-4dc5-bdfd-64d83fdc4635.fc.signal	1.58801	2.25755	1.5276	1.06893	0.51368	0.782645	0.264794	0.242265	0.323511	0.748368	0.507183	0.561747	0.46776	0.0250725	0.353426	0.824509	1.39572	1.35629	1.18848	0.8476	1.56479	0.792518	0.218153	0.586964	0.819848	0.409471	0.734203	0.786782	0.661331	0.484148	0.263829	0.243065	0.0523506	0.316327	0.432653
ihec.chipseq.ihec-chipseq-containerv1.1.4.IHECRE00001997.1.3ac72c63-5790-4eab-ab70-1f2408156b61.fc.signal	0.674481	1.33087	2.77747	2.71359	0.775847	0.943376	0.595418	1.04005	2.04236	1.32464	0.368106	0	0.150677	1.22836	0.526457	0	0.879081	1.29833	1.4718	0.994026	0.483973	0.533719	0.394461	0.297382	1.51505	1.022	2.34792	0.879927	0.296163	0.956748	1.23773	1.28584	0.115799	0	0.444295
ihec.chipseq.ihec-chipseq-containerv1.1.4.IHECRE00001315.1.5337f9d4-38ae-4c5a-8963-01aa95f9c5b5.fc.signal	1.21903	0.350329	0.937495	0.574261	0.86519	0.964229	0.122766	0.516748	0.57879	0.0629884	1.10648	0.507047	0.867171	0.230829	0.235583	0.788998	0.24134	1.44395	1.7623	0.725236	1.12949	0.532169	0.0219876	0.118691	1.15629	1.33241	0.615286	0.737052	1.22303	0.371013	0.409075	0.060004	0	0	0.235669
ihec.chipseq.ihec-chipseq-containerv1.1.4.IHECRE00001887.4.92e33eb4-60fb-4aba-99b3-db60d30e791f.fc.signal	0.622529	0.0324277	0	0	0	0.0405449	0.871107	0.0769305	0	0	0	0	0	0.530729	0.469706	0	0	0	0	0	0	0	0	0	0	0.454735	0.166449	0.518904	0.152197	0.656858	1.00251	0.00973147	0	0.268024	0.372263
ihec.chipseq.ihec-chipseq-containerv1.1.4.IHECRE00001015.4.9280a4bd-15d9-4bff-baed-11156e36abac.fc.signal	0.152405	0.550327	3.10648	1.39047	0.146227	0.203894	0	0	0	0	0	0	0	0	0	0.0597265	0.66946	0.816276	0.606205	0.413497	0.0431949	0	0	0.488206	0.3028	0.992885	0.951686	0.380647	0.339159	0	0	0	0	0	0.392739
ihec.chipseq.ihec-chipseq-containerv1.1.4.IHECRE00000239.3.9e4848b7-a913-4011-92b1-1d083e775db4.fc.signal	0	0.0392373	0.306897	0.325115	0.0574547	0	0.154147	0.804415	3.45635	3.03982	0.182391	0	0	0	0	0	0	0	0	0	0.0277303	0.423601	1.23757	0.980615	0.460146	0.309501	0.00112113	0	0	0	0	0	0	0	0.274175
ihec.chipseq.ihec-chipseq-containerv1.1.4.IHECRE00004617.2.4b42183d-fbd0-4b87-afb1-913c17cc15e7.fc.signal	0.792734	0.753621	0.155556	0.244274	0.625102	0.749417	0.535602	0.883537	0.666247	0.850262	1.08583	0.444157	0.17431	1.77684	1.74705	0.280207	0.28804	0.191044	0.618901	0.78934	0.742927	0.702089	0.18203	0	0.193474	0.630835	0.709786	0.473432	0.940844	0.871352	0.960367	1.18329	0.584901	1.0915	0.240458
ihec.chipseq.ihec-chipseq-containerv1.1.4.IHECRE00000347.2.cd7f0ec3-4b46-44a0-af6d-9383f8acb018.fc.signal	0.274782	0.32411	0	0	0.369923	1.11612	0.525415	0.562082	0.110207	0.433651	0.294482	0	0.116489	0.278379	0.552057	0.0158628	0	0.224814	0.115696	0.139175	0.974323	0.943548	0.0439129	0	0	0.185107	0.850351	0.903556	1.18874	0.856147	0.275119	0.734234	0.553516	0.527739	0.653101
ihec.chipseq.ihec-chipseq-containerv1.1.4.IHECRE00003836.3.5c9cb736-993f-45fe-be70-bfabfbcef3f6.fc.signal	1.77664	2.11734	0.936458	0.43266	0.429704	0.238087	1.76947	0.492848	2.27328	3.01058	2.22466	2.62144	1.87905	1.31073	1.14177	2.02751	2.32448	0.529944	1.46807	0.892806	0.623479	1.33634	0.944079	0.0422246	0.595516	0.598341	0.101566	0.734258	1.48706	1.25091	2.96314	1.3546	1.01871	1.17198	0.338816
ihec.chipseq.ihec-chipseq-containerv1.1.4.IHECRE00001908.1.6595c262-e2a7-4360-ae08-dca9de90347a.fc.signal	0	0	0.0175576	0.580968	0.466899	0.222233	0.298712	0.0743953	0.0879117	0.24656	0	0	0	0	0	0	0.116006	0.237637	0	0.174378	0.15497	0	0	0	0.0573619	0.149432	0.0369012	0.185069	0.242645	0.274491	0.312637	0	0	0	0.211009
ihec.chipseq.ihec-chipseq-containerv1.1.4.IHECRE00000297.2.8b4bfdaf-6ab3-4b50-a666-38f93813e2e5.fc.signal	3.40965	5.8358	4.91664	2.60054	2.30465	3.67223	2.82488	2.74253	2.64454	2.88469	0.917234	0.169445	1.47237	2.34377	2.00912	1.7712	1.49928	1.88963	1.53604	0.763308	1.54827	0.929224	0.772783	0.0330288	1.14077	1.05882	1.02066	0.424967	0.455695	0.119441	0.119019	1.27914	0.344204	0	0.218391
ihec.chipseq.ihec-chipseq-containerv1.1.4.IHECRE00001957.2.0bd574cb-6c79-4f0e-a131-98ee1a6088f8.fc.signal	1.10412	0.840015	2.47777	1.80236	0.916179	0.922944	0.459824	1.0379	0.193726	0.130958	0.876745	1.64702	0.408317	0.0158084	0.632289	0.768325	0.187253	0.864103	0	0.42912	0.203323	0.235995	0.361779	0.872208	1.08482	0.215165	0.369316	0.423279	0.536806	0.245196	0.460542	0.912595	0.379787	2.02685	0.300935
ihec.chipseq.ihec-chipseq-containerv1.1.4.IHECRE00004606.2.411a52db-8794-484a-8712-a21b0a7c3495.fc.signal	2.38426	1.26329	1.19782	1.08985	1.01203	0.514384	1.29012	0.160171	0.419404	0.389267	0.713226	1.89342	0.351585	0	0	0.050228	1.12247	0.697606	1.24881	0.953307	1.07894	1.12109	1.8546	0.984405	0.735767	3.50055	3.35738	1.89832	2.88302	2.39851	1.36239	0.613674	0.697621	1.74995	0.561404
ihec.chipseq.ihec-chipseq-containerv1.1.4.IHECRE00003696.3.61e7591e-7d42-4bac-a82f-41dc0577b027.fc.signal	0.688981	0.738008	1.82221	0.538665	0	0.27588	0.462722	0.281779	0.203635	0.284059	0.187296	0	0	0.306534	0.303271	1.12543	0.702144	0.458757	1.17154	0.609851	0.904489	0.538685	0.743036	0.189784	0	0.0738065	0.233169	0.547175	0.348964	1.37408	0.329891	0.370412	0.0540299	0	0.469565
ihec.chipseq.ihec-chipseq-containerv1.1.4.IHECRE00003845.2.fa3c8e36-edcb-4649-9a8e-5dec7e1c367c.fc.signal	0.905771	1.78405	1.83567	1.29548	1.19607	0.714663	0.540477	0.911267	1.02326	0.709086	0.97859	1.08445	1.52492	1.09657	1.52138	0.981748	1.14058	0.921804	0.470876	0.991787	1.15472	1.32801	0.875762	0.517614	0.668485	0.621337	0.504333	1.00771	0.654232	0.661384	1.3347	1.22463	0.91646	1.35434	0.717105
ihec.chipseq.ihec-chipseq-containerv1.1.4.IHECRE00000226.3.c58b6cf5-4f66-4ab2-bb25-cde31b2aa0eb.fc.signal	0.0125976	0.971989	1.86626	0.864923	0	0	0.291813	0.914764	1.10897	0.940342	0.420739	0	0	0	0	0	0	0	0	0	0	0.498549	0.90478	1.57063	2.31075	1.51625	0.144872	0	0	0	0	0	0	0	0.375587
ihec.chipseq.ihec-chipseq-containerv1.1.4.IHECRE00000232.3.e48fa4c5-7778-4b0d-8c77-20b91a15213e.fc.signal	0.185762	1.44806	3.4893	2.26722	0.129811	0	0.125335	1.35849	3.8304	3.23669	0.674962	0	0	0	0	0	0	0	0	0	0.010003	0.26383	0.38604	0.591521	0.67698	0.253525	0	0	0	0	0	0	0	0	0.317585
ihec.chipseq.ihec-chipseq-containerv1.1.4.IHECRE00000152.3.9a3cfb88-6d7d-4b7c-9d6d-96e940ce08cf.fc.signal	2.1691	2.5424	1.45492	0.138581	0	0.318091	0.784224	1.43619	0.541988	0.448585	0.987138	1.46213	0	0	0	0.504604	0.29767	0	0.222225	0.316729	0	0.074656	0.502609	0	0	0.173742	0.227231	0	0.227144	0.405002	0.327066	0.401029	0.0826356	0	0
ihec.chipseq.ihec-chipseq-containerv1.1.4.IHECRE00000332.2.3d98bc1f-c00a-45a1-9387-7764c6e8d313.fc.signal	0.46667	1.07093	0.803095	0.993455	0.259985	0.247538	0.411598	0.335777	0.296026	0.344437	0.704176	0.562729	0.0705859	0.925916	0.662803	0.946747	0.13977	0.0266201	0.426412	0.175048	0.230246	0.235033	0.138467	0	0.365024	1.84942	1.12168	0.590295	1.08512	1.0301	1.21343	0.747803	0.279683	0.266178	0.650823
ihec.chipseq.ihec-chipseq-containerv1.1.4.IHECRE00001909.1.245ee420-3705-4794-9ed7-05083df48af9.fc.signal	1.22779	0.719724	1.13803	0.950052	1.33776	1.0218	0.256384	0.767465	1.79087	1.1496	0.259982	0.137286	0.931247	1.55905	1.03944	0.985545	1.03788	2.22055	0.940938	0.303408	0	0	0	0	0	0.314166	0.253825	0.136888	0	0	0.543424	2.23303	0.912135	0.592202	0.277978
ihec.chipseq.ihec-chipseq-containerv1.1.4.IHECRE00004615.1.8cd5cefc-1c86-42bb-a689-d60dd071a471.fc.signal	0	0.400378	1.14201	1.11614	1.20401	0.249685	0	0.434879	0.707712	0.020886	0	0	0.147496	0.597303	1.01606	0.148824	0	0	0	0	0.400631	0.194398	0	0.182324	0.507467	1.08641	1.17583	1.35997	0.0284209	0.649978	0.729745	0.169937	0	0	0.280702
ihec.chipseq.ihec-chipseq-containerv1.1.4.IHECRE00001379.1.e9be263a-2a4a-4fbf-9846-1e223e21eceb.fc.signal	0.741514	1.71975	1.11203	0.133064	0.558473	0.811493	0.763681	0.639064	0.404029	0.690451	0.218446	0	0.130086	0.441944	0.620357	0.0638137	0.231165	0.441824	0.658278	0.606328	0.325933	0.282568	0.218262	0.345249	0.480794	0.182443	0.209105	0.30329	0.507797	0.139266	0.341868	0.419445	0.17134	0.19458	0.230769
ihec.chipseq.ihec-chipseq-containerv1.1.4.IHECRE00001961.2.058af969-8786-43c5-84e7-d3c325107d07.fc.signal	0.190124	0.992562	0.140705	0.864869	0.135327	0.47183	1.84926	1.01666	0	0.57037	0.0380247	0	0	0.566568	0.0418271	0	0.536215	1.26632	0.0228148	0	0.110272	0.429738	0	0	0.633074	0.0681603	0	0.0798518	0.528543	0	0	0	0	0	0.296644
ihec.chipseq.ihec-chipseq-containerv1.1.4.IHECRE00001050.8.a9a09927-f961-43dc-bcc9-a3c995bbca26.fc.signal	2.51821	3.35032	2.94077	1.71026	4.15071	1.1368	2.62596	0.259746	1.8531	0.625163	1.46343	0.778225	0	0.0855691	0.962996	0.626185	0.874396	1.01777	1.00862	0.831413	0.377428	0.4508	0.218313	0.232158	0.848957	1.89029	2.83988	0.406347	1.18599	0.426383	1.09201	0.399965	0.842534	0.745111	0.70547
ihec.chipseq.ihec-chipseq-containerv1.1.4.IHECRE00003683.3.9d98dd69-4d9c-4c81-bc8f-9c0f23e13a7b.fc.signal	0.911617	0.110429	0.418609	1.4297	1.61603	0.962472	0.351594	0.661944	0.824977	1.33175	1.38674	1.41424	0.844619	0.858368	1.8228	0.964434	0.477304	0.723575	1.06368	0.39032	0	0	0	0	0.366896	0.594278	0.720691	0.449678	0.568679	0	0	0	0.049105	1.01281	0.616667
ihec.chipseq.ihec-chipseq-containerv1.1.4.IHECRE00004614.1.0ac6fcf9-3ed9-4ad3-9178-9d485c424be8.fc.signal	0.519442	1.05579	0.570043	0.821189	0.345448	0.195133	0	0.391737	0.144659	0.289073	0.329604	0.226208	0.769565	0.75799	0.579889	0.887723	0.792431	0.854437	0.35912	0.388247	0.690144	0.122561	1.21622	0.671237	1.12566	0.586391	1.23282	1.56466	0.660871	0.341896	0.00372653	1.36576	0.867347	0.636357	0.510615
ihec.chipseq.ihec-chipseq-containerv1.1.4.IHECRE00001958.3.3cd86255-36f1-4b55-a6a7-d6b5647cff3a.fc.signal	0.245418	0.279164	0.517771	0.760796	0.51168	0.592194	0.264589	0.0582737	0.164505	0.46564	0.380467	0.447427	0.599566	0.267911	0.755747	0.922593	0.887727	0.44798	0.46876	0.227425	0.181246	0.12319	0.262568	0.162279	0.221509	0.364893	0.430091	0.800563	0.484151	0.533353	0.326876	0.215308	0.309028	0.26742	0.234742
ihec.chipseq.ihec-chipseq-containerv1.1.4.IHECRE00002076.1.483aa0c8-5543-4e25-b16f-2f222c5a2d5b.fc.signal	1.06067	0.983107	2.98552	1.43203	0.872421	1.16339	1.04516	0.879382	0.9501	0.041913	1.34601	0.629527	0.125739	0.270106	0.381874	0.102454	0.663312	0.282994	0.795461	1.85182	1.02182	0.673785	2.22157	0.013971	0.624102	1.9456	1.0431	0.949745	0	0.631964	1.79919	1.60912	0.347967	1.30925	0.73132
ihec.chipseq.ihec-chipseq-containerv1.1.4.IHECRE00002058.1.0fc0f90b-b2ac-4c17-952e-d39560131bf4.fc.signal	0.140694	0.778433	1.30952	0.686361	1.88981	1.10891	1.08932	0.671346	1.09878	0.737994	0.554638	0.393857	0.110937	0.662955	0.395141	0.661843	0.256437	1.22374	0.417382	0.319984	0.421851	0.282388	0.712709	0.515161	0.629778	1.10278	1.05103	1.34065	1.70369	1.96745	1.08779	1.11027	0.817133	1.07881	0.496133
ihec.chipseq.ihec-chipseq-containerv1.1.4.IHECRE00000348.2.ebee7a5f-3411-4595-bc73-d0dfa8919fd3.fc.signal	0.630482	0.857394	0.22923	0	0	0	0	0	0.384721	1.07855	1.55923	1.20062	0.614145	1.5821	0.66036	1.37231	2.39059	3.73329	2.41566	0.709117	0.553611	0.502789	0	0	0	0	0	0.0700588	0.875761	2.72695	2.1294	0.322464	0.43972	0.5278	0.512195
ihec.chipseq.ihec-chipseq-containerv1.1.4.IHECRE00000709.3.6a6e5234-23fa-41fc-9f41-6ee555b180c8.fc.signal	0.71686	3.82813	4.50284	1.91641	1.53215	0.904275	1.39752	4.1719	3.09961	2.90945	1.43139	0.979606	0.44715	1.20666	2.85425	1.23852	2.00546	3.83444	1.64288	0.378378	0.378902	0.831947	1.0471	0	0	0	1.03163	0.0509172	0.706347	0.723125	0.0385234	0.303425	2.35374	0.982015	0.678689
ihec.chipseq.ihec-chipseq-containerv1.1.4.IHECRE00001027.7.cd19865b-26c6-4f71-a2cb-2c7271712e2b.fc.signal	0	1.58928	0.548131	0.0963845	0.914088	0.39579	0.517551	0	0.539989	0.306318	0.205046	0	0	0	0	0.005885	0.61204	0	0.808527	0.30373	0	0	0	0.323675	0.29425	0	0.441375	0.734038	0.669347	0.735155	0.789607	0.812133	0.718002	0	0.444444
ihec.chipseq.ihec-chipseq-containerv1.1.4.IHECRE00000242.3.60fb688a-cd94-4204-878d-aedbff00484b.fc.signal	0	0	0	0	0	0	0	0.126717	0.415306	0.510437	0.314109	0.0278014	0	0	0	0	0	0	0	0	0	0.0137297	0.38407	0.471902	0.15352	0	0	0	0	0	0	0	0	0	0.432489
ihec.chipseq.ihec-chipseq-containerv1.1.4.IHECRE00003685.2.cb8ce07d-5bf2-4abf-a883-851526414fcb.fc.signal	1.48849	1.97016	0.838772	1.18988	1.42357	0.933909	0.133393	0.0172627	1.0987	0.885156	0.926251	1.37798	0.479969	0.430744	0.715738	0.422222	0.912063	0.932813	0.145039	1.27517	2.85863	0.892315	0.351847	0.221276	0.924997	2.02533	1.54906	0.503198	0.208065	0.810662	1.0046	0.227339	0	0	0.303202
ihec.chipseq.ihec-chipseq-containerv1.1.4.IHECRE00004604.3.044a44f4-7a76-4042-adca-64782b5c2f81.fc.signal	0	0.133887	2.89838	0.732048	0.212892	0.969215	0.502048	0.931793	0.806747	0.773578	0.4728	0	0	0	0	0	0	0	0	0	0	0	1.34973	1.55373	0.64101	0	0	0	0	0	0	0	0	0	0.355932
ihec.chipseq.ihec-chipseq-containerv1.1.4.IHECRE00004728.1.8beb4625-34f3-4c76-87f5-2108669b4ebf.fc.signal	0.653888	1.1169	1.62012	0.29121	0.527093	0.252708	1.42887	0.414734	0.368532	0.751915	0.314836	0.468214	0	0	0	0	0.0576097	0.990879	0.851259	0.239418	0.347875	0	0	0.653903	0.250107	0.832516	1.43254	0.458813	0.666656	0	0.44407	1.61191	0.285238	0.61808	0.570621
ihec.chipseq.ihec-chipseq-containerv1.1.4.IHECRE00002005.1.1ff1e0cf-fe7a-4485-b51f-e180baac3300.fc.signal	0.799376	2.13884	2.16456	1.22558	0.726762	1.32871	1.22711	0.603017	1.31951	2.55904	1.12391	0.100878	0.0569388	0.261966	0.61488	0.461331	0.413873	1.82591	1.17467	0.293424	0.438913	0.231811	0.861313	0.498089	1.57522	4.62852	1.99548	0.445623	1.04722	0	0.347448	1.47275	0.462165	0.0330682	0.46474
ihec.chipseq.ihec-chipseq-containerv1.1.4.IHECRE00003832.2.1f43525d-0a83-4caf-ad11-becd1d0bf5b9.fc.signal	0.524362	0.817807	1.70113	0.691547	0.823166	0.881917	0.16943	0.219829	0.362536	0	0.678345	0.935734	0	0	0.238868	0.250508	0.348782	0.501113	1.17743	0.789865	0.192508	0.397446	0.624107	0.0309056	0.0355235	0.865368	0.260927	0.344808	0	0	0.0998514	0.793828	0.0636109	0	0.684685
ihec.chipseq.ihec-chipseq-containerv1.1.4.IHECRE00000734.3.6ccbc7fb-c4ab-455f-9ca2-ab402f33bf16.fc.signal	1.26899	1.48624	0.998664	0.871526	1.71548	0.707126	0	0.0245527	1.51063	0.73111	1.43672	1.05068	0.839847	1.80408	0.607526	1.26051	1.48262	0.56479	1.05912	1.46975	0.803058	0.894548	0.0933115	0	0.25424	0.374147	0.648363	0.36292	0.0427788	0.570162	1.33277	2.6699	0.979936	0.180417	0.4
ihec.chipseq.ihec-chipseq-containerv1.1.4.IHECRE00004609.2.ff95f1fe-813e-4cf7-a1c8-3ae5ac2c2c17.fc.signal	1.27574	0.619257	0.308215	0.0987511	0.816964	0.330526	0.360465	0.247878	0.555217	0.753672	0.103805	0.265466	0.965997	1.10296	0.319368	0.271402	1.30122	1.03845	1.71625	1.60422	0.721627	0.465044	0.0454409	0.240033	0.687682	2.18738	0.867859	0.840939	1.09318	1.35141	1.60362	1.25133	0.861038	1.19475	0.510433
ihec.chipseq.ihec-chipseq-containerv1.1.4.IHECRE00003837.4.b0a69b43-094d-48ec-bc60-f9af8670e969.fc.signal	0	0	0	0	0	0	1.82294	2.11691	0.970141	1.44363	0.267447	2.13957	0.181174	0	0	0	0.788148	0.757891	0.863015	1.31104	2.13692	0.0626581	0	0	1.79065	0.0632751	0	0	1.26136	1.3092	0	0	0	0.646236	0.754386
ihec.chipseq.ihec-chipseq-containerv1.1.4.IHECRE00000184.3.e49570a0-926e-4a06-8cdb-e56c6d55c91c.fc.signal	2.2776	0.252834	0	0	0	0	0	0.398216	1.63916	0.226665	1.01879	0.954636	0.766558	0	0	0	0	0	0	0.402764	3.6122	0.116222	0	0.367016	3.2085	0.202316	0	0	0	0	0.221476	2.27993	3.12551	0.257142	0.436364
ihec.chipseq.ihec-chipseq-containerv1.1.4.IHECRE00003715.2.e8a2a442-a331-474b-9c0f-ad5c0953942a.fc.signal	0.774464	0.722449	0.566414	0.660113	1.12214	1.38604	1.4887	0.912621	0.802085	0.922724	0.931809	0.706414	0.545934	0.454315	0.620778	0.359109	0.388767	1.12555	0.986814	0.88218	1.19453	0.710466	0.882807	0.339517	0.472044	1.44053	0.897856	0.565541	0.754855	1.19388	0.465403	0.38893	0.660921	0.533551	0.293362
ihec.chipseq.ihec-chipseq-containerv1.1.4.IHECRE00003826.4.93a8f270-5d77-4704-ada1-4b6b1a7c8853.fc.signal	0	0	1.09392	1.21187	1.46059	8.12653	0.048844	0.5543	1.81789	0.0225433	0	0	0	0	0	0	0.165409	0.635736	0	0	0	0	0	0.725284	0.13519	0	0	0	0	0.178448	0.894232	0	0	0	0
ihec.chipseq.ihec-chipseq-containerv1.1.4.IHECRE00000279.2.cf6e92c8-e3ec-4439-b44a-88a19fe6bafe.fc.signal	2.40529	4.64375	5.08775	1.28794	1.16771	1.75245	0.912149	0.888973	1.86889	1.6296	0.109793	0.212912	0.464202	0.134079	0.525228	0.609171	0.483435	1.12908	1.53231	0.613227	0.778313	0.00768533	0.931628	0.429424	0.725614	0.625952	0.990523	0.179786	0.544781	0.812924	0.0748687	1.0209	0.81237	1.39588	0.802013
ihec.chipseq.ihec-chipseq-containerv1.1.4.IHECRE00003730.1.3f439d72-e3f6-44c0-a502-169344c6ad35.fc.signal	0.962678	0.331636	0.38746	0.227932	0.102774	0.672801	0.148025	0.695757	1.05088	0.847514	0.23638	0	0	0.60938	0.374265	1.19968	1.12529	1.27673	0.560887	1.18782	0.489428	1.28479	0.170925	0.288301	1.07221	1.21394	2.8213	1.3359	0.476042	0.599563	2.0538	1.06526	0.692446	1.46961	0.392593
ihec.chipseq.ihec-chipseq-containerv1.1.4.IHECRE00000244.3.992f6d96-d5b2-437a-bccb-03e66d23c6c3.fc.signal	0.109598	1.16278	2.58384	1.78325	0.231591	0	0.0460704	0.322625	0.547851	0.583965	0.236634	0	0	0	0	0	0	0	0	0	0.0649195	0.274729	0.371956	0.197507	0.0307075	0	0	0	0	0	0	0	0	0	0.283388
ihec.chipseq.ihec-chipseq-containerv1.1.4.IHECRE00003694.3.61c30d06-38bd-4873-b3e9-1676bf3449d1.fc.signal	0.714387	0.877151	1.11376	1.17352	0.910556	0.186493	0.543218	0.259669	0.0416692	0.314332	0.282705	1.32979	0.584597	0.707544	1.51794	0.69375	0.638552	0.969418	1.31245	0.780355	0.562	0.953784	0.210644	0.112494	0.31189	0.443382	0.464812	0.554713	0.229016	0.431572	0.408922	0.829258	0.713856	0	0.600414
ihec.chipseq.ihec-chipseq-containerv1.1.4.IHECRE00001915.1.f5573e79-d80d-470a-8d12-22719ef4a51e.fc.signal	0	1.04513	0.427137	1.0246	0.866032	0	0	0	0.0993937	1.53619	0	0	0	0	0.182964	1.67718	2.95793	3.33606	1.49421	1.46372	0.231754	0.88535	0.981333	0	0	0.030494	1.42349	0.384224	0	0	0	0	0	0	0.60177
ihec.chipseq.ihec-chipseq-containerv1.1.4.IHECRE00003843.4.c2c52d4b-c9da-43f3-925f-8359bbb97ee0.fc.signal	1.6095	4.62083	0.646981	0	0.17946	8.72998	8.41667	0	2.30303	6.66981	0	0.65802	8.88421	9.60838	5.77838	0	0	0	0.23928	6.3492	0.98741	0	0	0	0	0	0	0	0	0	8.49428	0.478559	0	0	0.321101
ihec.chipseq.ihec-chipseq-containerv1.1.4.IHECRE00000283.2.5515732a-4b77-42d9-acaa-236437d4c528.fc.signal	0.337514	0.452324	0.707283	0.393779	0.508109	0.206042	0.03716	0.344354	0.729326	0.434283	0	0.470782	0.816343	0.48515	0.112433	0	0.329685	0.922749	0.37718	0	0.350718	1.26283	1.58762	0.468084	0.0390192	0.595005	1.55821	0.780332	0.792396	0.918608	0.929257	1.75845	0.715746	0.69512	0.60221
ihec.chipseq.ihec-chipseq-containerv1.1.4.IHECRE00004607.2.654f15ab-b67f-4220-9161-30be6d438771.fc.signal	1.1404	0.569415	0.412022	1.27652	0.123764	0	0	0.798332	0.914535	0.640887	0.575267	0.356441	0.603808	0	0.0959804	0.836202	0.583585	0	0.62564	1.32967	0.800676	0.538195	0.771634	0.325099	1.05809	1.80128	1.01055	0.994548	0.692194	0.217243	1.11407	1.72034	1.5193	0.445959	0.483923
ihec.chipseq.ihec-chipseq-containerv1.1.4.IHECRE00001964.2.194197dc-d3ad-4faf-839a-1e28c390e1c7.fc.signal	0	0.0578	0.706325	0.63443	0.180719	0.462217	0.404751	0.635421	0.707711	0.662066	0.112079	0	0.239036	0.987166	0.896822	0.0665511	0.0332542	0.426983	0.669819	1.02537	0.670701	0.274086	0.440021	1.12865	1.1999	0.482298	0.628565	1.06623	1.16353	0.707191	0.565269	0.665588	0.236175	0	0.339339
ihec.chipseq.ihec-chipseq-containerv1.1.4.IHECRE00004618.1.40df65f6-ad48-44fa-bfba-39b465419c5e.fc.signal	0.419325	0.465735	0.0566613	0.56776	1.38163	0.0831628	0.27633	0.40994	1.00367	0.569485	0.0708779	0	0.269053	0.464733	0.50693	0.225028	0	0.042696	0.981716	0.62551	0.0283886	0.068476	0.854235	0.877452	0.935075	0.792893	1.09493	1.1055	0.149925	0.487867	0.939051	0.807162	0.344872	0	0.397727
ihec.chipseq.ihec-chipseq-containerv1.1.4.IHECRE00001008.4.a169f921-cefd-41e3-aba6-62149b95f327.fc.signal	1.32267	2.29411	1.16606	0.77842	0.979443	0.30947	0.941766	0.330227	1.0011	1.2094	0.286341	0.484982	0.452923	0.273615	0.0922217	0.181152	0.522789	2.20263	0.771711	0.358627	0.475526	0.488743	1.13427	0.415158	1.04343	1.21693	1.28419	0.74445	0.963591	0.573745	0.339719	0.747379	0.066045	1.33585	0.23968
ihec.chipseq.ihec-chipseq-containerv1.1.4.IHECRE00000238.3.b63d6dc1-6fc0-4b8d-9bff-172e3f638785.fc.signal	0.715526	2.13506	2.69464	2.36547	1.9734	3.50531	3.45517	2.21414	4.21048	5.4459	1.0878	0	0	0	0	0.111698	0.874965	1.50784	2.57425	1.86694	0.419151	0.532438	0.259919	0.471964	0.785495	1.60997	3.8895	3.84279	1.10363	0	0	0	0	0	0.616822
ihec.chipseq.ihec-chipseq-containerv1.1.4.IHECRE00000243.3.6e43a1d4-827b-4226-ab35-bcd9e4427ba9.fc.signal	0.029767	0.528803	1.61963	1.20816	0.492031	1.01383	0.545731	1.35588	3.44201	2.2567	0.532367	0	0	0	0	0	0.287004	0.84413	0.303887	0	0	0.292158	0.931477	0.606705	0.0414354	0	0	0	0	0	0	0	0	0.246207	0.513333
ihec.chipseq.ihec-chipseq-containerv1.1.4.IHECRE00000290.2.9036d968-bf50-4310-9e21-078c3dff6fda.fc.signal	1.50372	1.55676	0.897033	1.3066	0.943821	0.74725	0.176129	0.5608	1.12719	1.37922	1.43877	1.18051	0	0.128639	1.52308	0.305523	0.465523	0.335531	1.03952	0.0966443	0	0	0	0.467902	1.28377	2.47643	1.16726	0.368629	0.700702	0.780831	0.355222	0.501964	0.243554	0.0338725	0.384444
ihec.chipseq.ihec-chipseq-containerv1.1.4.IHECRE00001973.1.61dbfaab-48a0-49aa-b249-2516c02981de.fc.signal	1.24202	1.07076	1.42961	0.515642	2.12516	3.29536	0.22536	1.12822	2.57394	0.377961	0.433536	0	0	0	0.482734	0.459985	0.607924	1.77254	0.472864	0.982231	2.00362	0.509483	0.130133	0.4458	0.749548	0.664551	1.70311	0.770014	1.44356	1.1832	0.436648	0.792598	0.183294	0.409964	0.59747
ihec.chipseq.ihec-chipseq-containerv1.1.4.IHECRE00001959.2.a16168d3-492b-4fa9-9ed9-f6132409aea8.fc.signal	0.548459	0.262783	0.892889	0.121072	0.176203	0.495545	0.581799	0.0170844	0.259884	1.04575	0.299668	0.247039	0.214904	0.149153	0.250112	0.68944	0.470744	1.87706	0.968688	0.573507	0.337853	0.526291	0	0.61111	0.43651	0.17172	0.952211	0.985355	0.246446	0.557834	0	0.00866693	1.06868	0.773252	0.284639
ihec.chipseq.ihec-chipseq-containerv1.1.4.IHECRE00003678.3.651f7635-fa04-4a73-ad9d-b88c234511f0.fc.signal	1.41017	4.80765	4.60122	4.24836	4.40369	2.89938	2.59344	2.4985	2.29947	2.2954	3.26307	1.18767	2.1412	3.90691	2.81191	1.68516	1.71687	2.81609	2.55714	1.57841	1.53284	0.710508	1.8071	2.6498	3.13478	3.92642	3.52779	3.00457	2.6013	2.38453	3.00035	2.03878	0.907154	2.53785	0.440129
ihec.chipseq.ihec-chipseq-containerv1.1.4.IHECRE00000240.3.8f250bd6-ace7-4938-8056-c658c54331a9.fc.signal	0.548578	1.35968	2.21125	1.77032	0.440881	0.700027	1.01638	1.29652	2.31043	1.65101	0.256692	0	0	0	0	0	0	0	0	0	0	0	0.149628	1.05985	1.26978	2.08632	1.23854	0.00336553	0	0	0	0	0	0	0.348348
ihec.chipseq.ihec-chipseq-containerv1.1.4.IHECRE00002067.1.986e393c-de82-4afc-818b-4cc2a632dc28.fc.signal	1.41931	2.37879	3.53173	1.84277	1.93437	1.67303	0.49056	1.56435	2.13954	1.05517	0.918712	0.092976	0	0.0288837	0.698944	0.589192	0.425213	1.70265	0.606444	0.979915	1.88891	0.244754	0	0.0199444	0.883152	0.592541	1.69641	0.633023	1.25829	0.405634	1.18263	0.665687	0.477785	0.303353	0.706515
ihec.chipseq.ihec-chipseq-containerv1.1.4.IHECRE00000246.3.09da5152-42b4-4f12-8b13-d2635a0af815.fc.signal	0	0.128314	0.79369	0.321446	0	0	0	0.482254	1.52627	1.12778	0.187649	0	0	0	0	0	0	0	0	0	0	0	0.157404	0.45246	0.0348817	0	0	0	0	0	0	0	0	0	0.314286
ihec.chipseq.ihec-chipseq-containerv1.1.4.IHECRE00003677.3.486b8afb-6747-4d4a-93ee-788cf88097fc.fc.signal	0.0121744	0.182155	0.503562	0.290724	0.892215	0.902287	1.27657	0.303341	0.112812	0.428835	0.101277	0.370716	0.548947	0.49384	0.195899	0.342801	0.578135	0.11298	0.423036	1.39336	0.693541	0.666625	1.04348	0.128324	0.118845	0.873305	1.73605	0.826207	0.475945	0.384153	0.56287	3.08704	0.287387	0	0.519444
ihec.chipseq.ihec-chipseq-containerv1.1.4.IHECRE00001021.4.fe2297ab-7a22-4ba1-b2e8-9748d9ff6f48.fc.signal	1.61769	2.52155	0.815955	0.206053	0.501032	0.346061	0.47582	0.0382613	0.050218	0.344037	0.284569	0.110001	0	0	0	0	0.227126	0.505865	0.268698	0.432445	0	0.160219	0.933614	0.949935	0.830953	1.15859	0.347963	0.666385	0.0862181	0	0.191307	0.506892	0.0908707	0	0.907801
ihec.chipseq.ihec-chipseq-containerv1.1.4.IHECRE00000992.7.d770a09a-2cad-4524-8aaf-69b927e47c59.fc.signal	7.24751	9.42071	6.122	7.51832	10.0846	11.5292	8.10137	4.92293	8.09005	5.5628	2.34832	0.999776	0.0555035	0.135573	0.209143	0.187823	0.42907	1.69549	0.669989	0.530002	0.275388	0.423083	0.373789	0.36018	1.64203	1.74415	1.29754	0.848498	0.757094	0.535381	0.202429	0.467262	0.0990619	0	0.348294
ihec.chipseq.ihec-chipseq-containerv1.1.4.IHECRE00000001.4.8e4a8d6c-26e0-4b8d-aa08-7875973212d4.fc.signal	0	0	2.28242	3.43091	0.828674	0	0	1.64282	1.62828	0	0	0	0	0	0	0	0	0	0	0	0.285454	1.4527	1.03764	0.10736	0	0	0	0	0	0	0	0	0	0	0.605882
ihec.chipseq.ihec-chipseq-containerv1.1.4.IHECRE00001955.3.e3f14527-a39d-40b4-9738-20c86afa593c.fc.signal	1.12412	0.240504	0.27943	0.558037	0.234247	0.309404	0.480709	0.659502	0.499245	0.732715	0.736637	0.506722	0.519248	0.181165	0.197675	0.31932	0.487022	0.19488	0.246085	0.870849	0.823651	0.741377	0.716395	0.649381	0.712887	0.273132	0.378997	0.396873	0.572338	0.280695	0.612178	0.61367	0.496733	0.0525092	0.295547
ihec.chipseq.ihec-chipseq-containerv1.1.4.IHECRE00001486.1.72f7bf42-6ca2-40ec-bfe2-6cb0dd420290.fc.signal	0.496984	0.932482	0.746599	0.719617	0.0259472	0.572321	0.468209	0.140919	0	0	1.31035	0.450161	0.228344	0.196373	0.0177582	1.02234	0.199603	0.0237087	1.07826	1.16743	1.30262	1.33909	0.251404	0	0	0.524948	2.5393	0.592834	0	0	0.475395	1.64108	0.38889	0	0.430233
ihec.chipseq.ihec-chipseq-containerv1.1.4.IHECRE00000241.3.08293706-8e8b-4758-95ec-77deb87e4257.fc.signal	0	0	0	0	0	0	0	0.194347	1.05498	0.797834	0.127652	0	0	0	0	0	0	0	0	0	0	0	0.0526215	0.257119	0.321238	0.0655539	0	0	0	0	0	0	0	0	0.335777
ihec.chipseq.ihec-chipseq-containerv1.1.4.IHECRE00000236.3.2c1c8672-6452-4ab8-881a-a766bd324041.fc.signal	0.106203	1.00647	2.44878	2.09138	0.550842	0.0454614	0.115759	0.706582	0.904753	0.408116	0.101627	0	0	0	0	0	0	0	0	0	0	0.0320088	0.810615	1.45339	0.552654	0.015486	0	0	0	0	0	0	0	0	0.559459
ihec.chipseq.ihec-chipseq-containerv1.1.4.IHECRE00002065.1.b81732b7-0852-42a0-916a-8784920a02a3.fc.signal	0.015416	0.826641	2.32825	1.91811	0.898655	0.832486	0.353658	1.25279	1.60105	0.4277	0.146579	0	0.021828	0.530012	0.103679	0.420334	0.383142	1.25823	0.865681	1.11158	0.0835583	0.261508	0.486651	0.715433	0.873127	1.84402	1.49713	1.12944	1.13997	1.6533	0.939971	0.11197	1.05622	0.476311	0.53112
ihec.chipseq.ihec-chipseq-containerv1.1.4.IHECRE00000235.3.077c5772-92ce-4a32-a06f-48c1b9a6f571.fc.signal	0.0174693	1.46872	2.79092	1.27926	0.141102	0	0.14243	1.677	3.29334	2.64583	0.786088	0	0	0	0	0	0	0	0	0	0.0582038	0.440094	0.745549	0.606024	0.522895	0.25933	0	0	0	0	0	0	0	0	0.372093
ihec.chipseq.ihec-chipseq-containerv1.1.4.IHECRE00000233.3.c81f88e2-7199-4952-a0ac-fbf221a68e22.fc.signal	0.0614167	0.940165	2.1071	1.24607	0.109854	0	0.130416	0.576277	3.05706	2.28591	0.495979	0.141162	0	0	0	0	0	0	0	0	0.107645	0.326175	0.64741	0.790209	0.859018	0.116726	0	0	0	0	0	0	0	0	0.281341
ihec.chipseq.ihec-chipseq-containerv1.1.4.IHECRE00000230.3.93bed2a7-7118-417a-9bcf-494520ff91da.fc.signal	0.0675547	1.01435	1.82073	0.851938	1.18984	1.38463	0.256213	0.475802	0.969384	1.50134	0.665107	0	0	0	0	0	0	0	0	0	0.0228107	0.413283	1.20436	1.16788	0.794719	0.365039	0	0	0	0	0	0	0	0	0.584541
ihec.chipseq.ihec-chipseq-containerv1.1.4.IHECRE00001888.4.5d335139-80db-490f-af5c-5cf1e8a1a3de.fc.signal	0.265774	0.360439	0.880081	0.652458	0.555208	1.4518	0.615546	0.338519	0.523972	0	0.297848	0.56327	0.535102	0.334263	0.645493	0.204595	0	0	0.356466	0.737143	1.04794	0.0306507	0	0	0.00587373	0.978498	2.17101	1.05001	0.809792	0.427711	0.333871	1.88313	0.589417	1.18589	0.383065
ihec.chipseq.ihec-chipseq-containerv1.1.4.IHECRE00003803.1.d5373538-03e5-4aea-a61c-f80d029c4d74.fc.signal	0.296527	0.093285	0.555274	0.577678	0.549794	0.748507	1.2335	0.634292	0.501791	0	0	0	0	0.115718	0.521839	0.0012476	0.119222	0.865068	1.17307	0.707345	0.134924	0.470564	0.257825	0	0	0.069532	1.09988	0.781236	0.434747	0.829123	0.0533626	0	0.27478	0.254614	0.493151
ihec.chipseq.ihec-chipseq-containerv1.1.4.IHECRE00000225.3.d3516206-786f-4b11-864f-1792d77e2a36.fc.signal	0.23746	0.418128	0.403466	0.536214	0.222491	0	0.0748789	0.884445	1.8565	1.18897	0.286039	0	0.12757	0.351936	0.236928	0.0126168	0	0	0	0	0	0.0689083	0.186562	0.333427	0.387092	0.225475	1.1666	1.80312	1.24647	0.574868	0.818824	1.83957	1.39369	1.39992	0.255172
ihec.chipseq.ihec-chipseq-containerv1.1.4.IHECRE00001921.1.dcad099b-2714-4a20-92d0-2cd9bce288ab.fc.signal	0	0	0	0	0.524897	2.23122	1.09501	0.394386	0	1.30688	1.29143	0.262924	0	0	0	0	0	0	0	0.661099	0.529714	0.251325	0.96276	0.53358	1.29141	2.81691	4.68048	1.23793	2.2614	0.529743	1.04009	0.390517	0.262925	2.76108	0.235772
ihec.chipseq.ihec-chipseq-containerv1.1.4.IHECRE00004616.1.bdf8440d-f4c1-4471-9c29-b1cf45563873.fc.signal	1.04216	1.41098	1.58873	1.71639	0.668831	0	0.815461	1.44461	0.225979	0.262621	0.699409	1.37739	1.71944	0.78493	0	0	2.2913	2.66734	1.91684	1.75302	2.92212	0.952899	1.01626	1.23084	3.02569	1.55294	0.362084	2.50952	0.997694	1.02191	0.34334	0.769551	2.02074	4.12548	0.530435
ihec.chipseq.ihec-chipseq-containerv1.1.4.IHECRE00004608.1.6d8749d8-24c7-4e6d-8992-3543e47f35de.fc.signal	0	0.0326751	0.237727	0.265548	0	0	0.478788	0.842576	0.778803	0.565292	0.978335	0.061022	0.570321	1.08253	0.8635	0.293375	0.259353	0	0.195952	0.144349	0.662451	0.668082	0.065716	0.220762	0.816328	0.648225	0.350014	0.0343036	0	0.986627	1.04182	0	0	0	0.263158
ihec.chipseq.ihec-chipseq-containerv1.1.4.IHECRE00003691.3.e70a956a-e876-473f-ae67-333f104e486a.fc.signal	1.83243	1.98052	2.71112	1.21205	1.3476	0.353372	1.06527	0.356423	0.887935	0.947883	0.493678	0.452669	0.264963	0.567789	2.47629	0.852111	2.30142	4.3248	4.54716	3.27169	1.91199	1.13943	0.223957	0.195574	1.99363	2.0648	2.32759	2.74398	1.45255	1.5701	0.923818	2.4477	0.233408	0	0.466346
ihec.chipseq.ihec-chipseq-containerv1.1.4.IHECRE00004681.3.c6a7774b-6eaf-490c-a1c8-9eecf570b062.fc.signal	0.164488	0.381864	0.385981	0.180769	0	0.240623	0.425201	0.174973	0.385899	0.760804	0.681875	0.0896683	0.609485	0.37017	0.355092	0.0478411	0.136167	0.478047	0.373629	0.368065	0.100493	0.368457	0.122573	0	0.25413	0.375765	0.290142	0.222405	0.609568	0.116449	0.0217263	0.343436	0.126299	0.500303	0.407407
ihec.chipseq.ihec-chipseq-containerv1.1.4.IHECRE00000099.3.e8d8915f-2a7b-434d-ae6f-f1c573d41250.fc.signal	0.114976	1.36091	0.712268	0	0.648431	2.39121	1.17167	0.806072	0	0	0	0	0.0810935	0.833027	0.0331844	0	0	0	0	0.439809	0.178364	0.103131	1.09041	0.0437028	0	0.325339	1.44466	0.548328	0	0	1.83927	0.624031	0	0	0.390411
ihec.chipseq.ihec-chipseq-containerv1.1.4.IHECRE00000222.3.752eff28-f561-4493-9961-9376765e5593.fc.signal	0.106958	1.35203	2.12049	0.831824	0.0250889	0	0.0336097	0.326281	0.241593	0.0382529	0	0	0	0	0	0	0	0	0	0	0.0435754	0.372348	0.948005	0.93348	0.487237	0.172981	0	0	0	0	0	0	0	0	0.388982
ihec.chipseq.ihec-chipseq-containerv1.1.4.IHECRE00000231.3.9f5b0463-4f76-4b11-9c3e-298af7f4a26f.fc.signal	0.0248968	0.431548	0.51454	0.107886	0	0	0	0.204572	0.673434	0.878689	0.629555	0.161009	0	0	0	0	0	0	0	0	0	0.0611073	0.333565	0.532264	0.474893	0.1338	0.352707	0.578859	0.147306	0.215773	0.62243	0.24067	0	0	0.0712166
ihec.chipseq.ihec-chipseq-containerv1.1.4.IHECRE00003682.3.da9e495d-70d1-4135-9b7b-7d3c249e647d.fc.signal	1.58655	1.60204	2.05687	1.14211	1.01464	1.68221	2.73094	0.952845	0.733367	0.675342	1.2087	0.513913	0.555958	0.71628	0.0524231	0.584073	0.515561	0.812158	1.1997	1.18736	0.623582	0.565531	0.449954	0.245014	0.761519	0.677937	0.635366	0.185227	0.805816	1.24617	0.955775	1.70386	0.362255	0.591971	0.591224
ihec.chipseq.ihec-chipseq-containerv1.1.4.IHECRE00004603.3.7d97a6bf-d33b-47aa-868b-891cee1e0474.fc.signal	0	0.352129	2.23	1.33022	0.539034	2.81686	1.17373	0.398677	1.78917	2.72304	0.722257	0.0753832	0	0	0	0	0	0	0	0	0	0.326045	5.42506	2.27149	0.824708	2.10984	0.128084	0	0	0	0	0	0	0	0.0839695
ihec.chipseq.ihec-chipseq-containerv1.1.4.IHECRE00001236.5.94801060-fc98-4727-a392-ae741c9cf8fc.fc.signal	2.12057	1.33948	0	0	0.204336	0.641781	0	0.261468	4.02733	2.50265	0	0	0	0	0	0	0	0.0848817	0.63157	0.132415	0	0	0	0.78102	1.8439	1.39304	2.64003	0.549831	0.84898	0	0	0	0	0	0.581227
ihec.chipseq.ihec-chipseq-containerv1.1.4.IHECRE00003689.3.342e70ad-a023-4cf1-9866-19dd652b1429.fc.signal	1.3483	1.7105	2.08158	1.27782	1.63154	0.751812	0.65392	0.41563	0.898588	0.581598	0.914965	0.176204	0.199699	0.565164	0.0443768	0	0.62651	0.969786	1.82732	1.51668	0.480324	0.244077	0.452008	0.624109	0.692317	0.236247	0.998502	1.06637	1.13555	0.20492	0.109637	0.29498	0.0287144	0.289596	0.22566
