	chr14:70733461-70733610	chr14:70733611-70733760	chr14:70733761-70733910	chr14:70733911-70734060	chr14:70734061-70734210	chr14:70734211-70734360	chr14:70734361-70734510	chr14:70734511-70734660	chr14:70734661-70734810	chr14:70734811-70734960	chr14:70734961-70735110	chr14:70735111-70735260	chr14:70735261-70735410	chr14:70735411-70735560	chr14:70735561-70735710	chr14:70735711-70735860	chr14:70735861-70736010	chr14:70736011-70736160	chr14:70736161-70736310	chr14:70736311-70736460	chr14:70736461-70736610	chr14:70736611-70736760	chr14:70736761-70736910	chr14:70736911-70737060	chr14:70737061-70737210	chr14:70737211-70737360	chr14:70737361-70737510	chr14:70737511-70737660	chr14:70737661-70737810	chr14:70737811-70737960	chr14:70737961-70738110	chr14:70738111-70738260	chr14:70738261-70738410	chr14:70738411-70738529	Expression
ihec.chipseq.ihec-chipseq-containerv1.1.4.IHECRE00001447.1.0bde8c3f-07de-437f-8926-bbf417d01abf.fc.signal	0	0.314069	0.272617	0	0	0	0	0	0	0.353014	0.271476	0.127147	1.02061	0.221439	0.202407	0.325127	0.220505	0	0	0	0.140016	0.645301	0.146558	0.353949	0.333331	0	0	0	0.126538	0.280329	0	0.0671888	0.507788	0.662734	0.660465
ihec.chipseq.ihec-chipseq-containerv1.1.4.IHECRE00001973.1.12487572-adf6-40c8-9745-66a141c14768.fc.signal	0	0	0	0	0.972999	2.3859	0.904557	0.413357	0.275739	0.659039	0	0.887752	0.528226	0	0.597963	0.849825	0.0953147	0.880555	0.63934	0	0.252584	0.605248	0	0	0.600498	1.78513	0.0638622	0.533762	0.32407	0	0	0	0	0.0473521	0.794294
ihec.chipseq.ihec-chipseq-containerv1.1.4.IHECRE00001955.3.0d6e9ac4-1ee5-4f7e-8d0d-48a48250ff2d.fc.signal	0.977401	0.336848	0.0788352	0.297967	0.257562	0.70909	0.431259	0.212566	0	0	0	0.185057	0.325995	0.444675	0.37117	0.64708	0.412238	0.590579	0.267733	0	0	0	0	0.221708	0.291856	0.362491	0.702804	1.67125	0.174018	0	0.0379429	0.750767	0.759713	0.111459	0.643678
ihec.chipseq.ihec-chipseq-containerv1.1.4.IHECRE00003401.1.342281be-4e86-4e27-9e01-e85aacc54324.fc.signal	0.723035	0.098614	1.14154	2.06597	1.48122	1.17632	1.02603	1.2593	1.24312	0.999882	1.55927	0.813634	0.640753	0.46014	0.649918	1.82752	0.985617	0.387474	0.601398	0.351701	0.560561	0.711716	0.50969	0	1.3691	3.24915	0.991587	0	0	0	0	0.292223	0.459509	0.27059	0.542453
ihec.chipseq.ihec-chipseq-containerv1.1.4.IHECRE00003677.3.2aab058a-2f5b-45b4-aeba-aa0a2d209eb3.fc.signal	0.324369	0.184327	0.122832	0	0.124477	0.312141	0.0912949	0.268282	0.0516465	0	0	0.27398	0.602572	0.750821	0.212116	0.534754	0.721933	0.28257	0.252144	0.807909	0.382388	0.127623	0.310705	0.756122	0.493996	0.0194006	0	0	0.0659575	0.851428	0.811951	0.719429	1.3714	0.262669	0.429952
ihec.chipseq.ihec-chipseq-containerv1.1.4.IHECRE00001526.1.3053275a-04d9-4877-878d-0e1bc4a6f2cf.fc.signal	0	0	0	0	0.243985	0.235068	0	0	0	0.215767	0.428264	0	0	0	0.193281	0.420764	0.298748	0.353081	0	0	0	0.228302	0.229201	0.0793731	0.29391	0.0423556	0	0	0	0.0805976	0.34961	0.079257	0	0	0.686528
ihec.chipseq.ihec-chipseq-containerv1.1.4.IHECRE00001914.1.10de6d23-02d2-4d71-9c7c-c7a23a9dea76.fc.signal	0.0979823	0.654307	1.09705	1.2304	0.839699	0.161103	0	0.523538	1.78126	1.40512	1.54284	0.188604	0.123293	0.840823	0.384544	0.0111976	0.744289	0.921804	0.144006	0	0.275416	0.648228	0.529943	1.39012	0.0593014	0	0.59791	1.47265	0.627217	0.303614	0.373148	0.313121	0.57891	0.857808	0.591346
ihec.chipseq.ihec-chipseq-containerv1.1.4.IHECRE00001232.5.2bbf1d92-dd54-451c-865f-3578546b9653.fc.signal	0.168248	0.412065	0.603489	0.914741	0.944184	0.462198	0.206201	0.49389	0.737944	0.645056	0.599837	0.203937	0	0	0.548768	0.843212	0.198348	0.729941	0.995199	0.246632	0.190279	0.538961	0.457925	0.732414	0.688238	0.665171	0.634372	0.513355	0.740375	0.658067	0.566706	0.326607	0.534477	1.14623	0.611511
ihec.chipseq.ihec-chipseq-containerv1.1.4.IHECRE00003806.1.ea2564bf-c4d4-400e-ac7f-5d44b98fa6dd.fc.signal	0.0593637	0.119634	0	0	0.181716	0.431046	0.347327	0.231434	0.092683	0	0	0	0	0.0534915	0.243798	0.156905	0.207214	0.21309	0.397468	0.035441	0	0.092239	0.224431	0.0804287	0	0.231941	0.139547	0.147868	0.378845	0.532202	0.0490816	0.149716	0.390475	0.733725	0.491089
ihec.chipseq.ihec-chipseq-containerv1.1.4.IHECRE00002086.1.e56e7efe-813c-4380-b8af-078cacdb962a.fc.signal	0	0.238359	0.536829	1.16544	0.548892	0.754832	0.550771	0.728953	0.208482	0.337948	0.330642	1.24491	0.813768	0	0	0	0.169748	0.239598	1.01542	0.334146	0.223744	1.2113	0.696302	0.480276	0.45445	0.0567689	0.910997	0.431851	0.348508	1.99073	1.02314	0.735118	1.75851	1.02838	0.761852
ihec.chipseq.ihec-chipseq-containerv1.1.4.IHECRE00002067.1.afbe02e8-50de-460a-8edc-cfae9d057ff1.fc.signal	0	0	0.0344005	0.21681	0	0.746446	0.294	0	0.0515813	1.03375	0.171787	0	0.281955	0.640624	1.41226	1.25625	0.63117	0.315939	0	0	0	0	0	0	0	0.370643	0.0264296	0.769459	0.700865	1.1334	0.954642	0.719787	1.06857	0.722256	0.79797
ihec.chipseq.ihec-chipseq-containerv1.1.4.IHECRE00000236.3.50e4b52f-c2ee-4e5a-94ba-4c206af20e08.fc.signal	0.631248	0.484486	0.229583	0.20223	0.498613	0.3244	0.231862	0.639009	1.09949	0.91155	0.845107	1.30276	0.594769	0.119235	0.28585	0.15588	0.10077	0.216806	0.204811	0.148118	0.020811	0	0	0	0.249173	0.602179	0.397836	0.117251	0.463941	0.978353	0.701491	0.402434	0.755398	1.25996	0.627306
ihec.chipseq.ihec-chipseq-containerv1.1.4.IHECRE00000232.3.285e51c7-b00d-4bd1-94fb-890aaf69f0f5.fc.signal	0	0	0	0	0.0211747	0.316674	0.478811	0.134465	0	0	0.142627	0.937121	0.666165	0.0165393	0	0.0646529	0.341941	0.755511	0.446982	0	0	0	0	0	0	0.139386	0.538042	0.55277	0.322738	0.283489	0.180444	0.736639	0.705413	0.0368005	0.503084
ihec.chipseq.ihec-chipseq-containerv1.1.4.IHECRE00003693.3.38d96ded-07f5-41c6-bca5-4d0a649a7511.fc.signal	0	0	0	0	0	0	0.0280625	0.158723	0.188061	0.111957	0.102707	0.010354	0	0.164726	0.0796955	0.158838	0.227546	0.121852	0.0068664	0	0	0	0	0	0.127001	0.165913	0.147607	0.431923	0.181869	0	0.135416	0.0503671	0.133867	0.00507563	0.282322
ihec.chipseq.ihec-chipseq-containerv1.1.4.IHECRE00001952.2.a99a5a16-aeda-4bbd-b32c-e69190f2f046.fc.signal	0	0.733014	0.780108	0.54371	0.0824798	0	0.616441	0.803796	0.122192	0.405049	0.163119	0.904359	1.16317	0.766386	0.120734	1.08478	0.365819	0.48206	0.241443	0	0.397531	0.33342	0.201346	0.514417	0	0.0740054	1.06364	0.34256	0	0	0	0	0	0.445099	0.687898
ihec.chipseq.ihec-chipseq-containerv1.1.4.IHECRE00001467.1.cce25949-4874-486b-8e10-e945d4818d87.fc.signal	0.301318	0.142967	0	0	0	0.268225	0.554011	0	0	0	0	0.0539851	0.385019	0.0688602	0	0.152271	0.32999	0	0	0	0.263752	0.376052	0	0	0.008224	0.758413	0.350922	0.430984	0.078948	0	0	0.308365	0.511157	0	0.598361
ihec.chipseq.ihec-chipseq-containerv1.1.4.IHECRE00001965.2.53f657c9-ccc3-46a9-8812-1aa30d387b18.fc.signal	0.311061	0	0.286888	0.746471	0.259698	0.143634	0.215789	0.148815	0.66695	0.379191	0	0.0863977	1.04623	0.949305	0.0485366	0.469991	1.15761	0.0834007	0	0.288823	1.06027	0.726861	0.104978	0.848061	0.79292	1.28457	0.109956	0.240122	0.295735	0.345591	0.683181	0.0556975	0.17757	0.392553	0.538226
ihec.chipseq.ihec-chipseq-containerv1.1.4.IHECRE00003842.2.ac8d699d-9ae8-4731-8d5c-e996a9937a09.fc.signal	0	0	0	0.248008	0.325888	0.161472	0.0889903	0.157456	0.217922	0.150565	0.490111	0.0446198	0	0	0.23536	0.875306	0.626976	0.16997	0	0	0	0	0	0.12823	0.474565	0.564935	0.0247172	0	0.0105952	0.250461	0.486561	0.353593	0.455991	0	0.285714
ihec.chipseq.ihec-chipseq-containerv1.1.4.IHECRE00001039.6.4b84d196-177c-48b4-a7a5-bffad11f4762.fc.signal	0.756619	0.593417	0.204821	0.11653	0.264539	0.395162	0.156709	0.171081	0.207252	0.233304	0.128323	0.237012	0.331695	0.302242	0.254836	0.288846	0.13339	0.122786	0.195595	0.221201	0.123127	0	0.183811	0.371812	0.540866	0.719621	0.377516	0.396505	0.140304	0.260263	0.234455	0.00576427	0.130895	0.197165	0.511521
ihec.chipseq.ihec-chipseq-containerv1.1.4.IHECRE00000974.7.af2fffce-696b-421a-8732-73b351c68c67.fc.signal	1.41795	1.14402	1.84545	1.1366	0.165896	0.812535	0.812952	0.491252	2.48571	1.51937	0.42248	0.894718	0.128585	0.210118	0.637364	0.763806	0.311529	0.509289	1.95976	0.487681	0	0.290458	0.581198	0	0.72593	0.606283	1.78263	1.9352	0.518511	1.15514	0.985962	0.558025	0.703065	0.200853	0.569358
ihec.chipseq.ihec-chipseq-containerv1.1.4.IHECRE00000298.2.f9a46d3c-b34c-48f5-9ac6-a7782203129c.fc.signal	1.14131	0.660373	0.545181	0	0.0250287	0.75086	0.125143	0	0	0	0	0	0	0.215901	0.545981	0	0.295757	0.71582	1.23642	1.1313	0.195224	0.185212	1.6599	1.00139	0.810929	0.37543	0.743385	0.696899	0.153895	0.093483	0.706893	0.896779	0.910935	1.50803	0.699659
ihec.chipseq.ihec-chipseq-containerv1.1.4.IHECRE00003832.2.0d70dbb5-6bd0-48ac-bde1-b73edc6398bb.fc.signal	0.184877	0.269473	0.590982	0.56896	0.125826	0.509764	0.0492308	1.01866	1.43004	0.443093	0.118252	1.05412	1.33321	0.495387	0.560045	0.597556	0.192473	0	0	0.161755	0.651925	0.647516	0.416138	0.710953	0.791333	1.10738	0.528352	0.358057	0.435211	0.556163	0.182179	0.0733632	0.591932	0.276959	0.344828
ihec.chipseq.ihec-chipseq-containerv1.1.4.IHECRE00001990.1.7114bd47-4fa8-4cc2-a314-a8f63b9a798b.fc.signal	0.244159	0.436366	0.298092	1.0021	0.163701	0	0	0	0	0	0	0	0	0	0.620357	0.128078	0.172721	0.561582	0	0	0	0	0	0	0.816155	0.410391	0.0160493	0.897378	0.82019	0.0267493	0	0	0	0	0.712585
ihec.chipseq.ihec-chipseq-containerv1.1.4.IHECRE00003400.1.1fc96c71-e7b0-4c32-a9b8-85db9118188b.fc.signal	0.716848	0.311715	0.656247	1.12297	0.163398	0	0.107628	0.697736	0.919358	0.906001	0.510516	0.91336	1.29467	0.502902	1.77817	0.726566	0.489154	0.176711	0.242042	0.40242	0.254973	0.236966	0	0	1.12406	0.684879	0.747405	1.48557	0.671355	0	0	0	0	0.609135	0.398844
ihec.chipseq.ihec-chipseq-containerv1.1.4.IHECRE00003680.3.d0662727-3cb8-42a6-9eb8-875cfded9c1e.fc.signal	0	0	0	0	0	0	0	0.352658	0.827063	0.146639	0.0947856	0.12974	0.0665699	0.200573	0	0	0.113103	0.160802	0.246643	0.00329907	0	0.0816667	0.442288	0.0811795	0.078634	0.15366	0.118848	0	0.128656	0.105038	0	0	0	0	0.46114
ihec.chipseq.ihec-chipseq-containerv1.1.4.IHECRE00001486.1.dccc1e9c-af80-4f18-8934-096b69e58581.fc.signal	0.824398	0.296409	0.468897	0.75244	0.193837	0.1481	0.823777	1.04011	0.847765	0.388482	0.0833206	0.662296	0.972673	0.759885	0.450916	0.32447	0.407854	0.178594	0.392232	0.133778	0.120461	1.03885	1.04485	0.373734	0.398374	0.436312	1.38097	1.15944	1.56906	1.25044	1.47201	0.330627	1.32468	0.845027	0.694444
ihec.chipseq.ihec-chipseq-containerv1.1.4.IHECRE00002058.1.74e68fe6-66c5-49bf-a809-80390106feb5.fc.signal	0.0851115	0.302091	0.180078	0.508677	0.385716	0.117461	0.16814	0.287518	0.33421	0.86821	0.89868	1.00681	0.220124	0.945147	1.45866	0.392661	0.42085	0.330226	0.148734	0	0	0.714824	0.480145	0.383067	0.940965	0	0	0	0.205315	0.472612	0.36797	0.271861	0.296587	0.899938	0.780967
ihec.chipseq.ihec-chipseq-containerv1.1.4.IHECRE00000224.3.793fc11e-e9ef-4476-a0d2-85f945a7ed27.fc.signal	0	0	0	0	0	0.326616	0.804517	0.643441	0.278573	0.361188	0.712305	0.592686	0.304876	0.457092	0.191737	0	0.0458634	0.391807	0.446323	0.207578	0.187066	0.530732	0.335212	0	0	0	0.146644	0.508306	0.625775	0.979434	0.618391	0.472619	0.550874	0.427369	0.446809
ihec.chipseq.ihec-chipseq-containerv1.1.4.IHECRE00000152.3.8ed625cd-d912-4521-bd62-5effff61a9e5.fc.signal	0.560888	0	0.59856	0.254226	0.228021	0.893253	0.405686	0.348878	0	0	0.355787	0.355787	0	0.0460431	0.55864	0.0208344	0	0.104312	0.316956	0.271033	0	0.424593	1.18166	1.18038	0.251144	0.460431	0.686798	1.75382	0.0502288	0	0	0	0.167429	0.62786	0.507273
ihec.chipseq.ihec-chipseq-containerv1.1.4.IHECRE00001002.4.47bafce5-cf92-4589-82d6-1f8a597d67d2.fc.signal	0.266506	0.293802	0.341986	0.386567	0.0327651	0.245649	0.416631	0.0226312	0.0512129	0.237179	0.328678	0.192347	0.226093	0.191767	0.35796	0.287574	0	0.290489	0.518373	0.127891	0	0.0662611	0.199957	0.17285	0.320367	0.458227	0.474444	0.446497	0.0535073	0.0232686	0.221557	0.302514	0.812008	0.547252	0.348624
ihec.chipseq.ihec-chipseq-containerv1.1.4.IHECRE00001050.8.e3d2eec5-07d0-478e-b8e6-55da7b174fe0.fc.signal	0.277081	0.509035	0.375039	0.303848	0.609932	0.264704	0.289262	0	0	0.898363	0.495262	0.603795	0.393007	0	0	0.365165	0.292937	0.730071	0.635011	0.165908	0.394345	0.258387	0.602911	0.951304	0.671998	0.979311	0.800747	1.22225	0.610527	0.383062	0.250163	0.719162	0.289117	0	0.545706
ihec.chipseq.ihec-chipseq-containerv1.1.4.IHECRE00003836.3.979da4d3-974d-4990-8869-1f61f20d4ee3.fc.signal	0.392148	0	0	0	0	0	0.190593	0.481881	0.125536	0.393557	0.504728	0.242157	0.724745	0.0692878	0	0.223535	0.507497	0.319569	0	0.235727	0.279149	0.22233	0.224277	0.419036	0.971221	0.345509	1.05222	1.10183	0.137008	0.321227	0.41114	0.394263	0.431522	0.673818	0.55641
ihec.chipseq.ihec-chipseq-containerv1.1.4.IHECRE00000242.3.29b88f8a-5864-41d5-9d2e-8cf436621ef7.fc.signal	0	0	0	0	0	0.0550463	0.204901	0.187455	0.366127	0.316889	0.133494	0.13825	0.0266999	0	0	0	0.0054016	0.193726	0.235205	0.048222	0	0	0	0	0	0	0.0922743	0.432223	0.657087	0.667002	0.263797	0.0448477	0.404175	0.449253	0.452316
ihec.chipseq.ihec-chipseq-containerv1.1.4.IHECRE00004617.2.072627d2-ab52-4b94-ab51-9e9d905bc824.fc.signal	0.792443	1.09512	0.241193	0.192137	0.220687	0.647826	0.423111	1.03303	1.01692	0.340142	0	0.401685	0.942297	1.31376	0.687702	0.546083	0.774377	0.0757676	0	0	0	0	0	0.265241	0.290088	0.0400786	0.477434	0.161889	0.0560811	0.71523	0.276137	0	0.194326	0.846501	0.501129
ihec.chipseq.ihec-chipseq-containerv1.1.4.IHECRE00000223.3.c621361d-dad0-4fef-8483-b87bec22a86a.fc.signal	0.319087	0.319219	0.252599	0.229646	0.164092	0.200549	0.159105	0.128364	0.296566	0.347201	0.432549	0.269625	0.00234613	0	0	0	0.14525	0.377671	0.439711	0.211702	0.0841587	0.235584	0.128829	0	0.012941	0.220184	0.204474	0.106125	0.075973	0.123319	0.0511567	0.0607101	0.148835	0.149614	0.356509
ihec.chipseq.ihec-chipseq-containerv1.1.4.IHECRE00000227.3.3324a0e7-9091-4952-b04e-d0a7fa0902ef.fc.signal	0.776133	0.930509	0.884196	0.985238	0.507731	0.0969177	0.275437	0.363475	0.484632	0.396431	0.108958	0.32104	0.400169	0.163309	0.530563	0.872995	1.278	0.844412	0.177703	0	0	0	0	0	0	0.0349519	0.872188	1.9323	1.24293	0.305124	0.0484066	0.439013	0.45316	0.281284	0.20689
ihec.chipseq.ihec-chipseq-containerv1.1.4.IHECRE00000964.7.7b47d1c2-54cf-477b-9e3d-3dc271ede832.fc.signal	0.338673	0.448813	0.00134773	0.116538	1.54625	1.99749	1.14754	1.35383	0.743738	1.21454	0.827068	0.320201	0	0.669925	2.15973	1.92065	0.307466	1.20152	2.14418	0	0	0.893882	0.299438	0.189063	0.75851	1.04859	1.90458	0.392961	0	0.389806	1.27801	0.861391	0.900824	0.842003	0.503497
ihec.chipseq.ihec-chipseq-containerv1.1.4.IHECRE00000957.7.280608e3-f2db-495d-8512-5761688a7d39.fc.signal	0.437499	0.311288	0.464718	0	0	0.0209407	0.663775	1.35355	0.491529	0.285276	0.53872	0.369814	0.652553	1.02703	0.486339	0.392285	0.76478	0.813863	0.330225	0	0	0.130961	0.238304	0.13784	0.230555	0.643083	0.352244	0.779026	0.355823	0.777658	0.025632	0.317078	0.475743	1.17773	0.444444
ihec.chipseq.ihec-chipseq-containerv1.1.4.IHECRE00003660.4.a11d1f85-8da4-41e8-ae9d-f92acd6fb7a1.fc.signal	0.339809	1.86606	0.919157	1.06291	0.71975	0.491802	0.340092	0.711327	1.81785	0.472076	0.350077	0.874374	0.136142	0	0	0.645614	1.41509	1.1771	0.863484	0.74894	0.0804871	0.265515	0.294232	0.295748	0.429286	0.571672	0.769866	0.89729	0	0	0	0.148043	2.76327	1.36759	0.534653
ihec.chipseq.ihec-chipseq-containerv1.1.4.IHECRE00001488.1.f277fd12-ef1b-437b-8412-8210645647cd.fc.signal	0.13511	0	0.431726	1.18873	0.240307	0.400896	0	0	0	0	0.710129	0.850458	0	0	0	0	0	0.701635	0.0786347	0	0	0	0	0	0.248491	0.36779	0.447148	0.278251	0.22116	0.80275	0.266345	0.058976	0.701322	0.0157389	0.663934
ihec.chipseq.ihec-chipseq-containerv1.1.4.IHECRE00000153.3.03d3daca-2020-41d6-9d70-66acec6b65de.fc.signal	1.21587	0.0885109	0	0.312118	1.40557	0.424618	0	0	0.328802	0.69877	0.568333	0.130437	0.69877	0.297674	1.44352	1.88218	0.0326093	2.101	0.844098	0	0	0.00465847	0.712746	0.948205	0.154426	0.387892	0.442554	1.01089	0.92238	0.498174	0.827453	0.246242	2.07769	1.30947	0.560841
ihec.chipseq.ihec-chipseq-containerv1.1.4.IHECRE00002063.1.7418f6bc-6e40-4cd9-9c59-6013c4a60b00.fc.signal	0.950161	0.268377	0	0.361993	0.721486	0.54311	0.915897	0.569171	0.202451	0.516043	0.56662	1.24973	1.10401	0.612597	1.24575	1.43494	1.14232	0.835732	0.821685	0.613281	1.49708	1.29243	0.724298	1.02761	0.540877	0.389307	0.445163	0.226403	0.298853	0.0809567	0.856488	1.05013	0.563144	0.735122	0.696721
ihec.chipseq.ihec-chipseq-containerv1.1.4.IHECRE00004609.2.02700347-df20-47c4-9f0c-4c735f739be2.fc.signal	0.375721	0.73239	0.727398	0.302585	1.22942	0.101506	0.234822	0.595954	1.14539	0.607799	0.47177	0.699931	0.193125	0.496599	0.895852	0.837877	0.4804	0.941188	0.380631	0	0	0.546835	0.166486	0.692397	0.788922	0.179956	0.699844	0.561017	1.09104	2.32216	1.26695	1.36928	0.529607	0.291714	0.569579
ihec.chipseq.ihec-chipseq-containerv1.1.4.IHECRE00002076.1.c5ef21e4-195e-4160-bc6c-4a5cf2e91a44.fc.signal	0.981598	0	0.505229	0.184067	0	0.372033	0.302826	0	0	0.312631	0.0738365	0.528715	0.196618	0.450253	0.287572	0.301614	0.341485	0.144567	0	0.762842	0.0529477	0	0	0.433785	0.647893	0.184628	1.73299	0.0776651	0.586073	0.0839272	0.267166	0.259724	0.380919	0.0914255	0.808451
ihec.chipseq.ihec-chipseq-containerv1.1.4.IHECRE00001458.1.478dd8ee-7056-4a3a-8717-364193310324.fc.signal	0	0.226665	0.405445	0.0175147	0	0.00248433	0.394372	0.96584	0.478736	0	0.164586	0.419138	0.0560469	0	0	0	0	0.18712	0.434458	0.0336817	0	0	0.0343984	0.472445	0.485179	0.102461	0.371363	0.237636	0.112389	0.450531	0.120633	0	0	0	0.452381
ihec.chipseq.ihec-chipseq-containerv1.1.4.IHECRE00003404.1.23508f0c-a4f9-4134-8818-79f90321c313.fc.signal	0.797818	0.150617	0	0.788473	0.692551	0.248133	1.24274	0.543279	1.18869	0.198196	1.12022	0.758808	0.124823	1.4525	0.898265	1.36121	0.826927	1.12735	1.4673	0.88668	0.65649	0.404698	0.501687	0.832422	1.02766	1.17791	1.69897	0.617246	0.439861	0	0.431466	0.925573	0.692015	0.709056	0.342593
ihec.chipseq.ihec-chipseq-containerv1.1.4.IHECRE00000324.2.bda4281b-2ebf-44e4-aadf-619322c04a02.fc.signal	0.220666	0	0.285501	0.306411	0	0	0	0	0.368944	0.223772	0	0	0	0	0.315614	0.129206	0	0	0	0	0	0	0	0.315684	0.283949	0	0	0	0	0	0	0.351144	0.562424	0.0347166	0.747748
ihec.chipseq.ihec-chipseq-containerv1.1.4.IHECRE00001997.1.f0f49cb4-faa4-493d-95f6-28ba67fd8f5a.fc.signal	0	0	0.372205	0.651662	0.352379	0.525073	0.428423	0.719112	0.817071	0.391864	0.500162	0	0	0	0	0	0.945174	1.54667	1.02717	0.0546984	0.356518	0.528508	0.40687	0.831694	0.517467	0.379919	0.45055	0.291988	0.528574	0.393768	1.11152	0.822899	0.129771	0.592479	0.755155
ihec.chipseq.ihec-chipseq-containerv1.1.4.IHECRE00001916.1.b312b64f-9e57-40a1-8990-36799deb53e5.fc.signal	0.147341	0.875784	0.70546	1.40159	0.771959	0.514908	0.541597	0.915312	1.28954	0.790548	1.2195	1.06743	1.09229	0.389062	0.815524	0.768841	0.126207	0.063594	0.849145	0.652491	0.173153	0	0	0	0.0763876	1.43868	1.04823	1.02281	1.31236	0.783477	0.642267	0.476643	0.630411	0.808074	0.649789
ihec.chipseq.ihec-chipseq-containerv1.1.4.IHECRE00001921.1.e0431336-7ca3-491c-a874-4a2ee7005698.fc.signal	0	0.564704	0.679653	0.340989	0.0920851	0.325971	0.130743	0	0	0.272587	0.760934	0.513944	0.0111482	0	0	0	0	0.273591	0.535034	0.100331	0.148846	0.596419	0.252777	0.350802	0.205988	0	0	0	0	0	0.164456	0.791539	0.730632	0.0673605	0.323699
ihec.chipseq.ihec-chipseq-containerv1.1.4.IHECRE00000987.6.f1a05120-9b28-47d7-97dd-561e9dce1de5.fc.signal	0.463619	0.979675	1.08185	0.991318	0	0	0	0	0	0	0.388296	0.925451	0.931632	0.441479	0.74283	0.140408	0.387389	0.118306	0.253464	0.942295	0.128345	0.0699576	0.285808	0.39215	0.00269887	0	0	0.0984914	0.468511	0	0.112222	0.242376	0	0	0.592593
ihec.chipseq.ihec-chipseq-containerv1.1.4.IHECRE00003835.4.7cb1b260-ca75-46bb-8f6a-650a6447c78b.fc.signal	0	0.355397	0.297987	0	0	0	0.268607	0.349897	0.0341437	0.462429	0.656718	0.564328	0.135845	0	0	0	0	0.311729	0.306652	0.172232	0.374191	0.0518037	0	0	0.138124	0.257296	0	0	0	0.456222	0.430716	1.10935	0.591048	0.116623	0.340426
ihec.chipseq.ihec-chipseq-containerv1.1.4.IHECRE00001025.7.383d7143-d994-47de-83fc-160182b0cccd.fc.signal	0.94429	0.825816	0	0.74414	0.307832	1.16495	1.09861	0	0	0.131603	2.0459	0.804205	0.372154	1.19199	1.05036	1.345	0.508713	1.9878	0.74517	0	0.0244323	1.08238	1.59212	0	0	1.11253	1.28244	0.817463	0.182369	1.11179	0.872899	1.29019	0.0171026	0	0.560284
ihec.chipseq.ihec-chipseq-containerv1.1.4.IHECRE00003684.3.ccd0be12-ccb0-4c4e-b1e2-a054444b344c.fc.signal	0.474142	0.637548	0.840418	0.20414	0.26579	0.00181033	0	0	0	0	0.345519	0.723303	0.366466	0.0144479	0.398758	0.583169	0.422366	0.448742	0.335711	0	0	0.037729	0.556014	0.540654	0.39173	0.705735	0.0545278	0	0	0.343993	0.450072	0.161537	0	0.183905	0.523901
ihec.chipseq.ihec-chipseq-containerv1.1.4.IHECRE00001892.4.68f6c400-c106-443e-8636-56b5afbcfe6d.fc.signal	0.382284	0.717769	0.59296	0.936561	1.23587	0.99362	0.685042	0.0906497	0	0.271588	0.930113	0.931049	0.449503	0.576364	1.2964	1.37569	1.12866	0.533473	0.947076	0.596569	0.412701	1.13798	0.984788	1.51417	0.905389	0.479941	0.36838	0.510872	0.441407	0.596783	1.48707	1.08225	0.567492	0.29207	0.358871
ihec.chipseq.ihec-chipseq-containerv1.1.4.IHECRE00001889.4.5f1e2b9f-7ef0-4e6e-89e2-0b9c11816f3d.fc.signal	0.0452771	0.173288	0.191688	0.207212	0.128235	0.104909	0.0791655	0.233904	0.316009	0.687689	0.572564	0.322715	0.322715	0.733649	1.1248	0.533584	0.236852	0.357321	0.846297	0.509466	0.482611	0.102939	0	0.20569	0.535737	0.4004	0.257811	0.187873	0.080935	0.323924	0.32459	0.103109	0.352124	0.575461	0.305864
ihec.chipseq.ihec-chipseq-containerv1.1.4.IHECRE00003683.3.a1786588-e489-4c70-a7da-27b695059d11.fc.signal	0.0605823	0.426386	0.134802	0.461223	0.225157	0.396784	0.202511	0.519921	0.248315	0.0373993	0	0.274197	0.167375	0.361499	0.0557061	0.0367322	0.122176	0.0502805	0.386207	0.219677	0	0	0	0.0268329	0.398963	0.221869	0.153271	0.0305185	0.193024	0.524735	0.191601	0	0	0	0.282282
ihec.chipseq.ihec-chipseq-containerv1.1.4.IHECRE00003803.1.5811fe86-2f6b-4937-8c8f-b865bb36877a.fc.signal	1.17612	0.865106	1.94539	0.103987	1.74189	1.64518	0.166772	1.08277	1.22652	2.37452	1.32385	2.08917	0.572778	0	0	0	0	0.770692	0.709328	0	0	1.89011	3.69569	0.321782	0.223257	1.31364	2.27387	0.738078	0	0	0.18514	1.14043	0.029805	0	0.39823
ihec.chipseq.ihec-chipseq-containerv1.1.4.IHECRE00004884.1.55c580e9-33d1-47be-8555-14db2907a656.fc.signal	0.819995	1.20786	0.536832	0.325645	0.592071	0.812506	0.0438075	0	0.27842	2.34552	1.78525	1.91106	0.107951	0	1.06413	1.75521	0.431434	0.758929	0	0	0	0.725459	1.11409	0	0.545241	0.631913	1.46267	0	0	0	0.083517	0.48213	0.393372	0.844968	0.530055
ihec.chipseq.ihec-chipseq-containerv1.1.4.IHECRE00004606.2.ed49a991-84af-4e39-816c-484a056fbaeb.fc.signal	0.41525	1.65015	0.320152	0.504427	0.657444	0.151581	0.142917	0.482361	0.294724	0.197422	1.14827	1.03118	0.810992	0.295122	0.264817	0.791352	0.0702916	0.765855	1.06245	0.233859	0.547477	0.496414	0.491566	0.177192	1.28426	0.582105	0.547208	0.121541	0.209828	0.74031	0.576377	0.857639	1.41007	1.15238	0.416862
ihec.chipseq.ihec-chipseq-containerv1.1.4.IHECRE00003689.3.e809e596-752e-4188-9554-1c259b625898.fc.signal	0.937959	0.361529	0.372779	0.695008	1.07488	1.05829	0.958316	0.606816	1.39654	1.47389	1.31611	0.554249	0.291881	0	0.127765	0.41248	0.693502	1.44119	1.32285	0.317352	0.390617	0.0916757	0.460521	0.172454	0.441902	0.51732	1.23786	1.51832	0.59753	1.35783	0.355345	0.183047	1.64518	1.32299	0.485923
ihec.chipseq.ihec-chipseq-containerv1.1.4.IHECRE00004643.3.15a1e343-163b-4fb6-858c-0dee043f87d0.fc.signal	0.311997	0.396287	0.470797	1.05765	1.1192	0.391727	0	0.0406602	0.344002	0.947575	1.28847	1.08032	0.0978986	0	0	0.28027	0.502428	0.0653811	0.456569	1.37677	0.438329	0	0	0.249394	0.904373	0.738456	0.78175	0.684771	0.317846	0.270606	0.170137	0.570243	0.265178	0	0.137931
ihec.chipseq.ihec-chipseq-containerv1.1.4.IHECRE00003682.3.cb3f1a65-14b1-4058-aef5-bc7db4396fc3.fc.signal	1.00471	1.18459	0.420197	0.392431	0.351192	0.0956753	0.0956843	0.58165	0.532315	0.566738	0.197763	0.134843	0.174691	0.661558	0.335788	0.678679	0.520723	0.211626	0.0386565	0.142686	0.0887413	0.207789	0.17425	0.287148	0.338357	0.234608	0.00854633	0.186457	0.655538	0.673679	0.125662	0.0478983	0.198112	0.334028	0.743056
ihec.chipseq.ihec-chipseq-containerv1.1.4.IHECRE00001015.4.43e52f53-9251-4460-b822-3522af489eae.fc.signal	0.0588433	0.350731	0.721416	0.304685	0.349662	0.180413	0.517959	0.0521577	0.0570086	0.329719	0.569015	0.696639	0.384975	0.425987	0.166802	0.117745	0.342031	0.434874	0.412209	0.25006	0.186624	0.866152	0.374075	0.182088	0.501351	1.17793	1.28541	1.39779	0.611166	1.07567	0.281077	0.304783	0.278809	0.441667	0.490909
ihec.chipseq.ihec-chipseq-containerv1.1.4.IHECRE00001460.1.9053356a-2204-4b95-b0ed-ab6799692f8c.fc.signal	1.07428	0.225222	0	0	0	0	0	0.25364	0.608809	0.151038	0.579603	0.406631	0	0.438677	1.10537	0	0	0	0.189371	0.556141	0	0	0	0	0	0	0	0	0.310711	0.253744	0	0	0	0	0.501706
ihec.chipseq.ihec-chipseq-containerv1.1.4.IHECRE00001962.2.d1151f44-0503-431c-bfe2-499fbc35c555.fc.signal	0.374579	0.395695	0.284992	0.0684007	0.20013	0.58659	0.695128	0.420377	0.700988	0.622517	0.457006	0.190143	0.286381	0.394524	1.00024	0.579669	0.304984	0.443641	0.607644	0.325399	0.142371	0.125575	0.526896	0.527238	0.304604	0.519881	0.00708853	0	0.0917437	0.275812	0.049599	0	0	0.106647	0.547284
ihec.chipseq.ihec-chipseq-containerv1.1.4.IHECRE00003828.3.c90cd691-f9f9-4d3d-8121-396fdd749845.fc.signal	0.365171	0.337922	0.0112411	0	0.316996	0.830382	0.277267	0	0.32822	0.219837	0.181523	0.347016	0.21219	0.32042	0.0725163	0.49311	0.0197668	0.724169	0.463632	0.899995	0.458248	0.98579	1.38261	0.333092	0.484808	0.676854	0.687052	0.45318	0.310617	0.302765	0.492688	0.376684	0.538861	0.385299	0.488839
ihec.chipseq.ihec-chipseq-containerv1.1.4.IHECRE00001851.4.5e272f7c-8fae-451e-b602-8f58a446c757.fc.signal	0.378528	0.45089	0.792441	0.470348	0.298322	0.460581	0.344387	0.0272051	0	0	0.36746	0.407092	0.367796	0	0	0	1.06335	1.50704	0.2146	0	0.0316775	0.332076	0.444746	0.281921	0.397866	1.61432	1.11577	0.898	0.88957	0.894432	0.986939	0.830475	0.719614	0.428956	0.584906
ihec.chipseq.ihec-chipseq-containerv1.1.4.IHECRE00003845.2.9e5db108-fb6f-41e3-a18b-d6050acde8c3.fc.signal	0.830415	0.0860787	0.306907	0.187753	0.224243	0	0.577529	0.55122	0.0946828	0	0.0707961	0.179042	0	0.008436	0.374478	0.0782866	0.204656	0.39714	0.380638	0.163408	0.366764	0.236253	0.347407	0.385832	0.362767	0.00706107	0.180813	0.0419986	0.411345	0.833428	0.641077	0.248591	0	0	0.123077
ihec.chipseq.ihec-chipseq-containerv1.1.4.IHECRE00000231.3.493a772e-0001-4655-973c-6fca5dd7388d.fc.signal	0.239171	0.329789	0.643321	0.821607	0.515812	0.699061	1.00951	0.608136	0.309078	0.265887	0.540008	0.575546	0.459717	0.270984	0.104435	0.16087	0.37371	0.691963	0.951798	0.278972	0.298686	1.57096	0.98505	0	0.0368814	0.296238	0.341811	0.348244	0.57948	0.403867	0.0176587	0.14686	0.400993	0.383274	0.322034
ihec.chipseq.ihec-chipseq-containerv1.1.4.IHECRE00001958.3.6c69236e-c3b7-44e9-b4df-92ecc399b775.fc.signal	0.337146	0.0772525	0	0	0	0	0	0	0.459098	0.301704	0	0	0.0382659	0.363047	0.395942	0.395576	0.402161	0.662928	0.745039	0.00807687	0	0	0	0	0	0.184677	0.599481	0.497779	0.457479	0.892134	0.446048	0.0426768	0	0	0.685393
ihec.chipseq.ihec-chipseq-containerv1.1.4.IHECRE00003818.1.fdfc855b-3069-4eaf-80ec-59fca0202ead.fc.signal	1.33	2.31325	3.2063	1.96049	1.05787	0.203511	0.255636	1.11364	0.915076	1.76531	0.994195	1.1323	1.13141	0.951605	0.706475	0.724744	0.0553945	0.43678	0.627071	0.689308	1.62534	0.820522	0.0260215	0	0.11723	1.49432	0.730924	0.879818	0.612503	0.372724	0.962457	1.6033	1.75095	1.80654	0.316547
ihec.chipseq.ihec-chipseq-containerv1.1.4.IHECRE00003812.1.f091f16b-76c5-4d9c-852c-b5cc2fced8c8.fc.signal	0.196226	0.102791	1.13806	1.80609	0.949221	0.611038	0.455702	0.0470871	0.755503	0.63419	0.454723	1.57403	1.11863	0.844781	0.644079	0.590148	0.57669	0.888425	0.368204	0.382644	0.776803	0.926545	0.711535	0.714536	0.842422	1.48188	1.55553	1.14678	0.26562	0.758762	0.66502	0.0185232	0.183308	0.742328	0.3125
ihec.chipseq.ihec-chipseq-containerv1.1.4.IHECRE00000226.3.0efe9323-bb7a-4549-ab51-b36e1f1ce2c0.fc.signal	1.00498	0.840647	0.249222	0	0	0.295601	0.471549	0.14705	0.336343	0.48033	0.439779	0.861039	0.665503	0.114499	0	0	0	0.134189	0.382869	0.201156	0	0	0	0	0	0.0401139	0.188685	0.251556	0.60424	1.09713	0.718936	0.78157	0.925924	0.36403	0.430712
ihec.chipseq.ihec-chipseq-containerv1.1.4.IHECRE00001379.1.7bb30dcc-e5cd-42c7-b3cc-00ab7aee3887.fc.signal	0	0	0	0	0	0	0	0	0	0.22234	0.209858	0	0	0	0	0	0	0	0	0	0	0	0	0	0	0.355849	0.300564	0	0	0	0	0	0	0	0.586667
ihec.chipseq.ihec-chipseq-containerv1.1.4.IHECRE00000290.2.084d81f6-2fac-41c7-b877-8172e99717c7.fc.signal	0.141027	0.667109	3.18514	2.28679	1.58697	0.164392	0.82866	0.171726	0.358857	0.0883246	1.15597	0.172378	0	0	0.35715	0.40262	0.598255	1.83499	3.85939	0.940867	2.53627	1.18053	0.626953	0.754523	1.65096	0.700474	1.57939	0.125185	0.927584	0.845956	0.605688	1.12689	1.73454	2.46685	0.636605
ihec.chipseq.ihec-chipseq-containerv1.1.4.IHECRE00004614.1.ec015f8f-ae48-4714-af9a-4349b955d07f.fc.signal	0	0.517836	0.239569	0.786553	0.467	1.19202	0.579636	0.629913	0.48632	0.612393	0.621914	0.866094	0.274104	0.615709	1.28975	1.08472	0.693823	0.324357	0.326918	0.286237	0.416459	0.821225	0.476812	0.503944	1.37031	1.70071	0.75653	1.15462	1.367	0.584126	0.257266	0	0.2753	0.408747	0.514888
ihec.chipseq.ihec-chipseq-containerv1.1.4.IHECRE00001954.2.9c1223d8-1c7e-48a7-80b8-13425cae848a.fc.signal	1.05193	0.223369	0.99765	1.51298	0.62369	0.190913	0.515466	0.0381827	0.790381	1.0252	1.89311	1.41507	0.41463	0.29068	0.409863	1.34484	1.34879	0.235321	0.671156	0.498377	0.906198	0.415518	0.582676	1.58926	1.62098	0.391579	1.19991	0.404887	0.637062	1.05002	0.795261	0.0252076	0.0665687	0.555056	0.65272
ihec.chipseq.ihec-chipseq-containerv1.1.4.IHECRE00001315.1.62d7109e-8999-4534-ab39-8054c39c7871.fc.signal	0.184133	0.298089	0.200399	0.423102	0.158558	0.49553	0.445761	0.243885	0	0	0	0.173157	0.71222	0.158123	0	0.298629	0.542631	1.28804	0.733976	0.259348	0.341467	0	0.608914	0.635415	0	0	0	0	0	0	0	0	0.107639	0.680226	0.613043
ihec.chipseq.ihec-chipseq-containerv1.1.4.IHECRE00001959.2.a7b76745-dcef-4cb6-a9b6-a20155a8b15e.fc.signal	0.0735096	0.0284316	0.197278	0.12802	0.214323	1.12464	0.728575	0.379373	0.637112	1.25669	3.83735	3.66171	0.286994	0.237345	1.14126	0.397781	1.5924	1.57451	1.26677	0.0081296	0.587506	0.251359	0.291404	0.0416973	0	0.479848	1.57792	0.533872	0.101083	0.329075	0	0.568009	1.92812	0.205565	0.665981
ihec.chipseq.ihec-chipseq-containerv1.1.4.IHECRE00004603.3.aa33cda4-5f7e-468f-8713-d439ef935bb1.fc.signal	0.839449	0.87317	0.35715	0.907953	0.362024	0.259744	0.367343	0.531354	0.327785	0.33415	1.08806	1.14262	0.78248	0.871946	0.421803	0.191661	0.687728	0.247136	0.269845	1.0994	0.771623	0.265327	1.01783	0.319797	0.849906	0.785815	0.749525	0.271698	0.408564	0.578946	0.321444	0.73003	1.04372	0.791788	0.460292
ihec.chipseq.ihec-chipseq-containerv1.1.4.IHECRE00000354.2.1e738b62-fa24-41ee-be9b-480dc60cec32.fc.signal	0.945248	0.605734	0.912502	0.839022	0.162005	0	0	0	0	0.450754	1.68119	1.24789	0.448378	0.488442	0.203639	0.0287716	0.539977	0.833245	0.929229	0.522139	0.258275	0.249086	0	0	0.829412	1.14422	1.19503	0.911545	1.16917	0.175538	0	0	0.104728	0.267112	0.758242
ihec.chipseq.ihec-chipseq-containerv1.1.4.IHECRE00001963.2.5dfb9b40-6b47-44fd-9ffc-ba05e31611c9.fc.signal	0.124292	0	0.0642825	0.492295	0.373387	0.0182576	0.364113	0.243196	0.009356	0.0506723	0.582958	0.694435	0.4223	0.69482	0.27863	0.0736883	0.341317	0.128521	0	0	0	0.140632	0.174724	0.168611	0.0203591	0.0533232	0.189423	0.749486	0.537885	0	0.0347156	0.275959	0.43594	0.710781	0.538667
ihec.chipseq.ihec-chipseq-containerv1.1.4.IHECRE00004681.3.0f14d363-13f3-4ef6-ae7d-bc5a09aea3db.fc.signal	0.271035	0.443162	0.887527	0.499722	0.246015	0.530167	0.343529	0.507369	0.507895	0.574244	0.232446	0.328334	0.285436	0.00613887	0.213689	0.280812	0.0877308	0.088871	0.472641	0.444471	0.590861	0.470439	0.438728	0.177664	0.124556	0.186662	0.167819	0.397332	0.456645	0.302948	0.461893	0.135103	0.164528	0.118006	0.369718
ihec.chipseq.ihec-chipseq-containerv1.1.4.IHECRE00001957.2.50048c67-3126-4929-baee-51f09f7d6142.fc.signal	0.818566	0.691592	1.2466	1.00966	0.380841	0.492497	0.108485	0.260825	1.03999	0.726346	0.506829	1.0999	0.71384	0.49672	0.415024	0.495955	0.656726	0.7434	0.276589	0.692251	0.849861	0.492214	0.523886	0.662136	0.405625	0.0270807	0.585082	0.995434	0.160606	0.3249	0.234414	0.572823	1.13904	0.270143	0.654676
ihec.chipseq.ihec-chipseq-containerv1.1.4.IHECRE00003730.1.ca2c9686-19d9-4bbf-8dc9-072da982979c.fc.signal	0.512136	0.290438	0.77637	0.426622	0	1.12552	1.42403	0.906728	0.383935	0.722317	0.30406	0.771578	0.597058	0.897519	0	0	0.121432	0.878074	0.5057	0.905331	0	0.370088	1.82755	0.157481	0.653393	0.515646	0	0	0	0	1.5346	1.3084	0	0.426131	0.592593
ihec.chipseq.ihec-chipseq-containerv1.1.4.IHECRE00003716.2.82753642-3854-4352-953d-733f91022d45.fc.signal	0.56124	0.480723	1.17041	0.568237	0.45076	0.84288	0.309369	0	0.317645	1.11702	0.122526	0.298113	0.101419	0.1019	0.850899	0.468444	0.547129	0.342966	0	0.173255	0.430641	1.74143	3.22975	1.65122	1.28666	1.18558	0.779135	0.778067	0.193541	1.36771	1.09692	0.855151	1.81275	2.52942	0.573581
ihec.chipseq.ihec-chipseq-containerv1.1.4.IHECRE00000283.2.21f78497-9226-4005-b725-5835db92545e.fc.signal	0.891241	1.94158	0.826061	0	0	1.06308	0.826061	0.680872	1.72221	1.08139	1.44185	0.330422	0.210269	0.75096	0.0901152	0	0	0	0.344155	0.254847	0.20947	0.0799491	0	0.151494	0.325989	0	0.0380475	0.911958	1.34078	0.614659	0.635852	0.206865	0.728887	0.262546	0.576389
ihec.chipseq.ihec-chipseq-containerv1.1.4.IHECRE00001375.1.ff801444-0867-45f5-9fff-5a6333e09e53.fc.signal	0	0.277347	0.251129	0.19519	0.321642	0	0	0	0	0.292476	0.369713	0.234967	0	0	0	0.12459	0.711384	1.18906	0.273527	0.208174	0.0814999	0.464393	0.183853	0.182875	0.75652	0.26468	0.314877	0.140185	0.285613	0	0	0	0	0	0.703488
ihec.chipseq.ihec-chipseq-containerv1.1.4.IHECRE00003696.3.3a6ae66a-e132-4cd3-9cf1-43065af659e9.fc.signal	0	0	0	0	0	0	0.266672	0.328472	0.559946	1.0098	0.617395	0.659167	0.0562349	0.313924	0.30902	0.694872	0.597999	0.397175	0	0.130771	0.254223	0.472662	0.108569	0.550681	0.647429	0.36362	0.0089204	0	0	0.108878	0.478445	1.07255	1.01963	0.210787	0.272085
ihec.chipseq.ihec-chipseq-containerv1.1.4.IHECRE00003690.3.e849a0a4-b91f-4930-9a8d-97e433f1508c.fc.signal	0.323335	0.0620272	0.294195	0.215899	0.934832	0.331209	0.338569	0.264967	0	0.0917268	0.353308	0.707445	0.027112	0.100622	0.193217	0.0648799	0.172489	0	0	0	0	0.0907758	0.922565	0.23798	0.296099	0.0788857	0	0	0	0	0	0	0.176819	0.594854	0.585635
ihec.chipseq.ihec-chipseq-containerv1.1.4.IHECRE00003837.4.e64e21a4-069f-4200-928f-507f2bd71d2a.fc.signal	0.332593	0.699084	0.192681	0.200708	0.124151	0	0.231838	0.762298	0.422744	0.216124	0.185658	0	0.284642	0.607957	0.312736	0.107121	0.904589	0.276074	0	0.494487	1.20615	0.311162	0.908244	2.28502	0.751281	0	0	0.0791497	1.04388	0.566724	0	0.752804	0.920829	0.0327426	0.770115
ihec.chipseq.ihec-chipseq-containerv1.1.4.IHECRE00000992.7.455df784-1bb9-4cc0-95a0-4a32fe765d2d.fc.signal	1.29528	1.90814	1.55487	1.21639	0.411226	0.899001	1.2357	1.48471	1.28353	1.29792	1.63684	1.67211	0.692763	0.738363	0.873168	0.339095	0.579768	1.61894	1.65723	0.172648	0	0.45926	1.11588	0.306462	0.96162	0.870393	1.07294	1.91603	1.37505	0.7953	0.596271	0.781628	0.886083	0.678242	0.535445
ihec.chipseq.ihec-chipseq-containerv1.1.4.IHECRE00000234.3.947636d1-63cf-466c-85ac-2bb2502bcda7.fc.signal	0.588886	0.603409	0.0340453	0	0.423419	0.786566	0.108268	0	0	0.00794773	0.146245	0.313638	0.540071	0.443741	0.25324	0.29068	0.925358	1.79731	0.755302	0	0	0	0.00869233	0.361024	0.486211	0.946685	1.04866	0.357973	0.385525	0.411219	0.0500367	0	0	0	0.426829
ihec.chipseq.ihec-chipseq-containerv1.1.4.IHECRE00004616.1.cde4ad8a-05bb-4102-b4aa-50d06b7c6301.fc.signal	0.529863	0.28397	0.690894	1.31459	0.536661	0.436258	0.65843	1.48133	1.49427	0.434336	0.637505	0.348244	0.490685	0.461535	1.06292	1.50157	1.78378	0.622473	1.15404	0.670957	0.0512508	0.283923	0.240352	0.201435	0.729926	0.626098	0.616646	0.567151	0.943949	0.769269	0.460375	0.287014	1.30194	0.719206	0.35
ihec.chipseq.ihec-chipseq-containerv1.1.4.IHECRE00004610.2.946d9db5-c2ec-4c13-9689-dc803ab18892.fc.signal	0.785884	0.457308	0.380046	0.367427	0.252902	0.43746	0.578559	0.374306	0.195282	0	0.333945	0.615935	0.534298	0.0148452	0.684185	0.561596	0.13673	0.276392	1.51414	0.564031	0.45518	1.32345	0.880659	1.3976	2.30049	1.16658	2.53055	1.22697	0.486329	1.289	2.37491	2.01302	3.46169	1.09817	0.737288
ihec.chipseq.ihec-chipseq-containerv1.1.4.IHECRE00001913.1.c0dc13ea-ece0-417c-9088-4e9c05767179.fc.signal	0.664735	1.33618	0.408587	0.604965	0.311106	2.06178	1.019	1.74297	2.60344	1.1212	2.2835	2.99459	0.555676	0	0	0.211611	0.652116	0.539691	0.951097	0.905138	0.723209	1.68698	0.827923	0.528923	0.63348	0.860366	1.075	2.25192	1.44322	1.06022	0.202198	0	0	0	0.563559
ihec.chipseq.ihec-chipseq-containerv1.1.4.IHECRE00001888.4.d16ca01b-df2f-4c07-a1a8-144b866b6330.fc.signal	0	0.36699	0.131938	0	0	0.465959	0.305764	0.14137	0.251886	0.121018	0	0	0	0	0.0877516	0.460348	0.270467	0.115422	0	0	0	0	0	0	0.478651	0.0474916	0.155286	1.40667	0	0	0	0	0	0.599029	0.510336
ihec.chipseq.ihec-chipseq-containerv1.1.4.IHECRE00000239.3.5678b466-ce35-4b58-8997-0fc1c8726cbc.fc.signal	0.225834	0.382588	0.329764	0.33539	0.55338	0.586374	0.394829	0.665724	0.686213	0.577852	0.146278	0	0	0.0463065	0.244238	0.240829	0.681198	0.962131	0.5114	0.28462	0.0579488	0.303451	0.207155	0	0	0	0.138301	0.453188	0.583539	0.884052	0.557167	0.422935	0.546578	0.271592	0.48174
ihec.chipseq.ihec-chipseq-containerv1.1.4.IHECRE00001893.4.d30507d4-6b66-4bed-946f-9975da413e99.fc.signal	0	0.0216077	0.64823	0.509963	1.22668	0.155553	0.11236	0.641723	0.505855	0.634191	0.579441	0.575332	0.460067	0.488333	0.0561799	0.583814	0.181504	0	0.308772	0.726033	0.64823	0.0864307	0.518584	0.451283	0.565612	0.161365	0.903912	0.719226	0	0.218144	0.605095	0.466726	0.436475	0.643434	0.477143
ihec.chipseq.ihec-chipseq-containerv1.1.4.IHECRE00002005.1.7d48c8fd-5c5b-4bd0-8645-6d9ecb6d3b35.fc.signal	0	0.131703	0.819797	0.796724	0	0	0	0.338905	0.169803	0.428639	0.52746	0.356564	0.632744	0.419207	0.347528	0.524894	0	0	0	0	0	0	0.529938	0.0302232	0	0	0	0	0	0.021558	1.04595	0.225317	0.360157	0	0.754658
ihec.chipseq.ihec-chipseq-containerv1.1.4.IHECRE00003810.1.53290f93-d602-40f3-94de-10c56c625511.fc.signal	0.0409163	0.363612	0.347931	0.0428483	0.176644	0.0903412	0.404946	0.866506	0.505411	0.224888	0.29951	0.485917	0.542736	0.502867	0.352439	0.279826	0.14684	0.27542	0.29627	0.166263	0.248118	0.437443	0.538572	0.484243	0.25268	0	0	0.0810349	0.238881	0.145356	0.190038	0.173558	0.0813619	0.0183475	0.504673
ihec.chipseq.ihec-chipseq-containerv1.1.4.IHECRE00003688.3.c4b81ef6-ed09-4c50-b82b-3d67e24e52c7.fc.signal	0.375577	0.461636	0.0358072	0	0.230494	0.52056	0.0716695	0.431142	0.939488	0.949611	0.66435	0.778997	0.157377	0.170874	0.165533	0.889193	1.29115	0.964458	0.574326	0.0146914	0.0576171	0.389854	0.389921	1.06869	0.967343	1.13481	1.90158	0.648289	0.0446231	0.431085	0.43933	0.520996	0.0403801	0	0.519274
ihec.chipseq.ihec-chipseq-containerv1.1.4.IHECRE00000347.2.110f3b63-8eff-4974-90e6-55fc2d81ec5e.fc.signal	0.533329	0.677648	1.37257	0.517314	0.311934	0.190488	0	0	0.103245	0.605287	0.961192	0.813832	1.00222	0.888553	0.211433	0	0	0.192861	1.09254	0.120449	0	0	0	0	0	0	0	0.583448	0.038175	0.927239	0.240129	0	0.428021	0.261985	0.692029
ihec.chipseq.ihec-chipseq-containerv1.1.4.IHECRE00003691.3.58df05be-1225-4fa7-a2b4-32d2d5f1b802.fc.signal	0.0246773	0.693977	0.482527	0.460329	0.198277	0.0632233	0.159419	0.0272819	0.331071	0.217519	0.222343	0.311955	0.479662	1.07237	0.460838	0	0.465036	1.01506	0.522438	1.14831	0.246324	0	0.304601	0.575979	0.320181	0.312298	0.243874	0.300359	0.220153	0.748577	1.2698	0.407709	0.606646	0	0.479358
ihec.chipseq.ihec-chipseq-containerv1.1.4.IHECRE00000243.3.d30ba9b4-7d2d-48aa-b02d-99eb8d60aa7d.fc.signal	0.785737	1.83617	1.53398	0.749684	0.552316	0.652975	0.408963	0.302392	0.743059	0.44237	0.252865	0.256498	0.00249647	0	0	0	0.116258	1.26642	2.17067	0.918715	0.0366401	0.0367511	0.301655	0.297817	0.0608829	0.270379	0.453795	0.837514	0.91705	0.275301	0.245995	0.39477	0.593673	0.695676	0.31746
ihec.chipseq.ihec-chipseq-containerv1.1.4.IHECRE00003694.3.819459d2-9d3b-4d27-8783-172661f9c0c5.fc.signal	0.110832	0.155511	0.432041	0.00473033	0.116711	0.0305412	0	0	0	0	0	0	0.100654	0.456808	0.069584	0.189126	0.111659	0	0	0	0	0	0	0	0	0.0218453	0.120509	0	0.129984	0.0198664	0	0	0	0	0.510345
ihec.chipseq.ihec-chipseq-containerv1.1.4.IHECRE00003715.2.59d957d1-1698-4164-ba42-8458fa8d6784.fc.signal	1.93413	2.23172	1.68682	1.31171	1.88664	1.09235	1.01613	0.909031	0.658611	0.412358	0.312472	1.15779	1.64075	0.561151	0.306694	0.486601	1.30111	1.14935	0.663516	0.250035	0.165599	0.310355	0.0299179	0.764733	0.840711	0.753065	0.349302	0.934878	1.61453	0.693488	0.517079	0.512425	1.37459	0.58921	0.704889
ihec.chipseq.ihec-chipseq-containerv1.1.4.IHECRE00003685.2.99018b0c-bf73-45c8-8a67-210ecd9aefd7.fc.signal	0	0	0	0	0	0	0	0.0729184	0.211136	0	0	0	0.293587	0.144848	0	0	0	0	0	0	0.030887	0.243228	0.103303	0.264492	0.325624	0.0700917	0.132202	0.279737	0.0192311	0.00472633	0.512182	0.266552	0.404565	0.107847	0.427313
ihec.chipseq.ihec-chipseq-containerv1.1.4.IHECRE00003826.4.a83deafa-f81d-438b-9dcb-0637f2454600.fc.signal	0.654722	0.439404	0.422437	0.661185	0	0	0.383944	1.36686	0.76769	1.15729	0.264837	0.50615	0.0394415	0	0.0186828	0.763163	1.03235	0.846136	0.80183	1.22566	0.238203	0.58469	0.789426	1.1369	0.92685	1.05255	0.611807	0.860184	0.667757	0.333171	0.780199	0.355033	0.228528	0	0.693431
ihec.chipseq.ihec-chipseq-containerv1.1.4.IHECRE00003687.3.f831cb1c-a733-4a3e-a582-f65e4c8bd4ab.fc.signal	0.142412	0.683188	0.250242	0	0	0.573118	0.805802	1.66619	1.74771	2.19928	0.470808	1.05053	0.152026	0	0.0663497	0.568509	1.20463	1.36425	0.855777	0.495583	0.239943	0.848543	0.676591	0.347851	0.148802	0.110953	0.167441	0.724549	0.577908	0.501131	0	0.317054	0.889416	0.83441	0.493976
ihec.chipseq.ihec-chipseq-containerv1.1.4.IHECRE00003402.2.f58764bd-8340-4d36-994e-04c84f5ba1e4.fc.signal	0.679188	0.652691	0.472635	0.044331	0	0.360947	0.727449	1.16115	0.652979	0.158367	0.509605	0.464559	0	0	0	0.097752	0.331164	0.345259	0	0.509593	0.837439	1.16886	1.53872	1.2279	0.508714	0	0.118494	0.600917	0.706623	0.652647	1.07077	0.886725	0.553676	0.658667	0.417391
ihec.chipseq.ihec-chipseq-containerv1.1.4.IHECRE00004605.1.0170bf87-acb4-4151-9ad9-b1d9403f191c.fc.signal	0.237622	0.419804	0.324653	0.306953	0.491345	0.962855	0.793841	0.0546094	0.273011	0.499033	0	0	0	0.268687	1.01498	0.249655	0.119975	1.31675	1.39298	0.408842	0.727809	0.87731	0.622727	0.168082	0.415854	0.430936	0.977834	0.861817	1.47547	0.586236	1.15574	1.0494	1.02389	0.591112	0.501433
ihec.chipseq.ihec-chipseq-containerv1.1.4.IHECRE00000240.3.8143faf4-bd87-4c0f-98f7-a0083493be0c.fc.signal	0	0	0	0	0.134788	0.272001	0.0670955	0	0	0	0	0.0296245	0.394198	0.272969	0	0	0.36029	0.396578	0.01444	0	0.10746	0.421949	0.608107	0.383423	0.0109339	0	0.0345483	0.335165	0.624402	0.338313	0	0	0	0.110695	0.546075
ihec.chipseq.ihec-chipseq-containerv1.1.4.IHECRE00000188.3.02c77ad4-7e66-47c9-9293-090262716389.fc.signal	0	0.0778565	0.49847	0.0555624	0.257233	0.716132	0.561072	0.263407	0.242398	0.431929	0.188902	0.311962	0.040131	0.0226365	0.30868	0.0802568	0.235744	0.425949	0.116615	0.234923	0.056126	0	0.015435	0.283434	0.0701571	0	0	0	0	0	0	0	0	0	0.625912
ihec.chipseq.ihec-chipseq-containerv1.1.4.IHECRE00000785.3.7eecccf6-bc2a-4d39-930a-5df6123e8355.fc.signal	1.41161	0.943132	0.477659	0.892775	1.64968	1.2758	0.663857	0.866825	1.3811	0.543293	0.40594	0.0381617	0.932447	0.825608	0.491399	0.76151	0.541262	0.876356	1.21094	0.8792	0.56927	0.65696	1.29526	0.442468	0.525471	1.06524	1.74847	1.48332	1.64355	1.17157	0.347774	0.250293	0.42298	0.483041	0.753623
ihec.chipseq.ihec-chipseq-containerv1.1.4.IHECRE00002065.1.61c76aeb-6fcd-4225-8505-91d356c76671.fc.signal	0.252252	0.490134	0.963254	1.38418	0.525284	1.14777	0.673776	1.20234	0.442967	0.255139	0.23712	1.15147	1.40892	0.723005	0.423711	0.212622	0	0.319661	0.967475	1.21678	0.887542	1.03912	0.716971	0.298631	0.534484	1.10808	1.16975	0	0.499911	0.214748	0.38886	0.0655566	0	0.535679	0.711061
ihec.chipseq.ihec-chipseq-containerv1.1.4.IHECRE00004607.2.733524dc-1168-46fe-ac14-03e518cd0f4e.fc.signal	0.263346	0	0.402261	1.37134	0.547681	0.676126	1.00167	0.411416	0.8968	0.756089	0.83823	0.573417	1.20116	1.06845	1.22689	1.02773	0.625219	0.816087	0.291166	0	0	0.474723	0.160785	0.830233	1.03741	1.05318	1.04092	1.13155	0.599486	0.306106	0.843593	0.612545	0.209779	0.566724	0.463529
ihec.chipseq.ihec-chipseq-containerv1.1.4.IHECRE00003396.1.093281fa-11ea-4b40-987a-06f1806e196f.fc.signal	1.01988	1.40879	0.672553	0.0320623	0	1.32674	0.803283	0	0	0	0	0.65912	0.563623	0.194651	0.437288	0.657076	0.963773	0.218133	0.468075	0.618201	0.0925376	0.374488	1.04357	1.53265	1.02818	0.289581	0.60687	0.376036	1.0178	0.0617303	0.519546	1.35122	0.976313	0.667293	0.339207
ihec.chipseq.ihec-chipseq-containerv1.1.4.IHECRE00004900.1.aae17e68-77f6-4d45-a8c2-71b0865bfd19.fc.signal	0.527081	1.03881	1.4296	0.765632	0.73545	1.2287	0.389271	0	0	0.427977	0.693618	0.499504	0.278068	0.183869	0.880809	0.689376	0.238496	1.10609	0.520407	0.651106	0	0.216427	1.32973	1.19068	0.588338	0.0699594	0.602806	1.08017	0.872507	0.444534	0	0	0	0.597695	0.472441
ihec.chipseq.ihec-chipseq-containerv1.1.4.IHECRE00003398.1.10fbd709-68ea-4fa4-8613-57809a3d7bd1.fc.signal	0.581914	0.445557	1.07594	1.44066	0.546002	0.148726	0.556325	0.932902	0.664997	0.157627	0.638335	0.424386	0.539191	0.642224	0.148954	1.16902	0.998821	1.02339	1.83853	1.64432	0.358902	0	0	0	0	0	0.115727	0.445291	0.863861	0.558753	0	0	0.31067	0.279845	0.551929
ihec.chipseq.ihec-chipseq-containerv1.1.4.IHECRE00001027.7.e4d29289-880a-4702-8b8e-f0c84a4fa7ab.fc.signal	0.739464	0.537519	0.300424	0.254182	0.274115	0.345137	0.108882	0.149395	0.280471	0.11315	0.321097	0.601811	0.308009	0.222841	0.744766	0.969478	0.394804	0.0961608	0.199069	0	0	0.349631	0.396967	0.271808	0.536335	0.50183	0.187113	0.438631	0.647819	0.250864	0.125902	0.310554	0.93475	0.371946	0.46
ihec.chipseq.ihec-chipseq-containerv1.1.4.IHECRE00001902.1.106ce4ce-0899-4923-ab52-2539c6d5842d.fc.signal	0	0.0238689	0.525804	0.333143	0.305518	0.301572	0.088512	0	0.337461	0.243476	0	0	0	0	0	0	0	0	0.0453411	0.280135	0.224527	0.268928	0.0134181	0	0.0316443	0.278566	0.322843	0.0489053	0.311741	1.01741	0.404823	0.0920853	0.23594	0.234162	0.457364
ihec.chipseq.ihec-chipseq-containerv1.1.4.IHECRE00000949.6.f5651615-e1a0-4ca6-b62c-507789eb8f29.fc.signal	0.344662	0.487535	0.0264564	0.142962	0.50443	0.666073	0.0227312	0	0.404651	0.510042	0.113378	0.308521	0.66601	0.562751	0.324435	0	0	0.167439	0.561071	0.114111	0	0.189776	0.389409	0.127796	0.259918	0	0	0.285269	0.275295	0.283251	0.31877	0.0213108	0.297751	0.316006	0.556213
ihec.chipseq.ihec-chipseq-containerv1.1.4.IHECRE00000235.3.fa965d5e-3212-42b6-831c-bef0d8c34b17.fc.signal	0.158573	0.325937	0.40467	0.460966	0.343262	0.328891	0.471897	0.34601	0.422802	0.55261	0.278086	0.292106	0.334775	0.157843	0.121692	0.0607093	0.214844	0.672322	0.738162	0.312537	0.0759959	0.202719	0.148488	0	0.149301	0.953892	1.64232	1.67982	1.22305	0.588532	0.292515	0.469262	0.649581	0.519684	0.495
ihec.chipseq.ihec-chipseq-containerv1.1.4.IHECRE00001021.4.1c0ae950-3455-41eb-9b58-0960e680afcb.fc.signal	0.252481	0.658415	0.757232	0.642297	0.818469	0.520466	0.473111	0.381901	0.264355	0.610207	0.642311	0.520347	0.0545811	0.150656	0.595987	0.128791	0.51246	0.344955	0.323977	0.345009	0.098512	0.226128	0.25132	0.497123	0.851275	0.357727	0.423847	1.19571	0.960678	0.548983	0.402807	0.760573	1.35691	0.660133	0.292683
ihec.chipseq.ihec-chipseq-containerv1.1.4.IHECRE00003692.4.1a3a09f8-b5c3-470d-84e4-3495b32d631e.fc.signal	0.487855	0.0398255	0.218094	0.004852	0.647934	0.384013	0.340112	0.0854105	0.113088	0.020322	0.344931	0.116257	0.35887	0.238204	0.254761	0.316515	0	0.220581	0.338778	0.00303213	0	0	0.308522	0.241827	0	0	0	0	0	0.316749	0.140836	0	0	0	0.426
ihec.chipseq.ihec-chipseq-containerv1.1.4.IHECRE00000229.3.f271a62d-3491-479a-a751-15089b16148d.fc.signal	0.705178	0.896312	0.601071	0.616497	0.590172	0.850978	0.793816	1.03084	0.625411	0.511398	1.03708	1.24592	0.462412	0.35095	0.0648512	0.364791	0.388092	0.287095	0.622264	0.175124	0	0	0	0	0.0518253	0.492559	1.1303	1.02797	0.405718	0.581744	0.484637	0.0742001	0.582602	0.717319	0.41847
ihec.chipseq.ihec-chipseq-containerv1.1.4.IHECRE00000983.7.527aaaf8-43bd-4533-a84a-b141b5c2c8ad.fc.signal	1.0273	0.684655	0	0	0.265535	1.31395	0.617232	0	0.284749	0.282297	0	1.0434	1.54226	0.587773	0.242859	0.818317	0.392258	1.66752	0.172745	0	0	0.153079	0.56342	0	0.349634	0.691263	0.248736	0.670699	0.170084	0.842397	0	0	0	0	0.40708
ihec.chipseq.ihec-chipseq-containerv1.1.4.IHECRE00000246.3.799a69c3-33fa-4f43-987e-b92c694fb182.fc.signal	0.464674	1.32013	1.37305	0.63437	0.432556	0.212786	0.0974256	0.511042	0.788371	0.797201	0.545315	0.535133	0.259888	0.179761	0.16868	0	0.115551	1.47434	1.6776	0.213005	0	0	0	0	0	0.248145	0.612315	0.290059	0.271106	0.981116	0.556797	0.158238	0.767942	0.675766	0.329256
ihec.chipseq.ihec-chipseq-containerv1.1.4.IHECRE00000297.2.bfde0516-8aeb-450c-bf8e-43000bad83b2.fc.signal	0.857428	1.16005	0.026338	0	0	0	0	0	0	0	0.949014	0.359538	0	0	0	0	0	0	0	0.519624	2.2232	0.119721	0	0	0.370198	1.19513	0	0	1.08593	0.501845	0	0	0	0	0.678571
ihec.chipseq.ihec-chipseq-containerv1.1.4.IHECRE00001909.1.5eba096f-f3d5-42c7-95d0-50ae3cf0e72c.fc.signal	0.767514	0.37232	0.347499	0.664127	0.652975	0.603642	0.133479	0.445296	1.25752	0.789318	1.36021	0.416998	0.677188	0.282963	0.918586	0.87614	0.0363814	0.394289	0.434092	0.159419	0.587733	0.00456107	0.980286	0.945695	0.790778	1.67792	0.501391	0	0	0.636856	0.188239	0	0	0	0.651751
ihec.chipseq.ihec-chipseq-containerv1.1.4.IHECRE00000001.4.7ab9b0e8-c023-4a55-9a01-21d8f6cb210d.fc.signal	0	0	0	0	0	0.16405	0.528968	0.295324	0.312765	0.284446	0.180575	0.491478	0.113695	0	0	0	0.260669	1.05255	0.568868	0	0	0	0	0	0	0	0	0	0	0	0	0.384224	1.70304	0.52997	0.494891
ihec.chipseq.ihec-chipseq-containerv1.1.4.IHECRE00001918.1.11fd9eb8-5b6f-4afa-840d-cc789a772b00.fc.signal	1.3894	1.60887	2.45593	1.2892	0.165588	1.01749	0.90502	0.728464	0.835334	1.33595	0.579762	2.10323	0.955997	0.345237	0.758127	0.447212	0.761453	1.06101	0.58968	0.0547871	0	0.345873	0.99011	0.876559	1.14517	0.540116	0.65084	0.909778	0.749093	1.27228	0.657206	0.291059	0.299307	0.393522	0.558511
ihec.chipseq.ihec-chipseq-containerv1.1.4.IHECRE00001915.1.22afc339-aa57-4348-9679-f9a245c12a76.fc.signal	0	0.773178	0.690901	0	0	0	0.163955	0.864308	0.92591	0.149554	0	0	0	0	0	0	0	0	0	0	0	0.241388	0.234118	0.338083	0.926778	0.13732	0	0	0.0050288	0.382548	0.0729345	0.225385	0.849134	0.518262	0.482759
ihec.chipseq.ihec-chipseq-containerv1.1.4.IHECRE00001852.4.a1ddaa09-18ba-4555-a461-058f1eac9ae3.fc.signal	0.392731	0.401549	0.520935	0.323314	0.33182	0.428012	0.312561	0.860698	0.458258	0.322998	0.598372	0.526567	0.233373	0.271411	0.385927	0.766868	0.483307	0.0774363	0.0732125	0.821676	1.00142	0.63469	0.749988	0.393069	0.731459	0.91091	0.826457	0.404077	0.639016	0.267507	0.26828	0.27795	0.244477	0.840112	0.271978
ihec.chipseq.ihec-chipseq-containerv1.1.4.IHECRE00004602.2.82ef0c36-7b61-4b64-b8e1-14bf6bf0194e.fc.signal	0.21901	0.431844	0.239257	0.616334	0.971424	0.735598	0.429296	0	0	0	0	0.00559	0.824577	0.940392	0.739095	1.52534	1.09061	0.344788	0.209351	0.608266	0.962133	0.391568	0.130845	0	0	0	0	0	0	0	0.443519	0.423923	0.268806	0.125224	0.429119
ihec.chipseq.ihec-chipseq-containerv1.1.4.IHECRE00000222.3.7658b8a6-5812-4677-9cbe-f1a8ce6799e6.fc.signal	0.390911	0.639464	0.30682	0.235306	0.294531	0.191806	0.523296	0.57387	0.553759	0.581822	0.717813	0.839451	0.435814	0.407274	0.7888	0.351183	0.0810245	0.895123	1.21631	0.361785	0	0.0836452	0.233445	0.0956825	0.0844578	0.389959	0.747437	1.18333	1.04592	0.727007	0.488185	0.51677	0.711277	0.572016	0.502564
ihec.chipseq.ihec-chipseq-containerv1.1.4.IHECRE00000332.2.1a052aa3-c30b-4bd9-a36e-88509a9880d1.fc.signal	0.909984	0.348617	0	0	0.11356	0.598898	0	0	0	0.237737	0.200016	0.521337	0.891903	0.181615	0.544834	0	0	0.431232	0.242517	0.160872	0.476741	0	0.722137	0.379771	0	0	0	0	0.188934	0.63526	0.970219	0.623513	0.914052	0.744061	0.723301
ihec.chipseq.ihec-chipseq-containerv1.1.4.IHECRE00000225.3.90fb793d-bf48-425a-b77e-fd333df46c5c.fc.signal	0.175444	0.107761	0.213588	0.157745	0.242732	0.367859	0.127308	0.0171287	0	0.0034304	0.257789	0.398883	0.112362	0.181576	0.237261	0.0260298	0	0	0	0	0	0	0	0	0.175543	0.285568	0.26605	0.218406	0.0631187	0	0.131663	0.401643	0.590324	0.434126	0.168916
ihec.chipseq.ihec-chipseq-containerv1.1.4.IHECRE00001961.2.7068c481-8ff6-44d4-a083-44198d2e24ac.fc.signal	0.25624	0.217665	0.421777	0.659697	0	0	0.451988	0.309216	1.13573	2.07186	1.07876	0.499988	0.0654003	0.484613	1.32805	0.628079	0	1.12968	0.753422	0	0.0368698	0.778931	0.426825	0.363933	0.929332	1.28598	0.460341	0.327016	0.6185	0.191258	0.354821	0.736229	1.13522	0.667687	0.730041
ihec.chipseq.ihec-chipseq-containerv1.1.4.IHECRE00000233.3.3299a56a-ce48-45d7-8505-1c5e17cfb4ce.fc.signal	0.0318357	0.414217	0.636479	0.920857	0.452473	0	0	0.102111	0.385546	0.52487	0.335865	0.438609	0.345187	0.0324277	0	0	0.172787	0.540259	0.2726	0	0	0	0	0	0	0	0.0147794	0.175071	0.317188	0.472157	0.34614	0.374555	0.425523	0.117821	0.303754
ihec.chipseq.ihec-chipseq-containerv1.1.4.IHECRE00003676.3.5297888b-bbdb-457e-a4df-2ac89d088d0f.fc.signal	0.749635	0.243204	0.513524	1.08894	0.22254	1.06469	0.508143	0.237286	0.229736	0.923379	0.578412	0.464032	0.734184	0.950384	0.602419	0.485445	0.448408	1.55633	0.876431	0.317183	0.0701847	0.250365	0.179946	0.902407	0.19244	0.481815	0.484332	0.378127	0.457233	0.893322	1.64699	1.11846	1.51942	0.775502	0.467153
ihec.chipseq.ihec-chipseq-containerv1.1.4.IHECRE00001235.5.e75868b0-dba5-45b3-881f-efc56fc44793.fc.signal	0.373833	0.36391	0.766608	0.908087	0.293894	0.267969	0.278679	0.960621	0.849706	0.30922	0.827142	1.43168	1.14704	0.501157	1.07099	0.94674	0.448517	0.307846	0.461309	0.858747	0.0734569	0	0.170997	0.230154	0.0612613	0.424553	0.658143	0.659656	0.341892	0.411908	0.390519	0.0359367	0.3607	0.242759	0.32987
ihec.chipseq.ihec-chipseq-containerv1.1.4.IHECRE00000241.3.c79b1a85-93a6-4df3-8f79-1d831e0a6e62.fc.signal	0	0.27051	0.683551	0.886484	0.511481	0.154522	0.565163	0.740082	0.710139	0.565301	0.680806	0.357949	0	0	0	0.0399947	0.371653	0.264835	0	0	0	0	0	0.0036656	0.181278	0.217538	0.195705	0.464728	0.499911	0.0878228	0.0244913	0.591336	1.05958	0.815699	0.404456
ihec.chipseq.ihec-chipseq-containerv1.1.4.IHECRE00001030.7.2e5336b8-3cc1-48ac-ba65-a7a139158e40.fc.signal	0.525896	0.651094	0.170392	0.494506	0	1.01794	0.725629	0.555316	1.24902	0.335004	2.06021	0.336231	0.348244	0.0182958	0.653127	0.159053	1.54062	0.921447	1.19479	0.039914	0	0	0.338631	0.486809	1.00931	0.764025	2.38859	1.18196	0.262427	0.689303	0	0.408306	0.702121	0.384895	0.292052
ihec.chipseq.ihec-chipseq-containerv1.1.4.IHECRE00001236.5.d952690d-5f0c-46d7-aa2b-a52bd090119f.fc.signal	0.692461	2.56572	2.4048	1.86492	0.0618537	0.461303	0.712643	0.939545	1.00736	1.86389	2.33291	1.13556	0.393169	0.26773	0.341624	0.499573	0.0532987	0.35195	0	0	0.119476	0.286974	0.166927	0.523976	1.50622	0.893181	0.417687	1.00871	0.13184	0.371987	0.122688	0.224328	1.43162	1.00731	0.275472
ihec.chipseq.ihec-chipseq-containerv1.1.4.IHECRE00001964.2.b9abc95f-c59c-4d46-808e-1317ac1e4406.fc.signal	0.615428	0.0472011	0	0	0.467562	0.756665	0.165307	0	0	0.311869	0.903226	0.182349	0	0	0	0	0.093731	0.937299	0.872887	0.123493	0.01273	0.448906	0.49081	0.911747	0.2028	0	0	0	0	0.967746	0.805679	0.845661	0.481729	0.259377	0.584459
ihec.chipseq.ihec-chipseq-containerv1.1.4.IHECRE00001004.4.4b6b76eb-d465-4aba-ae65-115bc492af90.fc.signal	0.0630525	0.144358	0.191486	0.404474	0.0543398	0.107449	0.305703	0.347496	0.914248	0.972967	0.454479	0.728792	0.210926	0	0	0.0143173	0.255832	0.910218	1.14755	0.257548	0.0735925	0	0	0	0	0.173292	0.488049	0.0847417	0	0	0	0.157403	0.814647	0.385571	0.44898
ihec.chipseq.ihec-chipseq-containerv1.1.4.IHECRE00004641.3.86d5f9c9-ab2c-496d-b775-8f24dfcd7fd7.fc.signal	0.0936306	0.0798376	0.44354	0.781122	0.509772	0.634581	0.198225	0.372022	0.32685	0.677312	1.04678	0.902322	0.31684	0.186266	0.404597	0.769976	0.693971	0.907425	1.14129	1.33762	0.233586	0.0709965	0.41263	0.496029	0.680399	1.35647	0.907113	0.810185	1.22876	0.631166	0.68111	1.64311	1.67493	2.68662	0.453297
ihec.chipseq.ihec-chipseq-containerv1.1.4.IHECRE00000247.3.cc9c4e2d-38f9-4b62-8070-eeff484e7e55.fc.signal	0.20923	0.572848	0.449723	0.726699	0.397879	0.353933	0.77907	0.342048	0.241946	0.298746	0.165638	0.0950063	0.16516	0.147294	0.0585504	0	0.138244	0.578926	0.227905	0	0	0	0	0	0	0.150878	0.523992	0.382026	0.208471	0.394088	0.177344	0.175076	0.530327	0.20829	0.463571
ihec.chipseq.ihec-chipseq-containerv1.1.4.IHECRE00000244.3.2aedb9bc-66c6-408d-85aa-086eabe9a2a7.fc.signal	0.661363	0.38737	0.243388	0.320446	0.0791245	0.31746	0.233312	0.0294154	0.211384	0.433143	0.288815	0.149911	0.262202	0.0984528	0	0	0.632673	2.13349	1.1895	0.3759	0	0	0	0	0	0.149542	0.48766	0.4676	0.108068	0.343249	0.144692	0.149681	0.478024	0.323331	0.489796
ihec.chipseq.ihec-chipseq-containerv1.1.4.IHECRE00003686.3.cd4534e8-8eb1-43de-b06d-b173d359a20b.fc.signal	0	0	0	0.114337	0.191989	0.187154	0.667955	0.437666	0	0	0	0	0.125152	0.186342	0.0585551	0.240651	0	0.113228	0.243899	0.177805	0	0	0	0	0.186224	0.156106	0.136263	0.340128	0	0.192627	0.214767	0.088081	0	0	0.553672
ihec.chipseq.ihec-chipseq-containerv1.1.4.IHECRE00003821.3.da6c437f-abda-49d1-85e6-0f9a1e21a949.fc.signal	0.130216	0.191756	1.06238	0.879177	0.12436	0.820055	0.100072	0.177931	0.517842	0.658909	0.177445	0	0	0	0.478216	0.44419	0.202568	0.0934859	1.26742	0.622982	1.32519	0.0579055	0.921923	0.866855	0.937581	1.16089	0.525614	0.610004	0.428604	0.527824	1.8356	0.449872	0.279338	0.400275	0.529412
ihec.chipseq.ihec-chipseq-containerv1.1.4.IHECRE00003695.3.4e0e3ebc-98db-4359-b502-e370a14b1038.fc.signal	0.424408	0.156059	0.308653	0.317414	0.498104	0.24195	0	0	0	0	0	0.245559	0.350801	0	0	0	0	0	0	0	0	0.424738	0.246344	0.126347	0.0122743	0.555953	0.326233	0.27531	0.541501	0.0851397	0.454271	0.159575	0.259513	0	0.387097
