	chr15:40608299-40608448	chr15:40608449-40608598	chr15:40608599-40608748	chr15:40608749-40608898	chr15:40608899-40609048	chr15:40609049-40609198	chr15:40609199-40609348	chr15:40609349-40609498	chr15:40609499-40609648	chr15:40609649-40609798	chr15:40609799-40609948	chr15:40609949-40610098	chr15:40610099-40610248	chr15:40610249-40610398	chr15:40610399-40610548	chr15:40610549-40610628	chr15:40610629-40610698	chr15:40610699-40610848	chr15:40610849-40610998	chr15:40610999-40611148	chr15:40611149-40611298	chr15:40611299-40611448	chr15:40611449-40611598	chr15:40611599-40611748	chr15:40611749-40611898	chr15:40611899-40612048	chr15:40612049-40612198	chr15:40612199-40612348	chr15:40612349-40612498	chr15:40612499-40612648	chr15:40612649-40612798	chr15:40612799-40612948	chr15:40612949-40613098	chr15:40613099-40613248	chr15:40613249-40613376	Expression
ihec.chipseq.ihec-chipseq-containerv1.1.4.IHECRE00000014.2.2ffc3bfd-a8b5-4bc3-8298-0f71a6dfa4b0.fc.signal	0.989582	1.20442	0.169026	0	0.242704	1.01415	0.36839	1.00115	0.606846	0.663792	0.236101	0.204512	0.471488	0.082346	0.823457	0.658226	0.817266	0.572088	0.00663187	1.28126	0.810453	0.264374	0.41743	0.652274	1.32234	0.260038	0	0	0	0	0.026004	1.57757	1.30019	0.778078	0	0.628788
ihec.chipseq.ihec-chipseq-containerv1.1.4.IHECRE00000279.2.c8dc6fda-b050-49b5-ab4a-886e58f3d031.fc.signal	0	0.670254	0.077337	0	0	0	0	0	0	0	0	0	0	0	0	0	0	0	0.299036	0.448555	0	0	0	0	0	0	0	0.0670241	1.48985	0.685721	0	0	0	0	0	0.54717
ihec.chipseq.ihec-chipseq-containerv1.1.4.IHECRE00001955.3.0d6e9ac4-1ee5-4f7e-8d0d-48a48250ff2d.fc.signal	0.901613	0.0567071	1.07271	0.577932	0.606128	0.980295	0.606801	0.344347	0.682588	0.703996	0.0529531	0.652382	0.422474	0.613524	0.794349	0.845912	0.907968	0.228242	0.410212	0.0666847	0.0721795	0.479363	0.0630696	0.308254	0.313909	0.287877	0.307716	0.0477037	0.492374	0.587988	0.320329	0.238972	0.631431	0.673463	1.23213	0.719444
ihec.chipseq.ihec-chipseq-containerv1.1.4.IHECRE00000250.2.b7b102bf-d880-40c6-aa7d-dceb11c67807.fc.signal	0.555596	0.358209	0.390287	0.598797	0	0	1.16009	1.55464	0.871731	0.914856	0.00551707	0	0	0	0	0	0	1.18683	0.791232	0	0	0	0.496004	0.210568	0.0695032	0.80196	0.117621	0	0.753842	0.235242	0	0.0695032	0.617065	0.040458	0.125306	0.723176
ihec.chipseq.ihec-chipseq-containerv1.1.4.IHECRE00000248.2.606dcf87-a1e5-4987-b1a6-d323c19f0fba.fc.signal	0.106216	0.531517	0.053108	0	0	0	0.599622	0.802398	0	0	0	0.172466	0.62565	0.565153	0.0899712	0	0	0	0	0	0	0.119817	0.538048	0.0541109	0	0	0	0.216444	0.504545	0.353387	0.491587	0.422473	0	0	0	0.758242
ihec.chipseq.ihec-chipseq-containerv1.1.4.IHECRE00003401.1.342281be-4e86-4e27-9e01-e85aacc54324.fc.signal	0.163496	0	0	0.493069	1.20317	0.395164	1.01016	1.1767	0.957599	0.48136	0.372868	0.539549	0	0	0	0.0161345	0.64538	0.64538	0.163496	0.279665	0.64538	0.193614	0.0473279	0.64538	0.722826	0.64538	0.176404	0.443161	0.64538	0.0301177	0.59375	0.542287	0.537465	0.407548	0.286122	0.909774
ihec.chipseq.ihec-chipseq-containerv1.1.4.IHECRE00003677.3.2aab058a-2f5b-45b4-aeba-aa0a2d209eb3.fc.signal	0	0.206399	0.367675	0.204407	0	0	1.20598	1.17276	0	0	0	0	0	0.126649	0.593492	0.63444	0.952521	0.823587	0.349221	0	0	0	0.376905	1.09107	0.178608	0.472897	0.25574	0	0	0	0	0.0924007	0.232151	0.567856	1.06072	0.140845
ihec.chipseq.ihec-chipseq-containerv1.1.4.IHECRE00003834.5.f42a7840-4039-4ec1-810a-c63548aca642.fc.signal	0.671132	0	0.50734	0.131828	0.467392	1.02191	0.637993	0.266717	0	0.781851	2.05348	2.04951	0.866879	0.343555	0.95876	0.58908	1.0355	1.44077	2.35312	1.0241	2.42431	1.35471	0.523322	0	0	0	0	0.0927965	0.812247	1.46038	1.01796	0.937576	0.489622	0.142046	0	0.575668
ihec.chipseq.ihec-chipseq-containerv1.1.4.IHECRE00000193.3.aeed1346-11ea-42a3-9799-b44bd957c243.fc.signal	0.5337	0.314624	0	0.926696	1.35054	0.488116	0.597371	0.206721	0.244292	0.660482	0.619806	0.418216	0.775054	0.615331	1.49728	1.80221	1.11748	0.472249	0	0.322784	0.259558	0.426872	0.379819	1.31655	1.32669	0.194994	0.49915	0.119796	0.582317	0.50913	0.293067	0.541007	0.149745	0.167754	0.26335	0.671558
ihec.chipseq.ihec-chipseq-containerv1.1.4.IHECRE00000195.3.c463eafa-ded1-4a7b-ab31-187e5f8f0b63.fc.signal	0	0	0	0.241669	0.489639	0	0	0	0.257282	0.460812	0	0.977054	0.904269	0.464558	0	0.436031	0.781679	1.09435	0.770605	0	0	0	0.524249	0.295362	0	0	0	0.143863	0.670814	1.01227	0.860759	0.974581	0.910675	1.82741	0.737402	0.477876
ihec.chipseq.ihec-chipseq-containerv1.1.4.IHECRE00001526.1.3053275a-04d9-4877-878d-0e1bc4a6f2cf.fc.signal	0	0	0	0	0	0.0688585	0.54362	0.202951	0	0	0.0558201	0.374101	0.121171	0	0	0	0	0	0	0	0	0	0	0	0	0	0	0	0	0.445768	0.369662	0.412385	0.37691	0	0	0.935484
ihec.chipseq.ihec-chipseq-containerv1.1.4.IHECRE00004647.3.727264aa-cb25-4bb6-be50-7f5732e7e88a.fc.signal	0.628093	0.538098	0.328704	0.26258	0.74449	0.506874	0.0380672	0.294506	1.08675	0.85255	0.492584	0.570086	0.485305	0.208293	0.294778	0.565787	0.497107	0.315548	0.372594	0.302223	0.496388	0.797798	0.780851	1.07461	0.691495	0.516467	0.549404	0.375489	0.370258	0.50042	0.760604	0.649026	0.696006	0.744375	0.63389	0.788991
ihec.chipseq.ihec-chipseq-containerv1.1.4.IHECRE00000184.3.050c9613-31d2-4cab-9d90-4397cf218171.fc.signal	0	0	0.287497	0.448697	0.31953	0.273573	0.244942	0.896981	1.77367	0.290838	0.306975	0.34311	0.707505	1.59345	1.96752	1.8115	1.06797	0.584207	0.628416	0.333575	0.250094	0.198312	0.467913	0.60936	0	0	0	0.0472617	1.4512	0.478936	0.11664	0.829071	0.20169	0	0.414569	0.513514
ihec.chipseq.ihec-chipseq-containerv1.1.4.IHECRE00001232.5.2bbf1d92-dd54-451c-865f-3578546b9653.fc.signal	0.061872	0.222732	1.27491	0.0646175	0.0687458	0.698369	0.272233	0.42622	0.28048	0.384973	0.119714	0.508656	0.314855	0.312105	0.306604	0.317089	0.391961	0.502521	0.725008	0.490329	0.717608	0.0151243	0	0	0.257107	0.2884	1.32774	0.871483	0.370644	0.377976	0.31364	0	0	0.237841	0.702386	0.773973
ihec.chipseq.ihec-chipseq-containerv1.1.4.IHECRE00003806.1.ea2564bf-c4d4-400e-ac7f-5d44b98fa6dd.fc.signal	0.196304	0	0	0	0.0362409	0.131587	0.377278	0.244929	0.163288	0.200951	0.146641	0.264879	0.288825	0.244094	0	0.0782126	0.207067	0.253247	0.035609	0	0	0	0.0895113	0.300007	0.0376438	0.0813617	0.489213	0.263148	0.211742	0.290806	0.0510331	0	0.087819	0.30509	0.206198	0.194017
ihec.chipseq.ihec-chipseq-containerv1.1.4.IHECRE00000232.3.285e51c7-b00d-4bd1-94fb-890aaf69f0f5.fc.signal	0.260195	0.26373	0.0224401	0	0	0.254906	0.63196	0.171782	0	0	0.245811	0.606201	0.168734	0.0878057	1.04298	1.15754	0.614722	0.581657	0.886513	0.405738	0.390817	0.382519	0.159025	0.031279	0.238474	0.254236	0.205032	0.246363	0.221384	0.290312	0.209909	0	0	0	0	0.747664
ihec.chipseq.ihec-chipseq-containerv1.1.4.IHECRE00000310.2.13c9a4f1-6099-46e7-900d-6e97d2b9ea39.fc.signal	0	0	0	0	0	0	0.288468	2.22365	1.23612	1.88843	0.250828	0.198248	1.13102	0	0	0	0	0	0	0	0	0	0	0	0	0	0	0	0	0	0	0	0	0	0	0.741026
ihec.chipseq.ihec-chipseq-containerv1.1.4.IHECRE00001952.2.a99a5a16-aeda-4bbd-b32c-e69190f2f046.fc.signal	0.277134	0.459272	0.807585	0	0	0.406812	0.593934	0.204622	0	0	0.0153102	0.39744	0.374672	0.388938	0	0	0	0	0	0	0	0	0	0	0	0.330887	0.306854	0.436134	0.20607	0.508099	0.163689	0	0.321461	0.375237	0	0.82878
ihec.chipseq.ihec-chipseq-containerv1.1.4.IHECRE00001965.2.53f657c9-ccc3-46a9-8812-1aa30d387b18.fc.signal	0.207995	0.335992	0	0.0655977	0.671982	0.490058	0.550168	0.236735	0.327675	0.321674	0.625856	0.192478	0	0.0911962	0.800662	0.36299	0	0.620213	0.351128	0.560217	0.114705	0.268812	0.727998	0	0	0.22722	0.487621	0.248038	1.35215	0.486251	0.090842	0.524839	0.495027	0.141198	0.916794	0.802632
ihec.chipseq.ihec-chipseq-containerv1.1.4.IHECRE00003824.4.cc1ccc19-c2bd-4f77-8714-4fe6bab0d403.fc.signal	0	0	0	0.14681	0.752596	0.383786	0.254639	0.975493	0.592908	0.287065	0.139006	0	0	0	0	0	0	0.587345	0.968573	0.282376	0	0	0	0	0.159156	0.32119	0.405789	0	0	0.209123	0.668869	0.534446	0.405228	0.697306	1.11157	0.373626
ihec.chipseq.ihec-chipseq-containerv1.1.4.IHECRE00001039.6.4b84d196-177c-48b4-a7a5-bffad11f4762.fc.signal	0.290804	0.248024	0.222356	0.31362	0.131805	0	0	0	0	0	0.115013	0.201432	0.0370587	0	0	0	0	0	0	0	0.0156787	0.2138	0.454756	0.4277	0.0841	0.2138	0.129705	0	0	0	0.203858	0.851084	1.10482	0.837216	0.372701	0.475992
ihec.chipseq.ihec-chipseq-containerv1.1.4.IHECRE00000974.7.af2fffce-696b-421a-8732-73b351c68c67.fc.signal	0	1.38595	0.350583	0	0.101582	1.76223	0.535047	1.88148	0.0529992	0	0.179178	1.74759	0.755241	0	2.09076	1.72249	2.24302	0.706658	0.892157	0.437246	0	0.419577	0.066249	0	0.340078	0.145748	0.485826	0	0.577198	0.675437	0.302738	0.580874	0	0	0	0.413158
ihec.chipseq.ihec-chipseq-containerv1.1.4.IHECRE00000152.3.8ed625cd-d912-4521-bd62-5effff61a9e5.fc.signal	0	0	0.207554	0.0802499	0	0	0.0891241	0.312009	0	0	0	0	0	0	0	0	0	0.577631	0.133943	0.129758	0.581817	0	0.205101	0.506474	0	0	0	0	0	0	0.0926916	0.497417	0	0	0.298409	1
ihec.chipseq.ihec-chipseq-containerv1.1.4.IHECRE00000277.2.29b532ed-a9ce-4294-8a49-639e0e106f5d.fc.signal	0	0	0	0	0	0	0.273879	1.23755	0.214753	0	0.0436857	0.16738	0	0	0	0	0	0.158771	0.436619	0	0	0.496158	0.557171	0.503714	0.138958	0.427524	0.150832	0.174648	1.01613	0.468373	0.976518	0.934398	0.783556	0.202895	0	0.541667
ihec.chipseq.ihec-chipseq-containerv1.1.4.IHECRE00001002.4.47bafce5-cf92-4589-82d6-1f8a597d67d2.fc.signal	0.23378	0.0267958	0	0	0	0	0.616961	1.05462	0.431811	0.0109312	0.329233	0.659861	0.0491779	0.116558	0.60938	0.453562	0.168046	0.12638	0.529275	0.0505246	0.165667	0.104737	0	0	0.0276817	0.198048	0.164705	0.0011728	0.0429653	0.257662	0.235652	0	0	0	0	0.221311
ihec.chipseq.ihec-chipseq-containerv1.1.4.IHECRE00001050.8.e3d2eec5-07d0-478e-b8e6-55da7b174fe0.fc.signal	0	0	0	0	0	0	0.650118	0.35937	0	0	0	0.550398	0.0533453	0.596555	0.40147	0	0	0.226098	0.864081	0.928743	0	1.00479	0.0036936	0.100937	0.326015	0	0	0	0.444121	0.212954	0.742941	0.113049	0.922463	0.694329	0.274203	0.496753
ihec.chipseq.ihec-chipseq-containerv1.1.4.IHECRE00003836.3.979da4d3-974d-4990-8869-1f61f20d4ee3.fc.signal	0	0.342226	0.43007	1.12714	1.1154	0.31712	0.405047	1.37092	1.16524	0.277829	0	0	0	0.0531852	0.959295	0.534943	0.462186	0.708183	0.824043	0.615999	1.26936	0.383842	0.117932	0	0	0	0	0.176866	0.450058	0.320431	0.705981	1.1213	0.342142	0.834896	0.874504	0.241005
ihec.chipseq.ihec-chipseq-containerv1.1.4.IHECRE00000330.2.54562357-3f35-441b-ad5b-59b7ae24600f.fc.signal	0	0	0.903526	0.245969	0	0	0	0	0	0.482683	0.733877	0.760975	0	0	0	0	0	0	0	0	0	0	0	0	0	0	0	0	0.379249	0.75938	0	0	0.763512	0.236737	0.376169	0.811236
ihec.chipseq.ihec-chipseq-containerv1.1.4.IHECRE00003660.4.a11d1f85-8da4-41e8-ae9d-f92acd6fb7a1.fc.signal	0.771221	0	0.903428	0.781812	0.277735	0.845515	1.89952	2.19512	0.203578	0	0.382219	0.341681	0	0	0	0.29318	1.68602	0.642274	0.404434	0.83453	0.341681	0.292456	0	0	0.416966	0.802429	1.97967	1.12447	0.636716	1.18736	0.9677	0.713139	0.317706	0.819456	1.74748	0.156682
ihec.chipseq.ihec-chipseq-containerv1.1.4.IHECRE00003816.1.84512a91-a776-4fd0-a1fe-d8e26565da5e.fc.signal	0.0807713	0.240528	0.0446845	0	0.145994	0.790917	0.855734	0.460954	0.566904	0.261695	0.30508	0.214362	0.361237	0.464289	0.211789	0.0224019	0.275752	0.191488	0	0	0	0.199816	0.168019	0.0326394	0.413293	0.516036	0.713081	0.159814	0	0	0.298486	0.160732	0	0	0.0325827	0.785714
ihec.chipseq.ihec-chipseq-containerv1.1.4.IHECRE00000153.3.03d3daca-2020-41d6-9d70-66acec6b65de.fc.signal	0.508155	0.720285	0.414113	0	0	0	0.130801	1.16422	1.1688	0.091923	0	0.461477	0.374095	0	0	0	0	0	0.0829808	1.0468	0.106024	0.294857	0.267372	0	0	0	0	0	0.0906201	0.926802	1.01934	0.798342	0.899563	0.931699	0	1
ihec.chipseq.ihec-chipseq-containerv1.1.4.IHECRE00003843.4.c4a2d88f-1de5-4172-8460-f71aa0a40d72.fc.signal	0	0	0	0	0	0	0.606486	1.29023	2.46765	0.507382	0	0	0.1128	1.34101	1.88618	3.34782	0.72593	1.26548	2.25803	0.0905338	0	0	0.279081	1.668	0	0	0.191448	0.583405	0	0	2.39443	0.337494	0.506241	1.40765	1.86943	0.218045
ihec.chipseq.ihec-chipseq-containerv1.1.4.IHECRE00001854.4.221dc4c8-df92-4d92-a47c-49ab8394aec7.fc.signal	0.51475	0.303698	0.25618	0.297901	0.566855	0.624955	0.596882	0.56782	0.533705	0.349142	0.408766	0.307982	1.03496	1.12718	0.323824	0.428113	0.313439	0.397055	0.216826	0.29222	0.493669	0.210119	0.0022116	0.0518623	0.134598	0.00811467	0	0.197994	0.778833	0.471931	0.0955491	0.140628	0.57377	0.467815	0.631298	0.147679
ihec.chipseq.ihec-chipseq-containerv1.1.4.IHECRE00000126.3.d7185ece-dead-471a-94c7-970dbc1c9c5a.fc.signal	0.726049	0.156983	0.10302	0.838882	0.688464	0.512108	0.26491	0.342235	0.286455	0.170143	0.655926	0	1.58448	2.41844	1.71204	2.04191	2.20744	0.995851	0	0	0	0.397364	0.485668	0	0.623028	0.260004	0.716237	0.166795	0.451558	0.430185	0.331467	0.500082	0.29087	0.265078	1.23959	0.543796
ihec.chipseq.ihec-chipseq-containerv1.1.4.IHECRE00000987.6.f1a05120-9b28-47d7-97dd-561e9dce1de5.fc.signal	0	1.04768	1.6484	1.34164	0.415401	1.13669	0.175811	0	0.0178125	0.671466	0.655672	0.865896	0.701331	0.44436	0.00647773	0.164337	0.651702	0.456997	0.498845	0.340318	0	0	0	0	0.329135	0.596557	0	0	0	0	0.16031	0.707004	0.199995	0.542923	0	0.904215
ihec.chipseq.ihec-chipseq-containerv1.1.4.IHECRE00003835.4.7cb1b260-ca75-46bb-8f6a-650a6447c78b.fc.signal	0	0	0	0	0.399265	0.304731	0.0873909	0.373044	0.813294	0.28448	0	0.388613	1.33367	0.977037	0.653175	1.15724	0.818448	0.0691917	0.283913	0.581143	0	0.366786	0.509055	0.730699	1.09607	0	0.0913332	0.716249	0.0306496	0	0	0	0	0.364729	0.557797	0.224
ihec.chipseq.ihec-chipseq-containerv1.1.4.IHECRE00000112.3.e8b08299-c713-4837-8777-697edd78e8c4.fc.signal	0.423596	0.23175	0	0.636903	0.882605	0.0906919	0.788346	1.46761	1.1785	1.47346	0.881042	0.875165	1.89132	0.688971	0.143335	0.1654	0.267332	0.266649	0.203256	0.341613	0.463603	0.429338	1.08579	0.149529	0	0	0	0.017312	0.481381	0.23809	0.671469	0.72818	0.898412	1.31572	1.03873	0.778462
ihec.chipseq.ihec-chipseq-containerv1.1.4.IHECRE00003830.4.0fee77cc-ad56-4f5b-bfb6-451051158efc.fc.signal	0	0	0	2.48458	1.12986	1.40929	0.159169	0	0	0.453775	1.9326	0.709966	0.975106	0.649561	0.480566	0.241336	0.654956	0.199666	0	0	0	0.412933	2.44831	0.536401	0	0.374662	0.331583	0.795827	0.0476781	0	0	0	0	0	0.262385	0.326772
ihec.chipseq.ihec-chipseq-containerv1.1.4.IHECRE00001508.1.55314661-bc45-4308-bfd4-d3d00bb0ac86.fc.signal	0.599529	0.743851	0.68542	1.8519	1.65809	0.463868	0	0	0.297709	0.943804	1.19364	1.08767	0.535004	0.432659	0.441642	1.0481	0.844135	0	0.242321	0.415408	0	0	0	0	0	0	0	0	0.470796	0.186934	0.193856	1.5507	1.04543	1.33269	2.36085	0.486381
ihec.chipseq.ihec-chipseq-containerv1.1.4.IHECRE00001892.4.68f6c400-c106-443e-8636-56b5afbcfe6d.fc.signal	0.186713	0.10274	0.235263	0.474084	0.786443	0.810293	0.351547	0.329505	0.748205	1.00189	0.0404694	0	0.393166	0.694866	0.697272	0.692621	0.50363	0.437997	0.650429	0.102084	0.32813	0.395411	0.167708	0	0.258053	0.702248	0.552191	0.883769	0.746242	1.06095	1.15673	1.30232	1.17206	0.483729	0	0.894636
ihec.chipseq.ihec-chipseq-containerv1.1.4.IHECRE00000051.3.89c3d13a-a773-4c1f-b452-23d6d3e98eed.fc.signal	0	0	0	1.3388	0.478653	2.4334	0.204913	0	0	0	0	0	0	1.13831	0.980262	0	0	0	0	0	0	1.94066	5.59863	0	0	0	0	0	0	0	0	0	0	0	0	1
ihec.chipseq.ihec-chipseq-containerv1.1.4.IHECRE00001887.4.aa825751-1900-4a19-81df-fe3780ad3aed.fc.signal	0.585012	0.653682	0.651291	0.277872	0.591081	0.366383	0.293817	0.727943	0.796755	0.445943	0.225844	0.40124	0.740823	1.06327	0.879636	0.277978	0.101885	0.374152	0.338704	0.214767	1.09858	0.780761	0	0.0838201	0.173911	0.855216	1.09815	0.0877912	0.382066	1.41986	1.74195	0.954417	0.390204	0.367422	0.661254	0.59728
ihec.chipseq.ihec-chipseq-containerv1.1.4.IHECRE00000099.3.451c74b0-e10e-4605-9c95-3a519cadcb7b.fc.signal	0.204173	0	0	0.544297	0.363988	0.713707	0	0.143856	2.15721	1.52237	0.33857	0.497785	0.69683	0.292413	0.213985	0.372274	0.442429	0.568817	2.28269	0.547031	0.37571	0	0.0081676	1.43329	1.12295	0.37571	0	0.167418	2.33578	0.436935	0.9123	1.20856	0.636901	0.986255	2.05597	0.602073
ihec.chipseq.ihec-chipseq-containerv1.1.4.IHECRE00001306.1.a528efe1-46b5-4ffc-a74a-e5703dc0c548.fc.signal	0.173701	0	0	0	0	0.0460374	0.409289	0.0946162	0.0068582	0.223203	0.20789	0.525382	0.416937	0	0	0.73418	0.94732	0.461033	0	0	0	0	0	0	0	0	0	0	0.47373	0.173701	0	0	0	0	0	0.523364
ihec.chipseq.ihec-chipseq-containerv1.1.4.IHECRE00003828.3.c90cd691-f9f9-4d3d-8121-396fdd749845.fc.signal	0.382566	0.492682	0.0168718	1.18204	1.17335	0	0	0.320368	0.132593	0.60567	0.297081	0	0.518328	1.03458	0.594651	0.976411	1.17799	0.689579	0.273331	0.342626	0.300279	0.315678	0.431168	0.800738	0.38372	0.703514	0.0575832	0	0	0.148109	0.590824	1.44915	1.13141	1.60351	2.52183	0.185322
ihec.chipseq.ihec-chipseq-containerv1.1.4.IHECRE00001851.4.5e272f7c-8fae-451e-b602-8f58a446c757.fc.signal	0.492421	0.457112	0.876385	0.498217	0.50916	0.651693	0.312366	0.439313	0.70309	0.575319	0.665151	0.703865	0.0840543	0.160005	0.432914	0.76737	0.769083	0.332381	0.393801	0.0240532	0	0	0	0	0.591086	0.631162	0.421719	0.440435	1.3345	1.10376	0.538548	0.50894	0.444779	0.10582	0	0.412142
ihec.chipseq.ihec-chipseq-containerv1.1.4.IHECRE00000343.2.7b17fc5d-7be0-41ce-a55f-e7e67017c421.fc.signal	0.359857	0.043974	0	0	0.685684	0.296167	0.122284	0.606784	0.662241	0.279972	0	0.313358	0.161933	0	0.336935	0.694118	0.746873	0.364625	0.349241	0.393795	0.460455	0	0	0.181036	0.551442	0.36026	0.381507	0.0819669	0	0.21553	0.138148	0.0855083	0.595843	0.535348	0.712456	0.896739
ihec.chipseq.ihec-chipseq-containerv1.1.4.IHECRE00004713.2.403942ee-0111-4576-82c4-6577b9ba6ea1.fc.signal	0	0.0410479	0.447629	0.0484531	0.35012	0.327978	0.349282	0.54826	0.275397	0	0	0.023446	0.363893	0.354099	0.344977	0.3126	0.314833	0.497465	0.311352	0.0891489	0	0	0.193812	0.45798	1.41146	0.906274	0.648131	0.277555	0.368108	0.414529	0.295776	0.275612	0	0	0.275528	0.450723
ihec.chipseq.ihec-chipseq-containerv1.1.4.IHECRE00001958.3.6c69236e-c3b7-44e9-b4df-92ecc399b775.fc.signal	0.485166	0.0930182	0	0.406398	0.215196	0	0.23625	0.498798	0.0299472	0	0	0.496283	0.913648	0.0778306	0.0594713	0.42409	0.487317	0.490066	0.703621	0.815129	0.871656	0.24956	0	0	0	0.106149	0.436591	0.150727	0.381848	0.417305	0.796376	0.505796	0	0.0937291	0.905371	0.609562
ihec.chipseq.ihec-chipseq-containerv1.1.4.IHECRE00003829.4.e316ad9c-1f84-480c-89f4-3d52adaa02fd.fc.signal	0.928344	0.705561	1.28466	0.836917	0.286517	1.52156	0.686056	0.257877	0	0	0	0	0	0	0	0	0.551399	1.20928	1.43546	0.359623	0.892385	1.19639	0.262753	0	1.41115	0.753078	0	0.438986	0.238431	0	0	0	0	0	0	0.283582
ihec.chipseq.ihec-chipseq-containerv1.1.4.IHECRE00001379.1.7bb30dcc-e5cd-42c7-b3cc-00ab7aee3887.fc.signal	0.635502	0.433966	0.0159883	0.485183	0.227491	0	0	0	0	0	0	0	0	0.25982	0.260921	0	0	0	0	0	0.163567	0.4907	0.0817833	0	0	0	0	0.134125	0.473749	0.562729	0.213205	0	0	0	0	0.791667
ihec.chipseq.ihec-chipseq-containerv1.1.4.IHECRE00000303.2.686fa881-e6e7-464b-858f-6914c5504719.fc.signal	1.2631	0.713925	0.0329504	0.82376	0.131802	0.56775	0.213706	0	0.399021	0.542391	0.202121	1.172	1.91492	1.93663	1.59809	1.63722	0.670776	0	0	0.650491	0.313029	0.307537	1.64752	2.17473	1.65967	0.175735	0.812777	0.763351	0.225161	0	0	0.774346	1.14228	0	0.328217	0.780186
ihec.chipseq.ihec-chipseq-containerv1.1.4.IHECRE00000290.2.084d81f6-2fac-41c7-b877-8172e99717c7.fc.signal	2.14914	1.16571	0.182305	0.0544675	0.529258	1.32159	1.33656	0.082866	0.801099	1.23989	0.325959	0.376408	0.527368	1.99064	1.62338	0.466121	1.59827	1.27622	1.55249	0.673977	0.613208	0	0.766792	0.665317	0.243074	0.77894	0	0	0	0	1.14917	0.895028	0.280421	0.609619	0	0.726619
ihec.chipseq.ihec-chipseq-containerv1.1.4.IHECRE00000317.2.4b26a041-dfbb-4509-a9c7-5d388a89c6d1.fc.signal	0	0	0	0.399545	0.159411	0	0.0370673	0.7943	0.015886	0	0	0	0	0	0	0.589353	0.776751	0.121793	0.450103	0.39715	0.047658	0.7943	0.00529533	0	0	0	0	0	0.047658	0.937242	0.709573	0	0	0	0	0.523077
ihec.chipseq.ihec-chipseq-containerv1.1.4.IHECRE00001954.2.9c1223d8-1c7e-48a7-80b8-13425cae848a.fc.signal	0.383291	1.25633	0.85619	1.03318	0.996669	0.347462	0.874383	0.342017	0.280021	0.0911632	1.3844	0.726406	0.0380027	1.08589	0.855503	1.32418	1.49141	0.595738	0.699967	0.522196	0.196752	0.577119	0.790418	0.217027	0.841075	1.14701	0.757716	0.922589	0.598803	0.68171	0.499807	0.415314	0.29276	0.334466	0.712571	0.84902
ihec.chipseq.ihec-chipseq-containerv1.1.4.IHECRE00001959.2.a7b76745-dcef-4cb6-a9b6-a20155a8b15e.fc.signal	0.49987	0.431818	0.133065	0	0	1.52589	0.888653	0.670507	0.1373	0.0959077	0.426096	1.52572	0.140484	0	1.5101	2.50224	1.34091	0.587463	0.456589	0.571504	0.499282	0	0	0	0	0	0.0989809	0.459782	0.734808	0.934322	0.706399	0.135822	0.152455	0.7789	0.126924	0.701005
ihec.chipseq.ihec-chipseq-containerv1.1.4.IHECRE00004681.3.0f14d363-13f3-4ef6-ae7d-bc5a09aea3db.fc.signal	0.496337	0.517654	0.237887	0.245016	0.486754	0.24828	0.0132416	0.151825	0.194702	0.60036	0.509491	0.145658	0.991614	0.943601	0.751591	0.419062	0.393801	0.478477	0	0	0.0066208	0.387855	0.400151	0.4022	0.292575	0.0498639	0.161158	0.14208	0.177017	0.222694	0.185524	0.204844	0.186701	0.394684	0.421904	0.666667
ihec.chipseq.ihec-chipseq-containerv1.1.4.IHECRE00001957.2.50048c67-3126-4929-baee-51f09f7d6142.fc.signal	0.152047	0.223703	0.969367	0.253902	0	0	0.22221	0.547055	0.514228	0.127787	0.259215	0.460503	0.0593407	0.705116	0.531763	0.316672	0.537321	0.730722	0.324151	0	0	0	0	0.69628	0.850376	0.899515	0.66959	0.690959	1.21375	0.105173	0.306055	0.791023	0.576415	0	0.0795717	0.826087
ihec.chipseq.ihec-chipseq-containerv1.1.4.IHECRE00003730.1.ca2c9686-19d9-4bbf-8dc9-072da982979c.fc.signal	0	0	0.472283	2.59344	1.53285	3.00339	2.7012	3.73044	1.06323	2.41508	3.04924	0	0	0.671139	0.861709	0	0	0	0.747545	1.1423	1.52456	1.88913	0.621425	0	0.919709	0.613139	0	0	0	0	0	0	0.184364	1.06273	0.450044	0.966667
ihec.chipseq.ihec-chipseq-containerv1.1.4.IHECRE00003716.2.82753642-3854-4352-953d-733f91022d45.fc.signal	1.67295	1.42397	0.974653	0.728667	1.17994	0.924023	1.34043	1.41179	0.607694	0.917957	1.53616	1.06042	0.331235	0.611709	1.37637	1.01905	0.787259	0.330909	0.795502	0.297529	0.9109	0.170028	0	0.532793	0.621682	0.0121435	0	0.406857	1.5008	0.865344	0.549521	0.788556	1.026	0.492961	0	0.853261
ihec.chipseq.ihec-chipseq-containerv1.1.4.IHECRE00000339.2.bf75e79c-02a8-4739-8192-e972df4d98cd.fc.signal	0	0	0	0	0	0	0	0	0	0	0	0	0	0	0	0	0	0	0	0	0	0	0	0	0	0	0	0	0	0	3.37567	5.33573	0	0	0	0.605678
ihec.chipseq.ihec-chipseq-containerv1.1.4.IHECRE00000283.2.21f78497-9226-4005-b725-5835db92545e.fc.signal	0	0	0	0	0	0.532577	0.358359	0.405881	0.942843	0.408427	0.364058	0.43361	0.103759	0.45823	0.256817	0.545347	0.74865	0.404548	0.936202	1.1665	0.295378	0.716914	0.00345887	0	0.500643	1.50193	0.100128	0	0	0	0.670858	0.435828	1.11009	0.701622	0	1
ihec.chipseq.ihec-chipseq-containerv1.1.4.IHECRE00001375.1.ff801444-0867-45f5-9fff-5a6333e09e53.fc.signal	0.442037	0.729492	0.233597	0.535476	0	0.268199	0.326563	0	0	0.140158	0.487531	0.31701	0.370762	0.626114	0.0373764	0.242582	0.375323	0.172054	0.53907	0.0970326	0.233597	0.413287	0	0	0.39809	0.215628	0	0	0	0	0.319848	0.567813	0.987763	0.400012	0.0958972	0.927671
ihec.chipseq.ihec-chipseq-containerv1.1.4.IHECRE00003833.4.13578db3-4212-4341-9822-49765f351d24.fc.signal	0.276815	0	0	0	0.0320739	1.24143	0.809482	0.422965	1.02949	2.05419	3.0141	1.69877	0.395544	0.0599833	0.761973	1.45292	1.01818	0.403407	1.61609	1.10521	0.476343	1.22891	0.95405	0.744967	0	0.197291	0.881479	0.0971776	0.335722	0.909876	0.750543	0.743195	1.06704	0.238031	0.106535	0
ihec.chipseq.ihec-chipseq-containerv1.1.4.IHECRE00003837.4.e64e21a4-069f-4200-928f-507f2bd71d2a.fc.signal	0	0.560573	0.683693	0.435728	0.513185	0.249638	0.131872	1.10118	0.730875	0.260923	0.248029	0.787601	1.55933	1.33004	2.06309	1.14364	0.835985	0.695982	0.998165	0.845472	1.18009	0	1.94605	0.949006	1.17655	0.891265	0.922541	0.451984	0.483593	0.192981	0.911512	0.616286	0.276488	0	0	0
ihec.chipseq.ihec-chipseq-containerv1.1.4.IHECRE00000992.7.455df784-1bb9-4cc0-95a0-4a32fe765d2d.fc.signal	0.489664	1.4144	0.873428	0.070272	0.0312387	1.82153	0.667035	0.874721	0.160886	0.049104	0.47638	0.677014	0.08928	0.217448	1.01053	0.570975	0.793554	0.339087	0.653629	0.438388	0.169608	0.992744	0.0167347	0	0.119368	0.448439	0.486353	0.339087	1.01062	1.26606	0.351403	0.345819	0	0.181827	0.456197	0.585443
ihec.chipseq.ihec-chipseq-containerv1.1.4.IHECRE00003838.5.8e681a4e-cecf-493b-b8f7-5ee138ef396e.fc.signal	0.610859	0.0558216	1.29148	0.866683	0.739586	0.193825	0.248096	1.08529	1.09151	0.459684	0.705462	1.46739	1.5879	1.4693	1.14266	0.0290738	0	0.618609	1.34728	0.303896	0.403979	0.350573	0.0418662	0.407808	0.600841	1.32712	0.272906	0	0	0.293063	0.209331	0.396954	0.517835	0.928687	0.372507	0.172414
ihec.chipseq.ihec-chipseq-containerv1.1.4.IHECRE00001888.4.d16ca01b-df2f-4c07-a1a8-144b866b6330.fc.signal	0.124565	0.911293	0.00655607	0	0	0.857367	0.232756	0.628569	0.696633	1.46493	0	0.419559	0.633763	0.762665	0.389359	0.368779	0.98341	0.262243	0	0	0	0	0	0	0	0	0	0	0.0255733	0.880885	0	0	0	0	0.195788	0.255747
ihec.chipseq.ihec-chipseq-containerv1.1.4.IHECRE00000239.3.5678b466-ce35-4b58-8997-0fc1c8726cbc.fc.signal	0.868713	0.206557	0.274824	0.121775	0.143404	1.95552	1.8788	0.621069	0.275792	0.254158	0.744432	1.21854	0.594831	0.0272206	1.06971	1.80117	1.68277	0.752518	0.186372	0.319701	1.008	0.739262	0.227944	0.0380469	0.32946	0.287319	0.0223028	0	0.0701186	0.184984	0.242916	0.211839	0	0	0	0.681818
ihec.chipseq.ihec-chipseq-containerv1.1.4.IHECRE00001893.4.d30507d4-6b66-4bed-946f-9975da413e99.fc.signal	0	0	0	0.613658	0.907574	0.250649	0	0	0	0	0.42351	0.717388	0.624285	0	0	0	0	0	0.11236	0.64823	0.734678	0.973612	0.164218	0	1.01997	0.752007	0.203112	0.64823	0.0345723	0	0	0	0.332773	0.883863	0.0702153	0.977612
ihec.chipseq.ihec-chipseq-containerv1.1.4.IHECRE00003810.1.53290f93-d602-40f3-94de-10c56c625511.fc.signal	0.399242	0.0268195	0.135466	0.136735	0.101037	0.445142	0.439982	0.186943	0.292184	0.38447	0.0606051	0.0376317	0.279235	0.360453	0.677589	0.655324	0.305687	0.112341	0.171154	0.274435	0.27425	0.0613887	0.160518	0.0898657	0.183144	0.431853	0.125709	0.255894	0.145331	0.542085	0.752585	0.361827	0.328928	0.0904833	0	0.824121
ihec.chipseq.ihec-chipseq-containerv1.1.4.IHECRE00001471.1.de49c4d5-f400-43fb-a85f-1d9de464ec5b.fc.signal	0	0	0	0	0	0.114698	0.71686	0.213053	0	0	0	0	0	0	0	0	0	0	0	0	0	0	0	0	0	0	0	0	0	0	0	0.411166	0.374306	0	0.112632	0.575163
ihec.chipseq.ihec-chipseq-containerv1.1.4.IHECRE00003715.2.59d957d1-1698-4164-ba42-8458fa8d6784.fc.signal	1.19466	0.77412	0.653621	1.65954	2.18232	0.505835	0.0944798	0.347007	0.26554	0.405675	0.70748	0.537184	0.602458	0.0121547	0	0	0	0	0.0433099	0.40603	0.44934	0.579269	0.186774	0	0.395203	0.679424	0.119102	0.419564	0.90676	0.692842	0.082658	0.28632	0.545529	0.186731	0	0.895131
ihec.chipseq.ihec-chipseq-containerv1.1.4.IHECRE00003825.5.363f53ef-d108-4b4c-9b78-21b7e518a941.fc.signal	0	0	0	0	0	0.0826745	1.41674	0.428404	0.56369	0.533627	0.988298	0.412341	0.432965	1.23039	1.11904	0	0	0	0	0	0.216294	1.24912	0.597005	0.849212	0.387061	1.81504	0.737592	0.783295	0.0402176	0	0	0	0	0.557473	0.647435	0.393333
ihec.chipseq.ihec-chipseq-containerv1.1.4.IHECRE00003826.4.a83deafa-f81d-438b-9dcb-0637f2454600.fc.signal	0.319656	0	0	0	0.240861	0.366929	0	0	0.175628	0.581178	0.362883	0	0.722017	2.03729	0.491889	1.24532	1.18297	0.533362	0.493936	0.269826	0.970067	0.392604	1.08929	1.45122	0.281406	0.22856	0.735678	0.215857	0	0.574849	0.397504	0.197219	0.642321	0.784977	0.451317	0
ihec.chipseq.ihec-chipseq-containerv1.1.4.IHECRE00000321.2.c8657a32-fc05-4c24-83c9-60d44c93384b.fc.signal	0.661058	0	0	2.05864	1.55063	0.466599	1.31655	0.329798	0	0	0	0.831151	0.343649	0	0	0	0	0	0	0	0	1.75798	0.993374	0	0	0	0	0.219787	1.83156	0.146525	0.0366312	1.37829	0.139045	1.21833	1.53015	0.413333
ihec.chipseq.ihec-chipseq-containerv1.1.4.IHECRE00000260.2.85786817-c747-4f24-af1b-96a4b4e0637c.fc.signal	0.716896	0	0	0.865685	1.56905	0	0	0	0	0.102753	1.23685	0.154297	0	0	0	1.82605	1.62204	0.382802	0	0	0	1.90721	0.527527	0	0	0	0	0	0	1.37969	1.05505	0.284053	3.71307	0.483474	0	0.411765
ihec.chipseq.ihec-chipseq-containerv1.1.4.IHECRE00003402.2.f58764bd-8340-4d36-994e-04c84f5ba1e4.fc.signal	1.63342	0.0736383	0	0.464407	0.458497	0.09775	0.0543079	0.482867	0.441279	0.00325833	0.467679	0.964697	0.587988	0.182352	0	0.0797975	0.63838	0.63838	0.361749	0	0	0	0	0	0	0	0	0	0	0	0	0.187126	0.445983	0.700538	0.465347	0.987013
ihec.chipseq.ihec-chipseq-containerv1.1.4.IHECRE00000240.3.8143faf4-bd87-4c0f-98f7-a0083493be0c.fc.signal	1.29495	0.541357	0.426511	0.458222	0.341237	0.103989	0.196506	0.671659	0.315494	0.239807	0.585191	0.989289	1.19261	0.391959	0.0751885	0.607677	0.544508	0.363093	0	0.0349231	0.187709	0.664656	0.634326	0.0437357	0	0	0	0.0023358	0.213915	0.367555	0.18084	0	0	0	0	0.0234375
ihec.chipseq.ihec-chipseq-containerv1.1.4.IHECRE00000188.3.02c77ad4-7e66-47c9-9293-090262716389.fc.signal	0.526532	0.424516	0.00563827	0	0.019551	0.443597	0.44252	0.051448	0	0.0164629	0.462149	0.126984	0	0	0	0	0	0	0	0	0	0	0	0.0575461	0.50776	0.111707	0	0	0	0	0	0.23695	0.217221	0	0	0.804408
ihec.chipseq.ihec-chipseq-containerv1.1.4.IHECRE00001966.2.411f7ec7-d6f4-4c6e-811f-d293f4c79591.fc.signal	0	0	0	0.469769	1.86725	0.796689	0.881477	0.413431	0	0	0.435157	0.797586	0	0	0	0	0	0	0	0.357834	0.536752	0	0	0.618957	0.275629	0.575436	0.52708	0.957446	1.41682	0.101548	0	0	0	0.0893289	0.628631	0.636735
ihec.chipseq.ihec-chipseq-containerv1.1.4.IHECRE00003396.1.093281fa-11ea-4b40-987a-06f1806e196f.fc.signal	0.3031	0.596728	0	0.0389745	0.400739	0.323997	0	0.0815291	0.88398	0.806198	0.942662	1.97635	1.15026	1.86303	1.10159	0.745902	0.71039	0.0663031	0	0	0	0	0.216342	0.238393	0	0	0	0	0.00473593	1.34961	0.577745	0.71039	0.0568312	0.227325	1.59806	1
ihec.chipseq.ihec-chipseq-containerv1.1.4.IHECRE00004900.1.aae17e68-77f6-4d45-a8c2-71b0865bfd19.fc.signal	1.32961	0.888425	0.637044	0.0799081	0.70263	0.388793	0	0.260971	1.48474	0.420749	0.979975	1.48357	0.674048	0	0.719858	1.09473	0.575795	0.297757	0.962652	0.885601	1.33422	0.165104	0	0	0.575201	0.516616	0	0.543467	1.11295	0.402534	0.77009	0.837891	0.857476	1.63128	1.26102	0.216216
ihec.chipseq.ihec-chipseq-containerv1.1.4.IHECRE00003398.1.10fbd709-68ea-4fa4-8613-57809a3d7bd1.fc.signal	0.71646	0.071646	0	0.828953	0.960404	1.12047	2.14939	0.950507	0.644814	0.71646	0	0.341885	0.352519	0.287983	0.712296	0.71646	0.0102351	0	0	0	0	0	0	0	0.417081	0.682109	0.176727	0	0	0	0	0	0	0	0	0.84097
ihec.chipseq.ihec-chipseq-containerv1.1.4.IHECRE00000949.6.f5651615-e1a0-4ca6-b62c-507789eb8f29.fc.signal	0.762998	0.597065	0	0	0.127865	0.421421	0	0	0.504945	0.44098	0.0634011	0	0.491923	0.668292	0.838281	0	0	0.355673	0.115612	0.220042	0.491195	0.62382	0.0758785	0.055943	0.491155	0.041588	0	0	0	0	0	0.501687	0.638242	0.879112	0.0779775	0.814545
ihec.chipseq.ihec-chipseq-containerv1.1.4.IHECRE00003846.4.69143b2f-256b-4fb5-8772-ed12e76151da.fc.signal	0.350838	0.114102	0	0.381151	1.48451	0.949046	0	0	0	0	0.0445088	0.585968	0.641008	0.779241	1.34772	1.60017	0.829678	0.507456	0.859526	0.594941	0.834	1.20775	0.665039	0	0.127851	0.762117	0	0.531947	0.253062	0.695994	0.33616	0.391422	0.405977	0.454741	0.169105	0.190476
ihec.chipseq.ihec-chipseq-containerv1.1.4.IHECRE00001021.4.1c0ae950-3455-41eb-9b58-0960e680afcb.fc.signal	0.268157	0.524009	0.612008	0.278467	0.325614	0	0.347718	1.09937	0.77563	0.851615	0.458218	0.691015	0.905309	0.440432	0	0	0	0.0058936	0.748477	0.951804	0.0618828	0	0	0	0.193014	0.704275	1.05347	1.25385	1.08678	1.01159	0.603705	1.18574	0.972171	0.259313	0	0.557377
ihec.chipseq.ihec-chipseq-containerv1.1.4.IHECRE00001019.4.3351f750-a51a-4cf0-9637-9fed28c3a9a8.fc.signal	1.12743	0.0756874	0.722759	1.09524	0.424476	0.296837	1.07743	1.28465	1.26341	0.931988	0	0.0371376	0.678195	0.986994	1.59303	1.37461	0.633905	0.126302	0.389371	0.064756	0	0	0	0	0	0	0.334403	1.15346	0.805998	0.474697	0.943886	0.282172	0.313162	0.644133	0.800663	0.207373
ihec.chipseq.ihec-chipseq-containerv1.1.4.IHECRE00003692.4.1a3a09f8-b5c3-470d-84e4-3495b32d631e.fc.signal	0	0	0	0	0	0	0	0.563584	1.23426	0.375847	0.685348	0.0149316	0.896058	0.582433	0.0272991	0.734578	0.646616	0	0	0	0	0.47792	0.19011	0	0	0.236471	0.510283	0	0	0	0.116414	0.434946	0.816548	0.489586	0	0.175981
ihec.chipseq.ihec-chipseq-containerv1.1.4.IHECRE00001891.4.a2d61bfb-036d-437b-8ae2-e19cfaed58e3.fc.signal	0	0	0.703987	0.547409	0	0.841177	0.234662	0	0	0	0.372704	0.861441	0	0.75532	0.52799	0	0	0	0.615989	0.667321	0	0	0	0	0	0	0	0	0	0	0	0	0	0	0	0.412346
ihec.chipseq.ihec-chipseq-containerv1.1.4.IHECRE00000246.3.799a69c3-33fa-4f43-987e-b92c694fb182.fc.signal	1.39736	0.424292	0.663891	0.182612	0.161307	1.75956	2.00258	1.12841	0.729629	0.0373422	0.44591	0.608458	0.0966504	1.30471	3.33382	2.47358	0.836261	0.279168	0.512383	0.255688	1.42721	1.45206	0.296086	0	0	0	0	0	0	0.124365	0.869348	0.633177	0.0395408	0	0	0.427481
ihec.chipseq.ihec-chipseq-containerv1.1.4.IHECRE00000001.4.7ab9b0e8-c023-4a55-9a01-21d8f6cb210d.fc.signal	0	0.163243	1.08835	0.453469	0	0	0.468753	0.976785	0.100387	0	0	0	0	0	0	0	0	0	0	0	0	0	0	0.0443224	0.74458	0.841049	0.521305	0.28055	0	0.617105	0.839848	0	0	0	0	0.198529
ihec.chipseq.ihec-chipseq-containerv1.1.4.IHECRE00004602.2.82ef0c36-7b61-4b64-b8e1-14bf6bf0194e.fc.signal	0.244454	0	0	0.095242	0.412715	0.300378	0.905195	0.308247	0	0.312143	0.668685	0.854801	0.921239	1.78419	0.810699	0.678595	1.79875	1.0891	0	0	0.101591	0.76193	0.444463	1.45403	1.29212	0.0095242	0	0	0.0857178	0.771454	0.819074	0.355567	0.492999	0.478854	0.597218	0.112299
ihec.chipseq.ihec-chipseq-containerv1.1.4.IHECRE00000060.3.bfc2b274-c20f-442d-8122-50773b141fdb.fc.signal	0	0	0	0	0.286844	0.73495	1.51319	0.855964	0.789558	0.14367	0.851999	1.57609	1.05066	2.85885	0.968675	0	0	0	0.136135	0.88784	0.130217	0.757628	1.77621	1.50775	0.514948	0.799056	0	0	0	0	0	0	0	0	0.769924	0.552941
ihec.chipseq.ihec-chipseq-containerv1.1.4.IHECRE00000332.2.1a052aa3-c30b-4bd9-a36e-88509a9880d1.fc.signal	0	0.233127	0.487447	0	0	0	0	0	0	0.320676	0.0973666	0	0.230742	0.462206	0	0.47685	0.634378	0.142997	0	0	0	0	0.176852	0.14833	0	0	0	0	0.463145	0.563743	0.385719	0	0	0.319928	0.258728	0.777512
ihec.chipseq.ihec-chipseq-containerv1.1.4.IHECRE00000309.2.a943b040-543c-406d-aa89-c8951a45361a.fc.signal	2.76389	1.68657	2.74563	4.0369	0.917217	1.91883	0.777037	1.71569	2.57475	0.962789	1.55438	3.45279	2.98887	0.707355	6.0576	7.11941	1.68404	1.4393	4.69769	2.10161	0	0	0	2.12477	5.44016	3.42615	0	0	0	1.10375	0.762289	1.09893	2.18302	1.43454	2.8719	0.55477
ihec.chipseq.ihec-chipseq-containerv1.1.4.IHECRE00001482.1.fd2ac93e-a872-4b84-ae6f-8fa00313bc05.fc.signal	0.293803	0.758757	0.209521	0.633606	0.637997	0.0945399	0.488007	1.10259	0.727527	1.1318	0.425225	0.556869	0.785849	0.935602	0.782798	0	0	0	0	0	0	0	0.0562129	0.388507	0.434466	0.637002	0.0584244	0	0	0.19677	0.577399	0.210187	0.712354	0.337238	0	0.666667
ihec.chipseq.ihec-chipseq-containerv1.1.4.IHECRE00000105.3.350c6b67-eb4b-470a-ae25-ac89d63b764e.fc.signal	0.524062	0.0819504	0	0.0322126	0.69027	0.464216	0.279997	0.160487	0.597553	0.595419	0	0.269753	0.471387	0.350908	0.440011	0.592016	0.17074	0.0182123	0.0966378	0.69027	0.0414162	0.883542	0.672188	0	0.0506198	0.594107	0.0648774	0.184072	0.773101	1.24248	0.285311	1.15044	0.506195	0.83522	0.364146	0.666667
ihec.chipseq.ihec-chipseq-containerv1.1.4.IHECRE00001961.2.7068c481-8ff6-44d4-a083-44198d2e24ac.fc.signal	0	0.214591	0.523417	0	0	0.632141	1.59472	0	0	0	0	0.976942	0.136485	2.52863	3.03868	0	0.247566	0.442652	0	0	0	0	0	0	0	0	0.0790174	1.03441	0.373537	2.45673	1.99699	0.739893	0	0	0	0.612371
ihec.chipseq.ihec-chipseq-containerv1.1.4.IHECRE00000348.2.706de3b6-61ee-409c-b402-909c0204b7a0.fc.signal	0	0	0	1.17275	1.33088	0	0	0	0	0	0	1.08756	1.3177	0.355779	3.9531	1.30946	0	0	0	0	0.355779	1.97655	0.171301	0	0	0	0	0	0	0	0	0	0	1.02781	2.39348	0.466238
ihec.chipseq.ihec-chipseq-containerv1.1.4.IHECRE00004888.1.e1ceff31-c51b-464e-83d1-4e387350aef8.fc.signal	0	0	0	0	0	2.09178	2.02681	1.20674	0	0	0	0	0	0	0.41323	1.11298	1.03005	0.588831	0	0	0.93828	0.15638	0	0	0.894529	1.23624	0	1.8517	1.48255	1.70141	2.31085	1.20047	2.56845	1.04337	0	0.0859375
ihec.chipseq.ihec-chipseq-containerv1.1.4.IHECRE00000241.3.c79b1a85-93a6-4df3-8f79-1d831e0a6e62.fc.signal	0.639975	0.289321	0.496232	0.110606	0	0	0	0	0	0	0	0	0	0	0.699626	1.29806	1.27867	0.785804	1.15467	0.624554	1.06073	0.985255	0.166162	0	0	0.06758	0.536193	0.565584	0.273294	0.322591	0.536643	0.297271	0.0254255	0	0	0.309185
ihec.chipseq.ihec-chipseq-containerv1.1.4.IHECRE00001964.2.b9abc95f-c59c-4d46-808e-1317ac1e4406.fc.signal	0.766643	0.0106716	0	0	0.190693	0.475891	0	0	0.0460273	0.552874	0.701252	0.446929	0.0358267	0.447693	1.17755	1.33431	0.886669	0.588432	0.601696	0.45823	0.390262	0	0.230515	0.441652	0.0221546	0	0	0.0419167	0.493683	0.604905	0.454024	0.27086	0.750906	1.11837	0.0370076	0.705521
ihec.chipseq.ihec-chipseq-containerv1.1.4.IHECRE00001956.2.c871d95c-ddfd-4bb4-92b3-f51bf93d4a52.fc.signal	0.330926	0	0	0.108912	0.62834	0.121479	0	0.289036	0.40472	0	0.351382	0.490285	0.259714	0.46746	0.377912	0.580141	0.380077	0.863078	0.674418	0	0	0	0	0.455192	0.354898	0	0	0	0	0	0	0.162922	0.645287	0.348586	0	0.619628
ihec.chipseq.ihec-chipseq-containerv1.1.4.IHECRE00000121.3.62fa2045-d9f3-4558-b7a5-d28794180b9a.fc.signal	0.909323	1.38818	0.504367	0.57869	0.294874	0	0.50139	0.510984	0.436543	0.0652796	0.935648	1.4003	0.597962	0.944728	0.569927	0.48028	0.48028	0.403435	0.307379	1.17642	0.445058	0.651996	0.2337	0.300283	0.0417792	0	0	0	0.528307	0.592343	0.813267	1.67537	0.476472	1.07201	1.4799	0.501608
ihec.chipseq.ihec-chipseq-containerv1.1.4.IHECRE00001518.1.49e91aec-1605-470b-8973-8c4c35cbd198.fc.signal	1.39254	0.420407	0	0	0	0	0.211499	0.52008	0.100549	0.253007	0.71661	0.334805	0	0.170747	0.904939	0.78012	0.298619	0	0	0	0	0	0	0	0	0	0	0.052008	0.741981	0.78012	0.0901472	0	0	0	0	0.644068
ihec.chipseq.ihec-chipseq-containerv1.1.4.IHECRE00001378.1.2387d6f0-22a6-469a-ae69-93f5280d6d8e.fc.signal	0	0	0	0	0	0	0	0	0.525341	1.0126	0	0	0	0	0	0	0	0	0	0	0	0	0	0	0	0	0	0	0	0	0	0	0	0	0	0.5
ihec.chipseq.ihec-chipseq-containerv1.1.4.IHECRE00003821.3.da6c437f-abda-49d1-85e6-0f9a1e21a949.fc.signal	0.0970115	0.173599	0.487654	1.15826	1.2186	1.0699	0.502027	0.373471	0.599341	0.142667	0.413142	0.705684	0.24948	1.46058	0.0536116	0	0	0.0582125	0.72893	0.463775	0.995804	1.17454	0.845177	0.413646	0.773654	1.11431	0.432866	0	0	0.40516	0.778084	0.239972	0.422857	0.250552	0.920166	0.183197
ihec.chipseq.ihec-chipseq-containerv1.1.4.IHECRE00003847.4.973e29f2-827c-4305-9bbb-06b19bf500a9.fc.signal	0.199414	0.0074136	1.11581	1.24925	1.54585	0.698982	0.125134	0.438939	1.18099	1.65247	0	0	1.42353	1.34192	0.200167	0	0.478473	1.1673	1.31631	1.0561	1.29065	0.694842	0.950772	0.518954	0.950152	0.607171	0.24685	0.921517	0.11343	0.428548	0.785846	0.399395	1.19548	2.76555	2.1398	0.118388
