	chr18:8806948-8807097	chr18:8807098-8807247	chr18:8807248-8807397	chr18:8807398-8807547	chr18:8807548-8807697	chr18:8807698-8807847	chr18:8807848-8807997	chr18:8807998-8808147	chr18:8808148-8808297	chr18:8808298-8808447	chr18:8808448-8808597	chr18:8808598-8808747	chr18:8808748-8808897	chr18:8808898-8809047	chr18:8809048-8809197	chr18:8809198-8809347	chr18:8809348-8809497	chr18:8809498-8809647	chr18:8809648-8809797	chr18:8809798-8809947	chr18:8809948-8810097	chr18:8810098-8810247	chr18:8810248-8810397	chr18:8810398-8810547	chr18:8810548-8810697	chr18:8810698-8810847	chr18:8810848-8810997	chr18:8810998-8811147	chr18:8811148-8811297	chr18:8811298-8811447	chr18:8811448-8811597	chr18:8811598-8811747	chr18:8811748-8811897	chr18:8811898-8812047	chr18:8812048-8812061	Expression
ihec.chipseq.ihec-chipseq-containerv1.1.4.IHECRE00003675.3.a6a9e168-f700-4b04-bb33-9eedccb77991.fc.signal	1.16991	0.955172	0.597639	0.280652	0.484949	1.3963	0.161488	0.290812	0.673319	0.900246	1.50072	0.443015	0.0401934	0.231666	0.632853	0.846563	0.587009	0.212744	0.860867	0.11296	0.346009	0.723983	1.38101	0.655266	0.561454	0.0758773	0.22754	0.340612	0.162753	0.581716	0.279759	0.483215	0	0	0	0.457055
ihec.chipseq.ihec-chipseq-containerv1.1.4.IHECRE00001447.1.0bde8c3f-07de-437f-8926-bbf417d01abf.fc.signal	0.017182	0.537228	0.443344	0.0449333	0.213337	0.160789	0.00599933	0.226508	0.110019	0.277081	0.23755	0	0.0320573	0.47949	0.127547	0.488685	0.721003	0.0613725	0	0	0.0688996	0.953425	1.28001	0.702039	0	0	0.249859	0.191069	0	0.277629	0.569702	0.664769	0.321675	0	0	0.266129
ihec.chipseq.ihec-chipseq-containerv1.1.4.IHECRE00000014.2.2ffc3bfd-a8b5-4bc3-8298-0f71a6dfa4b0.fc.signal	0.751847	0.824081	1.00665	0.767676	1.02305	1.57249	1.1086	0.856205	0.865567	0.311871	0.533669	0.27452	1.33252	0.33255	0	0	0.275212	0.481982	0.966028	0.679935	1.43736	2.0241	0.694065	0.626207	0.477479	0.298429	0.402914	0.486999	0.673518	0.410633	0.599314	0.400574	1.38835	0.0932767	0	0.410448
ihec.chipseq.ihec-chipseq-containerv1.1.4.IHECRE00001973.1.12487572-adf6-40c8-9745-66a141c14768.fc.signal	0	0.409562	0.972881	0.573528	2.95188	0.821685	1.12528	0.577515	0	0	0	0.187068	0.828986	0.023667	0.382168	0.743566	0	0	0.525924	1.36295	0.229577	0.498376	0.735355	0.38396	0.704176	0.687791	0.621717	0.274232	0.421883	0.527687	0.356796	0.300538	0.432595	0	0	0.13198
ihec.chipseq.ihec-chipseq-containerv1.1.4.IHECRE00000250.2.b7b102bf-d880-40c6-aa7d-dceb11c67807.fc.signal	0	0	0.641568	0.347516	0	0	0	0.0330997	0.983785	0.26051	0.106499	1.49136	0.267296	0	0	0	0	0.222104	1.11063	0.470321	0	0	0.55863	0.150006	0.141603	0.257645	0.573481	0.496093	0.399259	0	0.832252	0.948355	0.326949	0.371587	0.40665	0.344928
ihec.chipseq.ihec-chipseq-containerv1.1.4.IHECRE00003677.3.2aab058a-2f5b-45b4-aeba-aa0a2d209eb3.fc.signal	0	0.174962	0.580888	0.268811	0.677844	0.649785	0.0809111	0	0	0	0	0.106491	0.188002	0.254672	0.199656	0.207918	0.222681	0.431749	0.0684595	0.395328	0.524533	0.0182313	0	0	0	0	0	0	0.157007	0.917208	0.635987	1.18035	0.100473	0.0894581	0.141781	0.393805
ihec.chipseq.ihec-chipseq-containerv1.1.4.IHECRE00000665.1.e9a22a10-4147-4184-8f97-9e6f19793d99.fc.signal	1.61995	0.806696	0.822683	1.86116	0.90299	0.544469	1.1106	1.05108	1.32915	1.42297	0.221558	0.57904	1.34337	1.69159	0.519245	0.0312558	0	0	0.144936	0.549417	0.0843477	0.226444	0.786872	0.934837	0.852645	1.23463	0.990514	0.292199	0.541458	0.649996	0.0416343	0.0324896	0.256041	0.0813703	0.181078	0.363636
ihec.chipseq.ihec-chipseq-containerv1.1.4.IHECRE00000184.3.050c9613-31d2-4cab-9d90-4397cf218171.fc.signal	0.610797	1.18536	0.0673499	0.487587	0.566951	0.606078	0.851225	0.887004	1.11147	0.168394	0.288756	0.407498	1.80026	0.861522	0.89481	0.345465	0.675768	1.80588	1.72719	0.00424147	0.150665	0.414882	0.230352	1.31526	0.916333	0.369881	0.795103	0.484848	0.472775	0.270391	0.335413	0.423212	0.784622	1.34065	0.55087	0.577778
ihec.chipseq.ihec-chipseq-containerv1.1.4.IHECRE00001232.5.2bbf1d92-dd54-451c-865f-3578546b9653.fc.signal	0.896408	0.530671	0.670045	0.448064	0.237619	1.01975	0.526257	0.215797	0.345411	0.144509	0.376033	0.938751	0.668946	0.849105	0.0511398	0.442008	0.162721	0.179653	0.470676	0.304037	0.327971	0.956431	0.583685	0.415408	0.531063	0.270353	0.225665	0.323333	0.222584	0.384408	0.155081	1.11245	0.921253	0.211919	0	0.596154
ihec.chipseq.ihec-chipseq-containerv1.1.4.IHECRE00002086.1.e56e7efe-813c-4380-b8af-078cacdb962a.fc.signal	0.574339	0.452523	0.827102	0.143855	0.299804	0	0.0936168	0.482893	0.273533	0.358528	1.05079	0.535438	0.807879	0.701845	0.963466	0.655347	0.499592	0.794282	0.85259	1.08731	0.767803	0.472075	0.463037	0.383581	0	0.0520575	0.509615	0.768315	0.0478032	0	0	0.211801	0.704436	0.202543	0.343834	0.104377
ihec.chipseq.ihec-chipseq-containerv1.1.4.IHECRE00002067.1.afbe02e8-50de-460a-8edc-cfae9d057ff1.fc.signal	0.828932	0.404468	0.756221	0.137608	1.32666	0.48781	0.215845	0.275217	1.2661	0	0.538333	0.412825	0.468029	0.764628	0	0	0.412897	0.211596	0.785394	0.45192	0	0.347508	0.237869	0.666115	0.665193	0.171799	1.24972	0	0	0.787183	0.754153	0	0.770607	0.737604	0.141589	0.031348
ihec.chipseq.ihec-chipseq-containerv1.1.4.IHECRE00000232.3.285e51c7-b00d-4bd1-94fb-890aaf69f0f5.fc.signal	0.0185583	0.110147	0.203434	0.222113	0.392117	0.124776	0.183949	0.376264	0.358641	0.163533	0.00400773	0.124622	0.888487	0.57291	0	0	0	0	0.0171831	0.216496	0.162618	0.180176	0.183772	0.289717	0.722193	0.630123	0.547027	0.603802	1.59137	1.63106	0.446382	0	0	0	0	0.4
ihec.chipseq.ihec-chipseq-containerv1.1.4.IHECRE00001952.2.a99a5a16-aeda-4bbd-b32c-e69190f2f046.fc.signal	0	0	0	0	0	0	0	0	0	0	0.308852	0.394453	0.460327	0.33117	0.453286	0.154811	0	0.171348	0.423269	0.364939	0.58856	0.906649	0.84737	0.175502	0.73534	0.788414	0.595641	0	0	0	0.26747	0.412682	0.455633	0.0520362	0	0.515873
ihec.chipseq.ihec-chipseq-containerv1.1.4.IHECRE00001965.2.53f657c9-ccc3-46a9-8812-1aa30d387b18.fc.signal	0.397328	0.244793	0.707645	0.618639	1.26218	0.69228	0.276817	0.0527283	0.445128	1.13632	0.938812	0.597366	0.682597	0.339198	0.39095	0.451452	0.766549	0.0460445	0.0988125	0.628963	0.306702	0.185066	0.416144	0.873136	0.463315	0.0724165	0.360158	0.951984	0.512812	0.358518	0.39764	0.44717	0.258502	0.712331	0.543296	0.441388
ihec.chipseq.ihec-chipseq-containerv1.1.4.IHECRE00004615.1.e5b6a748-5a0b-4664-9385-4b3edaab31e2.fc.signal	0.407439	0.755388	0.900531	0.273805	1.03516	1.4979	1.20996	0.702279	1.30177	0.0045428	0.0283741	0.554303	0.576183	0.412649	0.212475	0.763336	0.622538	0.896471	1.19808	0.878003	0.788474	0.0723175	0	0	0.0874385	0.96844	0.650474	0.451293	0.323979	0.243166	0.319718	0.283827	0.266994	1.00036	1.87188	0.438889
ihec.chipseq.ihec-chipseq-containerv1.1.4.IHECRE00001039.6.4b84d196-177c-48b4-a7a5-bffad11f4762.fc.signal	0	0.132076	0.209631	0.0802715	0.208771	0.106631	0.237747	0.494713	0.602504	0.703475	0.709629	0.439798	0.399808	0.39308	0.488779	0.546889	0.523288	0.292861	0.162856	0.139335	0.100836	0.233182	0.324611	0.0838996	0.126884	0.568795	1.32082	1.34895	0.516993	0.54039	0.319251	0.183676	0.665441	0.495811	0.158846	0.412826
ihec.chipseq.ihec-chipseq-containerv1.1.4.IHECRE00000974.7.af2fffce-696b-421a-8732-73b351c68c67.fc.signal	1.37504	1.01631	0.722971	0.0320023	0.358817	0.407361	0.250055	2.13284	1.34712	0.348525	0.0973634	1.13038	1.35263	1.0544	0.27323	0.318398	0.0161613	0.196158	1.9403	0.591022	0.531024	0.747382	1.17411	0.821445	1.04513	0.138502	0.891378	0.684126	0.599196	1.30809	0.340735	0.282312	0	0	0.174159	0.568807
ihec.chipseq.ihec-chipseq-containerv1.1.4.IHECRE00001012.4.4385ecaa-47ed-48e3-8af5-20303d73a7da.fc.signal	0.0821151	0.68643	0.396941	1.25444	1.98391	0.872733	0	0	0.621761	0.948231	0.343524	0.973633	0.285887	0	0	0.0846862	0.509156	0.900841	0.946114	0.143029	0	0	0.0602802	0.772632	1.34914	0.987724	0.624418	0.455869	1.48086	0.589856	0	0	0.199826	0.694567	0.204297	0.388889
ihec.chipseq.ihec-chipseq-containerv1.1.4.IHECRE00001990.1.7114bd47-4fa8-4cc2-a314-a8f63b9a798b.fc.signal	1.98155	1.03485	0.502282	0	0	0.451109	0.779204	0.0388021	0.294852	1.10607	0.526684	0.592611	0.103671	0	0	0	1.0833	1.35592	0.683236	0.232162	0	0	0	0	0	0.364222	0.208488	0.308611	0.15532	0	0	0	0	0	0	0.183575
ihec.chipseq.ihec-chipseq-containerv1.1.4.IHECRE00003400.1.1fc96c71-e7b0-4c32-a9b8-85db9118188b.fc.signal	2.2596	0.894645	0	0.562043	0.841353	1.15653	1.15322	0.856368	1.68536	1.42194	0.745144	1.27611	0	0	0	0	0.568044	0.976783	0.922808	0.128299	0.074496	0.905357	0.938833	0.636298	0.438738	0.931367	0.627325	0.498152	0	0	0	0.928251	1.60638	0.394578	0.20858	0.594697
ihec.chipseq.ihec-chipseq-containerv1.1.4.IHECRE00003680.3.d0662727-3cb8-42a6-9eb8-875cfded9c1e.fc.signal	0.0624597	0	0	0.15679	0.271825	0.0422149	0.206436	0.029278	0.202994	0.450881	0.283021	0	0	0	0.267406	0.0448929	0.0761228	0.227855	0.14639	0.630451	0.301326	0.252102	0.211767	0.029278	0.52936	0.637665	0.522691	0.168385	0.0954746	0	0.103449	0.314251	0.326066	0.605907	0.58556	0.411408
ihec.chipseq.ihec-chipseq-containerv1.1.4.IHECRE00002058.1.74e68fe6-66c5-49bf-a809-80390106feb5.fc.signal	0.358363	0.304367	0.524352	0.0369908	0	0.204768	0.895747	0.599344	0.444965	0.677807	0.557495	0.0882733	0.511879	0.777569	0	0	0	0.47268	1.35002	0.268915	0.480738	0.759026	0.334264	0.646874	1.34465	0.416592	0.236555	0.399845	0.22081	0.987731	0.441621	0.71663	0.429999	0.999359	1.28653	0.164609
ihec.chipseq.ihec-chipseq-containerv1.1.4.IHECRE00000224.3.793fc11e-e9ef-4476-a0d2-85f945a7ed27.fc.signal	0.226468	0.817013	0.780085	0.72889	0.752202	0.28928	0.035682	0	0	0	0	0.260756	0.64036	0.291466	0	0	0	0.113776	0.458294	0.566879	0.451711	0.273842	0.712717	1.31347	1.12599	0.768027	0.544252	0.296424	0.433079	0.783384	0.44353	0	0	0	0	0.414365
ihec.chipseq.ihec-chipseq-containerv1.1.4.IHECRE00001002.4.47bafce5-cf92-4589-82d6-1f8a597d67d2.fc.signal	0.0719776	0.151723	0.388503	0.370249	0.240796	0.128633	0	0.0690122	0.0848706	0.500028	0.492418	0.570348	0.294129	0.502213	0.0968497	0.176353	0.386662	0.190384	0.148571	0.16486	0.0961459	0.128467	0.103485	0.0840827	0.210967	0.37629	0.27418	0.801799	0.46554	0.155001	0.238284	0.0447844	0	0	0	0.557604
ihec.chipseq.ihec-chipseq-containerv1.1.4.IHECRE00001050.8.e3d2eec5-07d0-478e-b8e6-55da7b174fe0.fc.signal	0.27424	0.0486913	0	0.418364	0	0.0465396	0.681409	0.0585971	0.515043	0.434341	0.26353	0.438592	0.300064	0.111306	0.167059	0.984649	0.290134	0.64876	0.611256	0.390477	0	0.60161	0.561347	0.27971	0.257046	0.0720873	0.824207	0.0722583	0.354228	0	0	0.13932	0.333116	0.326488	0	0.55144
ihec.chipseq.ihec-chipseq-containerv1.1.4.IHECRE00000242.3.29b88f8a-5864-41d5-9d2e-8cf436621ef7.fc.signal	0.0434415	0.0934789	0.0303563	0.393556	0.433938	0.0163657	0.239584	0.42602	0.342212	0.100152	0.0714259	0.303559	0.549299	0.351294	0.066933	0	0.0410673	0.144418	0.116069	0.0598103	0.114425	0.136224	0.0934067	0.109365	0.0762051	0	0	0.0226917	0.260543	0.47846	0.232487	0	0	0	0	0.474501
ihec.chipseq.ihec-chipseq-containerv1.1.4.IHECRE00001003.4.6289626c-b595-49fa-9fe0-13e3753945d1.fc.signal	0.563652	0.3292	0.55114	0.0514308	0.0463151	0.722433	0.492409	0	0	0.36394	0.506643	0.630275	0.942111	0.406997	0.377297	0.339647	0	0	0.0488067	0.477926	0.927998	0.503196	0.524589	0.248215	0.110104	0.314446	0.513117	0.0797988	0.212004	0.712531	0.0962431	0	0	0.480906	0.835282	0.457895
ihec.chipseq.ihec-chipseq-containerv1.1.4.IHECRE00004617.2.072627d2-ab52-4b94-ab51-9e9d905bc824.fc.signal	0.336	0.778235	1.18109	0.585125	0.911096	1.76196	0.799495	1.56877	0.902956	0.00252733	0	0.0546221	0.306993	0.239409	0.988989	1.3894	0.872524	1.38349	0.396938	0.195698	0.898176	1.22038	0.491292	0.491119	0	0.63302	0.937868	0.584897	0.105821	0.301521	1.13277	1.66073	1.18096	1.37586	1.04838	0.52439
ihec.chipseq.ihec-chipseq-containerv1.1.4.IHECRE00000227.3.3324a0e7-9091-4952-b04e-d0a7fa0902ef.fc.signal	0.0432898	0.210729	0.166143	0	0	0	0	0.131621	0.263733	0.0662191	0	0	0	0	0	0	0	0	0.00336787	0.348158	0.498641	0.241298	0.0413249	0.0266922	0.516795	0.82085	1.46705	1.54622	0.21974	0	0	0.42219	0.647551	0.127297	0	0.369863
ihec.chipseq.ihec-chipseq-containerv1.1.4.IHECRE00004608.1.5ec97f16-e54d-4318-8ca6-fd123c69fcf5.fc.signal	0	0.44945	1.39013	1.45961	1.41137	0.471787	0	0.460406	0.783436	0.741081	0.584914	0.231194	0.675305	0.473714	0.187046	0.389987	1.43158	0.428824	0.3449	0.620875	0.608474	0.598765	0.656748	0.750874	0.207419	0.220951	0.904967	1.00201	1.60868	0.543636	0.0312962	0	0.0261585	1.01108	2.69561	0.491018
ihec.chipseq.ihec-chipseq-containerv1.1.4.IHECRE00003678.3.b0b3e62c-a424-40a0-81dc-b67047b2608e.fc.signal	1.82862	1.45567	0.619917	0.252785	0.930219	0.181497	0	0	0	0.2214	0.788432	0.390867	0.626997	0.762734	0.17877	1.52202	1.37804	0.820382	0.247829	0.762862	0.410679	0.242957	0.378562	0.226005	0.78707	0.494775	1.88444	1.58331	0.280332	0.518891	0.234334	0.028433	1.08686	0.907063	0.56637	0.538941
ihec.chipseq.ihec-chipseq-containerv1.1.4.IHECRE00003679.3.9a67dbab-2305-42d6-a0ec-7cb7b956e3e2.fc.signal	0.405492	0.250515	0.79195	0.105576	0	0.27088	0.657495	0.364389	0.280795	0.234004	0.556684	1.84826	2.79115	3.26113	2.89888	0.732868	0.145929	0	0	0	0.0573743	0.229609	0.111339	0.25602	0.688156	0.344528	0.101329	0.54454	0.940357	0.994321	0.118281	0.449869	0.206922	1.04199	1.38688	0.604651
ihec.chipseq.ihec-chipseq-containerv1.1.4.IHECRE00000957.7.280608e3-f2db-495d-8512-5761688a7d39.fc.signal	0.253552	0.294022	0.304133	0.137179	0.245235	0.558307	0.494469	0.688634	0.713195	0	0.322342	0.767035	0.438976	0.00214493	0.093287	0.704553	0.186116	0.388171	0.165145	0.34724	0.392983	0.513201	0.080169	0.165077	0	0.129309	0.821687	0.284527	0.284569	0.134306	0	0	0.389982	0.0612055	0	0.285068
ihec.chipseq.ihec-chipseq-containerv1.1.4.IHECRE00001546.1.a7d4c357-64b4-4c12-b765-27001a7f1edf.fc.signal	0	0	0	0.506127	1.11063	0	0	0	0.136431	0.785199	0.125781	0	0	0	0	0.719117	1.3969	1.85305	1.26035	0.2264	0.593494	0.0161621	0	0	0	0	0	0	0	0.384653	0.607417	0.0831168	0.600293	0.0912661	0	0.349727
ihec.chipseq.ihec-chipseq-containerv1.1.4.IHECRE00003660.4.a11d1f85-8da4-41e8-ae9d-f92acd6fb7a1.fc.signal	1.48884	0.67148	0.523735	0.389358	0.275624	1.27943	1.11717	2.81003	2.21963	0.828618	0.735315	1.16467	1.60784	0.418503	0.365355	0.57784	0.35114	0.794537	0.674206	0.562751	0.440729	0.643246	0.257673	0.564497	0.642358	0.335766	0.859458	1.48274	0.541472	0.602296	0.0024318	0	0	0.405627	0.7561	0.350365
ihec.chipseq.ihec-chipseq-containerv1.1.4.IHECRE00000153.3.03d3daca-2020-41d6-9d70-66acec6b65de.fc.signal	1.52832	0.517093	0	0.344727	0.768648	0.610259	0.661507	3.47533	1.82745	0.99226	2.43639	1.40221	0.298142	1.02787	1.05748	0.214289	0	0	0.665873	1.04816	0	1.89601	1.55128	0.442554	0.634357	1.58145	1.14616	0.185122	0.278251	1.23693	1.76967	0.141596	0.72809	0.216978	0.353843	0.2881
ihec.chipseq.ihec-chipseq-containerv1.1.4.IHECRE00002063.1.7418f6bc-6e40-4cd9-9c59-6013c4a60b00.fc.signal	0.225955	0.968989	0.51653	0.388304	0.788986	0.696986	0.969154	0.581597	1.09573	1.25453	1.09626	0.378132	0.606215	0.573555	0.483689	0.139036	0.164879	0.767538	0.416501	0.346466	1.06835	1.22756	0.493376	0.405624	0.344369	0.688676	1.01506	0.545109	0.553133	1.01207	0.340703	0.583178	0.487005	0.929906	0.90188	0.0786026
ihec.chipseq.ihec-chipseq-containerv1.1.4.IHECRE00004609.2.02700347-df20-47c4-9f0c-4c735f739be2.fc.signal	0.362033	0.673579	0.800859	1.44917	1.87816	1.07519	0.871066	1.10758	2.14406	2.67483	4.44936	2.83575	1.5278	2.35657	2.67162	0.920565	0.976522	0	0.350319	0.943127	1.93156	0.828871	0.206102	0.746934	0.411421	0.267258	0.0717024	0.259321	0.15637	0.0769578	0.157149	0.427413	0.726384	0.644588	0	0.457006
ihec.chipseq.ihec-chipseq-containerv1.1.4.IHECRE00002076.1.c5ef21e4-195e-4160-bc6c-4a5cf2e91a44.fc.signal	1.73021	0.629529	1.10579	0.777925	0.817051	0	0.0903505	0.836008	0.957297	0.102048	0.384435	0.50795	0.437185	1.00342	0.611652	0.43215	0	0.410484	0.894061	0.422843	0	0.137387	0.600497	0.300216	0.437602	0.119126	0.631887	0.512761	0.989265	0.642246	0.85978	0	0.261291	0.288949	0	0.0322581
ihec.chipseq.ihec-chipseq-containerv1.1.4.IHECRE00003843.4.c4a2d88f-1de5-4172-8460-f71aa0a40d72.fc.signal	1.31329	0.832966	0.213939	1.58746	3.94493	1.30788	0.630439	0.0288512	0	0	0	0	0	0	0	0.548077	1.18805	0	0.790279	1.14109	0.175415	0.0858347	0.416886	0.429881	0.269651	0.305582	0.675235	1.2957	2.42139	0.717706	0	0.518266	1.32761	2.7059	2.86645	0.279412
ihec.chipseq.ihec-chipseq-containerv1.1.4.IHECRE00001854.4.221dc4c8-df92-4d92-a47c-49ab8394aec7.fc.signal	0.141392	0.231827	0.471288	0.728138	0.530736	0.818586	0.234832	0.956439	1.03757	0.475922	0.177143	0.212086	0.317591	0.626477	1.54851	1.64732	0.356705	0.390394	0.285458	0.191642	0.124733	0.655844	0.661007	0.454643	0.295004	0.343852	0.501429	0.581587	0.524302	0.0763089	0.209003	0.633999	1.46788	0.399219	0.614171	0.788506
ihec.chipseq.ihec-chipseq-containerv1.1.4.IHECRE00001997.1.f0f49cb4-faa4-493d-95f6-28ba67fd8f5a.fc.signal	0.755946	1.27247	1.19468	0.393717	0.465797	0.163183	0.00395393	1.25282	1.54855	0.10145	0.409449	0.256718	0.52716	1.26722	0.277556	0.0817908	0.451229	0.0159387	0.644243	0.142162	0.476035	0.535773	0.052096	0.214637	1.01178	1.5552	0.160126	1.05034	0.401097	0.0330784	0.902273	1.26791	1.39732	0.0842014	0	0.202073
ihec.chipseq.ihec-chipseq-containerv1.1.4.IHECRE00000969.7.3d784b78-f4bc-495c-ac9b-3091418dd4cd.fc.signal	0	0.47943	1.17316	1.24182	0.603664	0.486793	0.501406	0.562132	0.482928	0.588297	0.196079	0.436079	0.612349	0.886429	2.0113	1.6231	1.06109	0.349746	0.71046	0.730836	0.188146	0	0.0401639	0.75169	0.334027	0.51106	1.20252	0.616386	1.02086	1.24252	0.375852	0.257722	0	0.390732	1.0041	0.703125
ihec.chipseq.ihec-chipseq-containerv1.1.4.IHECRE00000126.3.d7185ece-dead-471a-94c7-970dbc1c9c5a.fc.signal	1.12858	0.49526	0.842674	0.585019	0.60012	0.140028	0.603957	0.0489136	0.770853	0.646555	0.333122	0.275393	0	0	0.510672	1.02394	0.0648117	0	0	0.970031	1.51927	0.185859	0.0330525	0.525174	0.707706	0.791365	0.847067	0.637173	0.545307	0.2818	0.418926	0.538063	0.192646	0	0	0.384615
ihec.chipseq.ihec-chipseq-containerv1.1.4.IHECRE00000987.6.f1a05120-9b28-47d7-97dd-561e9dce1de5.fc.signal	0.223663	0.439657	0.412798	0.540273	0	0	0	0.129555	0.468181	0	0	0	0	0	0	0	0.606142	1.44136	2.18957	0.71899	0.30156	0	0	0.286095	0.602057	1.1948	0.184619	0.31255	0.610476	0.481298	1.12539	1.24429	0.62172	1.92267	1.40821	0.592297
ihec.chipseq.ihec-chipseq-containerv1.1.4.IHECRE00001025.7.383d7143-d994-47de-83fc-160182b0cccd.fc.signal	2.35703	0.870529	2.99331	0.623101	1.46935	0.67144	2.51997	0.670553	0.534122	0	0	0	0	0	0	0	0.44697	1.98144	0.480176	1.22334	1.08594	1.40892	0.630021	0.537368	1.5311	0.718071	1.05034	0.703526	0.0518233	0	0	0	0.0166205	1.39046	1.2423	0.327044
ihec.chipseq.ihec-chipseq-containerv1.1.4.IHECRE00001889.4.5f1e2b9f-7ef0-4e6e-89e2-0b9c11816f3d.fc.signal	0	0	0.475403	0.924321	0.578627	0.18679	0.298256	0.30271	0.557834	0.332493	0.514073	0.43652	0.0406963	0.454377	0.65357	0.160367	0.267399	0.533376	0.952426	0.454415	0.355399	0.516584	0.212396	0.231225	0.142053	0.695855	0.351134	0.305892	0.119561	0	0	0	0.212902	0.60611	0.503084	0.799502
ihec.chipseq.ihec-chipseq-containerv1.1.4.IHECRE00001887.4.aa825751-1900-4a19-81df-fe3780ad3aed.fc.signal	0.154436	0.165561	0.160575	0.3269	0.357905	0.548766	0.524561	0.504321	0.528794	0.212691	0.705868	1.03486	1.17266	0.608408	0.366765	0.808416	0.782365	0.419259	0.255825	0.506447	0.503177	0.377163	0.447221	0.160823	0.173005	0.328944	0.618626	0.760781	0.380361	0.513985	0.205577	0.59342	0.792108	0.514874	0.263344	0.56015
ihec.chipseq.ihec-chipseq-containerv1.1.4.IHECRE00004635.3.9815b17b-4b2f-4371-98fe-9b674b10f52b.fc.signal	0.0803414	0.16766	0.274415	0.624459	0.648164	0.879121	0.468552	0.173919	0.469238	0.998052	0.762669	0.415119	0.583504	0.377566	0.515658	0.634089	0.376899	0.127532	0.230127	0.215224	0.251169	0.207592	0.694027	0.436921	0.473688	0.501405	0.758319	0.63668	0.291232	0.531707	0.294327	0.0578741	0.466283	1.20348	0.839773	0.591171
ihec.chipseq.ihec-chipseq-containerv1.1.4.IHECRE00003803.1.5811fe86-2f6b-4937-8c8f-b865bb36877a.fc.signal	2.78392	1.11453	3.00776	0.616153	1.10237	1.15683	0	0	0	0	0	0.0104115	1.8521	0.425959	0	0	0	0.104062	2.07	1.73163	1.41679	0.774063	0	0	0	0	0.331176	2.06166	0.829417	1.14206	0.271206	0.227931	0.999096	0	0	0.671196
ihec.chipseq.ihec-chipseq-containerv1.1.4.IHECRE00004884.1.55c580e9-33d1-47be-8555-14db2907a656.fc.signal	0.224197	0.832759	1.74238	1.34565	0.866604	0.665857	1.31423	0.788293	0.468265	0.721157	0.4177	1.101	1.0809	0	0.941834	0.14046	0	0	0	0	0.272231	1.74181	1.14707	0.801318	0.747079	0	0	0.206924	0.899126	0	0.57914	1.02109	0.511215	0.958589	0	0.558282
ihec.chipseq.ihec-chipseq-containerv1.1.4.IHECRE00001008.4.aac7e4a9-da4f-4f24-8b37-ec261c55025e.fc.signal	0.699772	0.595278	0.106772	0	0.209298	0.551143	0.254658	0.901348	1.39755	0.575351	0	0.245007	0.691593	0.848638	0.249989	0.30536	1.20041	0.950486	0.11098	0.103594	0.886974	0.788656	0.633463	1.484	1.36608	0.795622	1.15547	0.600564	0.661429	0.705601	0.33583	1.31197	0.856021	0.913196	1.00532	0.583815
ihec.chipseq.ihec-chipseq-containerv1.1.4.IHECRE00003689.3.e809e596-752e-4188-9554-1c259b625898.fc.signal	1.04716	1.07363	1.38498	0.519616	0.242654	0.112936	0.297493	0.873801	1.1196	0.354225	0.328916	0.846884	0.873154	0.810233	0.482994	0.927362	0.411633	0.807621	0.788549	0.457003	0.398677	0.462263	0.366245	0.898526	1.13875	0.690408	1.79513	0.785871	1.27282	0.353483	0	0.586706	0	0	0	0.503205
ihec.chipseq.ihec-chipseq-containerv1.1.4.IHECRE00001009.4.1b8093dd-892d-4d82-93cb-a5798c1caf6d.fc.signal	0.0194498	0.479308	0.950304	0.673808	0.295918	0.0263961	0.111013	0.610827	0.788272	0.130287	0.404075	0.356138	0.265951	0.277171	0.293191	0.560451	0.494062	0.0973971	0.323899	1.10026	0.973123	0.928392	0.576008	0.314618	0.383314	0.215339	1.29908	1.62765	0.44598	0	0	0	0.340377	0.833578	0.83358	0.454545
ihec.chipseq.ihec-chipseq-containerv1.1.4.IHECRE00000099.3.451c74b0-e10e-4605-9c95-3a519cadcb7b.fc.signal	1.25147	0.635532	0.615013	0	0	0	0.138437	1.04038	0.760854	0.891246	1.18188	0.752733	1.3842	0.874078	0.0659912	1.01385	1.06295	0.214547	0.191374	0.21811	0.584206	0.683482	0.49341	0.672338	0.641185	0.739353	0.731704	1.34227	0.389263	0	0	0	0.0276327	1.00134	1.73702	0.450581
ihec.chipseq.ihec-chipseq-containerv1.1.4.IHECRE00003682.3.cb3f1a65-14b1-4058-aef5-bc7db4396fc3.fc.signal	0.488602	0.138082	0.443209	0.103557	0.478413	0.224735	0.314154	0.308877	0.058415	0.218161	0.321212	0.124926	0.160601	0.112574	0	0	0.141716	0.148983	0	0.351487	0.865133	0.148974	0.157265	0.128998	0.579454	0.291564	0	0.281545	0.808279	0.0726747	0	0.197938	0.396775	0.69597	0.81741	0.425087
ihec.chipseq.ihec-chipseq-containerv1.1.4.IHECRE00001015.4.43e52f53-9251-4460-b822-3522af489eae.fc.signal	0.530372	1.16109	1.00498	0.504643	0.782443	1.52229	1.03533	1.45641	0.966017	0.102617	0.316418	1.35164	0.630847	0.131578	0	0	0	0.028232	0.359007	0.450483	0.264414	0.880767	0.644345	0.444303	0.461966	0.725938	0.611221	1.11027	0.985858	0.464483	0.0178824	0.367989	0.280378	0	0	0.68125
ihec.chipseq.ihec-chipseq-containerv1.1.4.IHECRE00001460.1.9053356a-2204-4b95-b0ed-ab6799692f8c.fc.signal	0	0	0.374611	0.251843	0.30728	0.0510631	0	0.27179	0.208946	0	0	0	0	0	0	0	0	0	0.0566868	0.295836	0.374851	0.0977201	0	0	0	0	0	0	0.39845	0.181997	0.37941	0.0858811	0	0	0	0.257143
ihec.chipseq.ihec-chipseq-containerv1.1.4.IHECRE00004664.3.6d452180-a6ee-4609-96f0-3f1b6ca1f2c8.fc.signal	1.19454	0.321733	0.374016	0.599671	0.491882	0.763348	0.367346	0.407368	0.18107	0.151055	0.387233	0.740381	0.473191	0.646053	0.524801	0.33245	0.441388	0.705725	0.55726	0.626762	0.322464	0.523636	0.279267	0.00809167	0.457632	0.496417	0.809251	0.698357	0.294746	0.414493	0.483765	0.971791	0.63522	0.69459	0.785569	0.218182
ihec.chipseq.ihec-chipseq-containerv1.1.4.IHECRE00001851.4.5e272f7c-8fae-451e-b602-8f58a446c757.fc.signal	1.31865	0.691478	0.0942429	0.588635	0.287253	0	0	0.472035	1.01381	0.778314	0.509791	0.937275	1.29219	0.576214	0.106658	0	0.011381	0.45757	1.39663	1.20333	0.0144937	0	0.486606	1.60403	1.26089	0.678441	0.907962	0.66223	0	0.419094	0.441779	0.282735	0	0	0	0.569182
ihec.chipseq.ihec-chipseq-containerv1.1.4.IHECRE00004713.2.403942ee-0111-4576-82c4-6577b9ba6ea1.fc.signal	0.325106	0	0	0	0	0	0.519197	0.912906	0	0.552949	1.49992	1.1511	1.0173	0.976289	0.500816	0.41493	0.610654	0.0817307	0.392922	0.277085	0	0	0.6115	1.79973	1.03427	0.591722	0.370238	0.464636	0.9768	0.287362	0.096906	0.406999	0.810621	0.153835	0	0.362637
ihec.chipseq.ihec-chipseq-containerv1.1.4.IHECRE00000231.3.493a772e-0001-4655-973c-6fca5dd7388d.fc.signal	0.32837	0.392641	0.406691	0.309852	0.0157569	0	0	0	0.0619363	0.189586	0.153312	0.404218	0.796388	0.635407	0.14079	0.0312399	0.321368	0.388801	0.468679	0.484386	0.397308	0.299439	0.515531	0.308169	0.224663	0.461592	0.730278	0.432279	0.0123485	0	0	0	0	0	0	0.502019
ihec.chipseq.ihec-chipseq-containerv1.1.4.IHECRE00003829.4.e316ad9c-1f84-480c-89f4-3d52adaa02fd.fc.signal	0.2666	0.719501	1.37352	2.3475	2.9246	1.41757	0.921577	0.109363	0	0	0	0.0955818	0.745955	0.697613	0.687381	0.433903	0.162572	0	0	0	0	0	0.257388	0.231978	2.09275	0.999627	0.559467	0.775281	0	0	0	0	0.16055	2.19214	2.11757	0.4375
ihec.chipseq.ihec-chipseq-containerv1.1.4.IHECRE00000226.3.0efe9323-bb7a-4549-ab51-b36e1f1ce2c0.fc.signal	0.0366352	0	0	0	0	0	0.524044	0.967791	0.722511	0.2355	0	0.504183	1.77549	1.79321	0.7307	0.126613	0.399628	0.504289	0.968837	1.28256	0.868131	0.609379	0.430042	0.330097	0.149234	0.451644	0.786822	0.569004	0.1815	0.463949	0.719349	0.0651716	0	0	0	0.545161
ihec.chipseq.ihec-chipseq-containerv1.1.4.IHECRE00000303.2.686fa881-e6e7-464b-858f-6914c5504719.fc.signal	1.49002	1.12809	2.21811	0.989045	0.527749	0.732148	0.573523	1.22922	0.755143	0.118606	0.937533	0.696162	0	0.877049	1.43247	0.143561	0.224639	0.97988	1.51397	1.03473	0.57706	1.97584	1.87557	2.02555	1.33923	0.00883	0.534103	0.810098	2.32907	3.23068	0.908926	0	0.527068	1.48758	0.74171	0.424588
ihec.chipseq.ihec-chipseq-containerv1.1.4.IHECRE00004614.1.ec015f8f-ae48-4714-af9a-4349b955d07f.fc.signal	0	0.262544	0.772597	0.115816	0.263786	1.40867	1.34059	1.18449	1.77558	1.84447	1.46155	1.36179	1.04361	0.442532	0.534713	0.429855	0.3355	0.48668	0.339506	1.4817	0.291362	0	0	0	0.283158	0.890492	1.69333	0.697485	0.25016	1.13124	0.362068	0.94857	1.44036	0.947664	0.92333	0.521226
ihec.chipseq.ihec-chipseq-containerv1.1.4.IHECRE00001954.2.9c1223d8-1c7e-48a7-80b8-13425cae848a.fc.signal	0	0	0	0.0150705	0.41538	0.494682	1.40463	0.354349	0.0098856	0.441151	0.101494	1.17255	2.61726	0.270613	0.382383	0.70207	0	0	0	0.96984	0.290188	0.132385	0.637281	1.46741	1.14378	0.279493	0.101184	0.617582	0.633273	0.515051	0.358419	0.781341	1.22805	0.642566	0.755878	0.47929
ihec.chipseq.ihec-chipseq-containerv1.1.4.IHECRE00001315.1.62d7109e-8999-4534-ab39-8054c39c7871.fc.signal	0.373773	0.432978	0.0489263	0	0	0	0	0	0	0	0	0	0	0.0577896	0.507954	0.641088	0.45926	0.0887362	0	0	0	0	0	0.186657	0.466633	0	0.67288	0.67288	1.03953	1.53406	0.117754	0	0.523099	0.601974	0.42424	0.281787
ihec.chipseq.ihec-chipseq-containerv1.1.4.IHECRE00001959.2.a7b76745-dcef-4cb6-a9b6-a20155a8b15e.fc.signal	1.24811	1.0369	1.03293	0.306715	0.60533	0.105128	0.993536	1.09327	0.830489	1.47476	0.159439	0.335563	0.282247	0	0.702601	1.3621	0.0151636	0	0	0.0555641	0.625731	2.20801	2.10084	3.08337	2.02465	1.28752	0.588446	0.121655	1.32372	2.60594	0.550446	0	0.390071	0.363445	0.2843	0.568705
ihec.chipseq.ihec-chipseq-containerv1.1.4.IHECRE00004604.3.397dad66-8eeb-4031-bd0a-a0b7a2fe32fc.fc.signal	0	0.623509	0.668775	0.690408	1.25574	0.16837	0.724281	0.314451	0.793533	0.798733	0.577281	0.0905421	0.330117	0.314758	0.649774	0.713395	0.884755	0.889164	0.285979	0.155298	0.339866	1.1242	0.221069	0.120365	0.703037	0.509551	0.102739	0	0	0.809495	1.63053	1.09636	1.4805	1.35926	1.51913	0.463134
ihec.chipseq.ihec-chipseq-containerv1.1.4.IHECRE00004681.3.0f14d363-13f3-4ef6-ae7d-bc5a09aea3db.fc.signal	0.345832	0.29697	0.263643	0.159585	0.427382	0.519961	0.307724	0.242624	0.239756	0.241641	0.454066	0.468418	0.130594	0.124766	0.110877	0.310995	0.070898	0.164484	0.16954	0.602992	0.532885	0.512589	0.319429	1.09688	1.05036	0.772522	0.383806	0.812586	0.5035	0.845768	0.797856	1.04701	0.49724	0.562943	0.910043	0.274775
ihec.chipseq.ihec-chipseq-containerv1.1.4.IHECRE00001957.2.50048c67-3126-4929-baee-51f09f7d6142.fc.signal	1.363	0.856348	0.31283	0.0723361	0.409516	0.00965813	0.173426	0.533777	0.661819	0.18615	0.355094	0.368128	0.761011	0.615744	0.155175	0.557645	0.590773	0.468022	0.398293	0	0.219556	0.341716	0.346668	0.356127	1.10563	0.818711	1.65691	1.04495	1.13079	0.364973	0.572245	0.825391	0.074286	0.356571	1.48571	0.440075
ihec.chipseq.ihec-chipseq-containerv1.1.4.IHECRE00003716.2.82753642-3854-4352-953d-733f91022d45.fc.signal	1.26136	0.930434	1.30362	2.1724	1.32067	0.692269	0.445707	0.675571	0.701253	0.577519	1.25985	1.21555	0.851593	0.468782	0	0	0.57826	0.627526	0.276137	0.853396	0.529675	0.869367	3.49722	1.48666	0.312749	1.85434	1.57224	0.528217	1.36401	0.790708	1.41974	1.18628	0.661891	0.378302	0.316984	0.384254
ihec.chipseq.ihec-chipseq-containerv1.1.4.IHECRE00000228.3.4a4a3e76-3b28-4e5b-88f0-29c203f107d8.fc.signal	0.353782	0.0161618	0	0.232523	0.98554	0.817032	0.316713	0.339867	0.175547	0.0544001	0	0	0	0	0	0	0	0.113797	0.238214	0.240536	0.219623	0.0482532	0.109818	0.208382	0.22737	0.0750521	0.0553281	0.322647	0.169769	0	0	0	0	0	0	0.452107
ihec.chipseq.ihec-chipseq-containerv1.1.4.IHECRE00003837.4.e64e21a4-069f-4200-928f-507f2bd71d2a.fc.signal	0	0.625151	0.614958	2.06298	2.36963	2.63874	2.21329	0.329157	0.848431	0.241023	0	0.0545557	0.956533	0.382574	1.43427	0.934649	0	0	0	0	0	0	0.418411	1.67725	0.764946	0.59715	0	0.597183	0.432109	0.710398	0.0510288	0.986916	0.901599	0.343907	0.98974	0
ihec.chipseq.ihec-chipseq-containerv1.1.4.IHECRE00000992.7.455df784-1bb9-4cc0-95a0-4a32fe765d2d.fc.signal	1.87676	1.42135	1.038	0.381777	1.34388	0.996636	0.412279	1.61106	1.47896	0.32391	0.534274	1.16211	1.47191	0.811509	0.0995427	0.280157	0.287536	1.29704	1.51533	1.61626	0.987918	1.9794	2.14069	3.00888	1.90786	0.666133	1.60639	1.1285	1.41483	1.35293	0.0812236	0	0.104339	0.241317	0.40813	0.578488
ihec.chipseq.ihec-chipseq-containerv1.1.4.IHECRE00000234.3.947636d1-63cf-466c-85ac-2bb2502bcda7.fc.signal	0.362281	0	0	0	0	0	0.240536	0.235012	0.367252	0.274098	0	0.3832	1.88451	1.73551	0.378667	0.169416	0.233032	0.113638	0.176437	0.21242	0.185047	0.0320289	0.136787	0.544201	0.336693	0.022647	0.451976	0.474483	1.12148	1.4396	0.186711	0	0	0	0	0.58125
ihec.chipseq.ihec-chipseq-containerv1.1.4.IHECRE00004610.2.946d9db5-c2ec-4c13-9689-dc803ab18892.fc.signal	0	0.148417	2.47367	1.35064	2.72734	1.81321	1.45125	2.78532	4.46738	2.7111	2.75589	4.77004	4.11119	3.48039	4.59847	3.24409	1.42716	0.756994	1.41418	0.350294	0.566066	0.37847	0.330785	0.566497	0.579267	2.25104	0.322362	0.559653	1.02363	0.386763	0.932191	0.816317	0.546709	0.954859	1.06019	0.510204
ihec.chipseq.ihec-chipseq-containerv1.1.4.IHECRE00001888.4.d16ca01b-df2f-4c07-a1a8-144b866b6330.fc.signal	0	0	0	0.0399202	0.394489	0.927774	0.524694	1.25674	0.634221	0	0	0	0.408437	0.0908731	0	0	0	0.862284	0.801037	0.518485	0.115306	0	0	0	0.400369	0	0.653939	0	0	0	0.534313	0.517413	0.41415	0.326961	0	0.698085
ihec.chipseq.ihec-chipseq-containerv1.1.4.IHECRE00000239.3.5678b466-ce35-4b58-8997-0fc1c8726cbc.fc.signal	0.0289901	0.426986	0.68445	0.485432	1.16562	0.624413	0.783874	1.66516	1.09593	0.519369	0.0161044	0.847537	1.61845	0.779065	0.145064	0.0155876	0.311537	0.673456	0.750187	0.720669	0.314728	0.520377	0.605284	0.430747	0.960376	1.36056	1.77104	2.60631	3.34071	1.44835	0	0	0	0	0	0.422594
ihec.chipseq.ihec-chipseq-containerv1.1.4.IHECRE00001893.4.d30507d4-6b66-4bed-946f-9975da413e99.fc.signal	0.64823	0.198791	0.384681	0.39227	0	0.48681	0.868672	0.347006	0.602043	0.651926	0.213959	0	0	0.130204	0.64823	0.561799	0.42351	0.600693	0.285221	0.617979	0.267935	0	0	0.269403	0.613658	0	0	0.194469	0.887431	0.687132	0.32787	0.537563	0.526459	1.8866	1.2559	0.569343
ihec.chipseq.ihec-chipseq-containerv1.1.4.IHECRE00002005.1.7d48c8fd-5c5b-4bd0-8645-6d9ecb6d3b35.fc.signal	0.387164	0.2165	0	0	0	0	0.552085	0.058209	0	0.728259	1.33164	0	0.272036	1.84506	0.558397	0.640701	0.334183	0.682284	0.0491543	0	0	0.129649	1.09611	1.38356	0.076317	0	0	0.328183	0.573082	0.872424	0.317889	0.106068	0.00258707	0.616171	0	0.159817
ihec.chipseq.ihec-chipseq-containerv1.1.4.IHECRE00000243.3.d30ba9b4-7d2d-48aa-b02d-99eb8d60aa7d.fc.signal	0.25542	0.141551	0.302733	0.631921	0.342322	0.317852	0.441372	0.419474	0.269418	0.29202	0.0148576	0.0941056	0.651376	0.599359	0.0420993	0.0994819	0.270002	0.212385	0.205356	0.227676	0.417444	0.974884	0.665228	0.534839	0.756468	0.801617	0.709129	0.0757343	0.281583	0.392465	0.187973	0.059771	0	0	0	0.514019
ihec.chipseq.ihec-chipseq-containerv1.1.4.IHECRE00003715.2.59d957d1-1698-4164-ba42-8458fa8d6784.fc.signal	0.665199	0.692679	1.68457	1.51352	0.455999	0.361333	0.594889	0.469812	0.907025	1.03685	0.524372	0.601232	1.3768	0.632391	0	0.482406	0.786165	0.990987	1.42289	0.978788	1.55839	1.24041	0.704969	0.939963	1.27994	1.44965	0.508436	0.69967	0.392695	0.432808	0.0850083	0.0145468	0.689756	0.759569	0.28215	0.408357
ihec.chipseq.ihec-chipseq-containerv1.1.4.IHECRE00003687.3.f831cb1c-a733-4a3e-a582-f65e4c8bd4ab.fc.signal	1.64543	1.04786	1.49592	0.866159	1.32768	0.196122	0	0.46929	1.08137	0.563613	0.244391	0.252739	1.32414	0.554036	0.404316	0.944758	1.19666	1.69925	1.38254	0.463428	0.68634	0.950455	1.12821	0.496905	0.460071	0.412453	0.121039	0	0.271316	1.24015	0.60341	0	0	0.436067	0.757559	0.458763
ihec.chipseq.ihec-chipseq-containerv1.1.4.IHECRE00000238.3.0ab311fb-65be-4049-8c99-b5e3d0b121fe.fc.signal	0.232873	0.302409	0.16274	0	0.360919	0.720509	0.38998	0.305224	0.263243	0.220763	0	0.0281337	0.838673	1.39706	0.541075	0.061896	0.0419171	0.481293	0.627487	0.161821	0.168093	0.560476	0.421683	0.475148	0.677034	0.441346	0.691872	0.781354	0.889196	0.589546	0.0932783	0.256037	0.414485	0.492439	0.48293	0.564885
ihec.chipseq.ihec-chipseq-containerv1.1.4.IHECRE00004605.1.0170bf87-acb4-4151-9ad9-b1d9403f191c.fc.signal	1.07345	1.02992	0.320474	0.654153	1.8689	1.86834	1.29098	2.19186	3.26405	2.21299	2.551	4.57317	3.02615	1.89179	3.15046	3.54418	0.237632	0.138503	0.607663	1.16989	1.02465	0.676034	1.40756	1.28841	1.04576	0.161085	0.293973	0.920324	0.53069	2.7045	0.914751	1.23281	0.654271	1.13287	1.01858	0.501062
ihec.chipseq.ihec-chipseq-containerv1.1.4.IHECRE00000240.3.8143faf4-bd87-4c0f-98f7-a0083493be0c.fc.signal	0.27881	0.554232	0.313498	0.319182	0.58593	0.963026	0.353382	0.177432	0.831153	0.698052	0.0631648	0	0.191841	1.05933	0.998493	0.310414	0	0.0338946	0.238234	0.214754	0.23819	0.35207	0.390509	0.342629	0.0369587	0	0	0.0121442	0.229913	0.158847	0.306765	0.859026	0.572723	0.159809	0	0.443636
ihec.chipseq.ihec-chipseq-containerv1.1.4.IHECRE00001966.2.411f7ec7-d6f4-4c6e-811f-d293f4c79591.fc.signal	0	0	0.567842	0.336807	0.925562	0.108203	0	0	0	0.295671	0.510004	0	0	0	0.36408	0.547559	0.849323	0	0	0	0	0	0	0.205759	0.496588	0	0	0	0	0.45585	0.80962	0.258096	1.04338	0.110951	0	0.446281
ihec.chipseq.ihec-chipseq-containerv1.1.4.IHECRE00002065.1.61c76aeb-6fcd-4225-8505-91d356c76671.fc.signal	0.566102	1.04765	1.47115	0.685745	1.14383	2.23786	1.41756	0.948169	0.589444	1.06255	0.487914	0.0205973	2.89839	2.52242	1.02934	0.952789	0.578861	0.399618	0.415145	0.215673	0.889887	0.299165	0	0	0.139395	0.766963	0.0992236	1.89585	0.540584	0	0	0	0	0.46182	1.14941	0.0816327
ihec.chipseq.ihec-chipseq-containerv1.1.4.IHECRE00004607.2.733524dc-1168-46fe-ac14-03e518cd0f4e.fc.signal	0.38109	0.159391	0.661582	0.84575	2.2465	1.48743	0.322095	0.621685	0.853277	0.104889	0.368165	0.937801	2.27704	0.84331	0.333024	0.38935	0.409841	1.42627	0.883665	0.523457	0.545234	1.10947	0.94616	1.85471	0.987038	0.954223	2.25431	0.701629	0	0.589468	0.0364041	0.624391	0.869733	1.25629	1.85472	0.604651
ihec.chipseq.ihec-chipseq-containerv1.1.4.IHECRE00004900.1.aae17e68-77f6-4d45-a8c2-71b0865bfd19.fc.signal	1.78695	1.45627	1.41504	0.980217	0	0.570697	0.2867	0.216977	1.17157	1.11435	0.124446	0.214353	0.572165	0.2077	0	0	0.580537	0.463934	0.333511	0.404069	1.17452	0.122724	0.885701	0.481098	0.814995	0.543194	0.330188	0.352738	1.1963	0.789363	0.653933	0.161122	0.369774	0.116471	0	0.547893
ihec.chipseq.ihec-chipseq-containerv1.1.4.IHECRE00003398.1.10fbd709-68ea-4fa4-8613-57809a3d7bd1.fc.signal	0	0	0.0281088	1.13857	1.71563	0.730313	0.368431	0.608572	0.361742	0.374083	0.240425	0.511194	0.49651	0	0	0.0853321	0.575306	0.928214	0.9695	0.514737	0.388695	0.683018	0.588103	0.747391	0.835108	0.303437	0.608154	0.98138	0.642308	1.0423	0.508189	0	0.302158	0.801186	0.465765	0.49505
ihec.chipseq.ihec-chipseq-containerv1.1.4.IHECRE00001027.7.e4d29289-880a-4702-8b8e-f0c84a4fa7ab.fc.signal	0.114599	0.0697226	0	0	0.316068	0.291246	0.329697	0.469478	0.297579	0.300367	0.402777	0.304453	0.21072	0.020283	0	0	0	0	0	0.135329	0.255194	0.192906	0.123761	0.0800314	0.0733025	0.282716	0.251082	0.0948468	0.0601614	0.455003	0.0740823	0.293039	0.298498	0.741681	0.87054	0.336283
ihec.chipseq.ihec-chipseq-containerv1.1.4.IHECRE00000949.6.f5651615-e1a0-4ca6-b62c-507789eb8f29.fc.signal	0.861806	0.962104	0.181326	0.85056	1.08887	0	0.382708	1.03362	0.361203	0.0032786	0.487829	0.0777198	0.792807	0.890888	0.0851553	0.375023	0	0	0.646121	0.476924	0.374726	0.718961	0.632729	0.949096	0.670111	0.838495	0.475907	0.796364	0.630964	0.431124	0	0	0	0	0	0.53178
ihec.chipseq.ihec-chipseq-containerv1.1.4.IHECRE00001021.4.1c0ae950-3455-41eb-9b58-0960e680afcb.fc.signal	0.0917243	0.438143	0.620161	0.488698	0.583448	0.311452	0.289099	0.316551	0.00117667	0	0	0.0491233	0.721356	0.787977	0.403149	0.167556	0.29603	0.00491267	0.11484	0.214973	0.145035	0.731292	0.403692	0.301578	0.434464	0.0181705	0.304516	0.231329	1.08374	0.655074	0.0226081	0.0715205	0.385213	0.645193	0.72554	0.70625
ihec.chipseq.ihec-chipseq-containerv1.1.4.IHECRE00003692.4.1a3a09f8-b5c3-470d-84e4-3495b32d631e.fc.signal	0	0	0	0	0	0	0.0134763	0.238284	0.0851695	0.170219	0	0	0	0	0	0	0	0	0	0	0	0	0	0.186742	0.0740035	0	0	0	0	0.23907	0.282101	0	0.109456	0.476388	0.283074	0.466165
ihec.chipseq.ihec-chipseq-containerv1.1.4.IHECRE00000229.3.f271a62d-3491-479a-a751-15089b16148d.fc.signal	0.90174	1.96597	1.54888	0.574139	0.923864	1.04091	0.730285	1.54736	1.43402	0.459719	0.209646	0.789926	1.20719	0.411434	0	0.368809	0.811071	1.15129	1.24463	0.58971	0.775345	1.09528	1.30541	1.0912	0.532578	0.459982	0.704007	0.871764	1.62243	1.32185	0.385659	0.0166515	0.110537	0.432042	0.435531	0.489189
ihec.chipseq.ihec-chipseq-containerv1.1.4.IHECRE00000983.7.527aaaf8-43bd-4533-a84a-b141b5c2c8ad.fc.signal	2.10295	0.350166	2.58073	0.986238	1.88432	0.858033	1.76635	1.01089	1.14961	0	0	0	0	0	0	0	0.281833	0.71846	0.373535	0	1.54485	1.43243	0.526709	0.498151	1.27445	0.530462	0.214282	0.175401	0.656301	0	0	0	0	0	0	0.410405
ihec.chipseq.ihec-chipseq-containerv1.1.4.IHECRE00001891.4.a2d61bfb-036d-437b-8ae2-e19cfaed58e3.fc.signal	0.464529	0.252722	0.407448	0.224327	0.218572	0.806002	0.358356	0.690209	0.879926	0.469699	0.400866	0	0	0	0	0	0.353759	0.96796	0.356779	0	0.181264	0.220705	0.249875	0.100081	0	0	0.257475	0.495823	0.605464	0	0	0	0	0.445456	0.610995	0.574892
ihec.chipseq.ihec-chipseq-containerv1.1.4.IHECRE00000246.3.799a69c3-33fa-4f43-987e-b92c694fb182.fc.signal	0.184589	0.0133547	0	0.118033	0.394761	0.178715	0.284382	0.751064	0.636914	0.110486	0	0.232354	0.738115	0.313217	0	0	0.0330172	0.230987	0.415375	0.36598	0.305091	0.308709	0.202682	0.0288671	0.0557619	0.444011	0.590422	0.972883	2.95958	2.24146	0.194807	0	0	0	0	0.619497
ihec.chipseq.ihec-chipseq-containerv1.1.4.IHECRE00000221.3.b95e5419-47c1-4594-b280-863f31043d11.fc.signal	0.784699	0.445651	0.400019	0.79403	0.824297	0.436574	0.197548	0.343712	0.315539	0.091375	0	0	0.145662	0.25799	0.0533156	0	0.124881	0.269435	0.234761	0.162471	0.249021	0.428673	0.529022	0.505835	0.251488	0.245874	0.218859	0.48624	0.630614	0.133751	0	0	0.000959933	0.254596	0.29969	0.7
ihec.chipseq.ihec-chipseq-containerv1.1.4.IHECRE00000001.4.7ab9b0e8-c023-4a55-9a01-21d8f6cb210d.fc.signal	0.401703	0.012783	0	0	0	0	0	0.50852	0.596489	0.0468699	0	0	0	0	0	0.0774874	0.283283	0.22746	0.0906738	0	0	0.0547882	0.614664	0.498821	0	0	0	0	0	0	0	0	0	0	0	0.630435
ihec.chipseq.ihec-chipseq-containerv1.1.4.IHECRE00001852.4.a1ddaa09-18ba-4555-a461-058f1eac9ae3.fc.signal	0.520153	0.375399	0.46366	0.794091	0.63751	0.187974	0.0638617	0.114551	0.530674	0.598798	0.61616	0.89639	0.439719	0.164413	0.863628	0.545881	0.77435	0.914872	0.496177	0.438561	0.279903	0.682036	0.753244	0.458023	0.0957854	0.383856	0.56467	0.77594	0.873291	0.824466	1.14722	1.09678	0.55486	0.689122	1.377	0.565982
ihec.chipseq.ihec-chipseq-containerv1.1.4.IHECRE00004602.2.82ef0c36-7b61-4b64-b8e1-14bf6bf0194e.fc.signal	0	0.127081	0.307491	0.416427	0.150652	0.876352	0.888917	0.158737	0.342739	0.476559	0.835826	0.0330928	0	0	0.552399	0.752406	0.727009	0.776551	0.238103	0.780979	1.18624	0.200006	1.02059	0.638589	0.385573	1.00349	2.55704	4.74802	3.03886	4.24323	3.33289	2.93162	2.14082	3.05793	6.20059	0.430851
ihec.chipseq.ihec-chipseq-containerv1.1.4.IHECRE00004618.1.879a1f18-b540-46af-915e-104b0dc90a0d.fc.signal	1.24346	0.62894	1.88171	1.82154	2.48033	0.714784	0.0643386	0	0.0429889	0.233647	0.647913	1.02873	0.502981	0.241443	0.927437	0.650404	1.24994	1.04454	0.764998	1.43365	0.734816	0.171251	0.481904	1.60907	2.27216	0.738004	0.28471	1.1325	1.29229	0.592766	0.321899	0.815133	0.927071	0.937788	0.781814	0.519737
ihec.chipseq.ihec-chipseq-containerv1.1.4.IHECRE00000942.6.080e3fa9-bc5a-499b-b399-c77ec2b63de6.fc.signal	0.843676	0.357558	0.552632	0.203817	0	0.850656	0.734108	0.655988	0.361008	0.283631	0	0.240889	2.11057	1.47777	0	0	0.107906	0.447998	0.623878	1.42476	0.398647	0	0.39566	1.42777	1.06427	0.332926	0.425825	0.240958	0.450254	0.0566529	0	0.344796	0.319653	0.506296	0.700875	0.439791
ihec.chipseq.ihec-chipseq-containerv1.1.4.IHECRE00000222.3.7658b8a6-5812-4677-9cbe-f1a8ce6799e6.fc.signal	0.288828	0.242533	0.565815	0.834853	0.796498	0.412309	0.479194	0.461973	0.551405	0.360217	0.0156091	0.496212	0.87748	0.665778	0.278751	0.276931	0.874341	1.0393	0.652553	0.62057	0.888409	0.636922	0.412424	0.551569	0.692391	0.672474	0.633201	1.36829	1.9235	1.33101	0.512522	0	0	0	0	0.627907
ihec.chipseq.ihec-chipseq-containerv1.1.4.IHECRE00001335.1.39dbcb01-8351-45c1-af73-f0bb67096675.fc.signal	0.645218	1.09979	0.687151	0.335448	0	0.239043	0.213922	0.143094	1.29362	0.65361	0	0	0	0	0	0	0	0	0	0.55974	0.180287	0.00542527	0.827423	0.824473	1.1706	0.106829	0	0.0175633	0.437132	0.060217	0.304171	0.428286	0	0	0	0.369085
ihec.chipseq.ihec-chipseq-containerv1.1.4.IHECRE00000225.3.90fb793d-bf48-425a-b77e-fd333df46c5c.fc.signal	0.113614	0.318962	0.587223	0.463536	0.177655	0	0.00405193	0.138236	0.129815	0.000471667	0.0574667	0.393059	0.812529	0.587521	0.111857	0	0	0	0.0427031	0.239273	0.44398	0.262721	0.132978	0.396833	0.498235	0.373162	0.759023	0.869902	0.422757	0.3508	0.330276	0	0	0	0	0.429752
ihec.chipseq.ihec-chipseq-containerv1.1.4.IHECRE00001961.2.7068c481-8ff6-44d4-a083-44198d2e24ac.fc.signal	0	0	0	0	0.47602	0.406971	0.480892	0.637627	0.870518	0.157361	0	0	0	0	0	0.78469	0.145997	0	0	0.507349	0.863701	0.501309	0.0268665	0.797317	0.576253	0	0	0.249106	2.76462	1.07459	0.216246	0	0	1.85364	2.12249	0.517905
ihec.chipseq.ihec-chipseq-containerv1.1.4.IHECRE00003676.3.5297888b-bbdb-457e-a4df-2ac89d088d0f.fc.signal	0.645119	0.84612	0.693176	0.488311	0.169617	0.483339	0.994253	1.84474	2.38772	0.268791	0.0857873	1.32342	1.35335	1.84788	0.590564	0.546232	0.644484	0.908047	0.667444	0.222976	0.132519	0.573654	0.205475	0.397524	0.339976	0.152248	0.0724536	0.616659	0.231863	0.534186	0.33327	0.769308	0.324673	0.33218	0	0.592593
ihec.chipseq.ihec-chipseq-containerv1.1.4.IHECRE00000348.2.706de3b6-61ee-409c-b402-909c0204b7a0.fc.signal	1.9502	0.474372	1.97655	0.052708	0	0.487549	1.93742	0.0353604	0	0	0	0	0	0	0.673219	0.840743	0.965609	1.04158	0	0	0	2.30171	2.26649	0.675818	0.632009	0	0	0	0	0.039531	1.97655	0.487549	0	0	0	0.816794
ihec.chipseq.ihec-chipseq-containerv1.1.4.IHECRE00004888.1.e1ceff31-c51b-464e-83d1-4e387350aef8.fc.signal	1.09177	0.986881	0.494027	0.506177	2.48602	3.17915	0.742807	1.04621	1.28863	0.318077	1.77678	2.21554	3.29329	1.08843	0.756889	2.31459	0.517707	0.798481	0.00396167	0.596311	0.142137	0.36726	2.46159	1.38558	0.0688072	0.211619	1.55002	0.782358	0.377911	0.829214	0	0.854243	0.15638	0.255804	0.908846	0.506173
ihec.chipseq.ihec-chipseq-containerv1.1.4.IHECRE00000241.3.c79b1a85-93a6-4df3-8f79-1d831e0a6e62.fc.signal	0.208965	0.590817	0.769882	0.689054	0.420083	0.0661305	0.173242	0.31745	0.468952	0.269431	0	0	0.131955	0.31171	0.0862374	0	0	0	0.0670194	0.12048	0.158679	0.157068	0.0177582	0.0642531	0.287171	0.48038	1.12659	1.48297	1.60212	1.22018	0.466282	0	0	0	0	0.584677
ihec.chipseq.ihec-chipseq-containerv1.1.4.IHECRE00001030.7.2e5336b8-3cc1-48ac-ba65-a7a139158e40.fc.signal	0.436393	0.35138	0	0.522877	1.21573	0.559725	0.0464633	0.181838	0.912766	0	0	1.05708	0.97505	0.0279404	0	0	0.186409	0.511645	2.09963	0.972878	0	0.967307	1.84975	0.404983	0	0	0.989833	0.768006	0.400397	0	0	0	0	0.481464	0.75596	0.540541
ihec.chipseq.ihec-chipseq-containerv1.1.4.IHECRE00001964.2.b9abc95f-c59c-4d46-808e-1317ac1e4406.fc.signal	0.945831	0.410712	0.439684	0.0715764	0	0	0	0.724991	0.73394	0.414769	0.262913	0.436819	0.778493	0.376349	0.51331	0.512632	0.325814	0.488973	0.0880812	0	0.140208	0.524241	0.4074	0.176057	0	0.585445	1.15348	1.46793	1.19552	0.573374	0.942756	1.19723	1.42518	1.2022	0.703098	0.444012
ihec.chipseq.ihec-chipseq-containerv1.1.4.IHECRE00001956.2.c871d95c-ddfd-4bb4-92b3-f51bf93d4a52.fc.signal	0.422069	0.0822669	0.354332	0.152588	0	0.0749717	0.373576	0.0504973	0.162228	0.322769	0	0.293267	0.533518	0.405518	0	0	0.19336	0.715738	0.336892	0.454542	0.077596	0	0.332181	0.342669	0.20518	0.545559	0	0	0	0	0	0	0	0.141556	0.45871	0.495612
ihec.chipseq.ihec-chipseq-containerv1.1.4.IHECRE00004728.1.29330996-b9ba-495b-857e-df6423706eaa.fc.signal	0.326633	0.480714	0.701248	0.720569	0.827679	0.00979813	0	0	0	0.693125	0.618773	0.281402	0	0.474061	0.145278	0	0.446494	0.70993	0.493028	0.758941	0.470226	0.599115	0.612085	0.577903	0.888942	0.644649	0.412225	0	0	0	0.378278	0.98208	1.01305	3.55099	3.73879	0.629268
ihec.chipseq.ihec-chipseq-containerv1.1.4.IHECRE00000943.7.d5b1c447-c73c-4c43-b2b6-18c22a309ba8.fc.signal	1.67417	0.529086	0.212253	0	0	0	0	0.480758	0.128183	0	0.0826727	0.460486	0.219329	0.844643	0	0	0	0	0.263815	1.07925	0.344352	0.675898	0.969795	0.746262	1.11546	0.631893	0.762912	0.66986	2.52104	1.00233	0.134619	0.392486	0	0	0	0.515284
ihec.chipseq.ihec-chipseq-containerv1.1.4.IHECRE00003847.4.973e29f2-827c-4305-9bbb-06b19bf500a9.fc.signal	1.30892	2.08448	1.35728	2.13395	2.90281	2.22743	1.01015	1.00549	0.064532	0.133855	0.404501	0	0.427293	0.845881	0.5482	0.327587	0	0.369962	0.888518	1.46651	0	0	0.2659	0.596346	0.876358	0.903845	1.9704	0.362217	0.67044	0.557604	0.120734	0.396242	0.334192	0.95141	0.94245	0.325301
