	chr1:225502491-225502640	chr1:225502641-225502790	chr1:225502791-225502940	chr1:225502941-225503090	chr1:225503091-225503240	chr1:225503241-225503390	chr1:225503391-225503540	chr1:225503541-225503690	chr1:225503691-225503840	chr1:225503841-225503990	chr1:225503991-225504140	chr1:225504141-225504290	chr1:225504291-225504440	chr1:225504441-225504590	chr1:225504591-225504740	chr1:225504741-225504890	chr1:225504891-225505040	chr1:225505041-225505190	chr1:225505191-225505340	chr1:225505341-225505490	chr1:225505491-225505640	chr1:225505641-225505790	chr1:225505791-225505940	chr1:225505941-225506090	chr1:225506091-225506240	chr1:225506241-225506390	chr1:225506391-225506540	chr1:225506541-225506690	chr1:225506691-225506840	chr1:225506841-225506990	chr1:225506991-225507140	chr1:225507141-225507290	chr1:225507291-225507440	chr1:225507441-225507553	Expression
ihec.chipseq.ihec-chipseq-containerv1.1.4.IHECRE00003675.3.a6a9e168-f700-4b04-bb33-9eedccb77991.fc.signal	0.976662	1.45475	1.36067	0.457802	2.08292	0.667073	1.21788	1.95094	0	0	0.396761	0.836794	0.95121	0.385184	1.703	1.1928	0.557009	1.27163	1.90233	1.12789	0.351215	0.312107	1.56841	0.801088	0.68701	0.980112	1.27101	0.940508	0.98824	0.496595	0.626388	1.14662	0.233997	1.34368	0.373815
ihec.chipseq.ihec-chipseq-containerv1.1.4.IHECRE00001549.1.b1238445-4a00-452e-8684-dd41797bdbb3.fc.signal	0	0	0.21359	0.302955	0	0	0	0	0	0	0.383435	0.730605	0.125611	0	0	0	0	0	0	0	0	0	0	0	0.144473	0.444138	0	0.970801	2.39766	2.73001	3.14054	1.5347	0.0491166	0.20507	0.452381
ihec.chipseq.ihec-chipseq-containerv1.1.4.IHECRE00001973.1.12487572-adf6-40c8-9745-66a141c14768.fc.signal	0.392015	0.184073	0	0	0	0.560655	1.05002	0.62976	0.18783	0.412601	0.333341	0.476847	0.625696	0.480905	0.364294	0.223854	2.12209	0.561007	0.0872793	0.346775	0.0718847	0.711125	1.02353	0.993431	2.84491	2.33799	1.85334	1.68827	1.45542	0.322833	1.76264	0.550414	0.234962	0.601721	0.520505
ihec.chipseq.ihec-chipseq-containerv1.1.4.IHECRE00003814.1.10334cc2-577d-467e-a601-b7232b684380.fc.signal	0.319942	0.53582	0.63767	0.673852	0.458124	0.244727	0.0232191	0.296667	0.448647	0.114137	0.190673	0.458371	0.416916	0.552784	0.193632	0.884092	0.579232	0	0.239126	0.649848	0.398536	0.295587	0.516768	0.692301	0.905285	0.405299	0.153683	0.341868	0.464135	0.250892	0.253551	0.631804	0.833585	0.909046	0.448598
ihec.chipseq.ihec-chipseq-containerv1.1.4.IHECRE00001955.3.0d6e9ac4-1ee5-4f7e-8d0d-48a48250ff2d.fc.signal	0.378095	0.300188	0	0.265023	0.591629	0.371679	0.655532	0.13455	0.0584436	0.721591	0.245192	0.0941259	0.327646	0.0381522	0.527464	0.761494	0.410097	0.700002	0.553829	0.0851019	0.235302	0.236384	0.0651209	0.269864	0.396178	0.607871	0.0819841	0.190013	0.173894	0	0.0346485	0.347365	0.0729889	0	0.129808
ihec.chipseq.ihec-chipseq-containerv1.1.4.IHECRE00000709.3.2e9e766f-a8f0-4144-be3d-bffc3ef3aedd.fc.signal	0	0.214761	1.79164	2.00046	1.01877	0.707772	0.538302	0.104237	0.577304	2.15733	1.10694	0.155886	0	0	0	0	0.408764	0.418421	1.10046	0.189364	0.477989	0.120304	0.926236	0.57645	0.170675	0.0425964	1.01813	0.868287	0.74842	1.69039	2.99302	1.07889	0.967653	0.309622	0.491379
ihec.chipseq.ihec-chipseq-containerv1.1.4.IHECRE00000250.2.b7b102bf-d880-40c6-aa7d-dceb11c67807.fc.signal	0	0	0	0.534906	0.646489	0	0	1.4516	2.46533	0.0579293	0	0	0.560699	0.261181	0	0	0	0	0.205619	1.27379	1.59642	1.07606	0.0778701	1.14555	0.612073	0	0	0.35953	0.208942	0.567766	1.35424	0.390022	0.427317	0.544962	0.0713672
ihec.chipseq.ihec-chipseq-containerv1.1.4.IHECRE00003401.1.342281be-4e86-4e27-9e01-e85aacc54324.fc.signal	0.166143	1.26865	1.42409	0.688405	0.64538	0.202219	0	0	0.102662	0.480524	0.676338	0.599216	0.448087	0.0759935	0.157791	0.576361	0.757075	0.890601	0.676791	0.510284	0.145505	0.20958	0.717697	1.22831	1.81589	1.03223	1.20644	0.742945	0.302273	0.975121	0.601151	0.00762067	0	0	0.203883
ihec.chipseq.ihec-chipseq-containerv1.1.4.IHECRE00003677.3.2aab058a-2f5b-45b4-aeba-aa0a2d209eb3.fc.signal	0	0	0.474031	0.339857	0.0145035	0.314319	0.392576	0.0973809	0	0	0	0	0.134676	1.38136	0.875719	0	0	0	0	0.297015	0.258697	0	0	0.278783	0.742021	0.775917	0.431654	0.204126	0	0	0	0	0.424044	1.99902	0.189751
ihec.chipseq.ihec-chipseq-containerv1.1.4.IHECRE00003813.1.eaaac0a3-b084-49f5-8ed4-a37c494e32ee.fc.signal	0.406251	0.664618	0.374056	0.0390031	0	0.294652	0.174843	0	0	0.474544	0.650577	0.646239	0.072746	0.301153	0.110789	0	0.208172	0.215305	0.0687942	0.582732	0.218748	0	0	0.287624	0.583668	0.382791	0.315331	0.782502	0.709163	0.527647	0.15217	0.135369	0.179117	0.263621	0.177778
ihec.chipseq.ihec-chipseq-containerv1.1.4.IHECRE00000665.1.e9a22a10-4147-4184-8f97-9e6f19793d99.fc.signal	0.0332368	0.000664533	0.297115	0.209992	0.192902	0.333037	0.504488	0.501117	0.419743	0.442758	0.459052	0.202702	0.203131	0.0681151	0	0	0	0.0775186	0.306867	0.361306	0.675043	0.283631	0.399294	0.677273	0.219531	0.40361	0.295637	0	0	0	0.168556	0.703379	0.212637	0.469901	0.354467
ihec.chipseq.ihec-chipseq-containerv1.1.4.IHECRE00001233.5.705d0a23-5da9-44fc-b8a6-299bfe826407.fc.signal	0.187572	0	0	0	0.096906	0.545438	1.50386	1.06232	0	0	1.3816	1.59417	0.150048	0	0	0.184434	1.67854	0.481376	0	0	0	0	0	0	0.371078	0.305309	0.620024	0.250854	0	0	0	0	0	0	0.545455
ihec.chipseq.ihec-chipseq-containerv1.1.4.IHECRE00001016.4.09447dfd-b5f7-40f0-a631-e697e858aafa.fc.signal	0	0	0.0607132	0.455201	1.28316	0.160738	0	0	0	0	1.29841	0.922141	0.00616773	0.79563	0.308385	0.34539	0.909748	0.508837	1.08248	0.480622	0.872765	1.48961	2.23902	0.394748	0.997255	1.20303	0.667793	1.97004	1.8966	1.32987	1.65924	0.490358	0	0	0.950495
ihec.chipseq.ihec-chipseq-containerv1.1.4.IHECRE00004647.3.727264aa-cb25-4bb6-be50-7f5732e7e88a.fc.signal	0.42259	0.570021	0.741887	0.715233	0.210695	0.404381	0.480693	0.247818	0.405305	0.388331	0.19725	0.45187	0.448799	0.24873	0.0711665	0.259272	0.683266	0.266838	0.243412	0.471672	0.578368	0.622434	0.703809	0.667753	0.648769	0.809048	0.597118	0.394741	0.688903	0.590383	0.727214	1.39355	1.12623	1.03019	0.513748
ihec.chipseq.ihec-chipseq-containerv1.1.4.IHECRE00000184.3.050c9613-31d2-4cab-9d90-4397cf218171.fc.signal	0.717581	0.0764977	0	0.104327	0.635525	0.307325	1.14985	0.967381	0.642744	1.221	0.456569	0.257214	0.375017	0.395698	1.39102	0.902565	0.651598	0.288315	0.249595	0.267183	0.247907	0.777186	1.15482	0.84647	1.02302	0.0234544	0	0.222224	0.293748	0.474612	0.438801	0.550797	0.655003	0.789294	0.315217
ihec.chipseq.ihec-chipseq-containerv1.1.4.IHECRE00001232.5.2bbf1d92-dd54-451c-865f-3578546b9653.fc.signal	0.983846	0.102021	0	0.0867275	0.469491	0.44867	0.185536	0	0.445982	0.69017	0.460586	0.289278	0.300452	0	0	0	0.357001	0.333384	0.267629	0.413225	0.0914145	0.176322	0.146216	0.103901	0.906717	0.578278	0.388756	0.282413	0.0436063	0	0	0	0.0337903	0.361027	0.409194
ihec.chipseq.ihec-chipseq-containerv1.1.4.IHECRE00002086.1.e56e7efe-813c-4380-b8af-078cacdb962a.fc.signal	1.95172	1.30736	1.2056	0.653383	0.438848	1.22602	0.575265	0.235039	0.518024	0.874017	1.50148	1.88236	1.60284	1.45961	1.22713	1.02609	0.886175	0.101582	0	0.0617458	0.294638	0.568256	0.523294	0.251519	0.358538	0.824937	0.379194	0.648807	0.807867	0.234967	0.850102	0.523315	0.378102	1.76763	0.498676
ihec.chipseq.ihec-chipseq-containerv1.1.4.IHECRE00002067.1.afbe02e8-50de-460a-8edc-cfae9d057ff1.fc.signal	0.712209	0.155659	0	0.0816013	0.485238	0.797735	0.589973	0.154941	0.437892	0.18614	0.757025	0.640042	0.499438	0.119474	0.0919171	0.179519	0.756552	0.171097	0	0	0.214174	0.756294	0.93807	0.0226363	1.00627	1.20293	0	0.381918	0.87009	0.672237	0.259149	0	0.413788	2.40022	0.554812
ihec.chipseq.ihec-chipseq-containerv1.1.4.IHECRE00000236.3.50e4b52f-c2ee-4e5a-94ba-4c206af20e08.fc.signal	0.4624	0.0888932	0	0	0.523739	1.01478	0.950807	0.639787	0.182881	0	0.372478	0.808592	0.729734	0.419411	0.0234145	0	0	0	0	0	0	0	0	0.675746	2.06316	2.34912	1.79215	0.804056	0	0	0	0	0	0	0.363985
ihec.chipseq.ihec-chipseq-containerv1.1.4.IHECRE00003693.3.38d96ded-07f5-41c6-bca5-4d0a649a7511.fc.signal	0	0	0	0	0	0	0	0	0.163316	0.144102	0.145474	0	0	0	0	0	0	0	0.244046	0.411977	0.00676433	0	0	0.0402521	0.352929	0.106955	0	0	0	0.0355732	0.341606	0.0409891	0	0	0.1875
ihec.chipseq.ihec-chipseq-containerv1.1.4.IHECRE00001952.2.a99a5a16-aeda-4bbd-b32c-e69190f2f046.fc.signal	0.531736	0.207864	0.535355	0.0362355	0	0	0	0	0	0.243198	0.841752	0.462318	0	0.0105134	0.691876	0.840089	0.108194	0	0	0	0	0.0156263	0.569985	0.366487	0.426433	0	0	0	0	0	0	0.0116816	0.359432	0.296514	0.109618
ihec.chipseq.ihec-chipseq-containerv1.1.4.IHECRE00001965.2.53f657c9-ccc3-46a9-8812-1aa30d387b18.fc.signal	0.400189	0.616418	0.0832069	0	0.384151	0.417238	0.982153	0.43518	0.363837	0.62791	0.871414	0.356289	0.71793	0.480905	0.245049	0	0.33133	0.148406	0.930145	0.474812	0.435819	0.582841	0.188796	0.355192	0	0	0	0	0	0.453459	0.706681	0.74649	1.24518	0.406178	0.118694
ihec.chipseq.ihec-chipseq-containerv1.1.4.IHECRE00004615.1.e5b6a748-5a0b-4664-9385-4b3edaab31e2.fc.signal	1.16074	0.125408	0.802186	0.585964	0.432446	1.13301	1.26923	0.841106	0.539345	0.819661	0.696385	0.366798	0.287912	0.382396	0.298026	1.04872	1.34158	1.15491	1.25576	0.612246	0.0133888	0.562606	1.04321	0.0462987	0.520597	0.680819	1.44544	1.63681	1.15895	0.6984	0.867054	1.19571	1.01071	0.597494	0.269883
ihec.chipseq.ihec-chipseq-containerv1.1.4.IHECRE00001039.6.4b84d196-177c-48b4-a7a5-bffad11f4762.fc.signal	0.519853	0.730231	0.513669	0.877131	0.332729	0.0905195	0.201887	0.252857	0.278156	0.487752	0.531301	0.256424	0.0904347	0.0233867	0.135345	0.402275	0.769254	0.738112	0.394966	0.254283	0.411436	0.221059	0.185105	0.288387	0.533252	0.742125	0.875002	0.3623	0.689168	1.31673	1.33328	1.01091	0.350197	0.307352	0.248953
ihec.chipseq.ihec-chipseq-containerv1.1.4.IHECRE00000974.7.af2fffce-696b-421a-8732-73b351c68c67.fc.signal	0.418876	0.0794988	1.78432	0.565329	0	1.65175	1.48649	0	0	0	0.485826	1.08207	0.86124	0	0	0.278246	0.20758	0.384244	0.101582	0	0.26716	0.20758	0	0	0.728806	1.04799	1.13096	0.199134	0	0	0.441249	0.453237	0	0.00400956	0.192284
ihec.chipseq.ihec-chipseq-containerv1.1.4.IHECRE00003819.1.efaf5424-48a2-426f-8f4e-0fdd590e949e.fc.signal	0.0977266	0.134413	0.0332338	0.0804489	0.121513	0.257378	0.314892	0.120237	0.118134	0.0586926	0.136075	0.124465	0.0941586	0.168602	0.00819587	0	0	0	0.121964	0.229016	0.0855763	0	0	0.0259293	0.212182	0.209506	0.227784	0.278163	0.275476	0.126244	0	0	0	0	0.306931
ihec.chipseq.ihec-chipseq-containerv1.1.4.IHECRE00001012.4.4385ecaa-47ed-48e3-8af5-20303d73a7da.fc.signal	0.0320283	0.645724	0.704045	0.59792	0.406379	0.778017	0.678138	0.187135	1.33312	0.685947	0.763582	1.10526	0.100948	0	0	0.442114	0.56686	0	0	0	0.326138	0.507326	0.176011	0.784287	1.14073	0.369253	0.711606	1.63597	0.553917	0.719575	1.14669	0.792067	0.186365	0.807442	0.380403
ihec.chipseq.ihec-chipseq-containerv1.1.4.IHECRE00001990.1.7114bd47-4fa8-4cc2-a314-a8f63b9a798b.fc.signal	0	0.284186	0.427812	0	0.535185	0.170913	0	0	0	0	0	0	0	0	0	0.379968	0.295314	0	0.241581	0.399691	0	0	0.633433	0.860981	0.549741	1.45847	0.764451	0.992076	0.364848	0	0.197333	0.287814	0	0	0.498776
ihec.chipseq.ihec-chipseq-containerv1.1.4.IHECRE00003400.1.1fc96c71-e7b0-4c32-a9b8-85db9118188b.fc.signal	0.705209	1.78288	1.2458	0.998426	0.181051	0.0761549	0.843102	0.872206	0.526931	0.00347647	0	0.456188	1.55233	0.320402	0.558532	0.811846	0.414607	0.496695	0.359961	0.950358	0.698816	0.381176	0	0	0.0969011	0.850049	0.536049	0	0.688691	0.821363	0.467599	0.362652	1.1664	0.850958	0.375
ihec.chipseq.ihec-chipseq-containerv1.1.4.IHECRE00000938.7.1659b47b-476e-4682-be7c-d4be233323ec.fc.signal	0	0	0	0.439711	1.26656	1.85644	1.85353	0.498907	0	0	0.0908099	0.970235	0.509427	0	0	0.262872	1.42907	0.124266	0.702582	1.85922	1.97871	0.0908099	0.71692	0.27243	0.71692	0.0191179	0.543084	0.514778	0.908101	0.396696	0.0812509	0.71692	0.286768	1.02146	0.475862
ihec.chipseq.ihec-chipseq-containerv1.1.4.IHECRE00003680.3.d0662727-3cb8-42a6-9eb8-875cfded9c1e.fc.signal	0.0386589	0.206689	0.45218	0.488138	0.544559	0.184017	0.43547	0.470754	0	0	0	0.380614	0.339978	0.480144	0.531644	0.824969	1.58673	0.77515	0.955592	0.368567	0.0035918	0.194383	0.327321	0.0935531	0.308186	0.239311	0.259596	0.23956	0.228293	0.330374	0.0551321	0.443806	0.12263	0.261519	0.340198
ihec.chipseq.ihec-chipseq-containerv1.1.4.IHECRE00002058.1.74e68fe6-66c5-49bf-a809-80390106feb5.fc.signal	0.154116	0.256616	0.052275	0	0.419827	0.979901	0.171578	0.241613	0.353094	0.0522075	1.11144	0.782046	0	1.85406	1.17019	1.38243	0.861322	0	0.407139	1.13074	0.314513	0.010592	0.530599	0.970774	0.908892	0.339522	0.902087	1.28995	1.86228	0.902153	1.29892	1.46823	0.35484	0.0893765	0.484733
ihec.chipseq.ihec-chipseq-containerv1.1.4.IHECRE00000224.3.793fc11e-e9ef-4476-a0d2-85f945a7ed27.fc.signal	0.263642	0	0	0	0.0905921	1.0433	0.904983	0.310886	0.0648036	0.485682	2.4701	1.65019	0.119171	0	0	0	0	0	0	0	0	0	0	0.144631	0.427424	0.416026	0.552872	0.542948	0	0	0	0	0	0	0.292423
ihec.chipseq.ihec-chipseq-containerv1.1.4.IHECRE00001002.4.47bafce5-cf92-4589-82d6-1f8a597d67d2.fc.signal	0.0358401	0	0	0	0.0492976	0.606906	1.21707	0.0492064	0	0.0619567	0.914361	0.760268	0.172502	0	0	0	0	0	0	0	0	0	0	0.0753571	0.484706	0.265222	0	0	0	0	0	0	0	0	0.354502
ihec.chipseq.ihec-chipseq-containerv1.1.4.IHECRE00001050.8.e3d2eec5-07d0-478e-b8e6-55da7b174fe0.fc.signal	0.555833	1.09132	0.591125	0	0.354233	0.3267	0.649482	0.122819	0	0	0	0.693527	0.72605	0.13297	0.263175	0.266825	0.746351	0.229502	0.757445	0.68809	1.07719	0.458187	0.337106	1.12716	0.402238	0.677951	0.558934	0.215294	0.477483	0.432137	0	0	0	0.461448	0.286866
ihec.chipseq.ihec-chipseq-containerv1.1.4.IHECRE00000242.3.29b88f8a-5864-41d5-9d2e-8cf436621ef7.fc.signal	0	0	0	0	0.308633	0.9545	0.454992	0	0	0	0	0	0	0	0	0	0	0	0	0	0	0	0	0	0.367487	0.894055	0.456581	0	0	0	0	0	0	0	0.254943
ihec.chipseq.ihec-chipseq-containerv1.1.4.IHECRE00001003.4.6289626c-b595-49fa-9fe0-13e3753945d1.fc.signal	0.377418	0.0287983	0.377403	0.264956	0	0	0	0.381992	0.268207	0.208062	0.959036	0.894017	1.29064	0.549414	0	0	0	0.00325093	0.412591	0.220649	1.01431	0.749351	0.169049	0.0731467	1.51207	1.37542	0.541395	0.428792	0.581927	0.952537	1.35728	0.331599	0	0.157512	0.535714
ihec.chipseq.ihec-chipseq-containerv1.1.4.IHECRE00004617.2.072627d2-ab52-4b94-ab51-9e9d905bc824.fc.signal	0.326206	1.46996	2.39754	0.976711	0.265248	0.0255424	0.740317	0.81694	0.624946	0.495215	0.491264	1.07504	1.06759	2.25216	0.863543	1.01729	1.76458	1.42424	0.824749	0.325016	0.0881409	0.188625	0.882344	0.501081	0.619042	1.31864	0.420533	0.334058	1.53672	1.49974	0.89589	1.631	0.485126	0.874919	0.243684
ihec.chipseq.ihec-chipseq-containerv1.1.4.IHECRE00000223.3.c621361d-dad0-4fef-8483-b87bec22a86a.fc.signal	0.350103	0.0699455	0	0	0.0278157	0.601274	0.854986	0.645534	0.290967	0	0	0	0	0	0	0	0	0	0	0.0818575	0.236919	0.102528	0	0.124887	0.439083	0.380715	0.315195	0.185545	0	0	0	0	0	0	0.184706
ihec.chipseq.ihec-chipseq-containerv1.1.4.IHECRE00000227.3.3324a0e7-9091-4952-b04e-d0a7fa0902ef.fc.signal	0.378408	0	0	0	0	0	0	0	0	0	0.688836	0.83327	0.0333302	0	0	0	0	0	0	0	0	0	0	0	0.109869	0.686243	0.47173	0	0	0	0	0	0	0	0.130252
ihec.chipseq.ihec-chipseq-containerv1.1.4.IHECRE00000964.7.7b47d1c2-54cf-477b-9e3d-3dc271ede832.fc.signal	0.468228	0	0	0	0	0	1.81002	0.482823	0	0.159827	3.03658	2.03109	0.599352	0	0	0	0.683708	0.764755	0.0532757	0	0	0	0	0	0.628943	1.4324	0.324305	0	0	0	0	0	0	0	0.734973
ihec.chipseq.ihec-chipseq-containerv1.1.4.IHECRE00004608.1.5ec97f16-e54d-4318-8ca6-fd123c69fcf5.fc.signal	1.1126	0.833472	0.774076	0.996626	0.108301	0.103113	0.839082	0.207577	0.539254	0.155764	1.21273	0.603499	0.286166	0.480589	0.672343	1.16412	1.41015	1.40856	0.333598	0.647296	0.613536	0.236906	1.39423	0.658838	2.60797	2.85377	1.35122	1.37488	0.392114	0.313613	0	0.116387	0.581981	1.2728	0.316335
ihec.chipseq.ihec-chipseq-containerv1.1.4.IHECRE00003678.3.b0b3e62c-a424-40a0-81dc-b67047b2608e.fc.signal	0.34927	0.698946	2.91004	1.33908	0.822356	1.74509	2.12838	0.929706	0.57715	0.242537	0	0	0.181916	0.732879	0.98551	0.358389	0.878143	0.951839	0.378691	0.697473	0.12625	0.303559	0.81782	0.230481	0.884567	0.651912	0.374242	0.69384	1.47375	1.02943	1.68248	1.19246	1.26088	1.93675	0.422576
ihec.chipseq.ihec-chipseq-containerv1.1.4.IHECRE00003679.3.9a67dbab-2305-42d6-a0ec-7cb7b956e3e2.fc.signal	1.17717	0.566705	1.68981	1.81649	0.637283	1.0483	1.88826	0.996446	0.514808	0.5066	0.89456	1.20769	1.53031	1.55073	1.42407	1.49773	1.61325	0.830386	0.841886	0.992444	0.833665	2.04067	1.1625	0.622753	1.25285	0.840223	1.73433	2.0033	3.36718	2.54308	2.16275	2.03516	2.14859	5.3433	0.434024
ihec.chipseq.ihec-chipseq-containerv1.1.4.IHECRE00000957.7.280608e3-f2db-495d-8512-5761688a7d39.fc.signal	0.23576	0	0	0	0	0.234591	0.49739	0.531375	0	0	0.262444	1.20612	0.558622	0	0	0.782553	0.866372	0.224952	0	0	0	0	0	0.13625	1.95274	0.635824	0.322458	0.358792	0	0	0	0	0	0.198949	0.314196
ihec.chipseq.ihec-chipseq-containerv1.1.4.IHECRE00002063.1.7418f6bc-6e40-4cd9-9c59-6013c4a60b00.fc.signal	0.0176728	0.224378	0.264703	0.540906	1.17496	0.648665	1.51624	0.673412	1.26482	0.566967	0.171657	0.296744	0.875336	0.621522	1.04912	0.492159	0.538252	1.57852	0.849347	0.970618	0.824443	0.355714	0.139098	0.100981	0.642874	1.4395	1.08645	1.39557	1.07169	1.00777	2.04152	1.27558	1.45466	1.64081	0.446112
ihec.chipseq.ihec-chipseq-containerv1.1.4.IHECRE00001005.4.cf41af99-54a7-4e74-bcdf-17ae51ba9812.fc.signal	0.260078	0.170472	0.468102	0.380247	0.0109819	0.114003	0.194459	0	0	0.172439	0.262993	0.173721	0.450257	0.443393	0.665779	0.447511	0.459866	0.374756	0.381621	1.10094	0.513404	0.237483	0.358285	0.875814	0.799349	0.977893	1.49579	1.29992	0.144137	0.447513	0.584787	0.212774	0.440647	0.61773	0.435644
ihec.chipseq.ihec-chipseq-containerv1.1.4.IHECRE00000864.3.f60db18a-9bf4-4a85-95cc-68f3cffdac0c.fc.signal	0	0	0	0	0	0	0	0	0	0.989958	5.37656	0	0	0	0.673692	3.75596	0	0	0	0	0	0	0	0	0	0	1.41249	2.37065	0	0	1.30736	2.53195	0	0	0.417376
ihec.chipseq.ihec-chipseq-containerv1.1.4.IHECRE00004609.2.02700347-df20-47c4-9f0c-4c735f739be2.fc.signal	0.48488	0.375313	0.130516	0.10935	0.441347	1.16734	0.989595	0.362058	0.978622	0.283046	0.285028	1.52482	1.41967	0	0	0.508674	0.889733	0.72159	0.74676	0.472528	0.337533	0	0	0.715851	1.02924	0.861058	1.49863	1.03957	0.536749	0.291694	1.01491	0.831172	0.558306	0.726408	0.241877
ihec.chipseq.ihec-chipseq-containerv1.1.4.IHECRE00002076.1.c5ef21e4-195e-4160-bc6c-4a5cf2e91a44.fc.signal	0.236346	1.23523	0.696763	0	0	0	0	0	0	0.642246	0.466146	0.393634	0	0.647425	0.338726	0.674639	1.89566	1.1007	0.181279	1.87494	0.238252	0.356151	0.699219	0.460967	1.39651	2.32037	0.616349	0.7669	1.11529	0.27919	0.619537	0.660025	0.176691	0.386887	0.532333
ihec.chipseq.ihec-chipseq-containerv1.1.4.IHECRE00000784.3.34f373d0-ec85-43e8-be9c-456d096f409b.fc.signal	0.0119766	0.273929	0.185882	0	0.0710435	0.792874	0.237471	0.249577	0.351095	0.303831	0.877646	0.475556	0.576148	0	0	0	0	0.00479253	1.20717	0.0233796	0	0	0	0	0.502454	0.0159912	0.0329949	0.316079	0.0044286	0.383079	0.0764659	0.163777	0.725268	0.288883	0.422764
ihec.chipseq.ihec-chipseq-containerv1.1.4.IHECRE00001854.4.221dc4c8-df92-4d92-a47c-49ab8394aec7.fc.signal	0.418112	0.669686	0.728911	0.892003	0.513063	0.349472	0.582335	0.420208	0.4411	0.530234	0.912643	0.595306	1.29775	1.24177	0.857489	0.392801	0.595684	0.589713	0.579131	0.40566	0.350898	0.523581	0.358069	0.77806	0.557798	0.503929	0.890929	0.588774	0.363027	0.461161	0.574257	0.323387	0.223255	0.668059	0.692421
ihec.chipseq.ihec-chipseq-containerv1.1.4.IHECRE00003404.1.23508f0c-a4f9-4134-8818-79f90321c313.fc.signal	0.437167	0.295675	0.196461	0.0514428	0.664236	0.0732896	0.636935	1.26964	0.7802	0.920614	0.855477	0	0	0.0320021	0.959381	2.38429	0.753485	1.78409	1.97464	0.448729	0.511187	0.0496253	0.596839	1.72737	0.36347	0	1.05557	1.99209	0.642831	1.95357	1.66701	0.546148	0.545354	0	0.218085
ihec.chipseq.ihec-chipseq-containerv1.1.4.IHECRE00001997.1.f0f49cb4-faa4-493d-95f6-28ba67fd8f5a.fc.signal	1.03995	1.48897	0.141095	0.415462	0.689079	1.35788	2.24541	0.838518	0.10337	0	0	0.486108	1.13579	0.638607	0.465917	0.390647	0.751929	0.327765	1.13633	0.160192	1.70128	0.926382	0.304654	0	0.0625955	1.30294	1.1071	0.179945	0.556709	1.90222	0.793961	0.227415	1.55072	2.20668	0.494253
ihec.chipseq.ihec-chipseq-containerv1.1.4.IHECRE00000969.7.3d784b78-f4bc-495c-ac9b-3091418dd4cd.fc.signal	0.297886	0.504425	0.101459	0	0	0	0	0	0	0	0	0	0	0	0	0.165533	0.347531	0	0.101715	0.514735	1.19141	0.604272	0	0.0452313	0.72363	0.482368	0.0615094	0.924953	1.00846	0.175754	0	0	0	0	0.88
ihec.chipseq.ihec-chipseq-containerv1.1.4.IHECRE00000972.6.31fbe29d-1182-47f5-a555-ef5b23fa0332.fc.signal	0	0	0	0	0	0.107881	3.08571	0.965055	0	0	0.528082	0.65555	0	0	0	0	0	0	0	0	0	0.109258	1.07437	0	1.01148	2.58564	1.7206	1.90164	0	0	0	0	0	0	0.588679
ihec.chipseq.ihec-chipseq-containerv1.1.4.IHECRE00001013.4.693f5b6b-5914-4fc3-8d42-3cb06b12471b.fc.signal	0.229686	0.0196872	0.614683	0.715311	0.88997	0.705553	0.548615	0.373975	0.153123	0.365308	0.312808	0.498747	1.71936	0.426559	0.829033	0.682471	0.220834	0.588162	0.393749	0.310604	0.104974	0	0	0.649686	1.66437	1.51524	1.27803	0.189012	0.881004	0.726245	0.433122	0.304058	0.306127	1.23319	0.814815
ihec.chipseq.ihec-chipseq-containerv1.1.4.IHECRE00000126.3.d7185ece-dead-471a-94c7-970dbc1c9c5a.fc.signal	0.39447	0.357108	0.567327	0.293696	0	0.0229412	0.567755	0.537212	0.950714	1.24272	0.0732982	0.364478	0.0661051	0	0	0	0.198527	0.0598859	0.0140286	0.320271	0.0584599	0.358348	0.600409	0.329935	0.0972133	1.64868	1.44127	0.56768	0.0712913	0.30626	1.05562	0.3974	0.296576	0.211557	0.255575
ihec.chipseq.ihec-chipseq-containerv1.1.4.IHECRE00000987.6.f1a05120-9b28-47d7-97dd-561e9dce1de5.fc.signal	0.0914961	0.551877	0.2568	0.879239	0.698581	0.522903	0	0	0	0	0.166202	0.753227	1.02011	0.177733	0	0	0.05272	0.424196	0.0496625	1.28913	0.697906	0.388713	0.335211	0.402272	0.528731	0.500136	0	0	0	0	0.60924	0.837154	0.113439	0.915947	0.417761
ihec.chipseq.ihec-chipseq-containerv1.1.4.IHECRE00001025.7.383d7143-d994-47de-83fc-160182b0cccd.fc.signal	0.523964	0	0	0.920557	0.290809	0	0.0187619	1.29457	0	0	0.399062	0.655555	0	0	0	0	0	1.17981	0.0174524	0	1.13327	0.134806	0.0338275	0.881033	0	2.80181	2.89119	0.713972	1.00376	0.298786	0	0	0	0	0.349558
ihec.chipseq.ihec-chipseq-containerv1.1.4.IHECRE00003684.3.ccd0be12-ccb0-4c4e-b1e2-a054444b344c.fc.signal	0.0726576	0.481071	0.716583	0.694882	1.03234	0.625665	0.439388	0	0.125133	0.708115	1.09902	0.422199	0.425951	0.226099	0.324358	0.121744	0	0.27656	0.341329	0.901104	0.652784	0.45821	0.843755	0.264442	0.64602	0.376859	0.870401	1.23239	0.736617	0.526873	0.597095	0.177646	0.0968995	1.51398	0.228693
ihec.chipseq.ihec-chipseq-containerv1.1.4.IHECRE00001901.1.f49f8858-2472-44f2-b550-626e1e1b869d.fc.signal	0.248181	0.0860919	0	0	0.00667027	0.392415	0.71745	0.321625	0.125891	0.120717	0.10704	0.628312	0.597733	0.330504	0.396656	0.133041	0.179168	0.147277	0.145248	0.0555888	0.170427	0.415214	0.386177	0.115341	0.268366	0.239529	0.0931448	0.196359	0.137622	0.118113	0.181496	0.357736	0.537613	0.327924	0.15894
ihec.chipseq.ihec-chipseq-containerv1.1.4.IHECRE00001889.4.5f1e2b9f-7ef0-4e6e-89e2-0b9c11816f3d.fc.signal	0.5693	1.45426	1.48798	0.381001	0.474972	0.34579	0.712355	0.792078	0.613671	0.501779	0.180634	0.185088	0.657093	0.614631	0.304503	0.421184	0.603817	0.499673	0.46347	0.626354	0.335111	0.495219	0.513165	0.32969	0.352477	0.18624	0.186056	0.454628	0.336219	0.715622	0.932507	0.426388	0.181275	0.499531	0.372446
ihec.chipseq.ihec-chipseq-containerv1.1.4.IHECRE00003817.1.938c2b4b-daef-44d7-a2de-46b7f4271c13.fc.signal	0	0.0746625	0.114922	0.0300587	0.0886469	0.303752	0.189988	0.0633615	0	0	0	0	0	0	0	0	0	0.140893	0.160239	0.0535604	0.171982	0.0676723	0	0	0	0.120124	0.218315	0.0109346	0.0423145	0.413454	0.389505	0.0739792	0.116742	0.178213	0.572327
ihec.chipseq.ihec-chipseq-containerv1.1.4.IHECRE00004635.3.9815b17b-4b2f-4371-98fe-9b674b10f52b.fc.signal	0.225461	0.696064	0.466961	0.588302	0.663933	0.241804	0.285773	0.254533	0.152689	0.114453	0.351846	0.443655	0.540478	0.448517	0.839302	0.732531	0.589338	0.809847	0.370398	0.62344	0.459942	0.530942	0.728396	0.834842	0.905374	1.22454	0.620818	0.701641	1.27733	0.893068	1.26055	1.05031	0.630772	0.882517	0.34922
ihec.chipseq.ihec-chipseq-containerv1.1.4.IHECRE00003683.3.a1786588-e489-4c70-a7da-27b695059d11.fc.signal	0.165234	0.322278	0.626837	0.185352	0	0.231926	0.469228	0.434158	0	0	0.0567755	0.467554	0.130249	0.896708	0.524867	0.298182	0.382318	0.446835	0	0	0	0	0	0	0.25072	0.203311	0.234566	0.0206768	0	0.0694439	0.707983	0.10459	0.00166987	0.25048	0.211832
ihec.chipseq.ihec-chipseq-containerv1.1.4.IHECRE00003803.1.5811fe86-2f6b-4937-8c8f-b865bb36877a.fc.signal	3.05484	0	0	0.416372	0.745969	0.0055982	1.27181	0.185636	0.2886	1.17932	1.07933	1.1456	0	0.972515	1.1146	0.863162	1.48206	0	0	0	0	0	1.0345	0.459938	1.11315	0	0	0	0	0	0	0.898702	0.609342	3.41595	0.501961
ihec.chipseq.ihec-chipseq-containerv1.1.4.IHECRE00004884.1.55c580e9-33d1-47be-8555-14db2907a656.fc.signal	0.454	1.35139	2.3241	0	0	0	0.504977	0.487032	0.831585	1.32913	1.98253	0.295113	0	0	0	0	0.212203	0.838691	0.928108	1.19542	1.07222	0.371243	0.608839	0.696619	3.13997	3.5609	2.18681	0.832437	0	0.608839	1.03206	0.80931	0	0	0.230872
ihec.chipseq.ihec-chipseq-containerv1.1.4.IHECRE00004606.2.ed49a991-84af-4e39-816c-484a056fbaeb.fc.signal	0.287432	0.590654	1.34561	1.64456	1.64879	1.35533	1.31607	0.274508	1.41661	1.06124	0.969765	1.06994	1.79893	1.15183	1.22329	1.33357	1.04083	0.653417	1.6841	1.62914	0.578409	0	0	1.33929	2.81545	0.462051	0.458277	0.556232	0	0	0.465684	0.730052	0.789191	0.268774	0.389222
ihec.chipseq.ihec-chipseq-containerv1.1.4.IHECRE00001008.4.aac7e4a9-da4f-4f24-8b37-ec261c55025e.fc.signal	0.961125	0.34743	0	0	0.103797	2.06915	1.85388	0.308935	0.769342	0.690381	0.33847	0.0248211	0.0925151	0.491851	0.340714	0	0	0	0.394843	0.929265	0.0631724	0.534736	0.820153	0.638808	1.63915	0.450243	0.384493	0.437934	0.363251	0	0	0	0	0	0.375921
ihec.chipseq.ihec-chipseq-containerv1.1.4.IHECRE00001009.4.1b8093dd-892d-4d82-93cb-a5798c1caf6d.fc.signal	0.270315	0.470124	0.743275	0.0083356	0	0.714124	1.4811	0.675199	0.186162	0.229233	0.939182	0.865752	0.439017	0.283414	0.243123	0.21395	0.751609	0.279246	0	0.277859	0.333431	0.0388995	0.483862	1.05503	0.96335	0.484331	0.0353837	0	0.346825	0.262577	0.0555715	0.415192	0.159768	0.199489	0.25
ihec.chipseq.ihec-chipseq-containerv1.1.4.IHECRE00000099.3.451c74b0-e10e-4605-9c95-3a519cadcb7b.fc.signal	2.11494	0.609777	0.732931	0.535678	1.35291	0.129579	0	0	0.243093	0.198702	0.360501	0.311421	0.46769	0.447964	0.701303	0.240959	0.108789	0.289407	0.128524	0.145012	0.83053	0.7292	0.204623	0	0.124155	0.626394	0.46497	0.32934	0.763728	0.314094	0.878456	2.21137	0.810055	0.50745	0.292531
ihec.chipseq.ihec-chipseq-containerv1.1.4.IHECRE00004643.3.15a1e343-163b-4fb6-858c-0dee043f87d0.fc.signal	0.423376	0.603501	0.522013	0.242044	0.318685	0.868748	0.799371	0.561189	0.9744	0.538162	0.1861	0	0	0	0.193161	0.348064	0.321163	0.908427	1.39502	0.326612	0.694484	0.755592	0.513399	0.184723	0.344742	0.471357	0.223376	0	0	0.185803	0.341502	0.0090568	0.329188	0.568629	0.731481
ihec.chipseq.ihec-chipseq-containerv1.1.4.IHECRE00003682.3.cb3f1a65-14b1-4058-aef5-bc7db4396fc3.fc.signal	0.0249867	0.552203	1.50212	0.935448	1.20968	1.29926	0.221971	0	0	0	0.0872096	0.796701	0.535958	0.284953	0.172943	0.641965	0.619334	0.731678	0.570983	0	0	0.465137	1.37387	0.404849	1.10582	0.420537	0.396603	0.864154	1.30956	1.48588	2.79337	1.52808	0.310637	1.48039	0.258042
ihec.chipseq.ihec-chipseq-containerv1.1.4.IHECRE00001015.4.43e52f53-9251-4460-b822-3522af489eae.fc.signal	0.837997	0.0130914	0.0729378	0.708961	1.22144	0.48812	0.831203	0.298354	0.776296	1.18036	0.273191	0.818442	0.463893	0	0	0	0	0	0.662194	1.0255	0.306275	0	0	0.0299732	0.613847	0.711563	0.0579537	0	0	0	0	0	0.170218	1.05287	0.505376
ihec.chipseq.ihec-chipseq-containerv1.1.4.IHECRE00004664.3.6d452180-a6ee-4609-96f0-3f1b6ca1f2c8.fc.signal	0.763054	1.04467	1.10514	1.32857	1.21219	1.06777	0.296904	0.555643	0.473171	0.474491	1.05818	1.01551	1.14489	0.816627	0.940304	0.378611	0.547626	0.413713	0.623211	0.40015	0.744297	0.850134	0.711852	0.761644	0.427997	0.81598	1.22103	0.715971	0.664919	0.700525	0.809313	0.448396	0.642654	0.658695	0.542714
ihec.chipseq.ihec-chipseq-containerv1.1.4.IHECRE00001851.4.5e272f7c-8fae-451e-b602-8f58a446c757.fc.signal	0.453211	0.0536801	0.302675	0.163547	0	0	0	0	0	0.231119	0.651611	0.113437	0	0.169082	0.619249	0.77607	0.552622	0.290138	0.00771733	0.266147	0.0926948	0.258556	0.503657	0.0960587	0.112472	0.497403	0.552085	0.232417	0	0	0	0	0	0	0.42364
ihec.chipseq.ihec-chipseq-containerv1.1.4.IHECRE00004713.2.403942ee-0111-4576-82c4-6577b9ba6ea1.fc.signal	0.549677	0.600683	0.132855	0.288857	0	0	0	0	0	0.363444	0.247365	0.233435	0.809828	0.191035	0.84559	0.795519	0	0	0.413717	0.828095	0.766434	1.02384	0.104432	0	0	0.202082	0.368741	0	0.447868	0.590222	0.738985	0.943655	0.2647	0.407975	0.124244
ihec.chipseq.ihec-chipseq-containerv1.1.4.IHECRE00000953.7.cc6b5e72-cd6c-41ee-bba0-2f1bd3353f6f.fc.signal	1.28008	0.153058	0	0	0	0.898025	1.80984	0.0834864	0	0.212736	0.673741	1.18067	0	0	0	0	0	0	0	0	0	0	0	0	0.427923	0.504547	1.17945	0	0	0	0	0	0	0	0.5875
ihec.chipseq.ihec-chipseq-containerv1.1.4.IHECRE00000231.3.493a772e-0001-4655-973c-6fca5dd7388d.fc.signal	0.182323	0	0	0	0.33045	0.942351	0.724618	0.242629	0	0.629885	1.52884	0.831326	0.350265	0.032772	0	0	0	0	0	0	0	0	0	0.0927262	0.297251	0.343895	0.278199	0.358532	0.155667	0	0	0	0	0	0.217588
ihec.chipseq.ihec-chipseq-containerv1.1.4.IHECRE00001958.3.6c69236e-c3b7-44e9-b4df-92ecc399b775.fc.signal	0.630562	0.499575	0.134392	0.634409	0.63881	0.532944	0.321954	0.121375	0.127951	0.423486	0.117982	0.206693	0.171903	0.37249	0.611581	0.56392	0.417819	0.263448	0.252844	0.0476909	0	0	0	0	0	0	0	0.009074	0.275536	0.35178	0.0824058	0.0384841	0.415379	0.326152	0.104762
ihec.chipseq.ihec-chipseq-containerv1.1.4.IHECRE00003818.1.fdfc855b-3069-4eaf-80ec-59fca0202ead.fc.signal	1.61665	0.592674	0	0.693659	0.798178	0	0	0.59055	0.817299	0.308142	1.11268	1.32275	0.822062	0.351708	0.554778	0	0.816582	0.773617	0.566984	0.589798	0.0662799	0.486508	0.174131	1.02366	1.80042	1.05349	0.0954143	0.134442	0.832371	0.305027	0.377251	0.0823151	0	0	0.745562
ihec.chipseq.ihec-chipseq-containerv1.1.4.IHECRE00003812.1.f091f16b-76c5-4d9c-852c-b5cc2fced8c8.fc.signal	0.582123	0.996237	0.328899	0.0086338	0.229336	1.18762	1.31996	0.110151	0.391656	0.161724	0.781692	1.03489	0.461457	0.412538	0.847492	0.734778	0.963847	0.665647	0.00571093	0.606182	0.759248	0.456198	0.270856	0	1.10339	1.58689	0.323571	0.552653	0.596373	0.561979	0.561879	0.325852	0.228595	0	0.910891
ihec.chipseq.ihec-chipseq-containerv1.1.4.IHECRE00000303.2.686fa881-e6e7-464b-858f-6914c5504719.fc.signal	2.43386	1.55396	0.433792	0.619832	1.26195	0	0	0	0	0.851221	0.860105	0	0.566797	0.341368	1.23924	0.269143	0	0.234412	0.889756	0.116088	0.158273	0.408127	0.7769	0.458332	0.448854	0	0.200664	0.391461	0.290742	0.369357	0.462081	0.341565	0.944689	0.489315	0.101053
ihec.chipseq.ihec-chipseq-containerv1.1.4.IHECRE00004614.1.ec015f8f-ae48-4714-af9a-4349b955d07f.fc.signal	0.222699	0.495351	1.24683	0.418578	0.441147	0.170305	0.673004	0.621709	0.642226	0.695573	0.827394	0.765632	0.811571	0.45959	0.53348	0.227747	2.73803	1.93829	0.770224	0.977769	0.889382	0.595033	0.526558	1.63643	0.18353	0	0.240953	0.136305	1.39128	1.17587	0.712788	0.106697	0.449264	2.49443	0.269876
ihec.chipseq.ihec-chipseq-containerv1.1.4.IHECRE00001954.2.9c1223d8-1c7e-48a7-80b8-13425cae848a.fc.signal	0.731811	0.909504	0.503483	0.571474	0.30475	0.198133	0.0136018	0.399252	0.478323	0.853309	1.13995	0.68049	0.886666	1.32523	0.638757	0.693288	0.0394813	0.407958	0.259351	1.00042	0.24677	0	0	0.22349	1.05387	0.626929	0.59231	0.423545	0.0881595	0	0.0173003	0.700281	0.500481	0	0.101568
ihec.chipseq.ihec-chipseq-containerv1.1.4.IHECRE00001959.2.a7b76745-dcef-4cb6-a9b6-a20155a8b15e.fc.signal	0.162825	0	0	0.265571	0.443431	1.55779	1.76866	0.424646	0.718297	0.919413	0.591751	0.258596	0	0	0	0	0	0	0	0.0579097	0.540832	0.339324	0	0	0	0	0.274586	1.25584	1.47815	0.277765	0	0	0	0	0.160117
ihec.chipseq.ihec-chipseq-containerv1.1.4.IHECRE00004604.3.397dad66-8eeb-4031-bd0a-a0b7a2fe32fc.fc.signal	0.685739	0.242082	0	0.116488	0.480189	0.199229	0.743395	0.58593	0.517718	0.0461627	0.126326	0.689905	0.984254	0.675953	0.290666	0.757429	1.08977	1.38653	0.339625	1.42775	0.314895	0.313247	1.00239	0.581979	0.967767	0.770925	1.07307	0.562481	0.841122	0.558366	0.130245	0.514355	0.567403	0.277939	0.655797
ihec.chipseq.ihec-chipseq-containerv1.1.4.IHECRE00004603.3.aa33cda4-5f7e-468f-8713-d439ef935bb1.fc.signal	1.1354	1.13298	0.650637	0.386565	1.20633	0.815919	0.675343	0.471847	1.11618	0.448971	0.259237	0.389395	0.266941	0.221619	0.317612	0.435203	1.24752	0.867299	0.389391	0.929885	0.213777	0.404681	0.946733	0.487119	0.311375	0.319888	0.992541	0.619174	0.979003	0.311312	0.948208	0.762158	1.49727	1.11888	0.55013
ihec.chipseq.ihec-chipseq-containerv1.1.4.IHECRE00001963.2.5dfb9b40-6b47-44fd-9ffc-ba05e31611c9.fc.signal	0.463024	0.396523	0.432651	0.549797	0.380972	0.402788	0.450411	0.17393	0	0.0187159	0.206459	0.568148	0.604388	0.103693	0.171551	0.198255	0.14834	0	0.143793	0.651193	0.480703	0.17768	0	0.0870173	0.740232	0.472419	0.469994	0.319525	0.108519	0.184964	0.0800233	0	0	0	0.352518
ihec.chipseq.ihec-chipseq-containerv1.1.4.IHECRE00004681.3.0f14d363-13f3-4ef6-ae7d-bc5a09aea3db.fc.signal	0.456944	0.0148968	0.131753	0.44721	0.444029	0.875756	0.55912	0.134071	0	0.0944589	0.231254	0.209938	0.184055	0.580604	1.05466	0.838198	0.8246	0.354313	0.161395	0.0155035	0.360065	0.515911	0	0.333814	0.899122	0.713842	0.49117	0.168055	0.369803	0.131164	0.0782025	0.19815	0.197816	0.186052	0.648276
ihec.chipseq.ihec-chipseq-containerv1.1.4.IHECRE00001957.2.50048c67-3126-4929-baee-51f09f7d6142.fc.signal	0.239822	0.452418	0.544368	0.0029906	0.527547	1.43095	0.944288	0.658616	0.469034	0.618539	0.319005	0	0	0	0.365049	0.353822	0.572713	0.120286	0.293198	1.26224	0.536166	0.645602	0.18591	0.43314	0.824375	0.377467	0.5959	0.123879	0.339427	0.0043234	0	0.0945809	0.824343	0.596874	0.170952
ihec.chipseq.ihec-chipseq-containerv1.1.4.IHECRE00003730.1.ca2c9686-19d9-4bbf-8dc9-072da982979c.fc.signal	0.0851647	1.51159	1.51689	1.07113	0.0690059	0	0.270968	1.30852	1.63309	0.778526	0.809057	0.0595793	0.262994	2.0866	0.176167	0	0	0	0.590889	1.65122	1.90007	1.47148	0.870981	0.576019	0.529213	1.04446	0.261557	0.325951	1.68869	0.688402	0	0	0.161122	2.18605	0.177982
ihec.chipseq.ihec-chipseq-containerv1.1.4.IHECRE00003716.2.82753642-3854-4352-953d-733f91022d45.fc.signal	0.575944	0.291828	0.652466	0.947182	1.53324	0.508445	0.363828	0.912237	0.563304	0.522509	1.95018	0.479122	0.0107303	0.802589	0.846786	0.498235	0.895755	0.751045	1.01521	1.56363	0.131967	0	0	0.130157	1.12651	0.376136	0.678246	1.45256	0.105782	0.312617	0.812497	0	0	0.402149	0.0821475
ihec.chipseq.ihec-chipseq-containerv1.1.4.IHECRE00000339.2.bf75e79c-02a8-4739-8192-e972df4d98cd.fc.signal	0	0	0	0	0	0	0	0	0	0	0	0	0	2.46773	1.03977	0	0	0	0	0	0.438297	2.94092	0.542164	0	0	0	0	0	0	0	0.804228	1.60901	0	0	0.349593
ihec.chipseq.ihec-chipseq-containerv1.1.4.IHECRE00003696.3.3a6ae66a-e132-4cd3-9cf1-43065af659e9.fc.signal	1.01261	0.73527	0.904474	0.515278	0.00188007	0	0	0	0.139125	0.238768	0.204927	0	0	0.0940693	0.140422	0.198147	0	0.185911	0.350505	0	0.255339	0.035581	0.14902	0.117574	0	0.0953419	0.112766	0.126991	0.388418	0.568881	0.436903	0.299014	0.283969	0.429347	0.561983
ihec.chipseq.ihec-chipseq-containerv1.1.4.IHECRE00003690.3.e849a0a4-b91f-4930-9a8d-97e433f1508c.fc.signal	0.40558	0	0	0	0	0	0	0	0	0	0	0	0	0	0	0	0	0.176586	0.117157	0.08339	0	0	0	0.0764967	0.459693	0.315835	0.514299	0.538127	0.456726	0.224245	0.740629	0.213909	0	0	0.215217
ihec.chipseq.ihec-chipseq-containerv1.1.4.IHECRE00000228.3.4a4a3e76-3b28-4e5b-88f0-29c203f107d8.fc.signal	0.182896	0	0	0	0	0.263385	0.321373	0.0175243	0	0	0.623282	1.15384	0.109099	0	0	0	0	0	0	0	0	0	0	0.322117	0.515471	0.178153	0	0	0	0	0	0	0	0	0.262903
ihec.chipseq.ihec-chipseq-containerv1.1.4.IHECRE00001011.4.91d77497-c903-4470-8aaa-0d4fbe51c6cc.fc.signal	0.512545	0.0344688	0	0	0	0.0535192	0.497977	0.214473	0	0.250856	0.481301	0.163666	0.384966	0.245111	0	0	0	0	0	0	0	0	0	0	0.601073	0.8385	0.197333	0	0	0	0	0	0	0	0.727891
ihec.chipseq.ihec-chipseq-containerv1.1.4.IHECRE00000992.7.455df784-1bb9-4cc0-95a0-4a32fe765d2d.fc.signal	0.640537	0.170704	0.371491	0.07254	0	0.53946	1.63697	0.758519	0.114948	0.138368	0.961556	1.13977	0.401213	0.007812	0.134997	0.208611	0.54169	0	0.146196	0.0596091	0.370964	0.266639	0.10232	0.589542	0.652806	0.944103	0.861367	0.509342	0.406256	0.0558	0.0468467	0.254299	0	0.0340726	0.252129
ihec.chipseq.ihec-chipseq-containerv1.1.4.IHECRE00004616.1.cde4ad8a-05bb-4102-b4aa-50d06b7c6301.fc.signal	0.653638	1.07453	2.05097	1.93015	0.665215	0.0549574	0	0	0.651833	0.954408	0.568841	1.21548	2.47079	2.06562	1.35464	1.42087	1.48269	1.45237	1.50441	0.366155	0.599646	0.698516	0.617253	1.08306	0.351865	1.16016	1.14114	0.46648	1.70139	1.15455	0.319375	0.750386	0.724451	0.596735	0.554698
ihec.chipseq.ihec-chipseq-containerv1.1.4.IHECRE00000230.3.271e563a-c6d5-4ee3-a33b-ac24715ad186.fc.signal	0.596194	0.105855	0	0	0.402936	1.28802	1.30941	0.753903	0.0100253	0	0	0	0	0	0	0	0	0	0	0	0	0	0	0.0125733	0.350545	0.391648	0.126741	0	0	0	0	0	0	0	0.458333
ihec.chipseq.ihec-chipseq-containerv1.1.4.IHECRE00004610.2.946d9db5-c2ec-4c13-9689-dc803ab18892.fc.signal	1.35309	0	0.972939	1.78502	0.383011	0.744297	0.0767002	0	0	0.0445356	0.368656	0.405752	0.578862	0.252329	1.66233	0.984555	0.66046	0.314231	0.92248	1.46917	0.749519	0.608563	0.504647	0.0329613	0.48098	0.628009	0.515153	0.221678	0.707589	0.893016	1.65733	1.18739	0.653057	0.261711	0.294164
ihec.chipseq.ihec-chipseq-containerv1.1.4.IHECRE00003808.1.4a8b4799-6afb-49ea-a6ae-19a731abd44c.fc.signal	0.279445	0.757573	1.2216	1.03622	0.561158	0.557267	0.328602	0.160453	0.300518	0.523386	0.563598	0.298484	0.400116	0.568598	0.603348	0.280743	0.326754	0.345245	0.0761357	0.108118	0.241205	0.683354	0.70868	0.487645	0.316841	0.381912	0.24912	0.42739	0.371379	0.631629	0.633662	0.270562	0.286526	0.301305	0.197531
ihec.chipseq.ihec-chipseq-containerv1.1.4.IHECRE00003804.1.b908a70c-a0dd-4409-9203-84ba65c7adc1.fc.signal	0.150453	0.389537	0.164184	0.132564	0.351156	0.240717	0.240046	0.274102	0.131509	0.146853	0	0	0	0.0149708	0.357211	0.456772	0.398684	0.363063	0.196683	0.245475	0.270438	0.57657	0.434014	0.157378	0.159163	0.377993	0.309302	0.0974273	0.452263	0.289897	0.289046	0.157603	0.0645879	0.327816	0.182692
ihec.chipseq.ihec-chipseq-containerv1.1.4.IHECRE00001888.4.d16ca01b-df2f-4c07-a1a8-144b866b6330.fc.signal	0	0.377189	0.909348	0.467455	2.30712	0.929632	0.190126	0.885069	1.44244	1.34408	0	0.15079	0.96688	0.577919	0	0.829592	0	1.04796	1.97496	1.55121	2.47773	0.451759	0.397129	0.0292256	0.62436	0.502046	0.742049	0.0585099	1.0273	0.696695	1.97099	1.6378	0.329909	0.581929	0.166068
ihec.chipseq.ihec-chipseq-containerv1.1.4.IHECRE00001893.4.d30507d4-6b66-4bed-946f-9975da413e99.fc.signal	0.773658	2.02994	1.79141	0.426873	0.958841	1.1774	0.849687	0.399736	0.777735	0.8293	1.19238	0.97344	0.307665	0.529468	1.08323	2.17888	1.98299	0.567929	0.185504	1.08939	0.453952	0.858378	1.2134	2.21984	0.806084	0.535293	0.2701	0	0.379371	0.799779	1.46272	0.704339	0.344676	0.613328	0.329333
ihec.chipseq.ihec-chipseq-containerv1.1.4.IHECRE00002005.1.7d48c8fd-5c5b-4bd0-8645-6d9ecb6d3b35.fc.signal	0	0	0	0.0390848	0.267638	0	0.295952	0.0862367	0	0.0372213	0.389706	0	0	0.0536021	0.315716	0.291682	0.34272	0.0937744	0.33989	0.224944	0	0.347569	0.226131	0	0.786689	0.752039	0.358249	0.9554	0.166408	0.793515	0.399823	0.237861	0	0	0.52495
ihec.chipseq.ihec-chipseq-containerv1.1.4.IHECRE00003810.1.53290f93-d602-40f3-94de-10c56c625511.fc.signal	0.147688	0.20375	0.0986728	0.0500228	0.105174	0.133143	0.00674333	0.0585605	0.418948	0.485471	0.108346	0.184428	0.0855128	0.0508035	0.202193	0.248576	0.126361	0	0	0	0.0778038	0.299757	0.352575	0.255283	0.476586	0.551223	0.0785093	0	0	0.121699	0.587196	0.349689	0.207888	0.53988	0.234286
ihec.chipseq.ihec-chipseq-containerv1.1.4.IHECRE00003691.3.58df05be-1225-4fa7-a2b4-32d2d5f1b802.fc.signal	0.649832	0.3079	0.462918	1.68816	0.299442	0.607301	0.324968	0.033984	0.579704	0.0807108	0.123192	0.275283	0.240315	0	0.266081	0.920434	0.65254	0.189717	0.287694	0.410657	0.54439	1.18821	0.4096	0.220196	0.444375	0.183483	0.353264	0.726544	0.357831	0.555061	1.0477	0.720979	1.01533	0.366482	0.233456
ihec.chipseq.ihec-chipseq-containerv1.1.4.IHECRE00000243.3.d30ba9b4-7d2d-48aa-b02d-99eb8d60aa7d.fc.signal	0.639017	0	0	0	0.442265	0.692993	0.551966	0.262912	0	0	0.236889	0.566189	0.781769	0.753916	0.506696	0.191505	0.52237	0.316883	0	0	0	0	0.118383	0.266556	0.287233	0.508023	0.52237	0.100978	0	0	0	0	0	0	0.55942
ihec.chipseq.ihec-chipseq-containerv1.1.4.IHECRE00003694.3.819459d2-9d3b-4d27-8783-172661f9c0c5.fc.signal	0	0.0943955	0.293551	0.0036492	0	0	0	0	0	0.176328	0.22472	0	0	0	0	0	0.0887972	0.243224	0.510718	0.408605	0.203099	0.335641	0.408092	0.109805	0.0570804	0	0	0	0.150841	0.243177	0	0	0	0	0.241304
ihec.chipseq.ihec-chipseq-containerv1.1.4.IHECRE00003715.2.59d957d1-1698-4164-ba42-8458fa8d6784.fc.signal	1.43888	0.757522	0.723997	0.3376	0.253087	1.3293	0.302431	0.0066294	0.663632	0.548063	1.00773	1.56041	1.70682	0.794892	1.12373	1.50703	0.718186	0.941431	0.525744	0.873663	0.659535	0.624651	0.580829	0.656771	0.447061	0.742045	1.06554	1.56522	1.00093	0.258239	0.959556	1.54921	0.561373	0.86128	0.0553176
ihec.chipseq.ihec-chipseq-containerv1.1.4.IHECRE00003685.2.99018b0c-bf73-45c8-8a67-210ecd9aefd7.fc.signal	0	0	0.237225	0.624511	0.0851877	0.235562	0.521184	0.18728	0.446937	0.070569	0	0.423414	0.622571	0.0203866	0	0	0.125901	0.147749	0.0228956	0.826542	0.285943	0.144287	0.413941	0.357089	0	0	0	0.815952	0.439882	0	0	0	0	0.142847	0.208681
ihec.chipseq.ihec-chipseq-containerv1.1.4.IHECRE00001878.2.fc448a7c-29ec-4102-8bb2-a2d46c051ee6.fc.signal	0	0.286027	0.699595	0.191513	0.0208452	0.636903	0.492254	0	0.374033	0.478965	0.128795	0.71059	1.18732	1.41711	0.437785	0.811526	1.47962	0.739008	0.64579	1.42394	1.86205	1.52404	0.467511	0.709221	0.649719	2.24059	1.88988	0.272129	0	0.473616	1.04141	1.45424	1.1132	1.42108	0.222222
ihec.chipseq.ihec-chipseq-containerv1.1.4.IHECRE00003811.1.4326f7eb-62f8-4088-a16a-c972be432d9e.fc.signal	0.239572	0.126617	0.0059512	0.269902	0.161935	0	0	0	0	0	0.14078	0.219406	0.0146082	0	0	0	0	0.0543127	0.308011	0.544412	0.287578	0.149827	0.118714	0.0126636	0.172885	0.221415	0.110904	0.112438	0.464032	0.325544	0.0761337	0	0.0545049	0.395612	0.5
ihec.chipseq.ihec-chipseq-containerv1.1.4.IHECRE00003402.2.f58764bd-8340-4d36-994e-04c84f5ba1e4.fc.signal	1.18144	0.917326	0.408166	0.517788	0.490961	0.189547	0.592903	1.07871	1.46642	1.35447	0.970587	0.801965	0.800781	0.817735	1.08265	1.36849	1.24976	0.834597	0	0.2737	0.51136	0.268947	0	0	0	0	0.296888	0.639843	0.855265	1.80355	2.87122	2.01716	0.483156	0	0.257732
ihec.chipseq.ihec-chipseq-containerv1.1.4.IHECRE00000238.3.0ab311fb-65be-4049-8c99-b5e3d0b121fe.fc.signal	0.36384	0.447516	0.35737	0	0.0209274	0.46846	1.22032	0.914443	0.42498	0.412102	0.540927	1.14788	0.777599	0.0450744	0	0	0	0	0	0	0	0.146489	0.48293	0.223758	0.0386352	0.554795	0.787464	0.602098	0.272052	0	0.154541	0.465223	0.23342	0	0.573586
ihec.chipseq.ihec-chipseq-containerv1.1.4.IHECRE00004605.1.0170bf87-acb4-4151-9ad9-b1d9403f191c.fc.signal	1.61144	0.588696	0.876501	0.53078	0.324761	0.890782	1.72333	0.290266	1.57393	0.789598	0.91104	0.860657	1.23064	0.277258	1.7225	1.55542	0.364384	1.434	0.444365	1.2063	1.1742	0.851685	0.710398	0	0.264996	0.412927	1.17512	1.0044	0.788849	0.693678	1.11892	1.39101	2.06686	1.27406	0.251538
ihec.chipseq.ihec-chipseq-containerv1.1.4.IHECRE00000240.3.8143faf4-bd87-4c0f-98f7-a0083493be0c.fc.signal	0.901562	0.37598	0	0	0.312378	0.369874	0.365922	0.927006	0.216624	0	0	0	0	0	0	0.286349	1.43729	1.09365	0.0736326	0	0	0	0	0.0300121	0.317876	0.536323	0.308634	0.919493	1.45582	0.256351	0	0	0	0	0.350052
ihec.chipseq.ihec-chipseq-containerv1.1.4.IHECRE00001966.2.411f7ec7-d6f4-4c6e-811f-d293f4c79591.fc.signal	0	0	0.430975	0.253445	0.407293	0.283283	0	0	0	0	0	0	0.0278576	0.489043	0.324785	0.333153	0	0.579407	1.02167	1.1797	0.599178	0	0	0	0	0	0	0	0	0	0	0.609824	0.768485	0.459491	0.162289
ihec.chipseq.ihec-chipseq-containerv1.1.4.IHECRE00000785.3.7eecccf6-bc2a-4d39-930a-5df6123e8355.fc.signal	0.260829	0	0.0373323	0.19307	0.0947785	0.587903	0.740313	1.13914	1.1885	1.05132	1.23593	1.19854	0.448937	0.703055	1.26254	1.33075	0.708835	0.244405	0.525728	0.796912	0.0883265	0	0	0.0785877	1.06644	1.7149	0.887941	0.687474	0.4374	0.178165	0.429137	0.448925	0.270014	0.634547	0.41791
ihec.chipseq.ihec-chipseq-containerv1.1.4.IHECRE00002065.1.61c76aeb-6fcd-4225-8505-91d356c76671.fc.signal	0.889876	1.06578	1.64	0.761816	0.380961	1.20673	0.809665	0.802283	0.567485	0.244006	1.42292	1.05956	0.161362	0.615946	0.932069	0.68261	0.50873	0.204351	0	0.629606	0.684738	0.109852	0.41184	0.545772	0.72553	1.19723	2.13535	0.639687	0.615712	1.09114	0.645958	0.477748	1.43571	2.33837	0.501684
ihec.chipseq.ihec-chipseq-containerv1.1.4.IHECRE00004607.2.733524dc-1168-46fe-ac14-03e518cd0f4e.fc.signal	0.591442	0.464561	0.764344	0.171248	0.685623	1.08314	0.682656	0.434615	0.149842	0	0.100608	0.682981	0.869323	0.601803	1.03096	0.466786	0.57378	0.655148	0.222415	1.26848	1.46669	1.11343	0.522425	1.23546	0.831092	0.532723	0.599183	0.418627	1.10083	0.756323	0.447072	0.132227	0.711776	1.74966	0.38485
ihec.chipseq.ihec-chipseq-containerv1.1.4.IHECRE00003396.1.093281fa-11ea-4b40-987a-06f1806e196f.fc.signal	0.87255	1.53489	0.753216	0.357242	0.483697	0	0	0.242195	0.590594	1.94537	0.567745	0.41246	0.382441	0.954379	1.03768	0.317962	0	0	0	0.157435	0.802967	0.514933	1.00372	0.226685	0	0	0	0.38512	0.832995	1.45049	0.396471	0.478378	0.942362	0.519672	0.312977
ihec.chipseq.ihec-chipseq-containerv1.1.4.IHECRE00004900.1.aae17e68-77f6-4d45-a8c2-71b0865bfd19.fc.signal	0.0731315	0.720734	0.500638	0.792046	0.869972	0.658769	0.667634	0.285826	0.618475	0.240069	0.671068	0.420749	0.504011	0.261853	0	0.158587	0.791303	0.585483	0.966233	1.56751	0.6836	0.79889	0.271623	0.238901	0.693268	0.0473427	0	0	0.355948	0.691979	0.324882	1.21964	1.04921	0.79889	0.246231
ihec.chipseq.ihec-chipseq-containerv1.1.4.IHECRE00003398.1.10fbd709-68ea-4fa4-8613-57809a3d7bd1.fc.signal	0.691117	0.434092	0.315271	0.747943	0.918489	0.535582	0	0	0	0.243917	0.573295	0.173503	0.179168	0.701772	0.76982	0.170951	0.100074	0.545921	0.686642	0.48346	0.577366	0.285009	0.62991	0.893159	0.789956	1.19679	0.837462	0.782351	0.410258	0	0.009333	0.930189	1.0125	0.478881	0.172775
ihec.chipseq.ihec-chipseq-containerv1.1.4.IHECRE00001027.7.e4d29289-880a-4702-8b8e-f0c84a4fa7ab.fc.signal	0.0997429	0	0	0	0	0.278196	0.124095	0	0.450103	1.05631	0.169503	0.344563	0.186175	0.327891	0	0.306082	0.861267	0.350118	0.358442	0.616812	0.69459	0.38436	0	0.672508	0.640325	0.0916982	0.79592	0.707147	0.983554	0.116707	0	0	0	0	0.27709
ihec.chipseq.ihec-chipseq-containerv1.1.4.IHECRE00001902.1.106ce4ce-0899-4923-ab52-2539c6d5842d.fc.signal	0.383541	0.0156947	0.230828	0.257115	0.175382	0.030683	0.448412	0.613028	0.752745	0.827071	0.522772	0.22243	0	0.184754	0.480771	0.182907	0	0.175532	0.974913	0.851427	0.3466	0	0	0.419857	0.827706	0.0906887	0.152001	0.537194	0.119444	0.325451	1.46924	0.723738	0.0114361	0.0425569	0.310105
ihec.chipseq.ihec-chipseq-containerv1.1.4.IHECRE00000949.6.f5651615-e1a0-4ca6-b62c-507789eb8f29.fc.signal	0.214578	0.365992	0.100695	0	0.345824	0.60576	0.511353	0.873508	0.29994	0	0	0	0.068327	0.48805	0.0130147	0	0.306852	0.0645726	0.378668	0.278142	0.587773	0.438996	0	0.385305	0.833061	0.45718	0.581455	0.329777	0.159329	0.288774	0.440799	0.402843	0.316252	0	0.372308
ihec.chipseq.ihec-chipseq-containerv1.1.4.IHECRE00001014.4.64c19388-ff65-4d1c-b67d-140f7fdcc5ec.fc.signal	0.601088	0.975771	0.46475	0.44408	0.287172	0.562945	0.223839	0	0	0	0	0	0	0	0.766778	0.39079	0.788118	0.217123	0	0.571383	0.55362	0.16579	0.891121	0.993109	1.08101	0.650518	0.749548	0.874284	0.998944	1.61298	0.681163	0.497461	0	0.750613	0.619718
ihec.chipseq.ihec-chipseq-containerv1.1.4.IHECRE00000235.3.fa965d5e-3212-42b6-831c-bef0d8c34b17.fc.signal	0.72593	0.332057	0	0	0.0425093	0.529685	0.570932	0.161272	0	0.0160936	0.285661	0.379541	0.109973	0	0	0	0	0	0	0	0	0	0	0.0178049	0.288011	0.349976	0.350727	0.437625	0.131043	0	0	0	0	0	0.333717
ihec.chipseq.ihec-chipseq-containerv1.1.4.IHECRE00001021.4.1c0ae950-3455-41eb-9b58-0960e680afcb.fc.signal	1.2861	0.882555	0.195961	0	0.122328	0.702925	0.781678	0.0755243	0	0.291729	0.592298	0.101684	0.112998	0	0	0.29615	1.23764	0.234268	0.151758	0.536308	0.791206	0.461167	0.355083	0.459188	0.924257	0.758607	1.08501	0.368843	0	0.129657	0.44201	0.0176807	0	0	0.653061
ihec.chipseq.ihec-chipseq-containerv1.1.4.IHECRE00001019.4.3351f750-a51a-4cf0-9637-9fed28c3a9a8.fc.signal	1.26369	0.477042	0.597087	0.158165	0.674394	0.702143	0.45009	0.246048	0	0	0.184038	1.23621	1.05666	1.01513	0.583283	0.284964	0.311678	0.0771784	0.18404	0.346037	0.0595488	0	0.0801468	0.485324	0.700116	0.317512	1.16931	0.733092	0.329685	0.0118736	0.700533	0.474937	0	0	0.418848
ihec.chipseq.ihec-chipseq-containerv1.1.4.IHECRE00000983.7.527aaaf8-43bd-4533-a84a-b141b5c2c8ad.fc.signal	0.837791	0	0	1.38362	0.520446	0	0.0850485	1.72207	0	0	0	0	0	0	0	0.73624	2.31023	0.761628	0	0	0	0	0	0	0	2.70835	4.00356	0.0885923	0	0	0	0	0	0	0.419453
ihec.chipseq.ihec-chipseq-containerv1.1.4.IHECRE00001891.4.a2d61bfb-036d-437b-8ae2-e19cfaed58e3.fc.signal	0	0	0	0	0	0	0	0	0	0	0	0.173738	1.02857	0	0	0	0	0	0	0	0.594113	0.497006	0.828276	0.680798	0.0120787	0.239933	0.59052	0	0	0	0.591129	0.421612	0	0.55311	0.211832
ihec.chipseq.ihec-chipseq-containerv1.1.4.IHECRE00000221.3.b95e5419-47c1-4594-b280-863f31043d11.fc.signal	0.00269787	0	0	0	0.237446	1.27765	1.13327	0.211818	0	0	0.0121404	0.356212	0.336765	0	0	0	0.0161872	0.350803	0.341356	0.00674467	0	0	0	0	0.427121	0.950765	1.27298	0.422303	0.102524	0.40479	0.207769	0	0	0	0.49343
ihec.chipseq.ihec-chipseq-containerv1.1.4.IHECRE00000001.4.7ab9b0e8-c023-4a55-9a01-21d8f6cb210d.fc.signal	0.157748	0	0	0	0	0	0	0	0	0	0	0	0	0	0	0	0	0	0	0	0	0	0	0	0.0606488	0.125842	0.0760584	0.250725	0.0249304	0	0	0	0	0	0.154109
ihec.chipseq.ihec-chipseq-containerv1.1.4.IHECRE00001852.4.a1ddaa09-18ba-4555-a461-058f1eac9ae3.fc.signal	0.986274	0.695887	0.557103	0.671721	0.794925	0.554315	0.551036	0.969791	1.42863	1.57706	0.794298	0.591476	1.34967	0.97689	0.721152	0.546237	0.604501	0.727704	1.35428	0.966791	1.34167	1.45878	1.26173	0.305497	0.639326	0.474224	0.423605	0.25255	0.546737	0.662125	0.742034	0.697302	1.11653	0.989074	0.305573
ihec.chipseq.ihec-chipseq-containerv1.1.4.IHECRE00004602.2.82ef0c36-7b61-4b64-b8e1-14bf6bf0194e.fc.signal	0.404122	0.013304	0.336753	0.493991	0.662167	0.674468	0.279314	0.679566	0.465475	0.336926	0.820051	0.44891	0.78706	0.873045	0.787328	1.69212	0.460335	0.755581	0.511127	0	0	0	0	0.0444463	1.12702	1.26187	1.13993	0.428178	1.22544	0.733358	0.577609	1.55483	0.611904	0	0.37594
ihec.chipseq.ihec-chipseq-containerv1.1.4.IHECRE00001022.4.564b1b39-d9ef-4a56-b3ce-f8167afe246e.fc.signal	0.902911	0.0607377	0.046986	0.20857	0.35525	0.830344	1.47586	0.572918	0.354107	0.357544	0.305974	0.358137	0.361003	0.279618	0.972815	0.774577	0.956754	0.295623	0.182207	0.910914	0.35062	0.194817	0.517963	0.841595	1.19303	1.02095	0.788854	0.326531	0.33851	0.375808	0.331185	0.145538	0	0.2008	0.410423
ihec.chipseq.ihec-chipseq-containerv1.1.4.IHECRE00001044.7.a0d823a7-1e88-4910-940e-c86d0948985d.fc.signal	1.12026	0.265098	1.04257	0.603722	0.304554	0.32866	0.302367	0.346181	0.221298	0	0.0438213	0.633089	0.142405	0.716365	1.70987	0.835743	0.639865	0.670164	0.0756693	0.142317	0.260027	0	0	0.190234	0.955689	0.438129	0.269449	0.707129	0.621029	0.409959	0.118295	0.202965	0.169752	0.471514	0.252101
ihec.chipseq.ihec-chipseq-containerv1.1.4.IHECRE00004618.1.879a1f18-b540-46af-915e-104b0dc90a0d.fc.signal	0.201362	0.219986	0.844041	0.0871711	0	0.858722	0.912554	0.381176	0.308467	0.95517	2.14574	0.56671	0.100244	0.707501	0.728135	1.28247	1.19715	0.0070064	0.07541	1.86465	0.739053	0.840908	0.943743	1.28315	1.53443	0.501105	1.05706	0.266399	0.274216	0.388461	0.494887	1.04893	0.443889	1.40446	0.315245
ihec.chipseq.ihec-chipseq-containerv1.1.4.IHECRE00000942.6.080e3fa9-bc5a-499b-b399-c77ec2b63de6.fc.signal	0.49893	0	0.912516	0.0393892	0	0.68362	0.356193	0	0	0	0.400457	0.551449	0	0	0	0	0	0	0	0	0	0	0	0	0.390105	0.452747	0	0	0	0	0	0	0	0	0.663102
ihec.chipseq.ihec-chipseq-containerv1.1.4.IHECRE00000222.3.7658b8a6-5812-4677-9cbe-f1a8ce6799e6.fc.signal	0.125197	0	0	0	0.13472	0.493423	0.411272	0.0597718	0	0.569341	1.50117	1.07494	0.523295	0.0518269	0	0	0	0	0	0	0	0	0	0.492386	2.77843	2.89605	1.83423	0.566042	0	0	0	0	0	0	0.53681
ihec.chipseq.ihec-chipseq-containerv1.1.4.IHECRE00001335.1.39dbcb01-8351-45c1-af73-f0bb67096675.fc.signal	0	0	0	0.498408	0.309941	0.422865	0.100111	0	0	0	0	0	0	0	0	0	0.292719	0.465111	0	0.0500561	0.433566	0.0240868	0	0.224819	0.385551	0	0	0.235199	0.220945	0	0.610869	0.26449	0.229917	0.65932	0.0766795
ihec.chipseq.ihec-chipseq-containerv1.1.4.IHECRE00000225.3.90fb793d-bf48-425a-b77e-fd333df46c5c.fc.signal	0.699487	0.0263204	0.287645	0.51061	0.171907	0	0	0	0.117443	0.48508	0.367642	0	0	0	0	0	0	0	0	0	0	0	0	0	0	0	0.124684	0.264817	0.0316158	0	0.253605	0.53443	0.617798	0.51061	0.124303
ihec.chipseq.ihec-chipseq-containerv1.1.4.IHECRE00000980.8.62b0a8bc-bda1-41db-aa98-3c8af3513c34.fc.signal	0.157855	0	0	0.349658	0.457756	0.291005	0.448458	0	0	0	0	0	0	0	0	0	0	0	0	0.0381462	0.543327	0.0583414	0.480382	0.728424	0.191624	0	0	0.720969	1.31502	0.354536	0	0.0314146	0.67317	0.137017	0.668464
ihec.chipseq.ihec-chipseq-containerv1.1.4.IHECRE00001961.2.7068c481-8ff6-44d4-a083-44198d2e24ac.fc.signal	0	0	0	0	0	0.0839447	0.504065	0	0	0	0.27297	2.01136	1.05596	0	0.423821	0.689606	0	0	0.0933842	3.26854	1.09188	0	0	0.323253	3.23131	0.837218	1.64223	0.620366	0.179585	0	0	0	0	0	0.182767
ihec.chipseq.ihec-chipseq-containerv1.1.4.IHECRE00000233.3.3299a56a-ce48-45d7-8505-1c5e17cfb4ce.fc.signal	0.438044	0	0	0	0.419981	0.984617	0.911212	0.468611	0.108212	0	0	0	0	0	0	0	0	0	0	0	0	0	0	0.142945	0.664042	1.15238	0.911706	0.273438	0	0	0	0	0	0	0.336601
ihec.chipseq.ihec-chipseq-containerv1.1.4.IHECRE00003676.3.5297888b-bbdb-457e-a4df-2ac89d088d0f.fc.signal	0.383816	0	0.151109	0.148283	0.191066	0.641487	1.03269	0.686857	0.0787952	0.255795	0.367276	0.850454	0.74608	0.857129	0.848184	0.353933	1.88796	0.988485	0.458817	0.889407	1.2831	0.0839061	0.171784	0.519987	1.94961	1.06496	0.888262	1.23984	0.768598	1.44045	2.68055	1.27126	0.255987	1.9328	0.357431
ihec.chipseq.ihec-chipseq-containerv1.1.4.IHECRE00004703.3.559d3acb-e6a1-4cd6-a971-ff7d698266fc.fc.signal	0.625658	0.356577	0.60791	0.631475	0.916434	0.537629	0.243829	0.273969	0.687427	0.827021	0.760971	0.689471	1.04379	1.27366	1.13368	0.583699	0.498443	0.532389	0.945824	0.556048	0.971319	1.31718	0.749413	0.577982	0.731105	0.362762	0.561519	0.522124	0.516834	0.54264	0.300033	0.570279	0.706203	0.984505	0.663366
ihec.chipseq.ihec-chipseq-containerv1.1.4.IHECRE00001235.5.e75868b0-dba5-45b3-881f-efc56fc44793.fc.signal	0.0988853	0	0	0	0	0	0.617129	0.704121	0.316086	0.329929	0.229794	0.3114	0.1038	0	0.244512	0.433701	0.613724	0	0	0	0	0	0	0.412739	0.796826	0.916331	0.469405	0.917884	0.295242	0	0	0	0	0	0.339152
ihec.chipseq.ihec-chipseq-containerv1.1.4.IHECRE00004888.1.e1ceff31-c51b-464e-83d1-4e387350aef8.fc.signal	1.5198	1.24684	0.681504	0	0	0	1.88762	1.20087	0.756484	0.109791	0.799826	1.33807	1.10506	0	0	0.031276	2.42716	1.89512	0	0	0	0	0	0.362802	1.90174	1.24047	2.43791	1.38269	0	0	0	0	0.385637	0.921673	0.164701
ihec.chipseq.ihec-chipseq-containerv1.1.4.IHECRE00001030.7.2e5336b8-3cc1-48ac-ba65-a7a139158e40.fc.signal	0.126398	0	0	0	0	0.139703	1.4514	0.451064	0	0	0	0.37193	0.81508	0	0	0	1.18701	0	0	0	0	0	0	0.2811	0.915826	0.513461	0	0	0	0	0	0	0	0	0.760976
ihec.chipseq.ihec-chipseq-containerv1.1.4.IHECRE00001236.5.d952690d-5f0c-46d7-aa2b-a52bd090119f.fc.signal	0.4057	0.168731	0.547704	0.0980107	0	0.515138	0.8381	0.0317093	0	0	0	0.175842	0.544819	0	0	0.56788	0.152781	0	0	0.268086	0.452574	0	0	0.305586	1.67728	0.799699	1.54656	0.613819	0.017296	0	0	0	0	0	0.662069
ihec.chipseq.ihec-chipseq-containerv1.1.4.IHECRE00001234.5.20a0ab22-42b4-471a-baa5-513298773085.fc.signal	0.367764	0.0630093	0	0	0.907334	0.762413	1.36916	0.819121	0	0	0	1.46182	1.68865	0	0.285486	0.475176	0	0	0	0	0	0	0	1.00204	1.59585	1.58504	1.39051	0	0	0	0	0	0.0819121	0.857317	0.525547
ihec.chipseq.ihec-chipseq-containerv1.1.4.IHECRE00001964.2.b9abc95f-c59c-4d46-808e-1317ac1e4406.fc.signal	0.0518671	0.0632696	0.567067	0.67318	0.490263	0.44257	0.258335	0	0.653351	1.31261	0.64621	0	0	0	0.0485402	0.598205	0.35644	0.40056	0.482946	0.196424	0	0.164413	0.796286	0.395655	0.453332	0.25581	0.777416	0.960365	0.371234	0.283837	0.447482	0.607962	1.42099	0.366693	0.118412
ihec.chipseq.ihec-chipseq-containerv1.1.4.IHECRE00001004.4.4b6b76eb-d465-4aba-ae65-115bc492af90.fc.signal	0.625036	0.021692	0	0	0	1.17705	1.18691	0.001972	0	0	0	0	0	0	0	0	0	0	0	0	0	0	0	0	0	0.230724	0.366761	0.191284	0	0	0	0	0	0	0.540541
ihec.chipseq.ihec-chipseq-containerv1.1.4.IHECRE00004641.3.86d5f9c9-ab2c-496d-b775-8f24dfcd7fd7.fc.signal	1.78028	1.83708	1.09324	0.499535	0.872883	0.599894	0.340355	0.6133	0	0.359515	0.562188	0.432316	0.623658	0.455909	1.04697	0.648283	0.069692	0.777362	0.39701	0.775965	0.565108	0.382537	0.111987	0.816417	1.10939	0.467555	0.420749	1.31296	0.785201	0.0188646	0.0325369	0.651833	0.31578	0	0.698305
ihec.chipseq.ihec-chipseq-containerv1.1.4.IHECRE00001956.2.c871d95c-ddfd-4bb4-92b3-f51bf93d4a52.fc.signal	0.0696147	0.486239	0.216053	0	0	0	0.42396	0.231257	0	0.405232	1.06493	0.0108014	0	0	0	0	0	0	0	0	0	0	0	0	0	0	0.211338	0.449451	0	0	0	0.623493	1.44395	0.181207	0.144391
ihec.chipseq.ihec-chipseq-containerv1.1.4.IHECRE00004728.1.29330996-b9ba-495b-857e-df6423706eaa.fc.signal	0.767757	1.01374	1.05698	0.844576	0.662458	1.15527	1.37979	0.013687	1.19092	0.396953	0	0	1.14982	1.56052	1.4181	0.451532	1.21011	0.109496	0.027374	0.681774	0	0.640641	0.843223	0.334751	1.03191	0.354624	0.298844	0.671843	1.63805	0.65438	0	0.101284	0.473572	0.290697	0.511868
ihec.chipseq.ihec-chipseq-containerv1.1.4.IHECRE00000775.1.7eee63c3-1d39-4cd2-beb4-57ed344d2e60.fc.signal	0.0933634	0	0.284947	0.145656	0.577475	1.32673	0.950855	0.229247	0.332965	0.192966	0.301658	0.474072	0.861792	0.449382	0.515112	0.418174	0.45022	0.261043	0	0	0	0.293191	1.17858	1.17601	1.95837	1.36207	1.18391	0.282801	0.142071	0.22676	0	0.0709815	0.379361	0.600841	0.237306
ihec.chipseq.ihec-chipseq-containerv1.1.4.IHECRE00003686.3.cd4534e8-8eb1-43de-b06d-b173d359a20b.fc.signal	0.845528	0.108503	0	0	0.167775	0.199099	0.151962	0	0	0.268424	0.360996	0	0.23882	0.390638	0	0.0729455	0.30417	0.166879	0.192251	0.169054	0	0	0.243034	0.301865	0.0395233	0	0	0	0	0	0	0	0	0.342213	0.230697
ihec.chipseq.ihec-chipseq-containerv1.1.4.IHECRE00000943.7.d5b1c447-c73c-4c43-b2b6-18c22a309ba8.fc.signal	1.20409	0.641764	0.233369	0	0	0.516126	0.333384	0.541749	0.875133	0	0	0.718047	0	0	0	0.875133	0.841472	0	0	0	0	0	0	0.41673	1.10294	0.868234	0.79285	0	0	0	0	0.716776	0.158357	0	0.181785
ihec.chipseq.ihec-chipseq-containerv1.1.4.IHECRE00003695.3.4e0e3ebc-98db-4359-b502-e370a14b1038.fc.signal	0.0932671	0.190223	0.134704	0.259013	0.323492	0.270119	0	0	0	0	0	0	0	0	0.115201	0.2187	0	0	0	0.0854909	0.41085	0.0405295	0.0716113	0.177282	0.338461	0.1709	0.180269	0.22613	0.170465	1.0541	0.591126	0.435725	0.58596	1.31738	0.184971
