	chr18:3126732-3126881	chr18:3126882-3127031	chr18:3127032-3127181	chr18:3127182-3127331	chr18:3127332-3127401	chr18:3127402-3127481	chr18:3127482-3127631	chr18:3127632-3127781	chr18:3127782-3127931	chr18:3127932-3128081	chr18:3128082-3128231	chr18:3128232-3128381	chr18:3128382-3128531	chr18:3128532-3128601	chr18:3128602-3128681	chr18:3128682-3128771	chr18:3128772-3128831	chr18:3128832-3128981	chr18:3128982-3129131	chr18:3129132-3129281	chr18:3129282-3129431	chr18:3129432-3129581	chr18:3129582-3129731	chr18:3129732-3129791	chr18:3129792-3129881	chr18:3129882-3130031	chr18:3130032-3130181	chr18:3130182-3130331	chr18:3130332-3130481	chr18:3130482-3130631	chr18:3130632-3130781	chr18:3130782-3130931	chr18:3130932-3131081	chr18:3131082-3131231	chr18:3131232-3131381	chr18:3131382-3131531	chr18:3131532-3131681	chr18:3131682-3131831	chr18:3131832-3131981	chr18:3131982-3132019	Expression
ihec.chipseq.ihec-chipseq-containerv1.1.4.IHECRE00003675.3.a6a9e168-f700-4b04-bb33-9eedccb77991.fc.signal	0.52839	0.280396	0.445105	0	0.00522443	0.361754	0.584382	0.281988	0	0.366443	0.77703	0.209014	0.0933155	0	0	0.297426	0.881574	0.796784	0.850789	0.878746	1.47399	1.23621	1.94858	1.44338	1.76902	2.11079	0.883059	0.440114	0.468195	0	0.407262	0.127037	0.0411979	0.314282	0.417043	0.889697	0.871039	0.958025	0	0	0.835859
ihec.chipseq.ihec-chipseq-containerv1.1.4.IHECRE00001973.1.12487572-adf6-40c8-9745-66a141c14768.fc.signal	0	0	0.662441	0.987639	0.49019	0.71486	0.247818	0.263522	1.16	0.0338094	0.0810175	0.71486	0.0619545	0	0	0	0.107229	1.52279	1.13956	0.529483	1.25462	3.8205	3.64007	1.94299	2.54879	2.5412	0.700137	0.133986	0.467195	0.0210373	0	0.0850631	0.608828	1.13412	0.725024	0	0.13995	1.05674	0.188249	0	0.821622
ihec.chipseq.ihec-chipseq-containerv1.1.4.IHECRE00003814.1.10334cc2-577d-467e-a601-b7232b684380.fc.signal	0.405308	0.368483	0.185131	0.270124	0	0	0	0.0470537	0.268837	0.0825697	0.273274	0.420116	0.430824	0.325998	0.424318	0.465875	0.352484	0.289657	0.319051	0.0191265	0.0690461	0.280482	0.605306	0.777785	0.511748	0.352739	0.074685	0	0.0184903	0.256183	0.475888	0.251008	0.346451	0.180645	0.0350606	0.276741	0.110638	0.248468	0.141009	0.162006	0.444444
ihec.chipseq.ihec-chipseq-containerv1.1.4.IHECRE00003677.3.2aab058a-2f5b-45b4-aeba-aa0a2d209eb3.fc.signal	0.100758	0.417689	0.279891	0	0	0	0	0	0.119556	0.227355	0.0542935	0.882155	0.793108	0.0336669	0	0	0	0	0.167263	0.394293	0.468526	0.99899	0.508168	0.217345	0.220242	0.208665	0.193416	0.414103	0.0853939	0.266164	0.141983	0.0260947	0.22063	0.39279	0.370989	0.0720336	0	0.162686	0.33553	0	0.87218
ihec.chipseq.ihec-chipseq-containerv1.1.4.IHECRE00003813.1.eaaac0a3-b084-49f5-8ed4-a37c494e32ee.fc.signal	0	0	0	0	0	0.0243261	0.514244	0.270408	0.0150487	0.0547749	0.36897	0.215649	0.664314	0.666291	0.31229	0.348173	0.603748	0.989524	0.618066	0.325226	0.769754	0.701206	0.699136	0.297656	0.311687	0.447138	0.399662	0.406433	0.616509	0.798529	0.112212	0.24346	0.245271	0.328146	0.232549	0.149143	0.0073604	0	0	0	0.282927
ihec.chipseq.ihec-chipseq-containerv1.1.4.IHECRE00000665.1.e9a22a10-4147-4184-8f97-9e6f19793d99.fc.signal	0	0	0	0	0	0	0	0.24319	0.113292	0	0	0.172854	0.306137	0.287665	0	0.0589173	0.363572	0.267704	0.127573	2.05444	2.72741	2.42087	2.72237	1.31041	0.759673	0.521247	0.922404	0.280245	0	0	0	0.0687249	0.486686	0.0429745	0	0.0457141	0.232799	0.566398	0.336348	0	0.280303
ihec.chipseq.ihec-chipseq-containerv1.1.4.IHECRE00001914.1.10de6d23-02d2-4d71-9c7c-c7a23a9dea76.fc.signal	2.32033	1.22991	0.122801	0	0	0	0.262287	0.632245	0.104272	2.63577	1.48987	1.30362	0.31106	0	0	0.131362	0.629966	1.34486	1.17397	0.442636	1.27079	0.889588	1.39874	1.34344	0.276174	0.863763	1.186	0.67539	0	0	0.0526683	0.916088	0.808144	0.0260655	0.402609	0.193765	0.603126	0.727043	0.163202	0	0.205607
ihec.chipseq.ihec-chipseq-containerv1.1.4.IHECRE00003806.1.ea2564bf-c4d4-400e-ac7f-5d44b98fa6dd.fc.signal	0.0627637	0	0	0	0	0	0	0	0	0	0	0.172639	0.246508	0.189275	0.232528	0.235627	0.15261	0.086951	0.430235	0.524945	1.61547	5.00529	5.64299	3.4587	1.77814	0.582941	0.165968	0	0	0	0.0242524	0.226447	0.0687299	0.166577	0.33345	0.174848	0.166756	0.0125638	0	0	0
ihec.chipseq.ihec-chipseq-containerv1.1.4.IHECRE00002086.1.e56e7efe-813c-4380-b8af-078cacdb962a.fc.signal	1.88424	1.09221	0.323262	0.236567	0	0.205088	0.350989	0.639205	1.02254	0.0807116	0.187899	0.256305	0.0909183	0	0	0.078112	0.19528	0.192186	0.383043	0.841199	3.48511	7.19205	3.0461	1.95233	1.5903	1.17738	0.919576	0.78016	0.0671502	0.626955	0.111808	0	0.270682	0.535411	0.684791	0.956914	0.454444	0.536753	0.258958	0	0.852941
ihec.chipseq.ihec-chipseq-containerv1.1.4.IHECRE00002067.1.afbe02e8-50de-460a-8edc-cfae9d057ff1.fc.signal	0	0	0.169149	0.122748	0	0	0.26911	0.19822	0	0	0.0234928	0.947911	0	0	0	0	0	0	0.290727	2.36279	3.41386	7.18055	11.5263	7.19538	6.05796	1.58429	0.560609	0.432555	0.166651	0.455428	0.223649	0	0	0.347777	0.270028	0.619485	0.1005	0.571243	0	0	0.7
ihec.chipseq.ihec-chipseq-containerv1.1.4.IHECRE00000232.3.285e51c7-b00d-4bd1-94fb-890aaf69f0f5.fc.signal	0.639809	0	0	0	0	0	0.387772	0.592741	0.376693	0	0	0	0	0	0	0	0	0	0.0664752	0.538243	2.07003	2.78671	0.282949	0	0	1.01096	3.01617	1.40147	0	0	0	0	0	0	0	0	0	0	0	0	0.142395
ihec.chipseq.ihec-chipseq-containerv1.1.4.IHECRE00003693.3.38d96ded-07f5-41c6-bca5-4d0a649a7511.fc.signal	0	0	0.119439	0.20567	0.0338221	0.241457	0.104107	0	0.0219612	0.38909	0.0164688	0	0	0	0	0	0	0	0.319304	0.766918	1.01146	2.84665	2.44458	1.33815	0.389701	0	0	0	0	0	0	0	0	0	0	0	0	0	0	0	0.473684
ihec.chipseq.ihec-chipseq-containerv1.1.4.IHECRE00003842.2.ac8d699d-9ae8-4731-8d5c-e996a9937a09.fc.signal	0	0.470322	0.665698	0.318074	0	0	0	0.135483	0.900052	0.683506	0.470774	0.121349	0.163609	0.34087	0.0766894	0.995412	1.35893	0.694378	0.737117	0.28987	1.03236	3.04879	4.48697	2.21348	1.79384	0.806011	0.0538128	0.285318	0.458063	0.75218	0.20144	0.198493	0.784721	0.0874744	0.129517	0.558706	0.407951	0.366293	0.599413	0	0.0949153
ihec.chipseq.ihec-chipseq-containerv1.1.4.IHECRE00003832.2.0d70dbb5-6bd0-48ac-bde1-b73edc6398bb.fc.signal	0.242204	0.103423	0	0	0	0.625055	0.857231	1.37388	1.74825	0.481604	0.109274	0.762403	0.723551	0.530576	0.508457	0.648436	0.238499	0	0.43431	0.860531	0.67899	3.0794	3.47823	0.837449	0.343813	0	0	0.0454091	0.518537	0.304025	0.0983349	0.258394	1.52342	0.86621	0.322769	0.764346	0.582423	0.246353	0	0	0.220217
ihec.chipseq.ihec-chipseq-containerv1.1.4.IHECRE00003819.1.efaf5424-48a2-426f-8f4e-0fdd590e949e.fc.signal	0.219291	0.116139	0.220186	0.249654	0.101996	0.0877982	0.107381	0.18125	0.192825	0.191524	0.185691	0.160372	0.128806	0.136382	0.118109	0.199585	0.340154	0.666014	0.416524	0.377683	0.229703	0.0247431	0.13693	0.108336	0.0402633	0.0410383	0.147942	0.461499	0.560649	0.995112	0.696255	0.0671796	0	0	0.0888947	0.144567	0.0111961	0.112947	0.139136	0.0744337	0.340381
ihec.chipseq.ihec-chipseq-containerv1.1.4.IHECRE00001990.1.7114bd47-4fa8-4cc2-a314-a8f63b9a798b.fc.signal	0.25935	0.51655	0	0	0	0.0261765	0.627804	0.438951	0.199811	0	0.209412	0.702694	0.556759	0.022928	0.217826	0.579317	0.484067	1.18144	0.784937	0.825441	0.626481	3.96509	10.0884	9.91045	3.95139	1.04279	0.549125	0.583641	0.820298	0.55123	0.524139	0.0114648	0	0.145109	0.535797	0	0.255948	1.24251	0.130301	0	0.657143
ihec.chipseq.ihec-chipseq-containerv1.1.4.IHECRE00000938.7.1659b47b-476e-4682-be7c-d4be233323ec.fc.signal	0.458831	0.195958	0.712141	0	0	0	0	0.45442	0.286768	0	0.26765	1.548	0.895007	0	0	0.29125	0.492082	0.191081	0.161762	0.320707	0.381568	0.20478	1.24131	1.54652	1.23699	0.526635	0.178126	0.0459443	0.463702	0.70076	0.107952	0.23054	0.582075	0.809608	1.5637	0.860498	0	0	0	0	0.00917431
ihec.chipseq.ihec-chipseq-containerv1.1.4.IHECRE00003680.3.d0662727-3cb8-42a6-9eb8-875cfded9c1e.fc.signal	0	0	0.206918	0.343716	0	0	0.449216	0.169037	0.0253743	0.481453	0.0744741	0	0	0	0	0	0.02026	0.182253	0.322334	0.0035788	0.140001	0.219309	0.548964	0.593206	0.493837	0.618856	0.0029268	0	0	0	0	0.126532	0.0870173	0.12587	0.419417	0	0.222126	0.264236	0	0	0.922727
ihec.chipseq.ihec-chipseq-containerv1.1.4.IHECRE00002058.1.74e68fe6-66c5-49bf-a809-80390106feb5.fc.signal	0.450501	0.929907	0.948993	0	0	0	0.325503	0.31776	0.0387387	0.58108	0.058108	0.347332	0.255573	0	0	0.182431	0.230979	0.448051	0.33304	2.90606	6.62593	6.68082	10.867	11.7017	3.41326	2.14461	0.457801	0.818648	1.18364	0.244665	0.244498	0.338491	1.16172	0.44233	0.245269	0.232548	0.371608	0.719519	0.031042	0	0.81
ihec.chipseq.ihec-chipseq-containerv1.1.4.IHECRE00000152.3.8ed625cd-d912-4521-bd62-5effff61a9e5.fc.signal	0	0	0	0.447873	0.538542	0	0.213472	1.087	0.182107	0.835626	0.0753432	0	0	0	0	0	0	0.435316	0.734764	1.207	1.76912	2.62223	8.55972	5.89549	4.42977	1.99129	0.282961	0.485545	0.22603	0	0.382491	0.268957	0	0	0.339094	0.153315	0	0.0578724	0.603291	0.341564	0.0698925
ihec.chipseq.ihec-chipseq-containerv1.1.4.IHECRE00003678.3.b0b3e62c-a424-40a0-81dc-b67047b2608e.fc.signal	0.199358	0.0867433	0	0	0	0.201829	0.556884	0.351595	0.856115	1.16837	0.891053	1.05541	1.17186	0.323639	0	0	0.066468	0.207675	1.05772	3.0327	1.29928	1.78055	2.76425	2.06196	1.7134	1.22079	0.407569	1.16263	0.780483	0.0369779	0.703829	0.554582	0.973251	0.373048	0.0921364	0.516962	0.146305	0	0	0	0.710784
ihec.chipseq.ihec-chipseq-containerv1.1.4.IHECRE00003679.3.9a67dbab-2305-42d6-a0ec-7cb7b956e3e2.fc.signal	0.275297	0.359962	0.442558	0.747668	0.914212	1.03354	0.521004	0.138563	0.289247	0.629609	0.761833	1.30571	0.981984	0.308443	0.221881	0.734509	2.03142	1.80863	1.12056	2.71788	0.692172	1.46824	3.56262	2.40932	2.74455	1.95099	1.00176	0.506571	0.14387	0.706513	0.315856	0.322144	0.634569	0.978816	0.956003	0.649096	1.20224	0.731169	0	0	0.789969
ihec.chipseq.ihec-chipseq-containerv1.1.4.IHECRE00000957.7.280608e3-f2db-495d-8512-5761688a7d39.fc.signal	0.316056	0.0664453	0	0	0	0	0.35425	0.327	0	0	0	0.604042	0.0772083	0	0	0	0	0.768475	0.416098	0.572153	0.510508	0.767158	0.256084	0.351559	0.50237	0.0634483	0	0.316148	0.329462	0.616136	0	0	1.98362	0.930975	0.35553	0.846787	0	0	0	0	0.334408
ihec.chipseq.ihec-chipseq-containerv1.1.4.IHECRE00003660.4.a11d1f85-8da4-41e8-ae9d-f92acd6fb7a1.fc.signal	0.146669	0	0	0	0	1.2053	2.22093	0.755753	0	0	0	0	0	0	0	0	0.572005	1.72735	1.10243	0.601541	0.63593	0.396995	0	0	0	0.263738	0.528953	2.13604	0.509626	1.1206	0.667954	0.363658	1.46512	1.71893	0.230626	0.170111	1.03099	0.920889	2.05299	0.04572	0.286184
ihec.chipseq.ihec-chipseq-containerv1.1.4.IHECRE00003816.1.84512a91-a776-4fd0-a1fe-d8e26565da5e.fc.signal	1.00248	0.898122	0.145031	0.123287	0.36251	0.44411	0.963104	0.729782	0.0507724	0.331105	0.116179	0.215672	0.477344	0.359757	0.315588	0.369795	0.431529	0.178993	0.291471	0.48282	0.659322	0.956696	1.15938	0.502737	0.275797	0.33722	0.203396	0.321641	0.140869	0.864527	0.476254	0.109628	0.175243	0.0979603	0.262798	0.0628501	0.606867	1.10823	0.28884	0	0.603604
ihec.chipseq.ihec-chipseq-containerv1.1.4.IHECRE00000153.3.03d3daca-2020-41d6-9d70-66acec6b65de.fc.signal	0	0.0414904	0.624619	0.0979845	0	0	0	0.186707	1.16881	0.763585	0.638991	0.745816	0.868214	0.464266	0.238895	0.441953	0.314038	1.04749	1.80862	1.08334	2.12519	0.295889	0.789997	0.643637	0.79902	1.34068	0.570953	0	0.252918	0.897544	0.295048	0.508987	0.297603	0.61074	0.0650016	0.306551	0.34291	1.68119	1.01446	0	0.164021
ihec.chipseq.ihec-chipseq-containerv1.1.4.IHECRE00002063.1.7418f6bc-6e40-4cd9-9c59-6013c4a60b00.fc.signal	0.690162	1.11997	1.02297	0.204919	0.219065	0.234165	0.191596	0.350892	0.659361	1.08641	0.989962	0.711949	0.345001	0.406462	0.217993	0.526351	0.698699	0.609853	0.962391	2.27465	3.20423	4.58864	3.97107	2.04424	1.28031	1.58443	1.08341	0.436897	0.501166	0.85521	0.626466	0.571815	0.785113	0.985843	0.711939	0.644145	1.12721	0.693577	0.188896	0	0.8125
ihec.chipseq.ihec-chipseq-containerv1.1.4.IHECRE00000864.3.f60db18a-9bf4-4a85-95cc-68f3cffdac0c.fc.signal	0	0	0	0	0.604033	5.56343	1.7826	0	0	0	0	0	0	0	0	0	0	0	0	0	0	0	0	0	0	0	0	0	0	0	0	0	0	0.522413	3.91242	0	0	0	5.8751	3.76759	0.156092
ihec.chipseq.ihec-chipseq-containerv1.1.4.IHECRE00002076.1.c5ef21e4-195e-4160-bc6c-4a5cf2e91a44.fc.signal	0	0.576749	1.35003	0.105457	0.710966	0.498582	0	0	0	0	0.977912	0.457816	0.62416	0.43718	0.142084	0	0	0.380426	1.44447	1.77327	2.30012	2.40466	2.32481	2.84149	1.30508	0.925177	0.715913	0.485363	0.367339	0	0.744055	1.169	0.264252	0.387646	0.0961931	0.819004	1.25627	0.0693716	0.548636	0.387494	0.8
ihec.chipseq.ihec-chipseq-containerv1.1.4.IHECRE00001458.1.478dd8ee-7056-4a3a-8717-364193310324.fc.signal	0	0	0.140851	0.486873	0.224	0	0	0	0	0	0.0233525	0.205845	0.122128	0	0	0	0	0	0.510983	1.62277	0.673393	2.00575	4.62565	2.27035	0.228668	0.406809	0.369133	0.49	0.232385	0	0	0	0	0	0	0	0	0	0	0	0.228814
ihec.chipseq.ihec-chipseq-containerv1.1.4.IHECRE00000194.3.9b81160b-c764-4c34-9ec6-4766d8fea0c2.fc.signal	0.686815	0.863635	0.553225	0.411673	0	0	0	0	0.274853	0.615787	0.218723	0.865179	0.356963	0.367216	0.516802	0.424241	0.219863	0.377177	1.1104	0.955634	0.544536	0.531941	0.452181	0.286321	0.409166	0.231262	0	0.672245	0.790807	0.765239	0.182667	0.86913	0.574092	0.479672	0.62635	0.288159	0.718735	0.993649	0.790917	0.45222	0.0887097
ihec.chipseq.ihec-chipseq-containerv1.1.4.IHECRE00000784.3.34f373d0-ec85-43e8-be9c-456d096f409b.fc.signal	0.198083	0.269551	0	0	0	0.242707	0.432731	0.0203887	0.362059	0.034861	0.0194481	0.614882	0	0	0	0	0	0.0364597	0.642264	1.05175	1.28054	0.418801	0.497373	0.547393	0.155848	0.730135	1.38088	1.54713	0.0880946	0	0.683447	0.904282	0.530762	0.443972	0.130064	0.0971031	1.04241	1.37035	0.342586	0	0.13187
ihec.chipseq.ihec-chipseq-containerv1.1.4.IHECRE00001997.1.f0f49cb4-faa4-493d-95f6-28ba67fd8f5a.fc.signal	0.394575	0.150579	1.0177	1.10824	1.86081	1.60497	0.537539	0.845001	0.577237	1.66032	0.706891	0.158022	0	0	0.410896	0.62022	0.375877	0	1.18483	2.45497	3.27243	5.50981	10.4508	4.58876	1.66795	2.32857	0.411364	0.458723	0.189494	0.453548	0.277957	0.213183	0.840151	1.59659	0.188189	0.359884	0.341016	0	0	0	0.784314
ihec.chipseq.ihec-chipseq-containerv1.1.4.IHECRE00001916.1.b312b64f-9e57-40a1-8990-36799deb53e5.fc.signal	0.89015	0.951564	0.364368	0.437821	0.412578	0.462207	0.120061	0.270685	0	0.107971	0.173026	0.38799	0.325616	0.137993	0	0	0	0.647106	0.529176	0.521011	0.955309	0.0656975	0.112695	0.361381	0.428506	0.534837	0.475866	0.447656	0.607004	0.732073	1.02296	0.323941	1.24339	0.9905	0.994878	0.978942	0.571544	2.44191	1.13381	0	0.0981595
ihec.chipseq.ihec-chipseq-containerv1.1.4.IHECRE00001921.1.e0431336-7ca3-491c-a874-4a2ee7005698.fc.signal	0.59804	0.153434	0.46019	0.22246	0	0	0.147216	0.700002	0.873371	1.04042	1.03671	0.384234	1.25832	1.28987	0.620806	0.165381	0	0	0.0505545	0.841739	1.36211	1.02062	0.489328	0.339419	0.382003	0.556078	0.592551	0.239948	0	0.152596	0.393586	0.279665	0.22998	0.0047704	0.0259648	0.309567	0.609097	0.46457	0.0203988	0	0.0591398
ihec.chipseq.ihec-chipseq-containerv1.1.4.IHECRE00000987.6.f1a05120-9b28-47d7-97dd-561e9dce1de5.fc.signal	0	0	0	0	0	0	0	0.156274	0.370846	0	0.135125	0.931784	0.163987	0	0	0	0	0	0.0699527	0.812268	0.727531	0.402718	0.307388	0.331583	0.830906	0.346631	0	0.21385	0.16166	0.545395	0.568453	0.120063	0.512743	0.112613	0	0	0	0	0	0	0.597297
ihec.chipseq.ihec-chipseq-containerv1.1.4.IHECRE00003835.4.7cb1b260-ca75-46bb-8f6a-650a6447c78b.fc.signal	0.173762	0.460979	0.663516	0.359801	0	0	0	1.15414	1.28146	0.304445	0	0	0	0.476072	0.744038	0.296212	0	0.678684	0.598078	0.769441	1.5291	3.32332	5.47037	2.64753	0.98815	0.695755	0.00262387	0	0	0	0	0	0	0.106376	0.345193	0	0	0.0634906	0.671336	0.370908	0.302521
ihec.chipseq.ihec-chipseq-containerv1.1.4.IHECRE00003827.1.933a7d27-4354-4302-9c64-4b388ac0b67b.fc.signal	0.29769	0.7144	0.535836	0	0	0	0.117416	0.690935	1.19917	0.800002	0.00550027	0.371861	0.505852	0.733694	0.190325	0	0.022499	0.416221	0.101996	0.707011	1.62185	1.62206	3.51297	1.12811	0.4445	0.324803	0.278109	0.32973	0.158288	0	0	0.180698	0.450758	0.16862	0.00550027	0.383581	0.139397	0.302512	0.327768	0	0.0927152
ihec.chipseq.ihec-chipseq-containerv1.1.4.IHECRE00001901.1.f49f8858-2472-44f2-b550-626e1e1b869d.fc.signal	0.129811	0.170115	0.248688	0.0982984	0	0.0350926	0.440995	0.488949	0.284392	0.262916	0.103474	0.0732927	0.35008	0.321502	0.155208	0.113532	0.0172453	0.171595	0.236934	0.143191	0.113867	0.549754	0.504726	0.424718	0.402888	0.150455	0.265699	0.639104	0.356788	0.14079	0.192803	0.147359	0.166092	0.596908	0.695758	0.744432	0.58595	0.514886	0.239007	0	0.371694
ihec.chipseq.ihec-chipseq-containerv1.1.4.IHECRE00003817.1.938c2b4b-daef-44d7-a2de-46b7f4271c13.fc.signal	0.188381	0	0	0	0	0	0	0.0517387	0.243165	0.240209	0.158271	0.0277145	0	0	0.00362262	0.0605431	0.131801	0.128141	0.0689794	0.194778	0.0752323	0	0.108649	0.526612	0.650417	0.378318	0.176649	0.563939	0.344425	0.0635644	0.371031	0.268296	0.184204	0.191496	0	0.193897	0.317358	0.176714	0.2136	0.11087	0.349293
ihec.chipseq.ihec-chipseq-containerv1.1.4.IHECRE00003683.3.a1786588-e489-4c70-a7da-27b695059d11.fc.signal	0	0.164179	0.366937	0.00834933	0.25048	0.479034	0.187024	0	0.239856	0.589054	0.5595	0.791507	0.33397	0	0	0	0	0.142704	0.478427	1.31954	1.82583	2.67646	5.21344	1.18065	0.487493	0.73525	0.765348	0.0232788	0	0	0	0	0.00556933	0.310991	0.185575	0.487886	0.0361532	0.225428	0.342317	0	0.523438
ihec.chipseq.ihec-chipseq-containerv1.1.4.IHECRE00003689.3.e809e596-752e-4188-9554-1c259b625898.fc.signal	0.987551	2.19059	0.380483	0	0.493952	0.941269	0.302668	0.499907	0.663759	0	0.361043	1.19413	0	0	0	0.282353	0.801876	0.721018	0.684948	1.41549	0.48282	0.277496	1.6573	0.345881	0	0.296116	1.00714	0.236487	0	0	0	0.668839	1.08041	0.997335	0.635982	1.17188	0.511015	0.55545	0.480461	0	0.202279
ihec.chipseq.ihec-chipseq-containerv1.1.4.IHECRE00001460.1.9053356a-2204-4b95-b0ed-ab6799692f8c.fc.signal	0	0.15743	0.301715	0	0	0	0	0	0	0	0.437313	0.122638	0	0	0	0	0	0.356252	0.510322	1.35831	1.41121	3.28901	3.80841	1.59597	1.92569	1.39757	0.161729	0	0.110342	0.444429	0.351484	0.163144	0	0.0481741	0.316891	0.201497	0.0772479	0	0	0	0.239316
ihec.chipseq.ihec-chipseq-containerv1.1.4.IHECRE00001962.2.d1151f44-0503-431c-bfe2-499fbc35c555.fc.signal	0.918945	0.163028	0	0	0	0	0	0	0	0	0	0.119906	0.31075	0.0623314	0	0.00548489	0.174993	0.386967	0.316707	0.256662	0.0981617	0.260558	0.194653	1.15924	1.55305	0.807523	0.291857	1.09293	0.755451	0.611313	0.347505	0.696658	0.881402	0.69697	0.459909	0.153163	0.227325	0.254005	0.316684	0.123731	0.41
ihec.chipseq.ihec-chipseq-containerv1.1.4.IHECRE00004664.3.6d452180-a6ee-4609-96f0-3f1b6ca1f2c8.fc.signal	0.748195	0.899918	1.35744	0.412936	0.327105	0.282874	0.732408	0.984554	0.942201	0.727096	0.730269	0.508231	0.484189	0.343931	0.338669	0.763499	0.81399	0.561742	0.691522	0.824442	0.758259	0.702671	0.765252	0.7669	0.532838	0.613812	0.769628	0.477862	0.694692	0.979524	0.271133	0.470378	0.923576	0.969594	0.916259	1.17742	0.534376	0.915503	1.52261	0.914967	0.0999626
ihec.chipseq.ihec-chipseq-containerv1.1.4.IHECRE00003822.3.0dede2f1-96bf-4b8c-be31-6e377ad3e4f5.fc.signal	0.256784	0	0.418147	0.222691	0	0.096124	0.414943	0.174626	0	0.302793	0.81712	0.560606	0.513479	0.442865	0.096124	0.651981	1.11304	0.75707	0.147664	0.537861	0.801191	2.41274	2.45075	1.45628	0.950959	0.531575	0.764048	0.840453	0.358345	0.0555606	0.170383	0.467004	0.489401	0.373921	0.284183	0.56948	0.354458	0.00863413	0	0	0.155689
ihec.chipseq.ihec-chipseq-containerv1.1.4.IHECRE00003845.2.9e5db108-fb6f-41e3-a18b-d6050acde8c3.fc.signal	0	0	0.313063	0.195995	0.145401	0.412638	0.224621	0	0.229667	0.705348	0.125772	0.611063	0.661253	0.232597	0.0169605	0.848267	0.857204	0.622748	0.918479	2.1111	2.48204	1.48167	2.23368	1.60897	1.2349	0.201748	0.088424	0	0.0286495	0.250966	0.828156	0.549363	0.258848	0.263101	0.501985	0.475069	0.138622	0	0	0	0.204748
ihec.chipseq.ihec-chipseq-containerv1.1.4.IHECRE00000304.2.9b772fbc-a0b5-4797-8420-b53c8fa65644.fc.signal	0.287114	0	0	0	0	0	0	0	0	0	0	0.0923692	0.650862	1.32201	0.860556	0.400612	0.208738	0.43583	0.527099	0.440732	0.354472	0.811103	0.108418	0	0	0.0515897	0.595255	0.783788	0.451997	0.358849	2.52596	2.2134	0.661569	0	1.08232	0.786949	0	0	0.371735	0.63364	0.135593
ihec.chipseq.ihec-chipseq-containerv1.1.4.IHECRE00000226.3.0efe9323-bb7a-4549-ab51-b36e1f1ce2c0.fc.signal	1.04147	0.177743	0	0.0178649	0.639424	0.649734	0.570007	0.0140465	0	0	0	0	0	0	0	0	0	0	0	0.22518	0.656688	1.17611	1.16099	0.418754	0.34403	0.506132	1.001	1.06807	0.410632	0.592684	1.23463	0.518979	0	0	0.0069172	0.343825	0.407231	0.343407	0.206371	0.00899	0.177305
ihec.chipseq.ihec-chipseq-containerv1.1.4.IHECRE00001379.1.7bb30dcc-e5cd-42c7-b3cc-00ab7aee3887.fc.signal	0.282398	0.483865	0.114497	0.0948687	0.84821	0.9814	0.457987	0	0	0	0	0	0	0.12618	0.489225	0.427322	0.225683	0	0.157256	0.531075	1.34351	3.37788	4.2974	2.89957	2.26527	0.750734	0.134125	0.058884	0.451877	0.1424	0	0	0.126981	0.494203	0.521038	0.463675	0.114497	0	0	0	0.137615
ihec.chipseq.ihec-chipseq-containerv1.1.4.IHECRE00001900.1.5c07f984-971d-485b-aaa7-9eb650115736.fc.signal	0.507994	0.325063	0.371097	0.0406532	0.0456311	0.230531	0.497638	0.210082	0.252391	0.901723	1.30867	1.15258	0.751347	0.265593	0.0163339	0.280813	0.544582	0.751321	0.61828	0.843655	0.484461	0	0.091927	0.286003	0.255544	0.155725	0.352419	0.293373	0.240126	0.691293	0.865418	0.528105	0.296519	0.676397	0.674102	0.0802454	0.150919	0.255943	0	0	0.425352
ihec.chipseq.ihec-chipseq-containerv1.1.4.IHECRE00001315.1.62d7109e-8999-4534-ab39-8054c39c7871.fc.signal	0.929501	0.126472	0.50466	0.0807456	0	0	0	0	0	0	0.440156	0.228779	0.590588	0.700066	0.0380719	0.290259	0.247283	0.0854229	0.372319	1.01971	1.5291	3.74153	6.70851	3.86759	2.06831	0.486545	0	0	0.0661778	0.575801	0.142734	0.226373	1.11421	0.595971	0.033644	0	0	0.242142	0.259004	0	0.345912
ihec.chipseq.ihec-chipseq-containerv1.1.4.IHECRE00001963.2.5dfb9b40-6b47-44fd-9ffc-ba05e31611c9.fc.signal	1.05942	0.617637	0.293835	0	0	0	0	0	0.0343848	0.237963	0.227627	0.1898	0.265169	0.479377	0.495359	0.40417	0.426816	0.198018	0.00792253	0.332188	0.63556	0.708934	1.11799	0.818973	0.384411	0.124959	0.165057	0.179734	0.184679	0.248428	0.356266	0.129792	0.290602	0.360601	0.22512	0.174778	0.138154	0.021814	0.185025	0.231761	0.298013
ihec.chipseq.ihec-chipseq-containerv1.1.4.IHECRE00001548.1.ee5a3664-07e5-4d43-88be-221375bd110b.fc.signal	0.0566469	0	0	0	0	0	0	0	0.652576	0.508262	0.263839	0.151685	0	0.68367	0.802191	0.36592	0.227754	0.358921	0.215912	0.259686	1.82112	8.21798	10.778	13.4879	7.01683	1.8647	1.23179	0.328511	0.261237	0	0	0	0	0	0	0.613208	0.419256	0	0	0	0.0686275
ihec.chipseq.ihec-chipseq-containerv1.1.4.IHECRE00003690.3.e849a0a4-b91f-4930-9a8d-97e433f1508c.fc.signal	0.164031	0.233217	0.521214	0.0294408	0.189262	0.36801	0.434252	0.11531	0	0	0	0.0785088	0.58809	0.0907786	0	0	0	0	0.555075	0.479074	0.383206	1.4084	1.44754	1.65621	1.07551	1.25136	0.0196272	0	0	0	0	0.495587	0.338569	0.253286	0.777301	0.35329	0.174191	0.0637884	0.73602	0.135583	0.575
ihec.chipseq.ihec-chipseq-containerv1.1.4.IHECRE00003833.4.13578db3-4212-4341-9822-49765f351d24.fc.signal	0.711	0.160202	0.871095	0.876118	0.550579	0.763012	1.35983	0.580455	0	0.30099	0.225972	1.40787	2.37645	1.11757	0.573553	0.0290046	0.604351	0.80619	0.384867	0.544047	0.622546	2.10593	6.40795	5.07457	2.02159	0.570218	0.117315	1.23927	1.05028	0.403522	0.0106927	0	0	0.183679	0.220604	0.98005	0.476717	0.15034	1.69088	1.49942	0
ihec.chipseq.ihec-chipseq-containerv1.1.4.IHECRE00000234.3.947636d1-63cf-466c-85ac-2bb2502bcda7.fc.signal	0.865968	0.318418	0	0	0	0.223189	0.89275	0.476134	0	0	0	0	0	0	0	0.486053	0.89275	0.839185	0.780908	1.57109	0.937947	0.494286	0.0988633	0	0	0.800951	1.39551	0.236743	0	0.0650224	0.960975	1.31425	1.01018	0.743045	0.124986	0	0	0	0	0	0.184466
ihec.chipseq.ihec-chipseq-containerv1.1.4.IHECRE00003808.1.4a8b4799-6afb-49ea-a6ae-19a731abd44c.fc.signal	0.346755	1.54738	0.968915	0.00821813	0	0	0	0	0	0.0883796	0.186569	0.132571	0.510529	0.547005	0.36592	0.152326	0.0950222	0.203452	0.685287	0.620571	0.6762	0.526808	1.16471	1.10376	0.647307	0.541474	0.359631	0.896996	0.879895	0.72384	0.457998	0	0.242414	0.519902	0.259974	0.27953	0.0745077	0.534461	0.358584	0	0.398119
ihec.chipseq.ihec-chipseq-containerv1.1.4.IHECRE00003804.1.b908a70c-a0dd-4409-9203-84ba65c7adc1.fc.signal	0.351478	0.361321	0.126866	0.110017	0	0	0	0.119358	0.266473	0.294708	0.43035	0.378974	0.463	0.370807	0.224481	0.625773	0.65297	0.375892	0.823847	0.962076	0.918542	1.0271	0.400922	0.153393	0.0710496	0.182979	0.178762	0.242643	0.201108	0.478595	0.542336	0.0846591	0.23707	0.0783019	0.108726	0.354576	0.413465	0.577126	0.275381	0.16331	0.302252
ihec.chipseq.ihec-chipseq-containerv1.1.4.IHECRE00001913.1.c0dc13ea-ece0-417c-9088-4e9c05767179.fc.signal	1.59515	0.814616	0.654532	0.397468	0	0.0415651	0.611251	0.380027	0.665103	1.2319	0.0684414	0.985955	1.20795	0.078484	0	0.192615	0.60634	0.39015	0.152919	1.04333	0.45762	1.61469	1.28713	0	0	0.180603	0.520526	0.817167	0.215361	0.864688	0.14657	0.303583	1.2207	0.974869	0.98762	0.978597	0.793147	0.735573	0.0769653	0	0.130435
ihec.chipseq.ihec-chipseq-containerv1.1.4.IHECRE00000239.3.5678b466-ce35-4b58-8997-0fc1c8726cbc.fc.signal	1.27156	0.279355	0	0.0072254	0.717308	1.62108	2.01328	0.53705	0	0	0	0	0	0	0	0	0	0	0.0409439	0.602833	0.961074	1.11046	0.382098	0	0	0.218289	0.47073	0.355245	0.354431	0.575551	0.175404	0	0	0	0	0.160889	0.620668	0.360213	0	0	0.142415
ihec.chipseq.ihec-chipseq-containerv1.1.4.IHECRE00002005.1.7d48c8fd-5c5b-4bd0-8645-6d9ecb6d3b35.fc.signal	0.375963	0.302394	0.146813	0	0.453568	0.511752	0.523137	0.225668	0	0	0	0	0	0	0	0.109225	1.45433	0.777315	0.469095	0.385203	0.999792	2.3876	6.60253	3.96357	1.9262	1.43226	0.401771	0.310414	0	0	0.374477	0.163812	0	0	0	0	0	0.55238	0.0805803	0	0.78
ihec.chipseq.ihec-chipseq-containerv1.1.4.IHECRE00003810.1.53290f93-d602-40f3-94de-10c56c625511.fc.signal	0.198116	0.156417	0.0488707	0	0	0.0401139	0.26749	0.309718	0.164992	0.0721746	0.209505	0.511516	0.245188	0.0427791	0	0	0.196936	0.669986	0.462668	0.320232	0.302467	0.109659	0.168153	0.0345775	0	0.0488215	0.313563	0.222756	0.231033	0.0667686	0.307741	0.754598	0.506878	0.137193	0.463629	0.167567	0	0	0	0	0.357401
ihec.chipseq.ihec-chipseq-containerv1.1.4.IHECRE00003691.3.58df05be-1225-4fa7-a2b4-32d2d5f1b802.fc.signal	0.155781	0.251202	0.450047	0.189815	0	0	0	0	0.463778	0.216302	0.590358	0.403062	0.252756	0.186609	0	0	0	0	1.04115	2.19139	1.40149	1.76392	1.68369	1.22103	1.23162	0.823927	0.518158	0	0.118672	0.557648	0.303732	0.036108	0.256496	0.318571	0.357372	0	0	0.512089	0.677213	0.217937	0.518248
ihec.chipseq.ihec-chipseq-containerv1.1.4.IHECRE00000243.3.d30ba9b4-7d2d-48aa-b02d-99eb8d60aa7d.fc.signal	0.973119	0.257308	0	0	0	0	0	0	0	0	0.384989	0.450776	0.0176917	0	0	0	0	0.0240007	0.397042	0.833251	0.569811	0.354407	0.180987	0.0309428	0	0	0.164526	0.322865	0.355912	0.981095	1.11238	0.276992	0	0	0	0	0	0	0	0	0.429412
ihec.chipseq.ihec-chipseq-containerv1.1.4.IHECRE00003685.2.99018b0c-bf73-45c8-8a67-210ecd9aefd7.fc.signal	0.400326	0.0970233	0.103864	0.36067	0.134417	0	0	0	0	0	0	0	0	0	0	0	0	0.0367599	0.634308	0.569692	0.956319	2.55312	3.76023	0.617584	0.198894	1.02741	0.440663	0.784093	0.282273	0	0	0	0.121128	0.147669	0	0	0	0	0	0	0.293515
ihec.chipseq.ihec-chipseq-containerv1.1.4.IHECRE00001878.2.fc448a7c-29ec-4102-8bb2-a2d46c051ee6.fc.signal	1.56958	1.94218	0.743746	0.360032	0	0	0	0.400442	3.05855	2.23112	1.37374	1.86638	0.450028	0	0	0.0111347	0.448621	0.649865	0.719595	0.292477	1.34	1.72197	0.690807	0.0231597	0.222347	0.665847	0.613106	0.71059	0.213177	0	0	0.0873488	0.353401	0.446152	0.64146	0.361051	0	0.477093	0.702901	0.0560992	0.353383
ihec.chipseq.ihec-chipseq-containerv1.1.4.IHECRE00003811.1.4326f7eb-62f8-4088-a16a-c972be432d9e.fc.signal	0	0	0	0	0	0.159294	0.35074	0.1074	0.131341	0.315487	0.339135	0.13293	0	0	0	0	0	0.239113	0.455787	0.131171	0.153522	0.011689	0	0	0	0	0.007282	0.265789	0.815571	1.07576	0.478775	0.194534	0.355903	0.176671	0.28902	0.0365964	0.00970933	0.334964	0.201464	0	0.347442
ihec.chipseq.ihec-chipseq-containerv1.1.4.IHECRE00000238.3.0ab311fb-65be-4049-8c99-b5e3d0b121fe.fc.signal	0	0	0	0.107856	0.48293	0.48293	0.262393	0	0	0.0048294	0.42337	0.42176	0.0032196	0	0	0	0	0.347039	0.344175	0.270919	0.540228	0.679084	0.339059	0.029755	0.229053	1.38876	2.15571	1.1495	0.209291	0	0	0	0	0	0	0	0.589245	1.21066	0.691031	0.223924	0.742455
ihec.chipseq.ihec-chipseq-containerv1.1.4.IHECRE00000240.3.8143faf4-bd87-4c0f-98f7-a0083493be0c.fc.signal	0.0298473	0	0	0.106358	0.81814	0.816756	0.705224	0.78795	0.393977	0	0	0	0	0	0	0	0	0.374422	1.82824	1.76108	0.40476	0.568484	0.56815	0.53445	0.00990933	0	0.304299	0.512879	0.295681	0	0	0.0293554	0.682023	0.514146	0	0	0.11313	0.68307	0.46372	0	0.794737
ihec.chipseq.ihec-chipseq-containerv1.1.4.IHECRE00000188.3.02c77ad4-7e66-47c9-9293-090262716389.fc.signal	0	0.104951	0.465886	0	0	0.171369	0.568676	0.43695	0.0658517	0	0	0	0.097412	0.15435	0.0848902	0	0	0	0.433256	2.26436	1.36124	1.94656	7.01155	4.14629	2.56674	2.29018	0.565273	0.213259	0.496439	0.737306	0.519516	0.0338507	0	0.440059	0.236955	0.24711	0.429903	0	0	0	0.28
ihec.chipseq.ihec-chipseq-containerv1.1.4.IHECRE00002065.1.61c76aeb-6fcd-4225-8505-91d356c76671.fc.signal	1.06381	0.975098	0.070872	0	0.432624	0.99377	0.824446	0	0.194898	0.255868	0.692327	1.16098	2.78469	1.27998	0.205046	0	0	0.49721	0.316564	1.68845	3.6323	2.31695	4.76143	5.18566	2.34984	1.42614	1.06257	2.94346	1.1448	0.595345	0.305936	0.689003	1.77932	0.63515	0.685628	1.57742	0.0715031	0.772593	1.71898	0.166029	0.85567
ihec.chipseq.ihec-chipseq-containerv1.1.4.IHECRE00001027.7.e4d29289-880a-4702-8b8e-f0c84a4fa7ab.fc.signal	0.121938	0.420363	0.279253	0	0	0	0	0.278095	0.272316	0.408474	0	0.358434	0.639034	0.0654987	0	0	0.276497	0.328407	0.911736	1.18801	0.647134	0.0135421	0.29861	0.19496	0.0520307	0.78259	0.153551	0.486619	0.515197	0.401436	0.47129	0.530684	0.585871	0.531997	0.809085	1.16414	0.343539	0	0	0	0.163683
ihec.chipseq.ihec-chipseq-containerv1.1.4.IHECRE00001902.1.106ce4ce-0899-4923-ab52-2539c6d5842d.fc.signal	0.665818	0.586015	0.294031	0.189487	0	0	0	0	0	0	0	0.215083	1.15684	0.657752	0.0812475	0	0.0572545	0.734993	0.657274	0.475894	2.10507	0.874747	0.527109	1.02904	1.08334	0.0672198	0	0.146395	0.769285	0.746356	0.14473	0.00239613	0.381252	0.378052	0.813834	0.542385	0.468044	0.286836	0.358762	0.388493	0.475649
ihec.chipseq.ihec-chipseq-containerv1.1.4.IHECRE00000949.6.f5651615-e1a0-4ca6-b62c-507789eb8f29.fc.signal	0.916905	0.299961	0	0	0	0	0.7498	1.12775	0.434667	0.257509	0.420677	0.435581	0	0	0	0.357649	1.41055	0.898689	1.02965	1.24332	0.340836	0.619031	0.651733	0.187804	0.359147	0.273145	0	0	0	0	0.187332	0.296229	0.187177	0.19853	0.636793	0.982505	0.510361	0	0	0	0.608187
ihec.chipseq.ihec-chipseq-containerv1.1.4.IHECRE00001014.4.64c19388-ff65-4d1c-b67d-140f7fdcc5ec.fc.signal	1.48073	1.27575	0	0.0511478	0.818896	1.39033	1.09435	0.489545	0.0217952	0	0.0530344	0.394023	0.429378	0.221863	0	0	0	0.161629	0.150575	0.407562	0.27954	0.390006	0.798545	0.478586	0.416863	0.0332259	0.298479	0.774361	0.287117	0	0.630393	0.964904	0.257183	0.524131	0.0286504	0.00727727	0.365836	0.924225	0.57386	0	0.144385
ihec.chipseq.ihec-chipseq-containerv1.1.4.IHECRE00000235.3.fa965d5e-3212-42b6-831c-bef0d8c34b17.fc.signal	0.292187	0	0	0	0	0	0	0	0	0	0	0	0	0	0	0	0	0.0509631	1.07285	2.67138	1.67307	0.688228	0.303038	0.136757	0.134346	0.296031	0.237892	0.291123	0.522521	1.21319	1.03527	0.073934	0	0	0	0.108632	0.966887	1.0782	0.219946	0	0.139303
ihec.chipseq.ihec-chipseq-containerv1.1.4.IHECRE00000229.3.f271a62d-3491-479a-a751-15089b16148d.fc.signal	0.489262	0.175544	0	0.225131	1.01038	1.36686	1.33168	0.630124	0.0725545	0	0	0	0	0	0	0	0	0	0.343488	1.54461	1.78704	4.0376	3.95814	0.838499	0.100296	0.347131	0.668504	0.142533	0	0.190348	0.324639	0.181688	0.247386	0.361497	0.248598	0.270427	0.0923742	0	0	0	0.169951
ihec.chipseq.ihec-chipseq-containerv1.1.4.IHECRE00001891.4.a2d61bfb-036d-437b-8ae2-e19cfaed58e3.fc.signal	0	0.280115	0.119638	0	0	0	0.476254	1.8813	0.0190844	0	0	0	0	0.0120739	0.846861	0.85747	0.0571647	0.0299095	1.02767	1.09487	0.262733	0.742964	0.662303	0.170667	0.402918	0.353497	0	1.54787	0.543845	0	0	0	0.313417	0.32227	0.235825	0.856002	0.207066	0	0	0	0.238095
ihec.chipseq.ihec-chipseq-containerv1.1.4.IHECRE00000246.3.799a69c3-33fa-4f43-987e-b92c694fb182.fc.signal	0	0	0	0.0191008	0.864594	1.43244	1.20086	0	0	0	0	0	0	0	0	0	0	0.11938	0.55392	2.05556	4.73904	5.99719	3.51429	1.60554	0.819704	0.709096	1.68553	1.69986	0.472745	0	0	0	0	0	0	0	0	0	0	0	0.193798
ihec.chipseq.ihec-chipseq-containerv1.1.4.IHECRE00000221.3.b95e5419-47c1-4594-b280-863f31043d11.fc.signal	0.0822959	0	0	0.0080936	0.20234	0.354178	0.349454	0.0741913	0	0	0	0	0	0	0	0	0	0	0	0	0.0653849	0.428085	0.456829	0.134829	0.0509017	0.974089	2.28684	0.986237	0.0431659	0	0	0	0	0	0	0	0	0	0	0	0.593985
ihec.chipseq.ihec-chipseq-containerv1.1.4.IHECRE00001918.1.11fd9eb8-5b6f-4afa-840d-cc789a772b00.fc.signal	0.695735	0.590314	0.259037	0	0	0	0.742601	0.993147	0.0027344	0	0	0	0	0	0	0	0	0	0	0	0.324744	0.745862	0.576618	0.0360103	0	0	0.62343	0.244666	0	0.21873	1.12715	0.497229	0.231763	1.00289	0.524646	0	0	0.515234	1.23764	0.124998	0.121711
ihec.chipseq.ihec-chipseq-containerv1.1.4.IHECRE00001915.1.22afc339-aa57-4348-9679-f9a245c12a76.fc.signal	0.346083	0	0	0	0.14863	0.938885	0.862973	0	0	0	0	0	0	0	0	0	0	0	0.318701	1.07136	0.645888	0.289604	0.314208	0.690626	0.889435	0.57965	0.0144503	1.04704	0.765549	0.74032	0.0833745	0	1.06563	1.5995	0	0	0.551573	0.578013	0	0	0.105072
ihec.chipseq.ihec-chipseq-containerv1.1.4.IHECRE00000942.6.080e3fa9-bc5a-499b-b399-c77ec2b63de6.fc.signal	1.51948	0.75496	0	0	0	0	0	0	0	0	0	0	0	0	0	0	0.154125	0.478588	0.781178	0.588296	0.824494	0.298123	0	0	0	0	0	0	0	0	0	0	0.356792	1.00652	0.102067	0.363048	0	0	0	0	0.583893
ihec.chipseq.ihec-chipseq-containerv1.1.4.IHECRE00000222.3.7658b8a6-5812-4677-9cbe-f1a8ce6799e6.fc.signal	0.887951	0.597973	0.0706055	0	0.0206194	0.356481	0.775553	0.610923	0.0279697	0	0	0	0	0	0	0.0628393	0.189498	0.209767	0.467949	1.32893	1.467	0.877521	0.322156	0.0513082	0.232073	0.712537	0.865582	0.859023	0.446233	0.303047	0.714077	0.464424	0.549788	0.63131	0.129059	0.15859	0.818338	0.695148	0.055827	0	0.547826
ihec.chipseq.ihec-chipseq-containerv1.1.4.IHECRE00000309.2.a943b040-543c-406d-aa89-c8951a45361a.fc.signal	0	0	0	0	0	0	0	0	0	0	0	0	0	0	0	0	0	0	0.89763	0.876039	1.15632	0.314131	1.20063	0.769278	1.22463	0.955791	0	0	0	0	0	0	0	0.605723	0.80152	0	0	0	0	0	0.128788
ihec.chipseq.ihec-chipseq-containerv1.1.4.IHECRE00000980.8.62b0a8bc-bda1-41db-aa98-3c8af3513c34.fc.signal	1.26199	0.0539648	0	0	0	0	0	0	0	0.39943	1.15795	0.633125	0.174225	0	0	0	0	0.37786	0.544074	0.492602	0.291052	1.35546	0.940241	0	0	0	0	0	0	0.0167877	0.607247	0.306738	0.545211	0.425594	0.438594	0.43947	0	0	0	0	0.198789
ihec.chipseq.ihec-chipseq-containerv1.1.4.IHECRE00000105.3.350c6b67-eb4b-470a-ae25-ac89d63b764e.fc.signal	0.254949	0.302007	1.5435	0.511785	0	0	0.0784018	1.31612	0.912929	1.07164	1.02023	1.06334	1.08811	0.915148	1.02437	0.711371	0.757891	1.33181	0.783061	0.551924	0.289114	0.354569	0.283619	0.237613	0.137541	0	0	0	0.327069	1.84309	0.768294	0.42269	0.319284	0.435471	0.520113	0.157291	0.685518	0.637528	0.0481876	0	0.263158
ihec.chipseq.ihec-chipseq-containerv1.1.4.IHECRE00000233.3.3299a56a-ce48-45d7-8505-1c5e17cfb4ce.fc.signal	0.188608	0	0	0	0.102972	0.334661	0.65708	0.421817	0.0838332	0	0	0	0	0	0	0	0	0	0.0981786	0.318779	0.520211	0.787515	0.478172	0	0	0.148456	0.608998	1.00764	0.793443	0.354922	0.120389	0	0	0	0	0	0	0	0	0	0.50838
ihec.chipseq.ihec-chipseq-containerv1.1.4.IHECRE00003676.3.5297888b-bbdb-457e-a4df-2ac89d088d0f.fc.signal	0.213824	0.462526	0.404015	0.0563883	0.348187	0.734704	1.57437	1.4627	1.06419	0.271575	0.811226	0.76623	0.0789953	0	0	0	0.385569	0.634913	1.79233	3.20971	3.51959	5.1665	6.42907	4.7097	2.94529	2.36465	1.40249	0.605333	0.66087	1.08842	0.562018	0.70455	0.772227	0.348021	0.892208	0.278949	0.642965	0.722997	0.357402	0	0.816485
ihec.chipseq.ihec-chipseq-containerv1.1.4.IHECRE00001235.5.e75868b0-dba5-45b3-881f-efc56fc44793.fc.signal	0.537827	0.0778266	0	0	0	0.00192525	0.523638	0.403851	0	0	0.452143	1.43954	0.0461397	0	0	0	0.513357	0.564949	0.444436	0.322896	0.673228	2.12888	0.965055	0	0	0.210773	0.681897	0.208279	0	0.171722	0.28401	0.0869094	2.04393	1.82729	0.79883	0	0.278271	0.36674	0	0	0.559633
ihec.chipseq.ihec-chipseq-containerv1.1.4.IHECRE00003809.1.38db5e1e-b517-41f8-9299-1842dfc14577.fc.signal	0	0	0	0	0	0	0.0550307	0.3145	0.345623	0.443067	0.435309	0.280682	0.247724	0.075066	0.10528	0.127518	0.278796	0.464987	0.204564	0.215163	0.406765	0.872239	0.603605	0.354391	0.293552	0.221516	0.0840397	0.094967	0.342289	0.737448	0.742964	0.605989	0.477388	0.316978	0.312506	0.225799	0.0598767	0	0	0	0.303818
ihec.chipseq.ihec-chipseq-containerv1.1.4.IHECRE00000241.3.c79b1a85-93a6-4df3-8f79-1d831e0a6e62.fc.signal	0.065778	0	0	0	0.192636	0.719439	1.28046	0.482367	0	0	0	0	0	0	0	0	0	0	0.0327503	1.45124	2.04434	2.53498	1.66319	0.544875	0.113731	0	0.548142	0.570068	0.138132	0.65777	0.322307	0	0	0	0	0	0	0	0	0	0.0722222
ihec.chipseq.ihec-chipseq-containerv1.1.4.IHECRE00001234.5.20a0ab22-42b4-471a-baa5-513298773085.fc.signal	1.01785	1.2044	0.361998	0	0.322631	0.448942	0.359697	0.0057564	0	0	0	0.116567	0.671049	0	0	0	0	0.642623	0.48624	1.23224	1.05499	1.86569	1.31996	0.640908	1.85878	1.0176	1.04595	1.23067	0	0	0.188536	0.673821	1.59301	1.86518	1.07531	0.698198	0	0	0	0	0.119266
ihec.chipseq.ihec-chipseq-containerv1.1.4.IHECRE00000315.2.8b1ede7b-34f1-454d-b018-7c53e1e7ccf2.fc.signal	1.77383	0.677267	0	0	0	0	1.65249	0.846018	0.153002	0.77951	0.115262	0	1.28331	1.80457	0.113171	0	0	0	0	0	0.126771	0.781961	0.0970501	0	0.277657	1.23246	0.176534	0	0.839178	3.4211	0.876186	0	1.69336	0.688077	0	0	0.315993	1.48709	0.104039	0.402642	0.291304
ihec.chipseq.ihec-chipseq-containerv1.1.4.IHECRE00000247.3.cc9c4e2d-38f9-4b62-8070-eeff484e7e55.fc.signal	0.731711	0.186193	0	0	0	0.655395	2.60252	1.70211	0	0	0	0	0	0	0	0	0	0	0.182242	0.474598	0.390384	0.677083	0.700996	0.131871	0.0276689	0.031764	0.534392	0.875915	0.587979	1.84533	1.23384	0.0191408	0	0	0	0	0	0	0	0	0.193989
ihec.chipseq.ihec-chipseq-containerv1.1.4.IHECRE00001875.2.af475475-ff11-4442-b436-95ec47e48a1c.fc.signal	0.546356	0.784264	0.47432	0.452427	0	0	0.813275	0.511378	1.90206	0.270455	0.834534	1.15537	1.28058	0.174758	0.22937	0.902428	1.82956	0.907819	1.04218	0.917211	0.781139	0.691492	1.97315	1.22371	0	0.727886	0.140089	0	0.514382	1.11381	0.475617	1.46327	1.09956	0.426584	0.688894	0.498015	1.02588	1.12048	0.601873	0	0.29799
ihec.chipseq.ihec-chipseq-containerv1.1.4.IHECRE00000775.1.7eee63c3-1d39-4cd2-beb4-57ed344d2e60.fc.signal	0.368756	0.0150104	0	0.428032	0.47149	0.129747	1.2342	1.70444	2.45518	1.65415	1.58227	0.896692	0.194913	0.439473	0.273648	0	0.137819	0.785096	1.538	0.884369	1.01098	0.854788	0.806196	0.246092	0.684767	0.851607	0.533337	0.93824	0.636657	1.54645	0.898349	0.182534	0.36419	0.606884	1.31005	2.30795	1.12178	1.35405	0.754099	0	0.165912
ihec.chipseq.ihec-chipseq-containerv1.1.4.IHECRE00003686.3.cd4534e8-8eb1-43de-b06d-b173d359a20b.fc.signal	0	0	0	0	0	0	0	0	0	0	0	0	0	0	0	0	0.189766	0.82025	0.362537	0.897289	2.06058	2.83806	2.48262	0.275384	0.235427	0.428889	0.0684845	0	0	0	0	0	0.0540739	0.214363	0	0	0.149926	0.164733	0	0	0.320388
ihec.chipseq.ihec-chipseq-containerv1.1.4.IHECRE00003695.3.4e0e3ebc-98db-4359-b502-e370a14b1038.fc.signal	0.164198	0.371379	0.382446	0.0315624	0.511171	0.52621	0.0455924	0	0.475407	0.620601	0.0666317	0	0	0	0	0	0	0	0.484957	1.9813	1.58909	1.35824	1.69331	1.18703	0.400836	0.0754059	0.852439	0.305175	0.727733	0.576341	0.302472	0.0349517	0.174957	0.216994	0.251621	0.145763	0	0.080681	0.513928	0.00692158	0.550459
ihec.chipseq.ihec-chipseq-containerv1.1.4.IHECRE00003847.4.973e29f2-827c-4305-9bbb-06b19bf500a9.fc.signal	1.88852	0.463899	0.594651	0.769312	0	0	0	0.274304	0.911879	0	0	1.22331	1.14371	0	0	0	0	0.440352	0.474395	1.22868	0.830918	2.36674	5.01301	4.65242	2.40176	2.35244	0.0256639	0.827243	0.232277	0.429884	1.27805	1.21429	1.27438	0.414651	0.007916	0.648668	0.336623	0	0	0	0.458065
