	chr3:14923570-14923719	chr3:14923720-14923869	chr3:14923870-14924019	chr3:14924020-14924169	chr3:14924170-14924319	chr3:14924320-14924359	chr3:14924360-14924469	chr3:14924470-14924619	chr3:14924620-14924699	chr3:14924700-14924769	chr3:14924770-14924919	chr3:14924920-14925069	chr3:14925070-14925219	chr3:14925220-14925369	chr3:14925370-14925519	chr3:14925520-14925669	chr3:14925670-14925819	chr3:14925820-14925969	chr3:14925970-14926119	chr3:14926120-14926269	chr3:14926270-14926419	chr3:14926420-14926569	chr3:14926570-14926719	chr3:14926720-14926869	chr3:14926870-14927019	chr3:14927020-14927169	chr3:14927170-14927319	chr3:14927320-14927469	chr3:14927470-14927619	chr3:14927620-14927769	chr3:14927770-14927919	chr3:14927920-14928069	chr3:14928070-14928219	chr3:14928220-14928349	chr3:14928350-14928369	chr3:14928370-14928429	chr3:14928430-14928519	chr3:14928520-14928669	chr3:14928670-14928698	Expression
ihec.chipseq.ihec-chipseq-containerv1.1.4.IHECRE00003675.3.a6a9e168-f700-4b04-bb33-9eedccb77991.fc.signal	0.58414	1.14903	0.90663	1.21617	1.13059	0.430709	0.323738	0.930651	0.0215333	0	0.101158	0.612947	0.0483322	0.284882	0.861746	1.61571	2.39575	1.20242	1.02752	0.993125	0.256578	0.322081	0.317116	0.571029	0.404614	0.203801	0.249029	0.242271	0.348586	0.246531	0	0	0	0	0	0.448165	1.2054	2.0301	2.95483	0.56383
ihec.chipseq.ihec-chipseq-containerv1.1.4.IHECRE00000709.3.2e9e766f-a8f0-4144-be3d-bffc3ef3aedd.fc.signal	0	0	0	0	0.261522	1.776	2.14032	0.213625	0	0	0	0	0.388612	1.56716	0.896692	2.10024	0.984361	0.834234	0.208769	2.19846	0.234332	1.00897	1.39205	0	0.115036	1.19296	0.0127818	0	0	0	0	0	0	0	0	0	0	0	0	0.565217
ihec.chipseq.ihec-chipseq-containerv1.1.4.IHECRE00003677.3.2aab058a-2f5b-45b4-aeba-aa0a2d209eb3.fc.signal	0.0796947	0.230169	0.157466	0.726239	1.02605	0.754816	0.790141	0.445379	0.0932224	0	0	0	0	0.16435	1.23707	1.04798	0.439141	0.406759	0.937046	0.322124	0.52542	1.34951	0.79781	0.516223	0.0264631	0.0177553	0.237582	0.532065	0.208044	0.311867	0.427351	0	0	0	0	0.38358	0.847324	0.853149	0.584963	0.375758
ihec.chipseq.ihec-chipseq-containerv1.1.4.IHECRE00000665.1.e9a22a10-4147-4184-8f97-9e6f19793d99.fc.signal	0.36814	0	0.382031	1.02846	0.535143	0.373696	0.426086	0.435204	0.500273	0.336159	0.00632433	0.322534	0.139133	0.221575	0.698914	0.369393	0.587011	0.435155	1.1132	0.979132	0.510815	0.208671	0.807988	0.521195	0.304825	0	0.473116	0.925979	0.00505947	0	0	0.120159	0.476896	0.75905	0.56932	0.183402	0	0	0.0196272	0.557018
ihec.chipseq.ihec-chipseq-containerv1.1.4.IHECRE00004647.3.727264aa-cb25-4bb6-be50-7f5732e7e88a.fc.signal	0.200783	0.339335	0.597654	1.40606	1.48935	1.25051	1.05461	0.920551	1.27691	1.34107	1.10255	0.456753	0.60105	0.467323	0.425496	0.740716	0.617741	1.15825	0.958823	0.562429	0.366404	1.19314	1.39564	1.45052	0.639137	0.492329	0.305681	0.717778	0.860397	1.35548	1.1753	0.43327	0.261842	0.399298	0.394195	0.309348	0.506074	1.2517	1.12422	0.831703
ihec.chipseq.ihec-chipseq-containerv1.1.4.IHECRE00000184.3.050c9613-31d2-4cab-9d90-4397cf218171.fc.signal	0.845788	0.285295	0	0.520802	0.973218	0.95419	0.964096	1.12936	0.358641	0.238257	0.390563	0.21814	0.245979	1.64624	1.2765	0.466407	0.763716	0.385711	0.531014	0.932772	0.873831	0.382517	1.00412	0.85581	1.01173	0.465593	1.02384	1.74067	0.463475	0.155961	0	0	0	0	0	0	0	0	0	0.559633
ihec.chipseq.ihec-chipseq-containerv1.1.4.IHECRE00001457.1.fb1fbd8e-766e-4e8e-92ba-d9148c15ec81.fc.signal	0	0	0	0.582034	0.186176	0	0	0.00258573	0.229567	0.47639	0.125658	0	0.407296	1.71198	0.120785	0	0	0.0718048	0.67317	0.718904	0.90653	0	0	0.0543013	0.662815	0.0718048	0.289484	0.438003	0	0	0	0	0	0	0	0	0	0	0	0.520833
ihec.chipseq.ihec-chipseq-containerv1.1.4.IHECRE00000236.3.50e4b52f-c2ee-4e5a-94ba-4c206af20e08.fc.signal	0.199269	0.257548	0.41552	0.605693	0.510832	0.23527	0.0740569	0.0153929	0.123036	0.186006	0.234546	0.206249	0.144856	0.0201573	0.0815845	0.151817	0.225798	0.642148	1.16793	1.07318	0.517331	0.186532	0.264477	0.577456	0.46033	0.0700954	0.0444894	0.296401	0.448237	0.285072	0.292407	0.322812	0.308834	0.463966	0.629594	0.67444	1.09529	1.21551	0.945652	0.510791
ihec.chipseq.ihec-chipseq-containerv1.1.4.IHECRE00003693.3.38d96ded-07f5-41c6-bca5-4d0a649a7511.fc.signal	0	0	0	0	0	0	0	0.0171039	0.179386	0.18669	0.0856275	0.096276	0	0	0.395445	1.88688	3.78689	0.260012	0.728381	0.368901	0.198088	0.228564	0.762557	0.329121	0.0933125	0.0233432	0	0	0	0	0	0	0	0	0	0	0	0	0	0.725225
ihec.chipseq.ihec-chipseq-containerv1.1.4.IHECRE00001965.2.53f657c9-ccc3-46a9-8812-1aa30d387b18.fc.signal	0	0	0	0.292438	0.143481	0	0	0	0	0	0.27359	0.27039	0.0717999	0.459176	0.428902	0.473319	0.899302	0.742379	0.315191	0.292793	0.496293	1.07998	0.189153	0.323755	0.523187	0.606385	0.446315	0.212795	0.173882	0.688225	0.547862	0.0536799	0	0.389274	0.463093	0.316514	0.0670802	0.959052	1.03416	0.61597
ihec.chipseq.ihec-chipseq-containerv1.1.4.IHECRE00004615.1.e5b6a748-5a0b-4664-9385-4b3edaab31e2.fc.signal	0.942731	0.895161	0.175139	0.674616	0.571859	0.399357	0.709832	0.645917	0.557342	0.138372	0.686509	0.117138	0.517507	1.68665	0.525144	0.204271	0	0.36842	1.77519	0.571346	0.971195	0.135222	0.393524	1.01625	0.317844	0.613457	0.343204	1.61518	1.95249	0.858403	0	0	0.0627038	0.301876	0	0.140543	0.983815	1.32975	2.05779	0.674556
ihec.chipseq.ihec-chipseq-containerv1.1.4.IHECRE00000974.7.af2fffce-696b-421a-8732-73b351c68c67.fc.signal	1.16783	1.39561	1.02056	0.674091	1.05104	0.817805	0.793059	1.59558	0.41182	0	0.283686	0	0.118503	0.243601	0.428772	1.79347	0.303926	0.328081	1.2414	1.50403	0.59436	0.893919	0.629507	1.7459	1.42952	1.79186	1.04061	1.25098	0.43179	1.12369	2.44896	0.682795	0	0	0	0.183113	0.880202	0.134079	0.104768	0.235983
ihec.chipseq.ihec-chipseq-containerv1.1.4.IHECRE00001012.4.4385ecaa-47ed-48e3-8af5-20303d73a7da.fc.signal	0.0489755	0.240321	0.283263	0.178539	0.112765	0.348284	0.55308	0.404097	0.401902	0.28216	0.33024	0.226106	0	0.327202	1.03628	1.06268	0.586238	0.965032	0.606416	0.206514	0.0465948	0.287953	0.250506	1.3022	0.996161	0.82852	0.268232	0.692452	0.224972	0	0	0.0652324	0.817886	0.717934	0	0	0	0.397033	0.611469	0.554404
ihec.chipseq.ihec-chipseq-containerv1.1.4.IHECRE00003680.3.d0662727-3cb8-42a6-9eb8-875cfded9c1e.fc.signal	0	0.313232	0.429933	0.0841576	0	0.0549437	0.229912	0.151826	0	0	0	0	0.14376	0.137148	0.544451	1.30418	2.01721	0.716283	0.976586	0.847834	0.429233	0	0	0	0	0	0	0	0	0.377895	0.191915	0	0	0	0.103536	0.298426	0.592252	0.610391	0.138313	0.573684
ihec.chipseq.ihec-chipseq-containerv1.1.4.IHECRE00000224.3.793fc11e-e9ef-4476-a0d2-85f945a7ed27.fc.signal	0.650219	0.298566	0.118682	0.0366148	0.256149	0.479628	0.489746	0.511714	0.30872	0.235538	0.377687	0.533377	0.250308	0	0	0.182416	0.399499	0.653246	0.855075	0.658693	0.595224	0.381714	0.384479	0.717188	0.499836	0.248413	0.0926903	0.0434734	0.585438	1.26308	0.704194	0.0370646	0	0.175151	0.36004	0.354674	0.339943	0.0949757	0	0.638484
ihec.chipseq.ihec-chipseq-containerv1.1.4.IHECRE00001002.4.47bafce5-cf92-4589-82d6-1f8a597d67d2.fc.signal	0.180192	0.701554	0.232161	0.361869	0.382387	0.163544	0.208778	0.290989	0.173706	0.0312306	0.00271767	0.101602	0.0366757	0.0224127	0.090997	0.0920415	0.171972	0.192294	0.159347	0.389365	0.159107	0.0341267	0.245102	0.743544	0.309025	0.375399	0.600011	0.626081	0.212921	0.0709491	0.223599	0.0144408	0.0721981	0.318916	0.186408	0.0325573	0	0	0	0.582456
ihec.chipseq.ihec-chipseq-containerv1.1.4.IHECRE00001050.8.e3d2eec5-07d0-478e-b8e6-55da7b174fe0.fc.signal	0.90428	1.36623	0.236281	0.356974	0.695318	0.264027	0.879903	1.32668	0.936235	0.26863	0	0	0	0	0.203936	0.50185	0.155606	0.19214	0.325911	0.352334	0.360384	0	0.0886797	0.206674	0.30025	0.202772	0.242325	0.729474	0.550077	0.357845	0.387483	0	0	0.336953	0.515137	0.17184	0.371083	0.212099	0	0.211429
ihec.chipseq.ihec-chipseq-containerv1.1.4.IHECRE00000242.3.29b88f8a-5864-41d5-9d2e-8cf436621ef7.fc.signal	0.0609433	0.0211287	0	0.0692037	0.220969	0.185448	0.104967	0.000417333	0.00241125	0.114986	0.20033	0.289698	0.158588	0	0	0	0	0	0.11239	0.833373	1.43585	0.575461	0.119093	0.361246	0.348578	0.176233	0.131231	0.19659	0.0852359	0	0	0	0	0	0	0	0.0214209	0.276004	0.348564	0.734177
ihec.chipseq.ihec-chipseq-containerv1.1.4.IHECRE00001904.1.a52cd623-a184-4ce6-8066-ac70ff355274.fc.signal	0.337386	1.00724	0.393537	0.0522523	0.29429	0.149516	0.00166836	0	0	0	0	0	0	0	0.244653	0.757582	0.0492841	0	0	0	0	0	0.0113448	0.4624	0.422301	1.18646	0.802431	0.265697	0	0	0	0	0	0.357901	0.612504	0.903959	0.701792	0.597063	0.544934	0.510638
ihec.chipseq.ihec-chipseq-containerv1.1.4.IHECRE00000964.7.7b47d1c2-54cf-477b-9e3d-3dc271ede832.fc.signal	1.27634	0.582361	0.467353	0.306543	1.19781	0.454017	0.746838	0.85278	0	0	1.25805	0.871972	0.771919	0.303938	0	0.133965	0.638555	1.30149	0.78321	1.21179	0.503886	0.712973	0.717843	1.36554	0.606949	1.63296	0.45018	0.972701	0	0.813223	3.13541	0.199784	0.606011	2.65852	1.24865	0.448159	0.646068	0.419546	0	0.3625
ihec.chipseq.ihec-chipseq-containerv1.1.4.IHECRE00004608.1.5ec97f16-e54d-4318-8ca6-fd123c69fcf5.fc.signal	0.265999	0.780826	1.38813	1.54657	1.17152	0.466044	0.888072	1.00961	1.35405	1.53031	0.232396	0	0.250446	0.0992757	0	0.155684	0.6092	0.273704	0.865809	0.426411	0.58703	0.607701	0.251185	1.46529	1.18422	0.462513	0.871146	0.337968	0.119779	0	0	0	0	0	0	0.575177	0.672007	0.593909	1.3905	0.641379
ihec.chipseq.ihec-chipseq-containerv1.1.4.IHECRE00003678.3.b0b3e62c-a424-40a0-81dc-b67047b2608e.fc.signal	0	0.323257	0.579491	1.35987	0.991847	0.108493	0.866481	0.54343	0.194838	0.155509	0.578501	0.473162	0.605361	0.580216	0.199369	0	0.111593	0.553749	0.965971	0.404615	0.271394	0.379993	0.880203	0.384994	0	0	0	0	0	0	0	0	0.237615	0.60552	0.302914	0.0548368	0	0.232762	0.523192	0.577075
ihec.chipseq.ihec-chipseq-containerv1.1.4.IHECRE00003679.3.9a67dbab-2305-42d6-a0ec-7cb7b956e3e2.fc.signal	0.438379	0.267522	0.445824	0.380192	0.0783636	0.231918	0.290712	0.302166	0	0.124552	0.778386	1.26285	0.08026	0.904087	1.43849	1.91876	2.31914	1.66186	1.65825	1.11182	0.933013	0	0.00207587	0.694125	0.643509	0.479021	0.0373656	0	0	0	0	0.217966	0.462915	0.888621	0.482633	0.752492	1.18669	1.00471	0.31138	0.643443
ihec.chipseq.ihec-chipseq-containerv1.1.4.IHECRE00000957.7.280608e3-f2db-495d-8512-5761688a7d39.fc.signal	0.208472	0.214607	0.150153	0.16722	0.228644	0.0629602	0.122509	0.512089	0	0	0.300839	0.0629705	0.262098	0	0.0585	0.508931	0.234562	0.304905	0.332996	0.426252	0.168899	0.39928	0.362054	0.474382	0.689173	0.336671	0.465162	0.194467	0.341773	0.281599	0.113681	0.255892	0	0.790297	0.997795	0.450288	0	0	0	0.766454
ihec.chipseq.ihec-chipseq-containerv1.1.4.IHECRE00001546.1.a7d4c357-64b4-4c12-b765-27001a7f1edf.fc.signal	0	0	0	0	0	0.122165	0.789117	0.257668	0	0	0.456083	0.839801	0	0	0	0	0	0.475209	1.0127	0.619157	0	0	0	0.823925	0.25696	0	0	0	0	0	0	0	0	0	0	0	0	0	0	0.506378
ihec.chipseq.ihec-chipseq-containerv1.1.4.IHECRE00003816.1.84512a91-a776-4fd0-a1fe-d8e26565da5e.fc.signal	0.332966	0.112646	0	0.0303962	0.207033	0.358307	0.370533	0.346327	0.273894	0	0	0	0	0	0	0	0.00656247	0.240801	0.61961	0.36381	0.294904	0.454075	0.0761704	0.0032138	0.453168	0.305591	0	0.0638191	0.410254	0.297452	0.515484	0.0168863	0.0511276	0.351345	0.323651	0.150258	0.309571	0.174701	0	0.447811
ihec.chipseq.ihec-chipseq-containerv1.1.4.IHECRE00000864.3.f60db18a-9bf4-4a85-95cc-68f3cffdac0c.fc.signal	0	0	0	0	5.89755	7.43953	0.131151	2.4794	4.39153	0.787817	0	0	0	0	0	0	0	0	0	0	0	0	0	0	0	0	0	0	0	0	0	0	0	0	6.28467	8.13588	2.94582	0	0	0.61194
ihec.chipseq.ihec-chipseq-containerv1.1.4.IHECRE00004609.2.02700347-df20-47c4-9f0c-4c735f739be2.fc.signal	0	0	0.541956	0.629739	1.39129	0.553427	0.571123	0.136708	0.32919	0.267888	1.98289	1.49046	0.485374	1.00235	0.85494	1.1737	1.46534	1.73125	4.10959	1.98876	2.03388	3.93473	3.73297	2.51252	1.50561	1.02149	2.76444	0.893268	1.23468	0.390926	0.315938	0.305049	0.195319	0	0	0.153608	0.65821	0.201861	0	0.611111
ihec.chipseq.ihec-chipseq-containerv1.1.4.IHECRE00000784.3.34f373d0-ec85-43e8-be9c-456d096f409b.fc.signal	0.680772	0.040787	0.439194	1.88675	0.759673	0	0	0	0	0	0	0	0.521279	0.14491	0	0	1.13812	0.85563	0.29084	1.88354	0.949774	0.51094	0	0.678984	0.0670495	0.725352	0.0380174	0	0.627442	1.68212	0	0	0	0	0	0	0	0	0	0.794118
ihec.chipseq.ihec-chipseq-containerv1.1.4.IHECRE00000972.6.31fbe29d-1182-47f5-a555-ef5b23fa0332.fc.signal	1.39771	3.69818	2.24663	2.2848	2.18682	0.766528	0.255523	1.43511	2.70363	0.711277	0.874975	0.574888	0.454604	0	0	0.823207	0.902978	0.683853	2.62705	2.92758	0.301327	1.51474	0.0378553	0.244157	0.825205	2.11512	2.75021	0.598585	0	1.09667	0.0345947	0	0	0	0	0	0	0	0	0.461686
ihec.chipseq.ihec-chipseq-containerv1.1.4.IHECRE00000126.3.d7185ece-dead-471a-94c7-970dbc1c9c5a.fc.signal	0.159494	0.608314	1.23135	0.590088	0.038887	0.275434	0.556768	0.107197	0	0	0.575166	0.235876	0	0	1.21834	0.98837	0	0.190105	1.25431	0.994217	0.955945	0.932497	0.188343	0	0.556182	0.452038	0.332018	0.639033	0.0738838	0.0774465	0.737105	0.0894363	0	0	0	0	0.417933	0.467836	0	0.59517
ihec.chipseq.ihec-chipseq-containerv1.1.4.IHECRE00000987.6.f1a05120-9b28-47d7-97dd-561e9dce1de5.fc.signal	0.411283	0.358719	0	0.733227	0.786347	0	0.381504	0.25797	0	0	0	0	0	0	0.581194	1.15309	1.09874	0.260056	0.267683	0	0	0	0.097166	0.812009	0.479846	0.192379	0	0	0	0.0259109	0.677534	0.100641	0.413928	0.45555	0	0	0.371787	0.562842	0	0.601208
ihec.chipseq.ihec-chipseq-containerv1.1.4.IHECRE00001025.7.383d7143-d994-47de-83fc-160182b0cccd.fc.signal	0.374498	0.294837	1.26911	1.19217	0.222334	0	0	0.515103	0.302204	0.856353	0.315022	0.302282	0.686661	0.222841	0.790976	0.264888	1.55958	1.31025	1.30003	1.33217	0.528446	2.42185	1.14267	1.09254	0.883272	3.19563	0.918913	0.0333908	0.33551	0.78191	0	0	0	0	0	0	0	1.01788	1.14746	0.724138
ihec.chipseq.ihec-chipseq-containerv1.1.4.IHECRE00003684.3.ccd0be12-ccb0-4c4e-b1e2-a054444b344c.fc.signal	1.01506	0.589907	1.34183	1.89786	0.900292	0.290478	0.88401	0.402377	0.321751	0.60565	0.151412	0	0.13926	0.726732	2.56164	2.86189	2.2836	0.760443	3.14842	2.8672	1.71441	2.81859	1.92701	1.11707	1.67645	1.40983	1.15566	1.50718	0.409764	0.643179	0.499161	0.458262	0.538991	0.959609	0.075685	0.13243	0.411921	0.626667	0.60565	0.563452
ihec.chipseq.ihec-chipseq-containerv1.1.4.IHECRE00001889.4.5f1e2b9f-7ef0-4e6e-89e2-0b9c11816f3d.fc.signal	0.84187	0.806804	0.436456	0.693577	0.34968	0.530275	0.712482	0.637911	0.289569	0.0388574	0	0	0	0.416311	0.88353	0.947944	0.791019	0.866151	0.870902	0.461342	1.06801	1.33584	0.666602	0.523748	0.651435	0.39388	0.0238008	0.0997179	0.236772	0.244735	0.177184	0	0	0	0	0	0.143246	0.210248	0.197969	0
ihec.chipseq.ihec-chipseq-containerv1.1.4.IHECRE00004635.3.9815b17b-4b2f-4371-98fe-9b674b10f52b.fc.signal	0.162533	0.23219	0.0789446	0	0.123783	0.847384	0.960202	0.823415	0.783567	0.69656	0.235286	0.0092876	0.378611	0.515131	0.846241	1.22727	0.805093	0.482778	1.09987	0.531466	0.113927	0.19266	0.120701	0.606757	0.841266	0.0840058	0	0.168598	0.175067	0.464365	0.160948	0.23219	0.236834	0.387823	0.16847	0.0608977	0.227237	0.314745	0.60267	0.201835
ihec.chipseq.ihec-chipseq-containerv1.1.4.IHECRE00003683.3.a1786588-e489-4c70-a7da-27b695059d11.fc.signal	0.447383	0.0170669	0	0.177445	0.105633	0	0	0	0	0	0	0	0	0	0	0.33287	1.37954	0.246224	0.563873	0.445781	0.336178	0.980502	0.815958	0.886806	0.462443	0.414608	0.843863	0.185998	0	0	0	0	0	0	0	0	0	0.341527	0.443518	0.596567
ihec.chipseq.ihec-chipseq-containerv1.1.4.IHECRE00003803.1.5811fe86-2f6b-4937-8c8f-b865bb36877a.fc.signal	2.36832	2.1338	3.34109	0.343803	1.33161	3.43793	1.26754	0	0	0	0	0	0	0	0	0	0	0	0.408836	0.962093	1.61673	1.13665	0	0.801596	0.776773	0.0918382	2.61641	1.43569	1.03143	2.52265	3.28517	0.0509376	0	0.543654	1.90994	1.49816	0.435092	0	0	0.381643
ihec.chipseq.ihec-chipseq-containerv1.1.4.IHECRE00004884.1.55c580e9-33d1-47be-8555-14db2907a656.fc.signal	0.843139	1.27456	1.29017	1.05986	2.34375	3.28733	2.19655	0.731402	0.826931	0.247267	0	0.310753	0.613981	1.14138	0.877143	1.04627	0	0.133001	0.744301	0.832348	0.784243	0	0.594807	0.930954	2.18351	0.748822	0.737964	1.7542	0.395849	0.614078	0.0124686	0	0.0430019	0.919929	0.92147	0.122863	0	0	0	0.59413
ihec.chipseq.ihec-chipseq-containerv1.1.4.IHECRE00000099.3.451c74b0-e10e-4605-9c95-3a519cadcb7b.fc.signal	0.127681	0.416652	0.384719	0.34892	0.807437	0.570844	0.641205	0.893265	0.574244	0.377416	0	0	0.235919	0.265641	0	0.0264252	1.05108	0.410431	0.162688	0.453874	0	0.21811	1.34626	1.01376	0.836846	1.09291	0	0	0.175591	1.37201	1.11011	0.110263	0.240944	1.05931	0.591842	0.538975	0.298052	0.326992	1.05605	0.553952
ihec.chipseq.ihec-chipseq-containerv1.1.4.IHECRE00004643.3.15a1e343-163b-4fb6-858c-0dee043f87d0.fc.signal	0.217947	0.732815	0.630028	0.488849	0.542823	0.588807	0.448889	0.159204	0.270311	0.292801	0.176656	0	0	0.202208	0.606556	1.03049	0.471699	0.369386	0.467606	0.548845	0.548445	1.12664	1.06289	0.683303	0.475633	0.181052	0.378163	0.394867	0.777991	0.611189	0.541419	0.960164	0.721024	0.712034	0.655398	0.341832	0.23536	0	0	0.731527
ihec.chipseq.ihec-chipseq-containerv1.1.4.IHECRE00003682.3.cb3f1a65-14b1-4058-aef5-bc7db4396fc3.fc.signal	0.19552	0.357861	0.009564	0.170272	0.172249	0.196294	0.0151735	0	0	0	0.53679	0.27308	0.197302	0.283427	0.83774	2.47757	3.84653	0.77796	0.779748	1.28836	1.62696	0.948777	0.59398	0.450802	0.328043	0.44457	0.638789	1.29738	0.0973365	0.335838	0.618063	0.0318199	0.277435	0.246411	0.049336	0.01062	0.348193	0.635842	0.781922	0.715447
ihec.chipseq.ihec-chipseq-containerv1.1.4.IHECRE00004664.3.6d452180-a6ee-4609-96f0-3f1b6ca1f2c8.fc.signal	0.562492	0.581909	0.364127	0.558527	0.574568	0.907098	0.817726	0.370221	0.698477	0.647194	0.485019	0.227825	0.443574	0.495076	0.616581	0.57213	0.718218	0.438435	0.602662	1.13303	0.895403	0.796999	0.907799	0.881371	0.55768	0.701835	0.766873	0.381366	0.746897	0.506051	0.392187	0.323911	0.164075	0.367508	0.654534	0.640624	0.769081	0.789152	1.07668	0.569288
ihec.chipseq.ihec-chipseq-containerv1.1.4.IHECRE00001936.1.6dfa680d-8376-4b60-8c1f-da208b5f4900.fc.signal	0.295523	0.236078	0.205818	0.424844	0.773298	1.04875	1.12608	1.20695	0.898001	0.400323	0.16986	0.154006	0.557055	1.05524	1.04507	1.0318	0.710879	0.0705935	0.392926	0.335554	0.0464741	0.128505	0.185903	0.343652	0.186385	0.232397	0.223343	0.12525	0.283912	0.332303	0.255295	0.225859	0	0.0823168	0.246297	0.554748	0.826522	1.08157	0.878054	0.609589
ihec.chipseq.ihec-chipseq-containerv1.1.4.IHECRE00001958.3.6c69236e-c3b7-44e9-b4df-92ecc399b775.fc.signal	0	0	0	0.243473	0.580918	0.435575	0.359474	0.0128893	0	0	0	0.0928857	0.377498	0.403839	0.886682	0.395403	0.197936	0.311344	0.0065066	0.0357995	0.431408	0.644995	0.883617	0.924622	0.360748	0.697034	0.903445	0.549542	0.411186	0.0754181	0	0	0	0	0	0	0	0	0	0.509091
ihec.chipseq.ihec-chipseq-containerv1.1.4.IHECRE00003818.1.fdfc855b-3069-4eaf-80ec-59fca0202ead.fc.signal	1.64929	2.00747	3.34511	2.24683	1.37846	0.638182	0.716096	0.75412	0.815152	0.349967	0	0.167414	0.632259	0.611984	0.252939	0.470684	0	0.0723999	1.27988	0.62503	1.23128	1.15959	0.305853	0.523371	0.432811	0.953249	1.42342	0.217929	0.522703	0.496352	1.38412	0.660474	0	0	0	0.75006	2.05692	0.707015	0	0.331169
ihec.chipseq.ihec-chipseq-containerv1.1.4.IHECRE00000303.2.686fa881-e6e7-464b-858f-6914c5504719.fc.signal	1.50816	0.175735	0.82376	0.852569	2.87218	2.98613	1.19697	1.86582	0.974517	0.82376	0.834743	0.362454	0.2655	1.27941	1.77408	0.430763	0.293341	1.7446	2.46687	2.76824	2.36764	1.32351	1.5125	3.59716	3.48734	3.69064	3.80716	0.952449	0.164752	1.15876	0.653516	0	0	0.501025	0.606378	0.571142	0.055632	0	0	0.645051
ihec.chipseq.ihec-chipseq-containerv1.1.4.IHECRE00003696.3.3a6ae66a-e132-4cd3-9cf1-43065af659e9.fc.signal	0.271586	0.21037	0	0	0	0	0	0.195334	0.345351	0.235602	0.350504	0.107164	0.0639223	0.516002	0.86029	0.323989	1.93373	1.1981	4.04207	1.84118	1.46054	2.77043	3.20624	2.63371	1.64343	0.45317	0.928913	0.79355	0.409951	0.0507686	0.802949	0.0206807	0.430203	0.498925	0	0.0321393	0.526361	0.240499	0.190271	0.590551
ihec.chipseq.ihec-chipseq-containerv1.1.4.IHECRE00003690.3.e849a0a4-b91f-4930-9a8d-97e433f1508c.fc.signal	0	0	0	0	0.439732	1.2007	1.15321	0.38416	0.328528	0.331133	0.0338179	0.280058	0.044734	0.179277	0.46471	2.41565	2.43144	0.277347	0.448972	0.383368	0.650151	0.858782	1.38633	0.882481	0.585026	0.0500051	0	0	0	0	0	0	0	0	0	0	0	0.0739688	0.364879	0.616314
ihec.chipseq.ihec-chipseq-containerv1.1.4.IHECRE00000228.3.4a4a3e76-3b28-4e5b-88f0-29c203f107d8.fc.signal	0.00711207	0.118568	0.227838	0.622157	0.78489	0.442883	0.237678	0.203801	0.0536725	0	0	0	0	0	0	0	0	0.153886	0.503613	0.53493	0.749283	0.459614	0.412826	0.628582	0.338155	0.00749407	0.0591399	0.169942	0.127007	0.215039	0.427534	0.265069	0.193741	0.107829	0	0	0.00836678	0.19891	0.282495	0.410714
ihec.chipseq.ihec-chipseq-containerv1.1.4.IHECRE00003837.4.e64e21a4-069f-4200-928f-507f2bd71d2a.fc.signal	0	0	0.34896	0.480627	0.740331	1.57694	1.92508	0.72632	1.19606	0.635199	0.00868773	0	0	0.754219	0.226988	0	0	0.303595	0.0860112	0.141394	0.781148	0.193342	0.364553	0.609722	0.27058	0.376659	0.925915	0.935261	0.177818	0.434248	0.511795	0.0921931	0.282133	0.0357112	0	0.037232	0.306084	0.104176	0	0.213274
ihec.chipseq.ihec-chipseq-containerv1.1.4.IHECRE00004616.1.cde4ad8a-05bb-4102-b4aa-50d06b7c6301.fc.signal	1.27427	1.17053	0.366548	0.537719	1.10656	1.20598	1.84138	1.35595	1.38436	1.1856	0.689871	0.171171	0.892164	1.42469	0.580944	0.950948	1.40049	1.48006	1.71886	1.19993	1.14305	0.729673	1.04982	0.840003	0.456538	0.214333	0.512664	0.411753	0.130828	0.0782208	0.597727	0.17312	0.252286	0.105304	0.25935	0.514377	1.80391	1.11359	0.528691	0.396135
ihec.chipseq.ihec-chipseq-containerv1.1.4.IHECRE00003838.5.8e681a4e-cecf-493b-b8f7-5ee138ef396e.fc.signal	0.271124	0.188119	0.143906	0.0313923	0.0554561	0.014202	0.109311	0.203713	0.242872	0.285191	0.153248	0.0804848	0.259225	0.223475	0.145075	0.409119	0.988985	0.260439	0.482975	0.199158	0.453531	0.267958	0.199903	0.51719	0.0178331	0.0848296	0.0930051	0.150458	0.341879	0.399787	0.0237314	0.0315453	0.361255	0.21389	0.10734	0.0592442	0.356249	0.237598	0.169498	0.422319
ihec.chipseq.ihec-chipseq-containerv1.1.4.IHECRE00000230.3.271e563a-c6d5-4ee3-a33b-ac24715ad186.fc.signal	0.737535	0.689587	0.332739	0.829045	0.832483	0.388588	0.584821	0.869657	0.739134	0.621933	0.508153	0.669874	0.445893	0.0212721	0	0	0	0	0.20096	0.182341	0.0157006	0.173322	0.360172	0.535299	0.659425	0.897369	0.59264	0.639737	0.904639	0.434838	0.810983	0.729399	0.500503	0.694106	0.566125	0.535052	0.985149	1.54204	1.64708	0.321168
ihec.chipseq.ihec-chipseq-containerv1.1.4.IHECRE00004610.2.946d9db5-c2ec-4c13-9689-dc803ab18892.fc.signal	0.32412	1.02415	0.269647	0.60851	0.682764	1.0761	0.640935	0.72218	1.06997	0.375148	0.363385	1.46935	1.07362	0.730616	0.483515	0.246667	0.565306	0.611951	1.82594	1.54729	2.09796	2.85425	3.34108	2.40075	1.55641	0.557272	1.13132	1.06497	1.29808	1.68704	0.638214	0.0544324	0	1.3986	1.85529	0.989497	0.24742	0.425536	0.37113	0.69574
ihec.chipseq.ihec-chipseq-containerv1.1.4.IHECRE00003691.3.58df05be-1225-4fa7-a2b4-32d2d5f1b802.fc.signal	0.00123387	0	0	0	0	0	0.446825	1.2492	0.816249	0.03186	0	0	0.622232	0.732594	0.343992	0.430107	2.87995	0.327336	0.569498	1.56562	0.520746	0.456582	0.337705	0.71056	0.308451	0.440203	0	0	0	0.257745	0.287201	0.467167	0.414126	0.595386	0.63702	0.483117	0.13806	0.280368	0	0.56213
ihec.chipseq.ihec-chipseq-containerv1.1.4.IHECRE00001471.1.de49c4d5-f400-43fb-a85f-1d9de464ec5b.fc.signal	0.158653	0	0	0	0	0	0.0941605	0.673867	0.460822	0	0	0	0	0	0	0	0	0.377818	0.581227	0	0	0	0	0.220357	0.335209	0	0.0120833	0.366877	0.322904	0.29764	0.0425347	0	0	0	0	0.39876	0.500665	0.283379	0	0.876712
ihec.chipseq.ihec-chipseq-containerv1.1.4.IHECRE00003694.3.819459d2-9d3b-4d27-8783-172661f9c0c5.fc.signal	0.0640196	0	0	0	0.0723331	0.211801	0.141893	0	0	0	0.18858	0.153362	0.162496	0.553432	0.603539	1.54936	3.94997	0.342047	0.481992	0.470412	0.307923	0.403698	0.477684	0.313681	0.000862533	0.263035	0.195424	0.172906	0	0	0	0	0.104211	0.225117	0.205089	0.168087	0.0982706	0.0269512	0.168406	0.53494
ihec.chipseq.ihec-chipseq-containerv1.1.4.IHECRE00003825.5.363f53ef-d108-4b4c-9b78-21b7e518a941.fc.signal	0	0	0	0	0.357956	0.425223	0.374599	0.339525	0	0	0.0413373	1.12738	0.984564	2.45379	0.503563	0.511079	0.749546	0	0	0	0	0	0.346257	0.378883	0	0	0	0	0	0	0	0.389537	0.241754	0.26442	0.56369	0.56369	0.181633	0	0	0.203791
ihec.chipseq.ihec-chipseq-containerv1.1.4.IHECRE00003685.2.99018b0c-bf73-45c8-8a67-210ecd9aefd7.fc.signal	0.3154	0.38555	0.454224	0.430035	0.450258	0.203225	0.0200505	0	0	0	0.355981	0.177207	0	0	0.192887	1.93821	2.1138	0.0203866	0	0.239922	0.38565	0.136724	0	0	0	0	0	0.465755	0.0674326	0.327754	0.205434	0	0	0	0	0	0	0	0	0.637333
ihec.chipseq.ihec-chipseq-containerv1.1.4.IHECRE00003826.4.a83deafa-f81d-438b-9dcb-0637f2454600.fc.signal	0	0.552344	0.795919	0.365926	0.982224	0.0778402	0.0500955	0.547523	0.536268	0.31138	0.0207587	0	0	0.439376	0.520706	0.251111	0.252757	0.73711	0.476946	0.836275	1.08188	0.627295	0.515802	0.41009	0.18583	0	0	0.0931851	0.779506	1.95089	1.04603	0.170182	0.151538	0.184433	0	0.103777	0.545746	0.20753	0.111669	0.515748
ihec.chipseq.ihec-chipseq-containerv1.1.4.IHECRE00000238.3.0ab311fb-65be-4049-8c99-b5e3d0b121fe.fc.signal	0.0608244	0.0613874	0.0359859	0.334513	0.463053	0.164947	0.212309	0.282456	0.132408	0.0775354	0.233878	0.536652	0.433092	0.0433005	0	0.0761369	0.156473	0.101171	0.350232	0.492827	0.322971	0.20675	0.18951	0.197325	0.311779	0.295548	0.463527	0.411834	0.130228	0.305524	0.280306	0.113811	0.296802	0.25899	0.140135	0.190565	0.291345	0.941241	1.22601	0.633333
ihec.chipseq.ihec-chipseq-containerv1.1.4.IHECRE00004605.1.0170bf87-acb4-4151-9ad9-b1d9403f191c.fc.signal	0.596801	0.176902	0.324813	1.48681	1.10913	0.79227	1.05871	0.898341	1.49038	1.68638	0.636394	0.153139	0.253472	0.624801	0.642804	0.885036	0.829196	0.977099	2.65617	1.85963	3.10923	3.66702	3.2417	3.76052	2.97091	1.93305	1.69279	1.34965	0.563789	0.427204	0	0	0	0	0	0.204626	0.862637	1.47093	1.61185	0.712644
ihec.chipseq.ihec-chipseq-containerv1.1.4.IHECRE00000240.3.8143faf4-bd87-4c0f-98f7-a0083493be0c.fc.signal	0	0	0.001677	0.291175	0.467894	0.368454	0.308644	0.414151	0.472987	0.474906	0.325789	0.145078	0	0	0	0	0.3542	0.572694	0.298709	0.216195	0.330515	0.409676	0.110247	0.119087	0.184579	0.0339838	0	0.0216777	0.163565	0.310971	0.131403	0	0	0	0	0.129875	0.467962	1.41893	1.4853	0.598985
ihec.chipseq.ihec-chipseq-containerv1.1.4.IHECRE00004900.1.aae17e68-77f6-4d45-a8c2-71b0865bfd19.fc.signal	1.30932	0.424728	0.455148	0.616402	0.0359816	0.32353	0.519225	0.63064	0.500565	0.56219	0.148125	0	0.334778	1.20552	0.471772	0.398322	0.0622274	1.33356	1.03749	0.26384	0.517371	0.816704	0.238108	0.883612	2.30674	1.18793	0.34054	0.713349	1.10592	0.78778	0.348833	1.45786	1.29894	1.23188	0.72542	1.01041	1.41117	1.28627	1.47217	0.663401
ihec.chipseq.ihec-chipseq-containerv1.1.4.IHECRE00000237.3.cbbfbda4-4a4e-451f-a5c3-2c1007efa9f8.fc.signal	0.393408	0.227391	0.227601	0.244662	0.445439	0.547654	0.609619	0.473764	0.420262	0.203486	0.277152	0.267	0.167653	0.0351652	0	0	0.0124864	0.397159	0.462844	0.469234	0.461008	0.0821365	0.060359	0.223567	0.34665	0.382538	0.424689	0.666804	0.289605	0.395597	0.546633	0.495687	1.11112	1.16693	0.817281	0.609176	0.641906	1.13498	1.20381	0.431699
ihec.chipseq.ihec-chipseq-containerv1.1.4.IHECRE00001027.7.e4d29289-880a-4702-8b8e-f0c84a4fa7ab.fc.signal	0.163262	0.110933	0	0	0	0	0	0.767561	0.929443	0.340939	0	0.0717468	0.569714	0.260127	0.15307	0.827017	0.534276	0.0189248	0.069951	0.364176	1.21634	0.716191	0.172993	0.161891	0.355348	0.433087	0.139706	0	0	0	0	0	0	0	0	0	0	0	0	0.554054
ihec.chipseq.ihec-chipseq-containerv1.1.4.IHECRE00000949.6.f5651615-e1a0-4ca6-b62c-507789eb8f29.fc.signal	0.585908	0.104423	0.686521	0.69932	0.646888	0.513713	1.278	1.0262	0.354063	0	0	0	0	0	0.18395	1.07259	0.963981	0	0.0972379	0.363821	0.184512	0.249653	0.360903	1.23154	0.554298	0.0639324	0.130535	0.615125	0.0582499	0.260649	0.172238	0	0	0.397541	0.39168	0.428893	0.712241	0.533351	0	0.574603
ihec.chipseq.ihec-chipseq-containerv1.1.4.IHECRE00000235.3.fa965d5e-3212-42b6-831c-bef0d8c34b17.fc.signal	0.592864	0.625289	0.479819	0.306566	0.198843	0.319096	0.448763	0.457529	0.310306	0.198012	0.117392	0.223232	0.221087	0.0414184	0.223511	0.314099	0.108044	0.465735	0.535186	0.262641	0.194351	0.202313	0.339715	0.640342	0.691315	0.412781	0.424791	0.432372	0.093306	0.228598	0.292044	0.13689	0.366424	0.538743	0.449587	0.374579	0.392754	0.591624	0.556327	0.64751
ihec.chipseq.ihec-chipseq-containerv1.1.4.IHECRE00000983.7.527aaaf8-43bd-4533-a84a-b141b5c2c8ad.fc.signal	0.526919	0.266989	1.05073	0.790085	0.194182	0	0	1.0244	0.220926	0	0	0.399685	0.744072	0	0	0	0	0	0.256272	0.306566	0.106306	0.886403	0.0571846	0.0614224	0.590688	2.7459	1.28099	0	0	0	0	0	0	0	0	0	0	1.17832	1.22646	0.703088
ihec.chipseq.ihec-chipseq-containerv1.1.4.IHECRE00000221.3.b95e5419-47c1-4594-b280-863f31043d11.fc.signal	0.137996	0.0501053	0.113462	0.232684	0.565806	0.682632	0.568334	0.445585	0.313443	0.198759	0.246053	0.254543	0.122737	0	0.0130834	0.228593	0.236916	0.417971	0.781815	0.332983	0.0925239	0.154153	0.0431062	0.105752	0.163081	0.131386	0.229408	0.181222	0.105713	0.255397	0.200367	0.140206	0.0926081	0.0852576	0.14741	0.112671	0.226896	0.408446	0.569851	0.336364
ihec.chipseq.ihec-chipseq-containerv1.1.4.IHECRE00001852.4.a1ddaa09-18ba-4555-a461-058f1eac9ae3.fc.signal	0.50404	0.656097	0.366063	0.360431	0.0858839	0.306226	0.693087	1.00949	0.947778	0.663981	0.377326	0.20415	0.626351	0.962192	0.46196	0.521262	0.663095	0.0877367	0.152405	0.299692	0.555517	0.314905	0.442179	0.598668	1.08318	0.639095	1.15712	0.838053	0.313355	0.402186	0.353047	0.0986821	0.189227	0.066019	0.071008	0.201248	0.360849	0.183983	0.333086	0.586538
ihec.chipseq.ihec-chipseq-containerv1.1.4.IHECRE00001044.7.a0d823a7-1e88-4910-940e-c86d0948985d.fc.signal	0.867192	0.514399	0.149392	0.886249	1.11016	0.759979	0.48827	0.935561	1.1164	0.640468	0.587528	0.475679	0.425675	0.374345	0.372765	0.0803006	0.36773	0.615519	0.162148	0.579116	0.604104	0.3726	0.0384992	0.073852	0.183778	0.426772	1.29995	0.601981	0.156594	0.238387	0.204506	0.183802	0	0	0	0	0	0	0	0.550858
ihec.chipseq.ihec-chipseq-containerv1.1.4.IHECRE00004618.1.879a1f18-b540-46af-915e-104b0dc90a0d.fc.signal	1.22482	2.25551	0.233471	0.0205698	0.29398	0	0.197329	0.549331	0.604121	0.702368	1.11745	0.436451	0.502729	0.0799937	0.637952	0.244822	0.232637	0.457836	0.663713	0.421309	0.648267	0.962222	0.514732	0.440106	1.63511	0.706776	0.849061	0.211262	0.509939	0.438074	0	0.27652	0.42505	0.490429	0.34283	0.34283	0.666434	0.358907	0.306149	0.541203
ihec.chipseq.ihec-chipseq-containerv1.1.4.IHECRE00000060.3.bfc2b274-c20f-442d-8122-50773b141fdb.fc.signal	0.66745	1.07567	1.13037	0.781081	0.47896	0.50031	2.17694	1.24098	0	0	0.766629	0.288283	0	0	1.21346	1.90119	0.0708762	0	0	1.26774	0.872784	0.00513107	0.511269	0.789633	0.693743	1.62378	1.06461	0.627407	0.816813	0.337379	0	0	0	0	0	0	0	0	0	0.418838
ihec.chipseq.ihec-chipseq-containerv1.1.4.IHECRE00000222.3.7658b8a6-5812-4677-9cbe-f1a8ce6799e6.fc.signal	0.343505	0.581529	0.700759	0.657396	0.628364	0.374911	0.244426	0.310954	0.30721	0.171398	0.12385	0.0409645	0	0	0.334264	0.686974	0.491221	0.713242	1.21419	0.94508	0.810607	0.481866	0.167289	0.167505	0.352323	1.00741	0.970158	0.676132	0.513037	0.929582	1.05375	0.695398	0.587828	0.129738	0.240088	0.36086	0.421527	0.411908	0.255066	0.483796
ihec.chipseq.ihec-chipseq-containerv1.1.4.IHECRE00000980.8.62b0a8bc-bda1-41db-aa98-3c8af3513c34.fc.signal	0.496613	0.0114536	0.412765	0.329257	0	0	0.401711	0.613307	0.106183	0	0	0	0	0	0.0345692	0.476326	1.19113	0.895315	0.387668	0.513917	0.52126	0.121812	0.170225	0.245953	0.159171	0.679961	1.0468	0.766606	0.00391827	0.639505	0.755901	0.596966	0.143919	0	0	0	0	0.231903	0.62126	0.497059
ihec.chipseq.ihec-chipseq-containerv1.1.4.IHECRE00000233.3.3299a56a-ce48-45d7-8505-1c5e17cfb4ce.fc.signal	0.816009	0.40181	0.181621	0.141845	0.155659	0.392565	0.392007	0.278699	0	0	0.281098	0.541744	0.402771	0.094379	0	0	0	0.0315987	0.153737	0.519269	0.981284	0.668937	0.269222	0.422006	0.37496	0.45409	0.480024	0.0506165	0	0.212284	0.482857	0.405353	0.369323	0.333215	0.27447	0.420486	0.832432	1.52928	1.32949	0.587264
ihec.chipseq.ihec-chipseq-containerv1.1.4.IHECRE00003676.3.5297888b-bbdb-457e-a4df-2ac89d088d0f.fc.signal	0.288983	0.0720502	0	0	0	0.12883	0.195374	0.489618	0.705991	0.688429	1.10347	0.591487	0.232445	0.0962271	0.563796	1.42406	2.69514	0.111398	0.425681	0.421876	0.244276	0.543021	0.508813	0.351916	0.313739	0.287208	0.410009	0.00319053	0	0	0	0.202251	0.420638	0	0	0.12981	1.27571	1.10753	0.908839	0.631579
ihec.chipseq.ihec-chipseq-containerv1.1.4.IHECRE00004703.3.559d3acb-e6a1-4cd6-a971-ff7d698266fc.fc.signal	1.42472	1.46446	0.842714	0.621773	0.912137	0.807291	0.724559	0.825909	0.960715	0.737776	0.521038	0.501511	0.464855	0.598025	0.459006	0.624088	0.465156	0.390834	0.36337	0.530584	0.517457	0.526856	0.885382	0.760072	0.846893	0.574783	0.53127	0.259155	0.295105	0.337364	0.208385	0.39553	0.471118	0.286398	0.515771	0.565567	0.851079	0.776995	0.685614	0.531401
ihec.chipseq.ihec-chipseq-containerv1.1.4.IHECRE00001235.5.e75868b0-dba5-45b3-881f-efc56fc44793.fc.signal	0.578705	0.858512	1.18311	0.777048	0.349735	1.14396	1.33584	0.746313	0.828476	0.592315	0	0	0	0	0	0	0.0449611	0.708097	0.475349	0.844359	0.645421	1.12363	0.141539	0.147348	1.24671	0.589214	1.65696	1.3886	0.244214	0.0176463	0.895644	0.465093	0.447045	0.706959	0.821493	0.511985	0.278107	0.315424	0.576008	0.464387
ihec.chipseq.ihec-chipseq-containerv1.1.4.IHECRE00004888.1.e1ceff31-c51b-464e-83d1-4e387350aef8.fc.signal	3.66531	1.32796	1.84113	1.75745	1.3619	1.45853	0.663172	0.343472	1.68663	1.25156	0.769512	1.00398	1.67653	0.783942	1.36675	0.76904	0.577475	0.987424	0.753668	1.52414	0.755138	0	0	0.287735	1.37695	1.21408	0.622269	2.14067	0.321794	0	0.274279	0.508913	0	0.616385	0.866427	1.19203	1.10411	0.930276	0	0.73855
ihec.chipseq.ihec-chipseq-containerv1.1.4.IHECRE00001236.5.d952690d-5f0c-46d7-aa2b-a52bd090119f.fc.signal	0.964675	1.20307	1.88847	0.367771	1.76248	0.94728	0.26087	0.744273	0.58645	0.82691	0.396796	0.651647	0.326327	0.457761	0.200273	0.379495	0.622096	0.285543	0.884303	1.21472	0.531403	0.0486697	0.0836547	1.04712	1.3925	2.04606	1.24683	1.4996	0.0076632	0.0144757	0.497379	0.0296096	0.555332	0.037046	0	0	0.642155	0.804268	0.340794	0.237113
ihec.chipseq.ihec-chipseq-containerv1.1.4.IHECRE00001234.5.20a0ab22-42b4-471a-baa5-513298773085.fc.signal	1.1736	0.995489	1.27013	0.532104	2.10509	1.7193	1.67298	0.986549	0.447076	0.187736	1.04288	0.850866	0.0436021	0	0	0.00427293	2.10035	2.01665	0.556168	0.446769	0.211657	0.440332	0	0.122145	0.355879	0.154094	0.888693	2.28499	0.997671	0.671497	1.80047	0.130264	0.891895	0.490575	0	0	0	0	0	0.316901
ihec.chipseq.ihec-chipseq-containerv1.1.4.IHECRE00001964.2.b9abc95f-c59c-4d46-808e-1317ac1e4406.fc.signal	0.64942	0.716516	0.505423	1.03615	0.489305	0.157322	0.06453	0.626394	1.431	1.11803	0.293928	0	0.0926364	0.566028	0.858181	1.14837	0.214936	0	0	0.352908	0.953142	0.539123	0.123498	0.0971394	0.506868	0.0903226	0.127815	0.506147	0.093731	0.492514	0.599878	0.708947	0.679976	0.99551	0.6156	0.607251	0.365687	0.529433	0.445407	0.292929
ihec.chipseq.ihec-chipseq-containerv1.1.4.IHECRE00001004.4.4b6b76eb-d465-4aba-ae65-115bc492af90.fc.signal	0.174605	0.257828	0.344356	0.525977	0.414127	0.270988	0.369715	0.486926	0.10773	0	0.0927931	0.0769933	0	0	0	0	0.0040914	0.192118	0.748231	0.636074	0.449448	0.0574565	0	0.203604	0.533076	0.3296	0.387469	0.0645818	0.115431	0.152881	0.315385	0.284714	0.701705	0.034622	0	0	0	0	0	0
ihec.chipseq.ihec-chipseq-containerv1.1.4.IHECRE00004641.3.86d5f9c9-ab2c-496d-b775-8f24dfcd7fd7.fc.signal	0.182302	0.912677	1.06645	1.36997	0.892056	0	0.495526	1.24026	0.684153	0.414115	0.728773	1.13103	1.69597	1.25756	0.669717	1.43295	1.42751	0.871818	0.759793	0.904423	1.34775	0.398896	0	0.946167	1.19063	0.969841	0.79883	0.814724	0.84489	0.828149	0.025688	0	0.317084	0.37655	0.39301	0.39301	1.05449	1.55623	0.997015	0.772926
ihec.chipseq.ihec-chipseq-containerv1.1.4.IHECRE00004728.1.29330996-b9ba-495b-857e-df6423706eaa.fc.signal	0.285186	0	0.662635	0.78973	0.0179577	0.109971	0.853571	0.58638	1.66417	0.900902	0.0695614	0	0.274996	1.19595	0.372552	1.01791	0.452544	0.332018	0.801298	1.12318	0.986967	1.42088	1.05476	1.44028	2.01607	1.5035	0.32526	0.340632	0.945056	0.402313	1.81379	0.142355	0.355854	0.585677	0.405263	0.982006	1.84689	1.77628	1.42797	0.335
ihec.chipseq.ihec-chipseq-containerv1.1.4.IHECRE00001378.1.2387d6f0-22a6-469a-ae69-93f5280d6d8e.fc.signal	0	0	1.01382	1.40172	0.557721	0	0	0	0	0.688152	1.22588	0	1.1909	0.747774	0	0	0	0	0	0	0	0.312325	2.20426	0.798142	0	0	0	0	0.290801	1.56445	0	0	0	0	0	0	0	0	0	0.585106
ihec.chipseq.ihec-chipseq-containerv1.1.4.IHECRE00000775.1.7eee63c3-1d39-4cd2-beb4-57ed344d2e60.fc.signal	0	0	0	0.80263	0.839426	0.620784	0.615679	0.551701	1.18449	0.68952	0.168767	1.21586	1.02332	0.0476051	0.929724	1.63301	2.18667	1.60509	1.71342	1.27456	0.620153	1.23073	1.0593	0.404343	1.24692	1.50931	0.335341	0	0	0	0.061156	0.582332	0.800652	0.762242	0	0	0	0	0	0.39645
ihec.chipseq.ihec-chipseq-containerv1.1.4.IHECRE00003686.3.cd4534e8-8eb1-43de-b06d-b173d359a20b.fc.signal	0	0	0	0	0.301938	0.480112	0.246144	0.335534	0.0517345	0	0	0.184631	0.266914	0.625918	0.50079	0.977619	2.4041	0.581621	0.746409	0.467992	0.862977	1.35379	1.72072	0.819822	0	0	0	0	0	0	0	0	0	0	0	0	0	0	0	0.652027
ihec.chipseq.ihec-chipseq-containerv1.1.4.IHECRE00003695.3.4e0e3ebc-98db-4359-b502-e370a14b1038.fc.signal	0.358121	0	0	0	0	0	0	0	0	0	0	0	0	0.408497	0.798393	0.936406	2.23476	1.17514	2.40567	1.06447	1.32114	1.91902	1.65752	0.845393	0.356014	0.0630039	0.355095	0.426198	0.0280589	0.52621	0.0578825	0	0	0	0	0.122765	0.52621	0.819086	1.57424	0.634862
