	chr18:23950490-23950639	chr18:23950640-23950789	chr18:23950790-23950939	chr18:23950940-23951089	chr18:23951090-23951239	chr18:23951240-23951389	chr18:23951390-23951539	chr18:23951540-23951689	chr18:23951690-23951839	chr18:23951840-23951989	chr18:23951990-23952139	chr18:23952140-23952289	chr18:23952290-23952439	chr18:23952440-23952589	chr18:23952590-23952739	chr18:23952740-23952889	chr18:23952890-23953039	chr18:23953040-23953189	chr18:23953190-23953339	chr18:23953340-23953489	chr18:23953490-23953639	chr18:23953640-23953789	chr18:23953790-23953939	chr18:23953940-23954089	chr18:23954090-23954239	chr18:23954240-23954389	chr18:23954390-23954539	chr18:23954540-23954689	chr18:23954690-23954839	chr18:23954840-23954989	chr18:23954990-23955139	chr18:23955140-23955289	chr18:23955290-23955439	chr18:23955440-23955529	chr18:23955530-23955589	chr18:23955590-23955609	Expression
ihec.chipseq.ihec-chipseq-containerv1.1.4.IHECRE00003675.3.a6a9e168-f700-4b04-bb33-9eedccb77991.fc.signal	0	0.0613923	0.685168	0.802648	0.597383	0.628502	1.03943	0.313551	0.100987	0.19664	0.218067	0.692667	0.707251	0.451962	1.11833	0.796555	0.319863	0.448992	0.426365	0.089032	0.324069	0.395201	0.00972933	0.404565	0.58511	0.0776025	0.153825	0.268565	0.605756	0.732703	0.264991	0.490993	0.635516	1.33351	0.710064	0.25832	0.5
ihec.chipseq.ihec-chipseq-containerv1.1.4.IHECRE00003401.1.342281be-4e86-4e27-9e01-e85aacc54324.fc.signal	1.2122	0.629154	0.240832	0.389674	0.202975	0.381664	0.373298	0.478196	0.320138	0	0	0	0	0.425912	1.17336	1.16182	1.63505	2.08707	0.986915	0.578132	0.857962	0.482854	1.04357	1.47521	0.505729	1.0856	1.57524	1.43289	0.565676	0	0	0	1.59097	3.04507	3.19884	2.73193	0.411374
ihec.chipseq.ihec-chipseq-containerv1.1.4.IHECRE00000665.1.e9a22a10-4147-4184-8f97-9e6f19793d99.fc.signal	0.394321	0.279345	0.264288	0.0069846	0.130004	0.23372	0.214848	0.168959	0.213806	0.246619	0	0.251282	0.176848	0	0.211556	0.29695	0.375361	0.32636	0.604272	0.270699	0.645178	0.333917	0.190991	0.0594485	0.481973	0.465704	0.37917	0.714119	0.320421	0.0241203	0.121509	0.241484	0.0163117	0.0669818	0.492878	0.718148	0.80531
ihec.chipseq.ihec-chipseq-containerv1.1.4.IHECRE00001233.5.705d0a23-5da9-44fc-b8a6-299bfe826407.fc.signal	0.157691	0	0.208056	1.069	0.127363	0.472587	0.465743	0.562689	0.567996	1.34515	0.440558	0.494897	0	0.795677	2.20098	0.153577	2.32131	0.466421	0.724279	0.476849	0.547237	0	0	0.164459	1.69445	0.748715	0.911033	1.44626	0.734324	0	0.248115	0.242447	1.08771	1.54964	0.242445	0	0.685936
ihec.chipseq.ihec-chipseq-containerv1.1.4.IHECRE00001016.4.09447dfd-b5f7-40f0-a631-e697e858aafa.fc.signal	0.00548193	0.394511	0.990134	0.213889	0.39158	0.942152	1.00389	0.969207	0.955895	0.383572	0.458949	0.0560024	0	0.109866	0.782379	0.490495	0	0.426196	0.364659	0	0.107969	0.808341	0.383736	1.12824	1.10446	0.276063	0	0.732341	0.228127	0	0.346634	2.00372	1.24294	0.63186	0.00359383	0.381933	0.483037
ihec.chipseq.ihec-chipseq-containerv1.1.4.IHECRE00001017.4.08666978-1909-4d2b-9188-2fa56b97d68c.fc.signal	0.396391	0.439162	0.600772	0.720972	0.910811	0.641042	0.802994	0.783141	0.21002	0.310933	0.651283	0.536561	1.50608	0.58317	0.20535	0.452754	0.977122	1.44814	1.23215	0.730651	0.47356	0	0	0.407122	1.7224	0.605991	0.296211	0.894385	0.647801	0.381112	0.664225	0.800391	1.35558	1.26819	0.963497	0.476449	0.649584
ihec.chipseq.ihec-chipseq-containerv1.1.4.IHECRE00001232.5.2bbf1d92-dd54-451c-865f-3578546b9653.fc.signal	0.413243	0.5418	0.932553	0.81459	0.864652	0.308956	0.509825	0.616883	0.449376	0.571756	0.463325	0.617099	0.286576	0.923357	0.984678	1.00967	0.598825	0.225383	0.353286	0.181908	0.37902	0.596208	0.0955557	0.296045	0.191668	0.997079	0.259985	1.08071	0.774957	0.293166	0.0575451	0.544135	0.475674	1.42959	1.15771	0.634973	0.522727
ihec.chipseq.ihec-chipseq-containerv1.1.4.IHECRE00001965.2.53f657c9-ccc3-46a9-8812-1aa30d387b18.fc.signal	0	0.126556	1.21251	0.575616	0.112128	0.499165	0.345293	0.743327	0.30868	0.865184	0.340289	0.462999	0.0468849	0.0756463	0.769217	0.871441	1.13232	0.755383	0.673332	0.35679	0.817579	1.33596	0.438203	0.483812	1.07708	1.63087	0.702077	0.315192	0	0.0143994	0.463197	0.733832	0.554019	0.777583	0.595589	0.595919	0.560669
ihec.chipseq.ihec-chipseq-containerv1.1.4.IHECRE00004615.1.e5b6a748-5a0b-4664-9385-4b3edaab31e2.fc.signal	0	0.39891	1.29042	0.921119	0.161927	0	0	0.288612	1.46196	2.02015	1.99445	1.75842	0.588483	0.715471	1.89518	0.761924	0.316969	0.301012	0.208601	0.0526511	0.620378	0.824086	0.289434	0.0437015	0.863415	0.331423	0.321993	0.563646	1.02351	1.10004	1.23642	1.30666	0.72264	0.154485	0.0901013	0.318214	0.588957
ihec.chipseq.ihec-chipseq-containerv1.1.4.IHECRE00001012.4.4385ecaa-47ed-48e3-8af5-20303d73a7da.fc.signal	1.02835	0.861079	0.622354	0.319466	0.500349	0.298847	0.319919	0.408014	0.435347	0.579709	0.215614	1.05375	0.788577	0.01743	0	0.424921	0.382307	0.0343367	0.148213	0.899832	0.464893	0	0	0.747245	1.47853	0.379589	0	0	0.173934	0.256498	0.757722	0.252585	0	0	0.223514	0.837274	0.742039
ihec.chipseq.ihec-chipseq-containerv1.1.4.IHECRE00003400.1.1fc96c71-e7b0-4c32-a9b8-85db9118188b.fc.signal	0.149251	0.300916	1.01694	0.250214	1.12388	1.58305	2.25941	2.26191	0.27513	0	0.324468	0.411205	0	0.715219	0.937168	1.16368	0.568166	0.202439	0.905797	1.1456	0.467437	0.478126	0.727783	0.381425	0	0	1.144	0.642577	0.401221	0.0165543	0	0.195434	1.05792	0.788044	0.52147	0.55664	0.257443
ihec.chipseq.ihec-chipseq-containerv1.1.4.IHECRE00000242.3.29b88f8a-5864-41d5-9d2e-8cf436621ef7.fc.signal	0	0	0	0.135354	1.12573	0.499893	0.00899047	0	0.00926627	0.148573	0.216297	0.009492	0	0	0	0	0.417482	0.922773	0.638283	0.256785	0.416387	0.29298	0	0.206798	0.9545	0.556805	0	0	0	0	0	0	0	0	0	0	0.784766
ihec.chipseq.ihec-chipseq-containerv1.1.4.IHECRE00001003.4.6289626c-b595-49fa-9fe0-13e3753945d1.fc.signal	0.126127	0.169296	0.0566974	0.0638385	0.577357	1.10363	0.857913	0.627776	0.452202	0.201871	0	0.0679436	0.423296	0.517698	0.850106	0.418563	0.329166	0.611389	0.52845	0.525622	0.525527	0.728759	0.323009	0.50584	0.252483	0	0.096149	1.97946	2.12074	0.212575	0.0087668	0.344449	0.489769	0.666372	0.512767	0.375675	0.646603
ihec.chipseq.ihec-chipseq-containerv1.1.4.IHECRE00004617.2.072627d2-ab52-4b94-ab51-9e9d905bc824.fc.signal	0.0570517	0.335519	1.02865	0.522075	0.593417	0.268403	0.867108	0.980174	0.834036	0.178667	0	0.107109	1.33946	1.15631	1.62952	1.07736	0.13959	0	0	0.15394	0.439811	0.246907	0.874458	0.782327	0.932105	0.393606	0.381274	0.978598	1.63452	1.39172	1.17098	0.917839	0.502207	0.560293	0.362595	0.316716	0.471438
ihec.chipseq.ihec-chipseq-containerv1.1.4.IHECRE00000223.3.c621361d-dad0-4fef-8483-b87bec22a86a.fc.signal	0	0	0	0	0.00902707	0.112489	0.150321	0.192114	0.302699	0.396787	0.222959	0	0.0387014	0.108947	0.121127	0.233681	0.452098	0.581096	0.652208	0.363054	0.24666	0.140242	0.183163	0.416822	0.366688	0.231965	0.130345	0.188935	0.0107616	0	0	0.0850739	0.490066	0.510527	0.307565	0.176472	0.520776
ihec.chipseq.ihec-chipseq-containerv1.1.4.IHECRE00000227.3.3324a0e7-9091-4952-b04e-d0a7fa0902ef.fc.signal	0	0	0	0.128602	1.20716	1.1546	0.66585	0.311894	0.163899	0.321198	0.128848	0	0	0	0	0	0.230445	0.246962	0.293968	0.760508	0.624959	0	0.148997	0.524837	0.826607	1.09192	0.5091	0.513292	0.490872	0.018878	0	0	0	0	0	0	0.441528
ihec.chipseq.ihec-chipseq-containerv1.1.4.IHECRE00000964.7.7b47d1c2-54cf-477b-9e3d-3dc271ede832.fc.signal	0.30855	0.338173	1.10017	0.381232	0.41938	0.329846	0.162402	0.243853	0.601424	1.02035	0	0	0	0	0.89542	0.214834	0.993118	1.34094	2.37451	0.344277	0.391075	0.514808	0.885434	1.17668	2.74587	0.794374	0.331733	2.72759	0.898509	0	0	0.507637	0.560015	0.834467	0.392703	0	0.668203
ihec.chipseq.ihec-chipseq-containerv1.1.4.IHECRE00003679.3.9a67dbab-2305-42d6-a0ec-7cb7b956e3e2.fc.signal	0.916987	0.372592	0.743174	1.24484	1.44145	1.24829	0.683459	0.959864	0.276023	0.164029	0.806649	1.38524	0.662419	0.818288	0.695122	0.306718	0.617797	0.713818	0.343053	0.414732	0.298302	0.282451	0.357376	1.40931	0.249457	0.749112	0.183903	1.1041	1.3709	0.32009	0.283367	0	0.442904	0.283406	0.0144853	0	0.603053
ihec.chipseq.ihec-chipseq-containerv1.1.4.IHECRE00001005.4.cf41af99-54a7-4e74-bcdf-17ae51ba9812.fc.signal	0.0630917	0	0.149489	0.149933	0.851379	1.40102	0.389062	0.656027	0.961677	0.452616	0.126803	0.141256	0.452893	0.533949	0.860961	0.281276	1.26538	0.789299	0.0179479	0.150092	0.341925	0.133725	0.281342	0.200317	0.0381054	0	0.126324	0.775354	0.654354	0.162576	0.195533	0.253937	0.293569	1.12794	1.16525	1.35155	0.629055
ihec.chipseq.ihec-chipseq-containerv1.1.4.IHECRE00004609.2.02700347-df20-47c4-9f0c-4c735f739be2.fc.signal	0.324759	0.746008	1.83437	1.81461	0.754808	0.705008	0.169735	0.55292	0.991762	2.30683	1.44068	1.09001	0.386976	2.03729	1.92859	0.972647	1.47513	1.98775	0.765642	0.765116	0.692004	0.0109337	0.202751	0.69344	1.55505	1.03037	0.923744	2.23414	2.24201	0.484982	0.143742	0.113945	1.02101	1.39137	0.987333	1.18214	0.834776
ihec.chipseq.ihec-chipseq-containerv1.1.4.IHECRE00004655.3.a03293d2-6113-4ca9-b53e-d6298f97afbf.fc.signal	0.161723	0.455283	0.492355	0.327898	0.254228	0.0260267	1.15935	1.16171	1.38397	2.6757	2.23094	1.17656	0.816472	1.11647	0.0464896	0	0.385708	1.41449	1.3115	0.413232	1.46681	0.6316	0.711237	1.30416	0.72476	0.47106	0.251967	0.234773	0.383661	0.348254	0.182687	0.397686	0.141338	0	0	0	1
ihec.chipseq.ihec-chipseq-containerv1.1.4.IHECRE00003404.1.23508f0c-a4f9-4134-8818-79f90321c313.fc.signal	0.174621	0.0322559	0.490539	0.081434	1.91622	2.7214	1.13823	0.568473	0.67464	0.564502	0.669647	1.17543	1.36221	0.723001	0.241847	1.19756	0.439743	0.804795	1.43865	0.101871	0	0.226744	0.385142	0	0	1.24496	2.24436	1.50767	0.50847	0	0.429626	0.485564	0.27323	0.581739	0	0	0.407496
ihec.chipseq.ihec-chipseq-containerv1.1.4.IHECRE00000969.7.3d784b78-f4bc-495c-ac9b-3091418dd4cd.fc.signal	0.674969	0.206139	0.266779	1.14924	0.302753	0.0368177	0.377398	0.399025	0.00139173	0.0423782	0.0969323	0	0.0687805	0.16915	0.244098	0.0150767	0.0267761	0.285055	0.43852	0	0.52094	0.663098	0.45997	0.0674623	0	0.481849	0.619563	0.340385	0.938874	0.122659	0.505402	0.630427	0.0285642	0	0.343409	0.50255	0.253472
ihec.chipseq.ihec-chipseq-containerv1.1.4.IHECRE00001007.4.08e28098-6b25-436f-a9c0-5ef900e50b67.fc.signal	1.28225	2.31901	0	0.00665867	0.490536	0.387252	0.775678	0.267395	0.337788	0.603032	1.29649	1.02793	0.6293	0.748605	1.10157	0.156574	0	0.494943	1.09691	0	0	0	0.0328397	1.18255	0.361659	0	0.44578	1.06095	0.840715	0.170897	0	0	1.17706	4.69074	1.20929	0.434455	0.560552
ihec.chipseq.ihec-chipseq-containerv1.1.4.IHECRE00001013.4.693f5b6b-5914-4fc3-8d42-3cb06b12471b.fc.signal	0.0959753	0.684831	0.574478	0.0908536	0.156119	0.370917	0.432145	0.220073	0.432682	0.828202	0.135624	0	0	0.426383	0.3876	0.116062	0.935228	1.18886	0.928129	1.33437	1.72222	0.279876	0.0108084	0.520495	0.167918	0.326966	1.14645	0.96557	0.0130278	0	0	0	0	0	0.098078	0.30972	0.479299
ihec.chipseq.ihec-chipseq-containerv1.1.4.IHECRE00000126.3.d7185ece-dead-471a-94c7-970dbc1c9c5a.fc.signal	0	0.311739	0.346605	0.532297	0	1.01058	0.971803	0.569065	0	0.447542	0.13311	0.469646	0.886821	0.172896	0.449328	0.0797648	0	0.969165	0.518195	0	0	0.911398	1.32313	1.70974	0.775107	0.83492	0.0866211	0	0.0439713	0.73586	0.0981147	0	0	0.490573	0.73586	0.73586	0.64557
ihec.chipseq.ihec-chipseq-containerv1.1.4.IHECRE00000987.6.f1a05120-9b28-47d7-97dd-561e9dce1de5.fc.signal	1.16521	0.267863	0	0	0.268663	0.482328	0	0	0.171438	0.497132	0	0	0	0.235641	0.796208	1.33757	0.641124	0.394502	0.550804	0	0.169067	0.636898	0.607884	0	0.49626	0.268832	0	0	0	0	0.255298	1.01514	0.214312	0.248676	0.662884	0.6637	0.756088
ihec.chipseq.ihec-chipseq-containerv1.1.4.IHECRE00001025.7.383d7143-d994-47de-83fc-160182b0cccd.fc.signal	0.302602	1.00041	0.944403	0.13547	0.412916	0.212975	0.199558	0.652104	0.233183	1.6136	0.17861	0	0	0	0.649973	1.68813	1.33539	0	1.69404	1.97907	1.88551	0.112122	0	0.856373	0.62983	0.55571	0	0	2.69708	0.614135	0	0	0.341455	1.27	0.210635	0	0.722561
ihec.chipseq.ihec-chipseq-containerv1.1.4.IHECRE00001901.1.f49f8858-2472-44f2-b550-626e1e1b869d.fc.signal	0.123529	0.252982	0.264933	0.383442	0.177526	0.301134	0.433901	0.294979	0.316486	0.0757633	0.0510947	0.110287	0.102496	0.149058	0.179955	0.289248	0.144948	0.0289529	0.48481	0.316439	0.0296932	0.318357	0.335522	0.23262	0.117328	0	0	0	0	0	0.0049588	0.128818	0.146259	0.112114	0.126154	0.201551	0.339286
ihec.chipseq.ihec-chipseq-containerv1.1.4.IHECRE00004635.3.9815b17b-4b2f-4371-98fe-9b674b10f52b.fc.signal	0.753501	0.659428	0.623814	0.193221	0.430705	0.337886	0	0	0.143109	0.834508	0.934265	0.0661427	0.47439	0.636724	0.442394	0.22411	0.44462	0.885685	0.607185	0.518526	0.529083	0.400463	0.242482	0.83207	0.191374	0.13696	0.759086	1.4127	1.07851	0.698213	0.397005	0.21119	0.258366	0.389706	0.457628	0.449036	0.641007
ihec.chipseq.ihec-chipseq-containerv1.1.4.IHECRE00003803.1.5811fe86-2f6b-4937-8c8f-b865bb36877a.fc.signal	0	0.715415	0.716195	0.063672	1.96144	1.33036	3.45645	0.608205	0.0370883	2.67841	2.11245	0.274891	0	1.30625	0	0.697745	0.998608	1.5231	0.915152	0.289905	1.92771	1.70204	0.492648	1.41463	0.103212	0	0	0	0	0	0	0	0	0	0	0	0.464646
ihec.chipseq.ihec-chipseq-containerv1.1.4.IHECRE00004884.1.55c580e9-33d1-47be-8555-14db2907a656.fc.signal	0.962101	0	1.71139	0.40844	0.189996	0.916209	1.38841	1.06032	0.175801	1.0301	1.02953	0.572435	1.22453	0.286779	0	1.39101	2.25373	0.724223	0.586795	0.404659	0.642136	0.929509	1.63561	1.10931	0.0591396	0.17966	1.55675	1.40914	0.675427	0	0	0.0871942	1.66176	0.399908	0.378717	0.444188	0.663146
ihec.chipseq.ihec-chipseq-containerv1.1.4.IHECRE00004606.2.ed49a991-84af-4e39-816c-484a056fbaeb.fc.signal	0.213756	0	0.577752	0.769544	0.318208	0.674833	0.75177	0.86059	0.981048	1.00334	0.796135	0.509958	0.123057	0.392089	0.81964	0.946987	0.340764	0.926612	1.46187	0.696712	0.893987	1.22896	2.32442	0.535854	1.00202	1.11996	0.525906	1.64801	1.3483	0.181498	0.547526	1.32543	0.706905	0.713731	0.128678	0	0.387097
ihec.chipseq.ihec-chipseq-containerv1.1.4.IHECRE00001008.4.aac7e4a9-da4f-4f24-8b37-ec261c55025e.fc.signal	0.688092	0.446748	0.449587	0.101541	0.146051	0.387326	0.197803	0.304944	0.109331	0.83387	0.398718	0	0.121541	1.02984	1.15976	0.317521	0.385573	0.939115	0.793489	0.105785	0.884703	0.733268	0.831416	1.20169	0.663419	0.270216	0.602079	1.16968	0.701513	0.0186643	0.611828	0.226829	0	0	0	0	0.30061
ihec.chipseq.ihec-chipseq-containerv1.1.4.IHECRE00001009.4.1b8093dd-892d-4d82-93cb-a5798c1caf6d.fc.signal	0.150044	0.41679	0.104196	0.393168	0.74224	0.57202	0.816869	0.750682	0.429646	0.547728	0.789121	0.25563	0	0	0	0.0319531	0.332041	0.237502	0.152623	0.773908	1.12657	0.867232	0.439019	0.0527922	0	0	0	0.122258	0.41679	0.0722429	0	0.0375102	0.340918	0.76837	0.612474	0.4088	0.591363
ihec.chipseq.ihec-chipseq-containerv1.1.4.IHECRE00000099.3.451c74b0-e10e-4605-9c95-3a519cadcb7b.fc.signal	1.23291	1.51067	0.142882	0.379558	0.295363	0.645373	1.79187	0.681483	0.947309	0.252096	0	0.0524239	0.369202	1.1402	1.48652	0.375767	0.895169	0.124784	0.578178	0	0	0	0.69551	0.465918	0	0.280715	0.475297	0.560891	0.582418	0.405372	0	0.396314	0.0933351	0.295062	1.0313	1.32458	0.90566
ihec.chipseq.ihec-chipseq-containerv1.1.4.IHECRE00004643.3.15a1e343-163b-4fb6-858c-0dee043f87d0.fc.signal	0.31934	1.59433	2.11126	1.19932	0.504464	0.277448	0.570221	0.169733	0.23525	0.617011	0.232907	0.356444	0.341136	0.261151	0.785539	0.368698	0.0544876	0.751559	0.971562	0.313853	0.358808	0.0119713	0.0409452	0.303676	0.50462	0.348311	0.355446	0.45387	0.807266	0.633278	0.732247	0.647702	0.329264	0.695989	0.995465	1.07693	1
ihec.chipseq.ihec-chipseq-containerv1.1.4.IHECRE00001015.4.43e52f53-9251-4460-b822-3522af489eae.fc.signal	0.399404	1.20952	1.21978	0.370574	0	0.328211	1.10854	0.472473	0.224211	0.291254	0.587644	0.763588	0.35551	0	0.150992	0.714315	1.12293	1.49317	0.828665	0.0710704	0.560644	0.104077	0	0.21397	0.840112	0.782989	1.11967	1.0522	0	0	0.403226	0.381605	0.588622	0.731663	0.506271	0.944403	0.244275
ihec.chipseq.ihec-chipseq-containerv1.1.4.IHECRE00001962.2.d1151f44-0503-431c-bfe2-499fbc35c555.fc.signal	0	0.551751	1.62482	1.20362	0.929375	0.401381	0.187422	0.0719811	0.505279	0.540762	0.416249	0.883884	0.696382	0.310962	0.143604	0.22988	0.343314	0.686459	0.894019	0.451841	0.210764	0	0	0	0	0.196415	0.644276	0.556733	0.0270217	0.0789033	0.295448	0.066144	0.00205333	0.242089	0.290032	0.34566	0.483717
ihec.chipseq.ihec-chipseq-containerv1.1.4.IHECRE00001851.4.5e272f7c-8fae-451e-b602-8f58a446c757.fc.signal	0.450194	0.268726	0.592843	0.607815	1.02086	1.32471	1.32093	1.47392	0.666729	0.346193	0.854	0.81271	0.242775	0.321907	0.214854	0	0	0.97967	1.89527	0.28251	0	0	0	0	0	0	0.481448	1.14466	0.386425	0	0.130718	0.642495	0.597185	0.553553	0.51716	0.484267	0.672397
ihec.chipseq.ihec-chipseq-containerv1.1.4.IHECRE00000953.7.cc6b5e72-cd6c-41ee-bba0-2f1bd3353f6f.fc.signal	1.61747	0.680403	0.577544	0.00789107	0.419847	0.751773	1.03452	1.92072	2.75079	2.50317	0.809151	0.640402	0	0.0661778	0.660531	0	2.09434	2.38944	0.399601	0	0.0915445	0.552577	1.02834	1.40359	0.294659	0	0.761068	1.26819	0	0	0	0	0.203773	0.658893	0	0.336287	0.612069
ihec.chipseq.ihec-chipseq-containerv1.1.4.IHECRE00000231.3.493a772e-0001-4655-973c-6fca5dd7388d.fc.signal	0	0	0	0.0817827	0.223526	0.267101	0.205937	0.230341	0.496007	0.696087	0.322251	0	0	0	0	0	0.269195	0.64401	0.43219	0.116744	0	0	0	0	0.119117	0.430239	0.39456	0.34195	0.152896	0	0	0.122436	0.600715	0.565619	0.279287	0.17151	0.509538
ihec.chipseq.ihec-chipseq-containerv1.1.4.IHECRE00001958.3.6c69236e-c3b7-44e9-b4df-92ecc399b775.fc.signal	0.41927	0.494274	0.443854	0.417852	0.432334	0.505017	0.906152	0.32127	0.143081	0.497228	0.122327	0.268044	0.370553	0.185513	0.449296	0.147987	0	0	0	0	0.297808	0.450872	0.376004	0.395969	0.560741	0.930142	0.049912	0	0	0	0.268014	0.345602	0	0	0	0	0.681373
ihec.chipseq.ihec-chipseq-containerv1.1.4.IHECRE00003818.1.fdfc855b-3069-4eaf-80ec-59fca0202ead.fc.signal	0.39774	1.20705	0.656577	0.538247	0.80148	3.15391	1.69464	0.659088	0.430282	1.92263	1.47147	0.221825	0.329357	0.36317	0.195764	0.365717	0.84297	0.874028	0.723018	0.919549	1.39638	0.801106	0.324916	2.53603	1.40219	2.70478	0.548102	0	0.211157	0.0801598	0.473384	3.22052	0.0880604	0	0	0.19296	0.257976
ihec.chipseq.ihec-chipseq-containerv1.1.4.IHECRE00003812.1.f091f16b-76c5-4d9c-852c-b5cc2fced8c8.fc.signal	0.620071	0.34826	0.286281	1.05578	1.83524	2.79899	1.85516	1.27492	1.25659	0.466921	0.5135	0.0160734	0.0283657	0.393783	0.432477	0.930289	0.937377	0.35651	1.09605	0.23645	0	0.252827	0.787621	1.64228	1.38965	0.205133	0.199188	0.565294	0.465478	0.216196	0.343012	0.292962	0.957891	1.00132	0.598064	0.264737	0.240928
ihec.chipseq.ihec-chipseq-containerv1.1.4.IHECRE00000303.2.686fa881-e6e7-464b-858f-6914c5504719.fc.signal	0.0296704	0	0	0	0.898151	1.2615	0.101775	0.465286	0.505006	0.694338	0.274587	0.82376	0.120818	0	0.0919755	0.557629	0	0.240057	0.720185	0	0.581069	0.366927	0.439114	0.618986	0.593722	0.642887	0.901441	0.69928	0.706996	0	0	0.560345	0.230186	0	0	0	0.761062
ihec.chipseq.ihec-chipseq-containerv1.1.4.IHECRE00004614.1.ec015f8f-ae48-4714-af9a-4349b955d07f.fc.signal	0.0730305	0.396742	0.629028	0.0475966	0.914406	0.105258	0	0.282787	0.423079	2.30578	1.27005	1.12867	0.993892	0.511739	0.0801524	0	0	0.246224	0.061556	0.303344	0.00405627	0	0	0.0038026	0.391795	0.0475423	0.671998	0.709402	1.32925	1.42394	2.03372	1.51725	0.306858	0.284804	0.358991	0.379341	0.519187
ihec.chipseq.ihec-chipseq-containerv1.1.4.IHECRE00001959.2.a7b76745-dcef-4cb6-a9b6-a20155a8b15e.fc.signal	1.19994	0.628356	0.807399	0	0.488338	0.93202	0.514728	1.04444	1.86057	1.15273	0.852734	0.631709	0.910532	0.686315	0.311829	0.438261	1.15549	0.772758	1.02397	0.0273758	1.19546	0.472707	0.346821	1.58134	0.468993	0.42094	0.249477	0.0492814	0	0	0	0.270013	1.26215	0.865607	0.519271	0.292822	0.637359
ihec.chipseq.ihec-chipseq-containerv1.1.4.IHECRE00004604.3.397dad66-8eeb-4031-bd0a-a0b7a2fe32fc.fc.signal	0.424248	0.057583	0.363745	0.0867688	0	0	0.0571773	0.302268	0.471265	0.503063	0.174654	0.43136	0.730901	0.473607	0.486906	0	0.379251	0.383117	0	0.227609	0.113602	0.852798	0.694633	0	0	0	0.2112	0.341274	0	0	0.178056	0.417113	1.44093	2.02786	1.16231	0.7419	0.563636
ihec.chipseq.ihec-chipseq-containerv1.1.4.IHECRE00004603.3.aa33cda4-5f7e-468f-8713-d439ef935bb1.fc.signal	0.94686	0.848682	0.622468	0.192934	0.308961	0.0838673	0.461881	0.654545	0.972515	0.496371	0.0698479	0.0072208	0.823825	0.883354	1.07515	0.441026	0.352269	0.629586	0.297396	0	0.0120245	0.326671	0.7203	1.27034	0.938559	0.603287	0.591142	1.0167	0.412905	0.334658	0.292645	0.380033	0.425366	0.6598	0.448842	0.45763	0.715686
ihec.chipseq.ihec-chipseq-containerv1.1.4.IHECRE00001963.2.5dfb9b40-6b47-44fd-9ffc-ba05e31611c9.fc.signal	0.155862	0.557996	0.574484	0.006588	0.146537	0.198868	0.337466	0.297724	0.431805	0.353056	0.155104	0.278996	0.296931	0.056136	0	0.0896383	0.588619	0.374096	0.428687	0.16913	0.277431	0.264974	0.33894	0.357335	0.344416	0.827711	0.822785	0.314846	0.870564	0.421746	0.105082	0.530915	0.463333	0.121234	0	0	0.310297
ihec.chipseq.ihec-chipseq-containerv1.1.4.IHECRE00004681.3.0f14d363-13f3-4ef6-ae7d-bc5a09aea3db.fc.signal	0.240458	0.242537	0.436528	0.396102	0.168074	0.165225	0.319906	0.808049	0.314377	0.164423	0.200242	0.533069	0.623917	0.191653	1.16693	0.501476	0.137311	0.373926	0.304803	0.226207	0.0745875	0.254519	0.376182	0.879883	0.849448	0.0742633	0.480823	0.669275	0.276442	0.568866	0.310107	0.22333	0.106829	0.230079	0.231615	0.21436	0.905785
ihec.chipseq.ihec-chipseq-containerv1.1.4.IHECRE00003730.1.ca2c9686-19d9-4bbf-8dc9-072da982979c.fc.signal	0.552775	0	0.436353	0.583214	0.808755	0.473078	0	0.672535	0.384481	0.988662	0.941257	0.625812	0.403722	0	1.44897	1.89744	1.31129	0.895823	0.824379	0	0	0	0	0.766819	0.2465	0.802814	0.305322	0.499009	0.424924	0	0	0.510921	2.04035	0.462657	1.06189	1.17624	0.488838
ihec.chipseq.ihec-chipseq-containerv1.1.4.IHECRE00003716.2.82753642-3854-4352-953d-733f91022d45.fc.signal	0	0	0.13461	0.500662	0.319205	1.32338	0.799256	0.637718	0.674829	1.12482	1.3096	0.496522	0.896216	0.760491	0.402366	0.823891	0.124189	0.601748	1.358	1.71202	0.695516	0.546951	0.653238	1.01176	1.11508	0.846829	0.0417065	0.265214	0.45465	0.146905	0.429395	1.0458	0.683571	0.11541	0.294304	0.277868	0.452427
ihec.chipseq.ihec-chipseq-containerv1.1.4.IHECRE00000339.2.bf75e79c-02a8-4739-8192-e972df4d98cd.fc.signal	0	0	1.29451	1.4267	0	0	0	0	0	2.20528	2.12593	0	0	0	0	0	0	0.628442	3.71724	2.6831	0	0	1.50271	2.85298	0	0	0	1.80243	1.49848	1.99711	0.316598	0	0	0	0	0	0.813953
ihec.chipseq.ihec-chipseq-containerv1.1.4.IHECRE00000228.3.4a4a3e76-3b28-4e5b-88f0-29c203f107d8.fc.signal	0.21995	0	0.0456733	0.451446	1.14797	0.5756	0.236136	0.917899	0.587299	0.255318	0.332431	0.0607812	0	0	0.0706893	0.365739	1.0677	0.904076	0.345902	0.182008	0.487712	0.315025	0.00717693	0	0.164481	0.44564	0.18868	0	0	0	0	0	0	0.0895489	0.357653	0.497555	0.829175
ihec.chipseq.ihec-chipseq-containerv1.1.4.IHECRE00001011.4.91d77497-c903-4470-8aaa-0d4fbe51c6cc.fc.signal	0.299588	0.0570098	0	0	0	0.254381	0.239054	0.2009	0.166702	0.343053	0.152176	0.104326	0	0	0	0	0	0	0.0366337	0.185275	0.029814	0.231215	0.349935	1.2615	1.26029	0.0649413	0	0	0	0	0	0.027001	0.730334	0.652905	0.0494198	0	0.701771
ihec.chipseq.ihec-chipseq-containerv1.1.4.IHECRE00004616.1.cde4ad8a-05bb-4102-b4aa-50d06b7c6301.fc.signal	0.487536	0.148758	0.19735	0.284992	0.813939	0.306366	0.13875	0.267492	0.334462	0.326762	0.458464	0.441145	0	0.488303	1.38468	0.772604	1.08642	1.80797	0.867792	0	0.0417417	0.542766	0.165398	0	0.0536397	0.242759	0.121883	0.725847	1.81641	0.432021	0.0627947	0.257924	0.994189	1.68954	1.54005	1.36503	0.259669
ihec.chipseq.ihec-chipseq-containerv1.1.4.IHECRE00003838.5.8e681a4e-cecf-493b-b8f7-5ee138ef396e.fc.signal	0.354304	0.150397	0.208157	0.243548	0.192411	0.330294	0.447766	0.288567	0.373177	0.438171	0.173925	0.328771	0.209123	0.343697	0.131887	0.0972626	0.0489313	0.234831	0.126043	0.212701	0.306253	0.158292	0.4246	0.736194	0.324897	0.131862	0.137307	0.34256	0.57365	0.28474	0.337493	0.245183	0.637828	0.460788	0.10294	0.005147	0.132743
ihec.chipseq.ihec-chipseq-containerv1.1.4.IHECRE00004610.2.946d9db5-c2ec-4c13-9689-dc803ab18892.fc.signal	1.38771	0.474539	1.21744	0.940032	1.53864	1.457	0.635742	0.326568	1.07856	0.981251	1.28301	0.623394	1.44217	1.12305	1.29622	1.25082	0.601005	0.130794	0.543064	0.272162	0.333849	0.548587	0.665042	0.173595	0.455205	1.28136	0.831174	0.929509	1.64793	0.403205	0.232547	0.757242	1.40279	1.5057	1.26758	1.25402	0.762243
ihec.chipseq.ihec-chipseq-containerv1.1.4.IHECRE00001888.4.d16ca01b-df2f-4c07-a1a8-144b866b6330.fc.signal	1.50239	0.343769	1.98777	0.604202	0	0.419439	0.209944	0	0	0	0.496677	0	1.26163	0.952479	1.25331	0.740919	0	0.340632	0.398838	0	0	0.269071	1.18733	0.818624	0.0486501	0	0.693657	0.571935	0.429708	0	0	0	0.343569	0.229869	0.592068	0.700043	0.990343
ihec.chipseq.ihec-chipseq-containerv1.1.4.IHECRE00003715.2.59d957d1-1698-4164-ba42-8458fa8d6784.fc.signal	0.22786	1.00765	0.612131	0.348273	0.196603	0.0958967	0.49424	0.495939	0.942734	0.691963	0.599304	0.163505	0.357617	1.02333	1.0409	0.235394	0.303479	0.562922	0.389674	0.129777	0.991103	0.76348	1.15107	1.09927	0.341803	1.81861	1.15305	0.873023	1.13725	0.243575	0.228052	0.693714	0.706449	1.29216	1.07709	0.359664	0.498986
ihec.chipseq.ihec-chipseq-containerv1.1.4.IHECRE00001878.2.fc448a7c-29ec-4102-8bb2-a2d46c051ee6.fc.signal	1.02761	1.16113	0.623875	0.196304	0.943524	0.903943	0.348267	0.432696	0.376586	0.618186	0.719149	0.461192	0.446746	0.264536	0	0	0.0972711	0.841154	1.08912	0.549087	0.084392	0.970688	1.39651	1.31311	0.820348	0.267684	0	0.393007	0.472941	0.0319625	0.266022	0.600142	0.156339	0.457435	0.400686	0.442958	0.283333
ihec.chipseq.ihec-chipseq-containerv1.1.4.IHECRE00003402.2.f58764bd-8340-4d36-994e-04c84f5ba1e4.fc.signal	0.324095	0.859365	1.76352	1.22818	0.544427	0.85391	0.624195	0.262854	0	0.190306	0.30152	0.548305	0.866484	0.471657	0.138371	0	0	0	0.161027	0.477713	0.355976	0	0	0	0	0	0.0316992	0.480516	0.608425	0.502411	0.34853	0	0.107365	0.26891	0.294879	0.27726	0.465839
ihec.chipseq.ihec-chipseq-containerv1.1.4.IHECRE00004605.1.0170bf87-acb4-4151-9ad9-b1d9403f191c.fc.signal	0.791591	0.760939	0.744718	1.4419	1.30037	0.529615	0.015842	0.417182	0.628451	0.628533	0	0	0.100441	0.736807	1.7622	0.416407	0.0717415	0.752302	1.55787	0.193826	0.467591	0.375392	0.337066	0	0.291844	0.389626	0.137374	0.4967	0	0.175638	1.76531	1.43673	0.775881	0.652146	0.397827	0.781831	0.722371
ihec.chipseq.ihec-chipseq-containerv1.1.4.IHECRE00000240.3.8143faf4-bd87-4c0f-98f7-a0083493be0c.fc.signal	0.113638	0	0	0	0	0	0	0.132633	0.166228	0.0077402	0	0	0	0.157421	0.442947	0.580628	0.754452	0.364349	0.200576	0.000770267	0	0	0	0.365191	0.739553	0.339315	0.298893	0.511684	0.0897969	0	0	0.771432	1.62063	1.13602	0.659187	0.516393	0.64375
ihec.chipseq.ihec-chipseq-containerv1.1.4.IHECRE00004607.2.733524dc-1168-46fe-ac14-03e518cd0f4e.fc.signal	0	0.195623	1.37307	0.654397	0.361584	0.506787	0.246856	0.30764	0.304948	0.678728	0.659228	0.224646	0.558375	1.102	1.23131	0.632171	1.51076	0.976693	0.544672	0.934645	0.899276	1.00633	1.3898	1.51771	1.04088	1.16349	0.125057	0.295358	1.09364	0.33241	0	0	0.449996	0.970029	0.876058	0.868509	0.457074
ihec.chipseq.ihec-chipseq-containerv1.1.4.IHECRE00003396.1.093281fa-11ea-4b40-987a-06f1806e196f.fc.signal	0.498798	1.21168	0.600007	1.64776	0.880412	0.794634	1.01069	0.156502	0.073393	0.51714	0.0658863	0.035101	0.837047	1.90695	0.920949	0.534147	0.282591	0.306488	0	0	0.250724	0.983086	0.119249	0.588353	1.40804	0.95542	1.07525	0.598726	0.617651	1.30622	2.54561	0.610953	0	0	0	0	0.278943
ihec.chipseq.ihec-chipseq-containerv1.1.4.IHECRE00004900.1.aae17e68-77f6-4d45-a8c2-71b0865bfd19.fc.signal	0.87577	0	0.642895	0.348119	0	0	0.232799	0.745931	0.529217	1.61943	2.01427	1.44812	0.402433	0	0	0	0.811408	0.978971	0.121143	0.501851	0.83659	0.781436	0.624982	1.09845	0.44579	0.413986	0.466739	0.543702	0.109005	1.55807	0.447327	0.0061468	0.335403	0.267824	0.560043	0.738199	0.623604
ihec.chipseq.ihec-chipseq-containerv1.1.4.IHECRE00003398.1.10fbd709-68ea-4fa4-8613-57809a3d7bd1.fc.signal	0.575611	0.137844	0.206739	0.728283	1.1387	0.756105	0.589088	1.47512	2.00076	0.958267	0.647794	0.970082	0.48374	0.378029	0.325988	0.698798	1.0337	0.645609	0.430913	0.087275	0.562517	0.513529	0.293083	0.25722	0.559559	0.469126	0	0.400726	0.555717	1.04752	1.16254	0.746657	0.816041	0.813331	0.42558	0.42558	0.52515
ihec.chipseq.ihec-chipseq-containerv1.1.4.IHECRE00000949.6.f5651615-e1a0-4ca6-b62c-507789eb8f29.fc.signal	0	0.133403	0.753549	1.40642	0.956677	1.02566	0.124835	0.0282063	0.666452	0.182607	0.444481	0.234685	0.490284	0.177616	0.568683	0.347154	0.593404	1.09571	0.595121	0.0348732	0.873849	0.999024	0.0972105	0	0.429301	0.678615	1.14763	0	0.735914	0.329355	0.0111884	0.306242	0.254576	0	0	0.277036	0.735221
ihec.chipseq.ihec-chipseq-containerv1.1.4.IHECRE00001014.4.64c19388-ff65-4d1c-b67d-140f7fdcc5ec.fc.signal	0.569635	0.124483	0.785106	0.931832	1.24049	0.9069	0.100526	0	0.0983069	0.238796	0	0	0	0.423908	0.730606	0.242761	0	0.187808	0.699081	0.140887	0.397293	0.0663394	0.521604	0.562765	0.0794455	0	0.245872	0.397794	0.0990387	0	0	0.0327329	0.873919	0.733069	0.290168	0.05793	0.40393
ihec.chipseq.ihec-chipseq-containerv1.1.4.IHECRE00001021.4.1c0ae950-3455-41eb-9b58-0960e680afcb.fc.signal	0	0.291099	0.28535	0.734448	0.559012	0.619952	0.404079	0.595775	0.675747	0.325579	0.944104	0.757057	0.22222	0.242684	0.327991	0.344947	0.560097	0.173205	0.0491558	0.303727	0.077771	0	0	0	0.177918	0.569614	0.48861	0.149169	0	0.0161717	0.239126	0.236838	0.0127193	0	0	0	0.292375
ihec.chipseq.ihec-chipseq-containerv1.1.4.IHECRE00001010.4.f9b9535e-5d68-4b34-ac8e-245cf52378c6.fc.signal	0	0.203056	0.529168	0.28253	0.556145	0.859486	0.69617	0.155399	0.000987733	0	0	0	0	0.162423	0.643705	0.465167	0.649437	0.890615	0.445824	0	0.136264	0.712251	0.829824	1.66272	0.587119	0.0744488	0	0	0	0.040592	0.747408	1.41227	2.27969	2.47182	1.53566	1.1929	0.654275
ihec.chipseq.ihec-chipseq-containerv1.1.4.IHECRE00001019.4.3351f750-a51a-4cf0-9637-9fed28c3a9a8.fc.signal	0.686866	0.632181	0.641292	0.379572	0.323937	0.327136	0.384679	0.624418	0.553512	0.306093	0.291124	0.474334	0.0324313	0.653529	1.1519	0.999788	0.550934	0.242584	0.473096	0.50536	1.18495	0.543341	0.323328	0.256635	0.59426	0.352089	0.832975	1.36007	0.511969	0.294735	0.444166	0.875108	0.86275	0.131959	0.206777	0.628289	0.635533
ihec.chipseq.ihec-chipseq-containerv1.1.4.IHECRE00000983.7.527aaaf8-43bd-4533-a84a-b141b5c2c8ad.fc.signal	0.530498	1.75895	1.07951	0.115378	0.270366	0.162059	0	0.409314	0.299003	0.606852	0	0	0	0.42714	1.0109	1.24041	1.54789	0	0.747876	0.541979	0	0	0	1.09487	0.166365	0	0	0.250226	1.0525	0	0	0	0	0	0	0	0.661017
ihec.chipseq.ihec-chipseq-containerv1.1.4.IHECRE00000221.3.b95e5419-47c1-4594-b280-863f31043d11.fc.signal	0	0.0416293	0.202964	0.86142	0.998161	0.224842	0.297307	0.338424	0.29137	0.145025	0.0878675	0.0714636	0	0	0	0.060423	0.420717	0.789624	0.376133	0.469811	2.37345	1.60504	0.259338	0.276486	0.671972	0.94379	0.864324	0.594994	0.080947	0	0	0	0	0	0	0	0.324051
ihec.chipseq.ihec-chipseq-containerv1.1.4.IHECRE00000001.4.7ab9b0e8-c023-4a55-9a01-21d8f6cb210d.fc.signal	0	0	0	0	0	0	0.163715	0.518273	0.288122	0.140603	0.0334045	0	0	0	0	0	0	0	0	0	0	0	0	0	0	0	0	0	0	0	0	0	0	0	0	0	0.562012
ihec.chipseq.ihec-chipseq-containerv1.1.4.IHECRE00001852.4.a1ddaa09-18ba-4555-a461-058f1eac9ae3.fc.signal	1.26151	1.50363	0.510589	0.596414	0.662471	0.0805229	0.584292	0.588103	0.0889897	0.146425	0.553478	0.509919	0.957706	1.29282	0.790588	1.02387	0.727065	0.242893	0.702559	0.465328	0.332448	0.371538	0.634059	0.232993	0.251824	0.31472	0.17519	0.859305	1.59081	0.902855	1.11174	0.695465	0.515522	0.445998	0.438451	0.408105	0.462479
ihec.chipseq.ihec-chipseq-containerv1.1.4.IHECRE00001022.4.564b1b39-d9ef-4a56-b3ce-f8167afe246e.fc.signal	0.316289	0.339206	0.371294	0.344493	0.975185	0.81374	0.686137	0.81219	0.482801	0.937911	0.706908	1.08625	0.807841	0.249825	0.236072	0.828465	0.767015	0.584361	0.289565	0.112828	0.398813	0.706946	0.427043	0.389757	1.23116	0.938989	0.103139	0.349502	0.493914	0.0527153	0.257843	0.583228	0.721852	0.557453	0.308499	0.39739	0.561483
ihec.chipseq.ihec-chipseq-containerv1.1.4.IHECRE00001044.7.a0d823a7-1e88-4910-940e-c86d0948985d.fc.signal	0.364224	0.343377	0.257477	0.156854	0.2011	0	0.266976	0.577376	0.0621077	0.529521	0.404099	0.0570379	0.231745	0.329383	0.841249	0.258017	0.169055	0.318232	0.434937	0.166756	0.0597457	0.584923	0.0858426	0.0609698	0.454211	0.799439	0.106151	0.370799	0.621606	0.145218	0.650366	0.328252	0.0182363	0.273433	0.27048	0.25114	0.482143
ihec.chipseq.ihec-chipseq-containerv1.1.4.IHECRE00004618.1.879a1f18-b540-46af-915e-104b0dc90a0d.fc.signal	0	0.430044	0.456867	0.970613	0.453849	0.353143	0.968291	0.119183	0.46312	0.823152	0.190524	1.35567	0.31367	1.1628	0.534633	0.208091	0.89717	1.07832	1.22539	0.304308	0.780275	1.67015	1.35505	0.509322	0.969537	0.57185	0.254486	1.34928	0.816419	0.537429	0.398498	0.588973	1.87616	0.982518	1.1316	1.26232	0.643617
ihec.chipseq.ihec-chipseq-containerv1.1.4.IHECRE00001335.1.39dbcb01-8351-45c1-af73-f0bb67096675.fc.signal	0	0	0	0	0	0	0	0	0.392753	0.230084	0	0	0	0	0	0.0689641	0.335611	0.00175633	0	0	0	0	0	0	0	0	0	0	0	0	0	0.221301	0.732772	0.422369	0	0	0.679612
ihec.chipseq.ihec-chipseq-containerv1.1.4.IHECRE00000225.3.90fb793d-bf48-425a-b77e-fd333df46c5c.fc.signal	0	0	0	0.091273	0.375908	0.6063	0.532014	0.210685	0.0716283	0.14356	0.104116	0	0	0	0.0419043	0.369032	0.414505	0.430935	0.290892	0.118682	0.285407	0.210969	0	0.10158	0.246018	0.0864747	0	0.406372	0.634906	0.194701	0.0639933	0.275833	0.249926	0.0639372	0	0	0.510336
ihec.chipseq.ihec-chipseq-containerv1.1.4.IHECRE00001018.4.f1034742-d5fc-4185-a843-3344866e7886.fc.signal	1.17004	0.982081	0.279579	0.035402	0.447128	0.441012	1.55466	2.18275	1.00298	0.221556	0.107228	0	0.00958773	0.436961	0.57057	0.300148	1.83006	1.87714	1.31054	1.53966	0.58299	0.205499	0.202533	0.787077	0.491107	0.300153	0.148446	2.21	1.44083	0.212322	0.0338773	0.778798	0.652008	0.986426	0.750717	0.41751	0.335989
ihec.chipseq.ihec-chipseq-containerv1.1.4.IHECRE00001020.4.5aaa0d62-33bb-410a-9eae-90a4ffe4ab11.fc.signal	1.12904	1.31064	0.486821	0.314028	0.25083	0.597791	0.363034	0.229594	0.141741	0.452337	0.42695	0.332136	0.169837	0.238404	0.741285	0.904079	0.873326	0.320817	0.34472	0.102174	0.430217	0.583447	0.662286	0.0292978	0.320773	0.447176	0.456451	0.399291	0.191704	0.116648	0.124279	0.362565	0.407979	0.549011	0.585313	0.704873	0.693009
ihec.chipseq.ihec-chipseq-containerv1.1.4.IHECRE00001961.2.7068c481-8ff6-44d4-a083-44198d2e24ac.fc.signal	0	0	0	0	0	0	0.554956	0.922707	0.254644	0	0	1.00309	0.463741	0	0	0	0	0	0	0	0	0	0	0	0	0	0	1.07612	0.763409	0.140542	0	0.0153523	1.34089	0.0471639	0	0	0.648848
ihec.chipseq.ihec-chipseq-containerv1.1.4.IHECRE00004703.3.559d3acb-e6a1-4cd6-a971-ff7d698266fc.fc.signal	0.600303	0.766136	0.579564	0.485484	1.10444	0.763865	0.451008	0.317819	0.326737	0.671178	0.689411	0.445525	0.341972	0.552782	1.07827	0.692251	0.676508	0.34879	0.270642	0.553463	1.1362	0.559845	0.492829	0.78228	0.597859	0.33565	0.462789	0.864211	0.979229	0.979334	0.618648	0.261471	0.589592	0.790643	0.722506	0.836966	1
ihec.chipseq.ihec-chipseq-containerv1.1.4.IHECRE00001006.4.64e6ed5d-e93d-4f5b-a6cb-412fd7bcec5f.fc.signal	0.0570797	0.378712	0.502274	0.593901	0.337777	0.502807	0.464465	0.716443	0.419994	0.257778	0.372776	0.388238	0.211846	0.0661375	0.467397	0.414241	0.492578	0.806816	0.638325	0.480228	0.611193	0.214954	0.577729	0.738067	0.222966	0.332399	0.715297	0.978316	0.365179	0.0164389	0.352526	0.741754	0.941049	1.43984	1.05016	0.823801	0.619096
ihec.chipseq.ihec-chipseq-containerv1.1.4.IHECRE00001030.7.2e5336b8-3cc1-48ac-ba65-a7a139158e40.fc.signal	0.583192	0.21565	0	0.600546	0.356875	1.1854	0.297246	0.987003	1.78797	0.576876	0.403752	0	0	0.03393	1.4492	0.399533	0.644774	0.437593	0	0	0	0	0.387396	0.613654	0.570765	0	0.00665253	0.325718	0	0	0	0.556435	0.27172	0	0	0	0.708772
ihec.chipseq.ihec-chipseq-containerv1.1.4.IHECRE00001234.5.20a0ab22-42b4-471a-baa5-513298773085.fc.signal	0.315653	0.653306	0.419076	0	0.393716	1.21542	1.02719	1.25981	0.863549	1.19614	0.0166746	0	0	0.300369	1.60818	0.1006	0.0624206	0.342846	0.496232	0	0.452076	0.608529	0.0881628	0.958387	1.97673	1.36697	0.344399	0.89044	0.0866787	0	0	0.7704	1.54135	1.46236	0.858876	0.361721	0.700476
ihec.chipseq.ihec-chipseq-containerv1.1.4.IHECRE00001964.2.b9abc95f-c59c-4d46-808e-1317ac1e4406.fc.signal	0.206504	0.891354	0.62201	0.537515	0.959375	1.41436	0.977046	0.538165	0.853701	0.551723	0.0573041	0	0	0.0559619	0.377885	0.653639	0.603987	0.400096	0.368658	0.881096	0.222921	0.393956	1.15351	1.01495	0.504732	0.556713	0.34572	0.424346	0.469509	0.409538	0.127815	0	0	0	0	0.26235	0.602541
ihec.chipseq.ihec-chipseq-containerv1.1.4.IHECRE00001004.4.4b6b76eb-d465-4aba-ae65-115bc492af90.fc.signal	0	0	0	0	0.399484	0.532599	0.296085	0.18286	0.318814	0.23959	0.130969	0.0110575	0	0	0	0	0.485036	1.3624	0.592242	0.549457	0.798327	0.893958	0.00777587	0.0768967	1.05084	0.449527	0	0	0	0	0	0	0	0	0	0	0.474576
ihec.chipseq.ihec-chipseq-containerv1.1.4.IHECRE00004641.3.86d5f9c9-ab2c-496d-b775-8f24dfcd7fd7.fc.signal	0.515598	1.06847	0.705067	0.447264	0.018636	1.30156	1.37023	1.41792	0.35066	1.04096	1.33621	0.241797	0	1.28145	3.45775	1.10347	0.811927	1.79922	1.09572	0.363292	0.263892	0.454623	0.544985	0.898119	2.01401	0.563696	0.297009	1.39235	0.793059	0	0	0.350347	3.15977	3.01285	0.613439	0	1
ihec.chipseq.ihec-chipseq-containerv1.1.4.IHECRE00004728.1.29330996-b9ba-495b-857e-df6423706eaa.fc.signal	0.569701	0.580439	0.980482	0.3485	0.937731	0.595218	1.51724	0.344933	1.27248	0.479158	0.666685	0.0460724	0.322303	0.150666	1.1384	0.304613	0.673506	0.650302	0.240645	0	0.324227	0.130658	0.0260352	0.407542	0.010659	0	1.26309	0.843999	0.684571	0.0223818	0.923291	1.26603	0.685701	0.0250427	0	0	0.410256
